45.344774 24.809198 28.018371
99.903370 83.495330 32.727613
17.198465 36.123905 35.817222
47.270304 88.633679 32.135656
26.993085 24.984861 43.040676
72.731411 81.636212 32.379373
68.070623 66.939306 34.699772
72.455787 50.613840 28.646493
29.332447 36.836989 28.464536
93.225122 35.489350 26.247563
47.528308 57.225480 37.518840
98.563545 40.359423 28.635288
97.883579 64.576725 30.053876
22.227948 90.501043 27.876295
72.399715 15.394434 40.438298
15.902903 0.315493 26.980148
29.533803 99.866963 33.778438
87.593388 51.555400 37.653688
15.241563 21.302754 35.585962
55.476917 55.740525 28.014618
87.258871 85.180065 31.987506
68.563109 76.552296 27.194860
52.748685 1.888880 27.077692
68.047232 82.536223 38.609766
79.500587 57.203333 36.995966
80.374629 33.669937 41.437580
93.200921 14.536690 35.844109
35.972232 38.185230 30.122775
54.953820 95.368685 26.497552
25.923782 1.732048 34.998026
54.324131 46.919491 37.329831
17.623443 56.518863 41.247198
32.994060 73.700791 32.010651
35.017341 70.810891 38.946235
63.884560 0.003134 42.353831
63.661484 56.975216 40.289224
93.765231 99.788088 26.304798
43.250775 95.960745 29.281440
41.647408 49.981447 33.002507
61.747417 75.437494 38.185091
14.189081 9.959120 34.131562
51.016265 82.162101 31.666920
6.834701 5.981648 32.482370
44.960676 22.358805 35.464516
4.697189 72.381020 37.006956
48.898862 63.319351 31.113793
22.380023 54.100039 29.525924
88.178366 65.449735 39.944030
25.732602 36.705913 40.666203
38.546568 28.142456 29.841291
53.274112 18.217117 42.039483
22.198253 61.950284 40.254723
11.936786 90.851622 25.889657
68.627815 12.493614 32.555951
80.961441 12.092852 33.234882
16.978916 13.329811 35.257839
46.130021 47.889812 37.283750
69.243842 42.531359 39.570560
47.856954 91.780645 40.039667
94.302440 88.718680 43.102227
97.376113 78.018848 43.659160
60.193962 43.215306 27.950135
2.531747 89.858025 39.868252
39.884158 19.146695 41.650207
97.689650 65.323313 29.496821
10.861391 25.743504 36.569092
90.518837 56.727138 26.712255
18.999527 59.048526 26.680310
94.303790 88.690098 26.720630
43.087651 18.932043 43.430672
68.469130 18.069686 41.625507
39.174487 28.253201 27.127745
23.493921 82.095157 35.624424
13.058069 56.186953 27.959268
31.674085 13.032167 28.841551
51.727797 37.519975 26.737840
42.844350 56.499752 28.014626
5.856375 95.718369 27.944488
60.122589 72.955611 33.138579
60.675225 41.290340 34.794672
63.611787 75.768854 26.462633
37.608752 80.089923 38.660798
50.708487 44.480394 33.785196
65.437837 63.609251 33.871466
68.360720 36.263013 40.184075
74.913262 89.529570 35.484615
0.699546 3.735337 41.279762
19.115837 26.721612 39.445701
77.423169 50.236182 31.420077
52.631227 16.973237 38.351101
40.266496 22.636934 27.858842
75.734222 72.778929 27.687225
8.397294 45.950966 42.213824
80.101236 89.644486 32.182215
75.951500 50.848597 33.999341
10.357738 28.590704 29.815276
19.525045 11.282046 31.449721
75.899043 41.164878 42.322195
20.640390 56.317389 35.021904
40.618538 69.822328 32.410366