67.767307 29.392951 32.969765
99.507731 75.093120 40.738692
39.043378 12.357511 34.899650
2.029505 72.554245 43.449174
22.054954 18.593340 36.025271
1.923861 79.529988 43.384387
79.366531 8.392640 36.066475
52.878208 91.261601 33.067974
90.109523 14.538417 42.223623
77.169313 36.469560 43.225965
38.708414 16.947931 36.744467
84.158682 42.673354 39.116742
91.501398 6.066893 32.141726
55.047502 21.033328 29.497258
32.574763 50.493689 35.336454
60.662284 82.389597 32.956210
22.513692 41.355714 25.090589
44.926668 39.944031 37.109912
62.474373 15.233109 31.900608
26.753830 38.342553 25.432126
95.934470 79.226278 39.060537
17.360984 27.400680 26.426440
50.070718 38.747184 26.003383
67.487202 20.077248 27.515887
79.031746 33.000108 32.733948
23.566439 76.537939 29.598762
60.983701 3.832379 42.943558
16.394936 68.711791 43.362256
88.185142 73.509999 36.793090
7.465858 41.028053 40.214910
29.754221 98.718664 37.018369
30.394609 42.160454 37.620098
44.885861 23.449549 37.043371
28.220510 53.349308 27.848180
96.589795 52.750491 43.049770
0.641417 8.011268 38.334414
21.747307 9.870382 28.490740
68.894597 5.663491 43.108957
4.491413 87.556812 32.406912
50.514959 52.035407 29.917533
52.687601 56.867815 35.557392
54.393996 68.504978 40.181300
42.927373 52.718479 39.005860
33.478558 24.993210 43.742213
3.530247 34.809916 38.694404
30.306003 13.971555 31.412232
34.606587 21.989159 32.598756
68.658316 54.189314 36.341551
91.273237 59.409106 26.000110
37.013480 19.576949 26.432883
99.144067 25.657723 31.198134
10.412733 55.792103 40.340043
20.619390 16.204266 42.394548
40.380339 77.893938 39.579354
68.198901 74.978623 39.442485
74.689467 87.052128 35.434067
65.236548 6.001813 35.549434
28.034817 76.935375 37.418691
78.383085 65.993781 42.164666
76.177818 27.901392 31.103695
93.883509 66.273911 35.884949
97.013114 73.441002 32.853119
83.657928 84.215744 32.886750
87.653178 56.007692 36.940888
35.969802 61.736343 39.122245
71.342994 84.127347 40.882456
38.478486 58.835995 35.831135
47.028597 40.383026 27.744073
31.893616 70.012919 37.026083
83.131973 91.691166 41.500005
56.506137 84.080811 42.428796
24.893262 57.246327 30.821793
86.819379 77.903752 33.017462
70.794916 3.344694 27.708681
56.820409 63.929790 33.046146
9.638223 94.660825 26.443982
75.510651 49.492866 31.428289
49.546092 77.250346 37.836959
37.184518 0.912018 40.471109
41.211005 35.792485 42.462922
29.366906 14.139243 26.867553
3.809499 59.976180 41.857422
52.649457 20.826607 39.380462
81.896068 79.133314 37.037527
66.278660 39.307044 41.384881
40.772978 78.877010 31.873705
51.187720 11.593680 32.410867
44.787450 76.189340 26.286513
92.433786 92.365469 39.490480
91.913890 49.977699 40.890626
46.762137 4.266978 32.921718
22.709672 89.653366 31.212138
86.406631 69.871340 33.393097
22.972898 96.372884 42.490022
60.253592 98.840628 33.277512
41.239906 78.571983 25.016309
44.046988 11.040892 26.976891
94.220636 37.313605 40.256411
78.958618 64.821152 27.949983
78.150097 21.647730 30.348840