14.821421 16.813177 43.165741
87.933914 56.615550 26.862441
88.185676 37.477665 42.525661
86.984271 86.632937 38.709565
28.754091 18.318370 41.547415
8.568352 20.191603 36.384450
8.202876 49.563684 25.778908
20.150218 83.761072 25.395622
52.570795 9.490502 43.563472
53.504512 38.925839 37.009940
78.560424 69.012354 28.032216
71.160773 3.715570 34.979071
27.307916 80.728921 36.709358
90.999035 38.909194 29.592459
54.761306 27.586035 43.243130
40.755544 50.364013 29.675531
90.794738 73.553734 29.867639
87.057495 34.379514 43.352293
68.757633 55.061473 35.498209
42.183705 42.344790 37.079494
36.250027 76.432455 35.253745
96.281105 94.919743 25.099321
61.966918 84.104547 27.893879
40.622972 37.409931 26.777571
42.999279 94.659030 33.971895
94.938946 99.948492 36.680088
37.252098 95.529365 37.818968
10.871899 80.080294 37.288589
77.376967 13.867628 39.365230
24.994888 59.411418 35.953777
60.711499 85.354574 33.816811
25.094275 65.601371 37.720890
71.097058 66.110479 27.097003
2.639474 65.919468 32.377873
28.225768 48.725392 25.211603
54.707275 64.783631 35.883116
11.935790 95.079334 35.284184
79.350021 25.172100 29.896631
65.607902 67.730226 37.955451
77.459145 4.951489 41.049646
97.283587 38.677489 40.196928
43.733838 85.929769 38.992797
35.763485 67.664705 42.849585
66.433926 57.525366 36.548931
76.259511 70.428648 30.870450
43.071952 35.361856 25.436188
66.851682 5.273219 26.015521
91.024663 12.161604 37.274168
60.753837 4.656867 35.671362
49.371980 78.839478 27.814274
53.491736 4.033113 33.352134
35.565850 66.050773 28.063635
70.630650 98.023889 33.634468
73.425899 24.623111 43.553900
86.073038 1.608903 25.065665
55.428915 14.165599 38.687458
43.015851 9.277151 26.303053
60.909775 54.204823 37.442284
45.390992 25.174619 42.611848
95.553246 46.658855 33.453382
98.709485 60.376810 37.154387
25.144785 8.091158 39.285332
69.450397 18.031220 40.016676
9.876289 4.588762 42.772601
37.147221 99.824729 27.217780
41.572948 30.277102 31.547285
3.625379 57.689663 34.494061
80.668692 7.751198 29.409515
11.250425 18.110295 40.220824
91.127586 47.145979 31.118881
21.762036 91.278058 28.301699
41.846206 18.608638 37.217982
63.065337 57.414619 25.793703
75.954648 48.553546 38.095156
67.954323 61.319493 34.765241
70.827605 63.577440 34.301116
11.713977 79.154616 36.359456
87.599752 41.159971 30.546171
65.352771 85.921001 28.164477
59.997306 17.175284 29.924050
96.749593 74.537262 41.530085
23.033333 76.995051 41.656267
42.594390 75.477696 25.545411
61.172610 99.316393 36.846845
73.833469 79.073418 27.294751
74.930620 42.077753 32.611029
62.180202 88.545613 37.272126
21.251656 42.114266 26.182336
47.487173 87.339385 32.107589
15.494891 8.840684 35.242995
77.075297 78.667253 39.373512
61.116973 63.779569 29.432760
94.758190 87.167747 37.967876
62.548725 38.004005 32.348247
32.857276 52.935223 37.538107
96.301817 93.566612 28.873692
42.833701 64.036065 40.712713
49.619973 56.203022 33.614506
32.665095 68.871430 38.844305
75.334144 0.757605 32.116395