76.504206 78.732545 42.404596
2.784236 52.204817 36.912097
42.987593 88.596006 39.281470
85.997800 90.707946 42.267007
2.781333 62.033227 33.167971
38.034511 62.346198 42.519772
44.973491 16.297775 32.947405
50.977655 23.026552 36.649145
63.753810 45.634735 42.300813
63.751700 39.363016 34.604842
11.776159 78.821490 26.786533
84.068133 1.189656 42.781553
91.166576 77.030123 30.272083
29.127161 60.977161 36.253315
38.574353 28.646541 38.754224
52.558130 74.848391 40.691715
2.017337 81.287075 26.863049
61.309423 13.239957 36.485352
13.921995 65.260758 35.268613
95.623968 32.111750 40.963739
80.545232 95.189733 30.056203
85.305043 16.159251 36.082160
67.126390 34.992456 32.452001
0.010325 65.664956 25.317417
15.504299 33.697970 32.237298
29.334803 63.620505 34.633838
39.897815 90.753661 36.432059
45.510026 14.827719 41.511104
92.881389 23.775373 37.411772
56.049349 55.078557 33.830621
24.867565 41.993181 28.310098
17.347483 38.608646 36.776907
87.809670 61.630159 29.415687
58.165423 65.356296 28.440084
63.252983 15.652366 42.812605
60.074361 73.055277 27.002575
93.090720 27.009854 34.204080
35.579078 99.271736 33.021499
27.342571 78.548203 34.323389
16.155506 82.729223 28.038393
22.873659 81.463065 25.059352
75.884913 24.265176 36.879295
72.792441 87.058693 38.937543
61.470050 34.588046 43.200037
53.179652 24.051913 33.799872
63.646169 23.670563 39.622678
66.590625 53.843046 29.471937
18.499459 65.130987 33.991633
31.762991 7.236664 35.975927
79.510979 7.439470 30.217717
66.727424 95.311312 35.038660
17.222676 12.639674 30.373486
8.335958 41.285320 38.877579
8.816170 50.056957 39.816801
25.524144 91.506056 41.761097
1.431875 21.900489 36.369855
78.493878 50.959711 33.865705
42.303207 62.496783 36.952758
68.858027 97.320170 27.244601
2.171679 55.727059 36.404112
35.636297 16.638907 41.031196
55.420653 92.509484 25.949902
53.502463 50.621553 40.781138
88.331991 92.806733 39.224621
28.608678 26.035690 27.151125
19.236609 62.863898 25.474589
55.144946 66.982769 32.642147
45.953275 9.282429 27.835785
0.343338 61.037512 41.320369
92.427755 78.505584 36.434974
41.610096 84.375947 35.760152
65.297135 2.733678 41.819993
67.626871 32.033588 37.601481
79.788351 32.689281 43.409561
11.249946 98.947875 42.860060
5.865629 64.123086 25.079904
55.590544 36.874251 29.307361
20.367293 65.597533 35.492702
1.881263 81.103955 31.269148
84.960016 12.029499 33.947415
3.998124 70.640215 41.326876
74.267908 54.420291 40.176485
5.107983 22.885763 39.930756
84.294182 32.924737 28.210224
50.574119 21.845779 25.601882
84.967104 60.063449 42.913972
62.240024 15.756725 35.819317
93.045891 26.464672 43.409514
89.800451 41.035935 41.544916
52.546011 16.336183 37.536868
27.073616 14.877697 32.673626
91.569170 88.079551 38.805428
85.738697 49.407307 35.782975
29.744125 37.763302 37.955913
76.478357 27.303903 27.721530
80.325519 1.117504 31.150113
75.856665 59.379498 31.652718
24.621799 50.274857 33.415586
29.656350 83.124603 38.222930
59.922451 92.469848 38.645241