2.144666 55.850470 26.764796
76.013885 98.539003 40.811098
54.836738 22.488090 39.878479
44.015190 92.656616 35.361447
26.484679 19.066777 42.246477
89.511507 68.702330 40.284754
33.657864 53.374033 30.698975
72.909686 46.636970 41.648712
79.239398 6.254522 30.777718
58.921833 52.484887 33.356941
36.479448 97.544393 28.570201
2.306891 18.503430 43.742935
38.709930 76.220720 35.086361
74.535021 96.543935 25.510915
12.534698 78.970400 35.864910
56.700587 71.216989 26.218401
92.306073 8.763999 37.101658
28.310966 80.107731 34.220591
38.319211 93.327599 31.693376
52.124135 9.629823 31.245411
65.995441 40.989201 38.425055
27.396168 95.734681 31.694989
90.910434 93.980181 26.827415
35.176804 22.361219 38.932971
24.734964 57.422984 40.252967
4.010248 73.776712 32.654489
76.855937 2.275933 29.450198
12.035416 56.980321 38.375286
14.036922 44.255224 42.597902
61.548932 54.235815 30.226117
97.617915 90.723270 35.505649
41.874005 88.984531 25.742081
31.440579 13.300340 27.527648
17.160579 32.433380 33.257033
77.159858 73.796432 35.022236
69.763461 44.066290 37.967067
93.272137 30.784296 36.849166
67.934706 93.061658 26.236070
38.540847 21.618931 25.457209
64.120044 76.421355 28.613669
3.039868 89.543011 35.336485
67.952239 78.508259 34.557451
26.903996 0.405768 26.959164
88.286543 78.165518 41.245340
21.026191 26.662585 36.216421
85.560331 42.483760 37.193916
34.170568 87.480555 25.038924
71.636774 8.826773 33.154536
37.492751 57.634962 38.716286
14.476480 31.784260 31.743840
28.932540 7.513206 37.179202
57.579107 74.024202 36.159802
37.300230 80.699433 40.325770
30.732216 47.326765 30.927507
67.702235 82.231616 42.059882
84.949901 42.250365 27.353273
41.431134 70.419486 42.380337
45.365717 38.374808 31.953032
3.963302 13.173763 27.413937
61.826267 19.693744 33.372136
90.758561 97.259968 26.414218
45.120681 30.194678 37.358574
43.040839 0.587506 26.962039
76.111014 26.463510 29.596345
1.511717 32.669540 40.418302
49.722947 68.061598 28.482727
16.238927 72.263917 35.857690
35.117217 6.428119 27.577783
86.412562 24.661094 39.950555
83.121509 6.103120 34.583551
27.117307 39.193783 29.546532
86.165866 34.808613 41.482838
16.495394 41.652171 35.053982
52.166874 49.142406 31.534583
56.820265 37.906259 36.307520
31.009683 91.193282 31.718737
71.103499 1.575888 41.838804
78.971622 54.206196 35.882005
0.421333 1.329566 26.424938
23.393274 45.824914 26.960255
82.413119 30.557801 42.443758
61.353626 67.979925 28.909348
90.081806 85.894338 26.158387
53.326268 95.122459 27.744387
97.824343 15.905969 28.302085
37.055259 98.438646 30.165972
62.664094 60.768512 29.793907
59.928625 86.345664 43.174950
7.371994 23.417375 40.887417
16.377088 39.036316 38.084374
98.981454 18.662284 31.297909
32.682970 55.566299 33.993392
60.660814 3.224507 32.465251
6.230108 13.026804 33.575463
29.619337 76.544906 36.172242
10.126586 38.413942 30.202039
22.152929 2.149111 30.648489
36.157781 16.643657 37.674442
99.243965 79.340914 37.930887
38.191918 70.199171 42.351139