66.451961 75.096738 39.467870
22.081955 35.368804 42.789290
79.737901 30.589580 28.961829
44.352629 52.936154 38.731707
49.191570 39.052499 41.131743
55.297144 63.929959 34.547420
0.897399 63.540015 35.164263
63.973310 68.650370 33.914101
14.926960 0.362857 28.877186
41.713211 84.159151 27.490448
2.266613 5.126737 30.411948
86.644892 22.410814 28.838754
42.807036 46.864758 42.014857
95.565118 76.047922 25.099510
80.319920 19.498566 37.353568
40.560587 39.026864 32.525110
71.799381 47.138031 31.051564
15.448976 33.413680 37.240502
8.953715 16.346126 36.157357
54.426816 23.285711 29.243911
4.155735 91.501786 41.997883
66.289136 10.151618 40.895185
52.691990 75.349724 29.392301
11.117232 77.876959 39.632748
4.841174 78.846733 28.867118
67.908490 32.597286 26.817011
73.025905 4.754270 42.258742
91.122081 93.042411 27.164344
82.293142 85.853384 43.191142
44.827196 60.397654 28.874618
90.925599 40.253114 41.161070
77.394037 97.470492 43.274162
24.825364 35.733160 28.373815
20.270148 38.842990 36.970504
92.391293 15.583735 29.965423
97.088355 20.988838 34.916054
98.239853 20.651457 38.222487
15.447751 91.025094 41.662434
92.061512 26.100944 32.385819
49.962592 19.157037 27.905142
50.569518 93.054600 25.851947
15.504969 26.089119 41.275549
65.940122 7.348449 32.284866
97.992723 32.104957 32.518375
23.440026 68.123446 31.318723
15.621826 18.419165 35.894615
70.248840 76.402041 36.184346
77.397223 4.842013 31.578727
58.985366 33.075071 29.609227
94.105803 93.631994 41.772056
87.976048 68.688598 38.046105
91.024459 27.997199 31.867787
88.658814 11.253197 28.012395
34.526379 45.890307 32.517704
36.416408 48.592506 38.907352
25.531215 99.234442 34.282846
93.889818 0.564772 39.375451
80.115347 82.365658 27.086740
63.320699 76.357834 29.360329
37.751589 22.232628 38.604572
8.261395 44.689181 41.330293
47.145736 54.366256 25.726339
29.112861 14.401383 25.653963
80.336994 43.985481 32.396549
9.014661 53.742017 31.598895
55.574162 33.620738 40.567887
20.617586 23.418744 35.888826
54.300067 73.789880 26.363755
68.534378 31.765799 33.947215
1.877327 51.309633 31.049425
64.675619 69.589990 34.707365
2.788105 55.123229 41.900560
93.480043 11.753752 35.599107
61.858463 55.425862 25.723924
87.091414 50.888253 32.165856
17.765902 24.770096 26.860544
1.954704 36.481659 42.960012
52.770531 8.331504 32.676523
81.704761 65.183067 35.756996
6.087080 66.445735 41.292288
93.843998 65.143505 40.525983
3.795221 89.011596 26.206934
21.813399 80.351562 41.120877
64.807396 31.154502 34.923428
63.355448 92.065599 34.157573
10.755349 18.297445 39.769775
37.789951 52.108721 33.335356
96.947153 13.996219 27.485987
45.162138 26.501911 25.175309
21.953695 68.106047 29.251383
27.225685 74.906808 25.072259
67.375821 54.474995 25.377490
73.484586 99.498269 39.606523
41.257055 79.090074 30.594925
2.042342 88.684718 41.402740
0.912178 53.672350 33.208073
68.922304 63.211994 40.610848
18.448022 73.917198 42.072466
15.134497 99.207797 42.752705
97.245966 88.087861 31.765683