41.989401 52.654741 27.114309
70.651933 23.452892 27.543604
67.232783 37.050462 28.914340
22.530092 64.907498 38.361815
80.219185 27.789229 37.292230
45.687333 22.069450 28.921749
49.567631 1.499806 38.315979
11.633061 80.635504 38.704566
8.953160 39.220639 41.610487
31.903779 44.434139 25.463356
80.448011 42.514453 28.770163
70.755794 46.919996 28.972991
57.861482 5.243878 39.132805
12.874920 11.045362 41.127022
23.006303 78.763010 25.670689
89.221923 15.929470 40.638154
2.858712 88.517647 37.477378
99.686031 74.681956 36.875215
50.683311 71.397578 28.318765
25.602122 97.790951 25.169338
4.855855 29.196701 37.370087
53.838362 36.738477 29.313279
99.062137 5.003731 40.443851
72.597828 90.567378 41.039592
91.018182 99.211591 42.889107
94.486184 24.656159 40.955241
79.236375 30.396768 29.019965
7.984953 51.547179 39.355326
39.177851 9.004036 26.107822
55.159058 49.737586 35.579432
78.820618 82.372429 43.394467
66.648515 11.644509 29.225604
2.387013 71.566709 43.733521
46.783365 79.795623 30.851613
90.260683 8.866146 37.591364
45.561097 1.684804 28.192778
49.060278 22.821007 32.956265
73.959624 91.639554 27.538510
78.199857 36.276823 35.115829
45.787011 31.010298 29.485859
28.601596 63.510582 38.392022
9.944485 90.287170 41.607168
43.898831 17.795196 41.534874
22.449143 53.414725 42.341280
68.044392 88.702919 43.119353
24.829581 72.319583 28.241373
45.651224 16.404804 40.731199
72.987952 37.078707 31.544534
77.404875 48.400674 37.291998
73.991225 2.998727 30.544948
55.365801 75.232713 29.254936
33.048831 39.021846 32.573587
16.909437 18.754801 37.382114
13.026263 18.583259 32.002832
74.322061 64.050528 38.108937
70.766210 15.977271 42.195015
87.156974 11.702683 39.662569
76.258437 89.843265 42.186196
21.818270 46.527218 28.290245
17.418921 49.591243 39.867934
85.252653 47.692846 41.375495
55.638633 15.747256 30.298735
72.320332 9.967194 32.414968
18.403715 90.276158 37.068120
19.158143 59.223710 25.583718
40.199882 57.856946 38.156625
8.433720 27.554799 32.376328
48.527150 49.868391 40.157441
42.662015 87.681435 38.281592
70.520910 83.059429 29.474803
75.089780 53.767829 42.580518
62.028733 99.577931 25.039843
26.223429 1.145040 32.566451
44.585686 69.949610 40.898342
86.958722 90.864969 43.307700
82.802868 27.489652 33.159800
41.979964 64.284164 32.746802
34.970625 92.891206 38.172592
45.244555 45.341787 29.823214
45.136025 26.981229 31.289112
83.466184 0.280688 36.068332
19.213206 93.198008 34.875039
86.624594 85.266311 40.120783
6.405132 94.059202 33.243285
57.582314 91.478273 34.100082
33.498121 63.236431 29.966532
2.811556 45.352874 39.848879
94.610169 80.533600 34.757156
0.005233 41.707298 25.873155
72.798911 54.098422 39.894830
44.904869 81.829412 25.898033
0.516606 72.410126 30.754190
97.343003 36.492112 30.434575
20.474232 69.988465 30.580269
55.155813 83.889109 42.669220
70.044160 38.177402 27.684364
86.809394 76.657839 40.959557
0.259411 6.083935 39.285636
64.620076 89.544483 41.410954
6.915200 63.495153 36.156859