75.609221 76.995044 41.765364
28.950654 56.481955 31.574428
15.550527 46.706907 41.998211
7.093506 46.889752 34.749801
88.012101 8.498153 33.567956
43.234972 65.267410 41.665719
44.445568 28.449954 31.639932
47.562040 78.005098 27.538043
16.288673 92.389403 34.559910
67.278048 96.561416 39.235715
90.909079 99.586395 30.658050
55.783849 53.082967 33.362761
69.948073 78.315138 37.393939
93.219864 76.240186 34.293408
94.810865 67.035500 30.256857
78.824284 47.635754 34.593548
60.987849 92.561971 41.763810
40.980618 23.789683 32.241627
35.017207 97.642302 34.763748
34.136576 76.975400 25.268249
78.048324 84.719297 25.914718
76.740239 97.710541 27.040981
6.324503 47.008296 34.011314
29.422669 79.889856 37.534804
15.927993 28.154478 41.519927
83.941690 61.075540 29.483902
72.651056 80.474472 26.780149
7.587367 53.377141 29.894515
33.475118 81.776401 34.138496
48.808065 44.582790 38.653201
97.185709 25.821018 28.179802
11.295125 56.427810 25.280695
41.254727 82.208026 28.970511
10.843359 33.071509 42.551517
48.796030 39.753111 40.694089
67.770266 51.745842 36.628629
28.684045 98.384573 38.527326
18.495327 50.088391 38.358619
63.665577 21.070718 43.072541
4.725419 17.017610 26.247222
92.839941 19.249075 43.024293
95.008156 10.251693 37.484189
69.887553 7.993781 33.830152
15.170023 87.005410 42.205443
74.958839 63.924232 28.001800
29.186094 97.332065 30.838436
88.817112 11.568789 41.840536
31.567099 82.536855 32.100873
98.028472 71.915468 40.196085
23.704886 1.821138 36.658858
96.858813 6.996658 33.922455
51.037747 89.546829 39.962944
46.368249 20.200928 26.430264
57.371036 47.017989 33.441858
60.884098 88.960412 34.280671
99.323521 98.881494 39.774631
27.444345 79.230412 31.995069
60.541529 62.280515 35.475586
61.717291 57.711934 30.071795
66.394842 50.638728 33.671142
85.114287 57.918348 25.475201
2.799219 55.310621 32.820875
39.914922 91.143721 31.647871
0.455570 8.021337 37.513324
37.134491 5.387417 35.188734
78.183064 18.993674 37.216095
6.097616 49.349695 40.126794
75.140221 16.377949 25.598666
26.799387 67.636022 29.881652
78.972019 80.381896 26.604944
15.558374 15.411245 25.073405
77.267777 88.442041 40.867042
71.905196 35.849418 31.613546
81.115247 0.825226 27.027953
33.186777 34.351052 41.300552
12.664825 35.326009 35.488126
54.139755 67.221896 35.906588
12.931543 6.935022 42.128219
58.389537 52.973878 30.451125
3.712806 43.805802 29.595379
73.576883 12.225360 39.073730
35.322902 1.302239 33.322597
24.885982 92.532323 43.301540
49.261707 45.427142 40.855744
4.099867 83.677977 37.776994
94.911941 80.537097 43.352433
88.164602 29.260620 33.754437
21.064804 15.419048 33.266909
44.904504 66.877213 32.023783
21.137487 55.049429 40.253997
13.464522 42.064959 28.210714
85.617650 22.400983 27.180284
39.049791 26.214551 37.046583
23.710058 6.980122 41.049217
78.013677 18.584699 30.222733
17.056004 65.796694 37.375514
58.922516 54.480773 27.006214
72.946384 55.540666 26.805829
26.951905 3.976141 33.138652
56.356025 62.700776 41.872691