71.939979 44.529521 25.163494
56.613091 75.250924 30.623601
26.614066 16.850931 27.973977
61.055520 14.804253 41.508766
34.980731 96.558721 30.013168
29.930007 11.749982 37.216003
99.121537 86.534066 35.172656
20.081952 30.563676 31.464265
88.573276 28.865442 27.132061
75.015538 54.836437 37.837423
58.881715 86.004539 26.433054
62.850028 1.280849 35.935509
93.268997 51.134201 42.521205
18.726088 10.800526 30.937607
68.921128 78.027035 27.097260
95.679335 7.440428 30.741322
27.323633 32.581733 31.315572
0.055625 97.005184 34.367337
15.402188 13.567769 36.833812
28.229115 24.430533 29.302439
19.872790 84.490114 41.479767
59.363594 60.217716 33.156719
97.432627 94.372879 34.667985
83.532888 41.446014 31.190021
34.772764 32.662268 29.383298
2.787061 88.269541 31.428391
36.324273 38.312913 27.923594
60.091182 30.921769 26.072534
9.690315 57.073661 25.796211
91.169197 96.449106 35.830248
57.921953 68.794950 30.202489
93.037651 91.172664 34.608039
90.854516 56.859934 30.048140
93.801420 20.339046 26.133650
12.249456 5.115585 42.968329
27.109713 90.126944 33.778581
0.100517 32.908231 37.602207
29.552277 8.124421 31.277571
38.345561 56.072196 40.923480
90.507694 27.151014 34.645945
49.716992 47.157795 37.700263
92.681035 9.551340 25.549320
48.017834 54.031107 41.260169
51.022101 64.336704 42.010246
52.630589 50.664846 40.830462
51.041842 73.807344 38.230001
63.471627 34.233251 36.073393
27.378349 4.539085 27.440539
62.505495 20.147925 29.629225
42.013935 86.025069 30.105708
44.334076 40.826515 25.965760
53.839832 17.639076 25.349587
56.469351 97.040443 31.631925
94.813691 52.507026 28.939073
39.567949 17.230386 40.276677
41.007173 30.925734 26.102167
62.328476 98.757043 35.804737
82.510710 90.690767 41.424864
56.704330 72.733779 31.880207
21.514584 29.448634 25.128459
34.723443 15.452322 32.102376
55.667381 62.139008 29.891897
62.694826 45.744400 31.454256
32.544581 72.007907 42.281687
96.730161 44.784666 29.373809
80.958092 11.799987 40.143426
24.139616 70.805269 34.336290
75.354147 58.375170 38.328359
19.275240 20.671826 30.671871
45.988085 17.089395 34.598439
41.219582 40.570597 41.705605
29.979219 39.345938 34.856580
0.242904 26.746760 34.801974
29.456751 76.361738 38.496656
37.948875 69.064218 35.445893
65.152990 55.784859 33.988667
37.560636 87.961124 33.873011
15.139120 85.709433 30.178229
52.437642 48.441741 42.630819
34.005332 22.127268 37.257507
13.075471 70.590484 38.851726
95.593210 65.315122 41.473469
24.949451 47.325906 27.191522
31.206394 63.457432 28.026813
78.099980 85.274679 27.988147
86.165431 17.022048 35.912933
85.507855 33.831140 32.904065
16.697189 48.998062 35.048944
45.463552 41.615228 37.726616
54.537561 69.557185 36.110262
19.851213 24.983357 31.459825
23.858033 31.626434 29.887921
76.665775 72.208266 27.002232
4.559803 29.264920 31.018435
10.485109 90.465512 29.677004
89.639588 8.625908 31.687851
48.470007 9.480394 31.933561
79.376149 27.372932 41.064674
75.123283 52.339798 30.236344
94.012107 69.327650 38.096874