95.355763 1.488191 42.451140
61.613981 70.018510 32.651313
45.215904 92.927717 40.174260
68.711522 84.067866 41.484440
50.919825 84.456463 26.640269
57.831340 62.800784 28.618845
82.358133 14.592900 25.794323
98.945813 19.590574 30.186830
73.283203 16.297707 32.773741
42.053008 49.693659 40.598945
93.954517 9.999595 26.101100
4.503827 5.019055 26.692634
16.375117 18.863661 41.224417
21.528455 93.188201 34.578276
84.356304 31.759161 40.744558
87.463305 71.195585 42.459288
89.862398 16.619732 31.002022
84.285279 63.099809 43.384484
12.272779 47.951745 38.032291
62.192972 63.829687 34.170106
62.369147 48.898818 30.300970
63.555880 27.689441 33.273799
78.302962 20.553110 32.656475
54.051805 66.320810 37.988619
44.993862 97.738700 39.589584
96.258347 93.778797 34.602312
15.192115 0.482531 43.150194
86.812786 6.356999 29.215002
89.811522 72.300666 39.441077
3.984380 46.239034 27.361347
29.621536 40.333060 31.445650
94.928423 76.200854 42.353519
53.131502 51.904330 40.872050
41.079795 94.043725 30.192031
9.700363 27.224411 39.560846
17.751418 2.718057 34.267757
75.293154 76.151178 42.460777
61.276772 30.962531 41.569591
48.018419 50.154686 26.369145
50.493956 61.344642 30.131323
11.424521 35.029845 28.837731
86.854754 42.763015 36.721444
68.594585 59.455159 36.731664
4.743402 32.766905 29.842505
52.403929 97.898704 33.502641
55.592237 38.651233 29.873308
15.528823 62.224767 29.524172
97.922756 8.422656 26.152144
71.407674 99.858639 33.280007
23.651621 89.607540 28.773386
97.841772 54.017730 25.693896
86.693912 68.237200 38.632079
33.750701 51.453914 35.680822
91.292094 18.355532 33.446098
6.805158 0.491123 32.621281
20.025369 71.716868 26.855053
38.589399 20.954411 36.926896
81.445066 30.054137 41.513978
58.712190 25.653942 36.620939
79.788799 6.279881 40.170391
29.506630 11.995846 41.464493
34.464377 32.121804 25.169981
57.329997 65.737813 32.570259
87.928601 28.408298 38.948874
67.152958 7.237480 28.293591
42.846464 72.958937 25.601409
31.595520 76.517131 42.797654
65.681102 75.029351 33.596872
64.621300 5.253930 25.346819
23.394331 19.057898 35.990353
67.734790 2.259928 40.362638
15.184410 40.717910 37.118541
32.583794 73.239209 28.669614
95.461561 54.035339 28.685041
3.399941 11.755659 41.264600
25.452006 52.391279 37.637081
24.820767 46.540079 30.088062
5.962563 48.552934 40.985781
27.268182 82.711442 28.943628
12.899242 20.286580 41.281349
80.494319 95.866141 41.740824
55.198916 92.050265 32.474195
18.237123 85.620255 29.686280
23.017341 77.256191 30.873418
76.579635 96.774971 35.462938
84.035505 45.974426 43.473120
34.159387 63.996064 27.933436
65.754245 14.830354 38.540533
15.361349 40.757636 37.790370
9.230647 56.068238 29.858011
34.533787 40.395696 35.242456
66.155128 4.583318 32.019611
98.631392 48.653171 39.935295
12.081108 97.464451 39.176390
27.953684 92.266152 40.714272
96.825140 48.571044 32.163391
51.361696 91.404799 33.108270
66.910340 21.148033 26.181194
37.357950 40.329172 40.749211
96.608175 43.032525 31.197627