7.234896 32.626464 26.855612
25.078158 97.900757 34.462039
6.485137 76.995463 35.753330
69.621563 95.748852 25.918185
5.797621 96.037891 42.492819
16.398166 65.861841 42.929328
94.167108 7.856814 35.598834
41.325487 56.770322 26.330825
69.876544 92.348593 28.920510
90.002054 23.729300 39.040441
73.451791 21.530261 29.011336
67.554214 32.378621 39.780265
62.591070 12.840155 38.738907
20.870919 59.907747 36.677733
83.017426 38.064490 42.522216
4.027598 4.843519 38.808788
1.531152 87.887883 27.439143
24.079984 72.930188 36.777418
17.450444 35.158259 37.863395
49.997113 52.999957 31.716400
38.435730 56.652448 26.394762
4.818078 92.411486 28.549101
20.607537 23.503954 38.009947
26.903848 30.324639 43.730490
24.577400 87.959201 32.420338
4.090163 17.314494 28.236132
17.273975 88.593044 29.956979
4.742503 44.407376 37.694021
0.006296 6.671169 26.107086
83.748349 77.857807 30.320318
28.824618 50.913152 42.463039
12.083604 48.241572 36.896291
2.450561 97.175774 32.501298
16.370869 92.942878 27.258501
26.301960 91.286245 26.384930
98.063163 55.384643 28.152527
97.012886 40.461453 35.651295
65.768621 95.184125 40.886784
23.952733 38.335181 35.512152
69.886894 31.565546 33.323096
53.786578 86.246495 41.266248
64.511014 93.866210 41.772516
25.815561 77.846739 40.358885
78.583201 62.579943 41.976420
21.773370 55.868116 36.005710
18.223873 96.745424 43.645518
63.711109 44.273901 35.401721
98.399567 5.815447 38.466818
50.847791 63.603193 30.395668
71.154157 19.388847 29.783791
17.643035 88.237651 34.133932
37.738129 8.815225 36.198755
20.349050 33.070147 40.104029
27.965026 90.575522 36.466109
66.246608 78.561261 25.125048
88.394812 93.753317 33.345769
12.705779 57.528017 32.669494
24.621640 82.181034 32.994497
40.803136 4.407185 29.020254
43.059219 61.820510 26.431308
34.647537 80.546824 30.616778
1.141740 26.801338 33.391190
69.317278 88.205967 30.692235
17.794043 94.616165 37.676886
13.243842 64.546002 37.122992
8.725855 33.736412 26.371675
70.679909 99.626718 42.645902
25.104247 71.931657 33.301492
64.455808 32.072241 27.224495
76.037331 90.817210 33.280879
24.106314 9.691078 32.365497
43.946929 42.916817 43.411881
15.811205 39.853405 34.906404
32.057741 7.319581 35.810158
89.693059 74.795015 41.720476
27.280145 95.049130 38.161865
25.307209 58.422821 28.487056
1.429151 29.676185 25.095518
9.687003 9.471923 34.268037
6.617040 93.552031 35.890379
13.581754 30.969322 33.519064
24.762522 76.596299 30.391713
33.725747 68.734198 27.856100
28.332154 70.430828 40.865355
36.138531 80.495423 32.640838
79.350203 60.692586 28.277173
27.459497 39.606873 29.590558
25.509106 97.773760 39.180373
85.135665 58.311637 30.107051
54.302432 47.184980 42.878496
46.132814 99.801956 30.005249
57.142258 24.235941 28.225192
75.650191 28.384532 37.370221
10.880588 1.498124 27.529851
78.618480 81.311593 37.036574
6.216873 70.592516 41.437550
7.234320 22.063858 32.203055
9.306188 51.172125 43.176178
46.367087 20.273884 25.222296
2.310142 8.315845 28.618682