58.308627 96.245249 35.643002
25.943377 95.125741 26.257353
30.893345 39.043318 31.291820
76.589287 47.619889 25.876835
26.163460 85.540864 40.522138
0.427935 36.936350 42.535317
37.193921 53.274347 28.583365
56.911985 65.928128 28.795792
58.151098 69.368918 35.439319
75.689273 53.909650 38.885843
20.646786 20.711302 27.379755
91.001500 38.502765 35.154226
26.909449 76.995698 32.296738
50.121587 78.858582 34.322036
21.330748 50.466565 35.859068
35.570172 40.305774 38.913344
13.499218 64.215125 33.128809
15.440724 81.103930 29.289301
1.305496 95.732271 28.511222
48.681700 73.956539 36.216245
90.127667 60.555961 28.397225
8.333257 91.669938 41.874954
66.321959 21.297259 32.542573
91.165652 66.184127 26.137423
45.958901 16.461859 26.527733
9.108230 56.286581 31.147782
68.980041 65.653860 30.234007
38.511855 78.422236 36.511843
4.319568 69.272062 25.483462
90.782937 64.066800 38.084753
11.704125 90.271490 34.351047
74.096211 53.550413 31.727459
11.946290 84.397952 32.736127
58.604785 29.522545 31.445667
39.194072 94.485002 42.362996
16.457379 80.288726 31.177362
77.863496 44.565249 25.862172
51.846989 16.576535 26.824247
74.224026 79.591466 36.894618
66.858564 15.998660 32.130871
79.887602 24.465258 37.039946
56.822343 0.103496 43.604229
74.635585 50.097415 32.921269
95.813333 81.474378 43.532084
44.090072 51.921960 33.576705
3.508818 8.993603 39.536872
91.900878 22.493684 36.022761
80.465193 28.296640 40.053360
40.828407 49.018944 34.570933
31.645381 76.787789 41.696077
53.634874 19.222427 25.435180
76.381994 14.293050 33.315027
35.543767 97.514113 33.522008
16.016883 89.540925 33.906046
10.221550 69.591945 34.382612
55.226076 14.476644 35.399880
16.224615 60.665265 38.665113
95.563945 6.058585 36.522963
15.585511 5.003564 34.572359
22.060420 75.033597 26.490813
93.008200 61.758152 33.129895
39.486590 11.340977 26.715783
57.850247 49.585427 34.262837
39.685200 73.676035 40.799571
57.237665 22.322724 28.605786
0.307297 2.119395 40.655382
46.867751 92.769481 28.262316
53.197822 55.402367 25.120191
13.083289 96.727976 40.147224
71.831917 35.147476 42.132290
5.549538 50.970097 34.250344
21.280271 99.982154 32.443189
62.755160 90.612910 30.560241
73.032972 89.732997 36.133875
46.732515 60.683547 41.116201
84.450647 50.497130 25.408337
62.072249 80.812734 33.428064
78.281437 59.520706 29.652473
61.334858 48.631424 33.447973
50.192976 40.949698 40.990557
1.802377 47.896294 26.827473
82.547452 98.525248 39.357036
81.291684 59.668974 42.585907
63.993478 30.067648 36.388409
8.075447 62.301710 40.559176
35.087148 56.370082 35.163577
65.663229 88.420001 35.536639
97.024295 99.176918 27.527943
98.468352 68.861684 27.159300
19.031686 30.538998 30.999544
75.604131 41.682519 35.180059
0.955390 87.066268 27.288032
56.557433 31.672677 34.020396
80.123561 97.139323 37.816227
25.601975 69.707914 40.484396
38.491505 98.016660 35.156881
83.894847 61.194538 32.695423
48.402637 25.311157 28.151372
56.719261 37.242548 40.534267
31.595042 58.359953 27.252836