2.022293 63.863852 35.264308
48.997102 91.881849 28.725958
10.600139 81.343969 33.742614
16.119792 13.774162 43.447037
65.151704 1.368301 26.659316
76.375806 53.604326 29.792951
10.606796 0.823365 37.525781
74.222514 7.169145 29.896769
63.820869 44.560144 27.509245
97.735167 95.536822 41.196093
19.578954 66.307615 38.247136
40.998700 3.355992 27.708504
43.485910 0.487152 40.716585
38.808050 59.870376 35.382484
64.765922 3.079035 33.283052
20.883606 68.789545 28.525786
90.910762 81.012702 34.880013
14.731602 74.655908 30.959793
18.476307 47.181017 31.252160
71.737099 30.377060 39.631564
0.102004 56.089199 39.211189
80.469376 61.735681 34.381034
68.528588 23.048068 41.888336
95.202627 87.799345 33.201951
54.816225 41.890865 26.235846
74.710748 43.009619 42.767973
66.765943 79.984053 28.669143
29.165043 43.596304 28.890128
85.542013 3.759293 25.562376
84.057780 66.589205 27.718530
95.725722 56.759443 38.389055
79.471818 24.609719 30.204023
50.954774 62.229721 25.594530
52.647184 22.440469 36.312347
42.277216 84.316562 41.950164
49.973053 39.312159 28.077766
49.378771 3.248767 33.528618
64.194081 55.201256 37.586819
49.460263 48.445228 36.310033
89.186315 42.601704 29.250725
85.433543 56.420072 31.294660
51.512551 17.285393 26.262229
23.706062 12.401338 43.439527
5.078220 28.091557 38.737525
12.482112 97.162586 33.718709
98.362619 69.775547 42.757839
52.210659 2.397372 26.808982
29.058570 71.318736 26.624166
64.001100 70.566520 33.305598
5.859085 41.786727 28.652052
52.225074 73.877185 36.083600
12.714591 79.056644 41.577322
27.104051 96.585202 29.969020
47.186636 54.743074 36.070557
21.620755 38.771485 42.877106
97.140896 92.710928 43.347197
28.042873 88.510135 30.148378
57.813524 96.011119 31.482468
55.643366 79.523803 32.189311
7.440002 33.210306 28.364867
94.514848 51.143391 33.055214
47.221678 28.390244 34.870711
47.484769 38.860983 30.871073
55.910014 82.926848 42.606199
45.985798 51.656258 42.542544
67.303875 69.646934 26.278820
37.052863 22.308064 41.198259
92.248135 81.927299 41.245962
52.105463 59.797213 34.557415
85.517253 51.826741 36.771618
2.023533 3.318655 42.031324
49.851827 46.903363 42.841426
50.271840 54.349283 36.536508
34.849019 34.695127 33.201602
67.107208 68.643993 43.056315
55.590079 85.859028 43.305376
5.939698 41.620336 40.156614
39.643545 80.642437 35.158641
65.865930 12.436613 38.646074
73.303587 26.994993 26.248989
62.539057 39.914879 33.587314
31.901285 2.811718 27.541397
45.206468 25.619118 34.233685
88.107918 79.039543 30.458501
93.214562 67.490111 32.704801
44.630997 18.428569 42.002753
86.025884 53.998681 32.252087
87.469193 97.437335 38.358131
50.738538 69.028538 31.728112
51.451076 86.399047 34.652371
99.408291 16.443711 37.300907
94.721642 65.673145 36.995639
25.152011 80.781663 27.534082
40.548232 52.098385 38.420217
96.747875 79.306448 41.454684
95.048000 49.072861 41.760286
44.262485 50.694635 37.700952
15.123392 14.978725 27.252429
76.047448 59.584378 29.751645
66.425339 80.845884 29.781469