37.902745 95.718615 33.254121
30.394403 18.753104 42.824864
63.293150 28.904055 26.323348
66.513434 53.122051 38.127031
36.922257 59.031919 39.934845
95.717166 49.005643 38.761863
20.971148 37.816776 40.164939
16.114717 49.768946 39.766899
58.984686 37.992299 30.796758
69.006180 91.234578 25.881682
27.412137 79.971567 41.784526
9.555467 69.160959 32.586025
19.234830 42.555820 30.842890
87.105476 40.844585 39.124889
30.229062 23.501565 37.869795
17.248814 65.305593 29.250788
18.316656 58.686682 33.733062
90.272247 5.286660 37.357953
88.995813 68.071655 25.562231
50.214639 92.349899 33.668687
88.935309 72.325392 33.924847
65.112856 7.947480 37.347394
19.462072 26.700371 28.116618
4.336342 5.818720 32.958302
62.477581 24.299515 43.026409
57.315227 81.740182 43.130063
0.087801 58.946785 40.905749
96.099993 67.435507 35.996692
11.354150 47.687854 43.077776
33.613514 71.772833 42.051304
51.553109 37.410169 34.326744
26.947774 69.436565 37.089217
79.153253 78.428759 39.146667
91.142633 35.446903 35.224010
4.533033 15.561058 42.234513
70.546412 30.565710 32.688978
86.655828 80.333966 37.639904
54.778053 12.981372 38.398904
28.789174 72.433634 40.717129
39.043812 76.884006 38.627937
18.766073 30.789689 27.818692
97.178603 50.844517 42.422409
8.239461 11.685880 36.325378
64.217388 76.478960 42.669307
72.692674 88.150365 40.095575
61.462268 54.395272 36.253446
94.992235 18.750664 36.007168
39.973054 78.818237 40.247229
46.662081 71.576633 35.601775
73.445837 84.701327 40.713813
2.364041 61.904254 31.170215
84.099623 80.395804 26.046682
71.355251 48.151778 43.264086
1.256664 6.564979 26.980847
27.459529 72.814433 30.147906
17.129757 70.527740 30.906904
74.600280 80.441400 28.141395
18.477318 27.464442 42.366544
56.643092 44.146828 39.617351
92.861232 90.531768 38.282967
93.589356 84.419790 26.145606
47.883425 85.600490 29.979688
40.951671 86.914997 43.198712
53.557434 55.419101 26.113356
84.725015 8.612906 29.088608
98.983022 55.797176 43.064409
88.576114 53.127242 28.230870
5.555718 79.400869 36.109607
83.830926 8.756040 30.130557
9.509035 92.284278 41.745428
22.449102 88.404316 34.440266
66.097612 28.129545 30.184715
0.042948 70.025005 31.340973
65.687268 14.230044 41.851234
62.147498 66.093896 27.751145
62.550566 95.455040 29.586709
47.501125 34.156441 32.635754
20.078990 92.214124 42.907652
30.396511 48.738768 31.432493
23.737689 24.946232 41.065308
65.860426 10.448337 32.731606
16.409891 15.732806 27.010083
84.212214 43.345014 30.966849
87.188816 5.816911 27.670620
96.241854 50.141771 43.000921
37.053229 27.329649 30.945475
0.633817 29.582653 31.773661
24.295164 46.040289 33.105559
76.824039 9.921744 35.840254
85.013565 63.598161 41.470680
19.454086 58.598357 27.197600
4.226064 97.372543 32.867890
18.574177 13.650738 37.036407
64.584009 83.559224 42.364052
79.072866 43.040810 40.418829
84.084776 43.247451 41.993965
19.708683 57.746815 41.731145
78.440830 23.246645 32.338110
84.140876 16.668179 43.086810
10.571822 3.371245 43.634720