70.589699 2.446359 39.709025
59.774475 97.304352 38.011289
67.350129 80.054977 29.122532
1.042675 84.642668 31.967114
41.592791 37.567354 29.790938
2.863046 0.174754 31.261051
47.218608 5.574606 35.614889
12.373878 31.998837 34.006194
12.516902 52.410609 41.934769
59.484476 6.433666 34.616227
95.359224 86.013941 38.265406
24.267086 73.248683 34.935184
31.345556 88.408053 38.355648
6.884048 59.697078 29.507481
16.667895 61.253530 32.820532
73.178327 27.266400 36.852719
12.002488 23.371577 33.963444
38.069174 64.244382 32.425516
19.958591 94.907025 40.857091
8.852550 27.988030 42.899501
26.204526 45.858446 33.132159
15.240211 27.740352 37.867347
32.877493 2.562568 38.752287
78.949176 40.624055 31.943806
96.475516 59.722899 38.760113
27.352643 27.401172 25.495106
5.266425 63.088825 31.576385
91.286453 81.745230 28.539166
86.344424 51.024842 32.052873
58.113246 15.341481 39.832424
33.089778 15.940323 37.269234
39.403999 45.057847 30.091205
87.881532 2.983675 31.657164
17.669565 46.401189 25.047659
72.128253 5.180354 31.548811
15.307018 24.384886 35.538568
68.278008 54.646338 35.968765
13.949840 36.746113 39.310959
88.211306 23.309156 39.967004
71.023296 30.132963 41.747202
75.986725 17.318783 35.902890
3.671535 63.921722 39.355199
96.268728 39.222485 33.325834
46.881356 14.148648 31.853300
91.042862 15.434525 32.003202
44.094218 88.215970 43.601604
68.058471 3.449607 32.828881
34.715479 10.183079 32.859101
29.337886 27.427700 38.475310
17.496221 73.682451 37.176638
69.345826 34.302999 25.269003
40.589181 55.013248 38.636758
99.826833 72.072577 27.405335
65.177506 44.904933 32.693401
96.409263 97.625130 28.228841
86.340046 6.057893 40.376104
38.908923 11.259320 32.462883
25.160011 71.000818 30.692349
67.591365 15.503171 35.061710
77.259141 66.088536 28.701084
89.261596 54.222724 42.368147
10.656472 84.235857 36.999556
86.604725 49.013606 32.781532
15.441667 54.441928 40.877798
66.842660 73.131458 41.334135
72.553465 14.259926 27.156716
31.931927 83.715931 41.188413
98.137682 54.193712 36.613026
62.947003 88.873682 35.360345
40.288224 88.156428 28.527322
92.812768 12.356473 38.750636
35.407346 55.844338 30.606575
1.172372 9.168108 25.875645
28.576000 79.863613 33.212150
51.622487 73.409079 28.396558
92.476597 91.882312 29.476114
14.404965 75.529222 35.557129
89.404077 53.218574 32.827399
60.974413 49.293861 42.129590
2.298995 76.807943 35.621566
54.123554 70.892777 27.884408
79.584759 32.669591 33.047806
23.657042 49.808388 42.053621
98.599819 25.990902 29.332615
77.522345 88.174748 41.495389
54.566445 96.489957 41.083913
97.996943 74.926018 33.877432
97.293665 96.152744 33.508929
16.883788 10.162351 43.513120
77.209860 46.504608 25.230817
40.145054 19.846979 42.094269
4.810230 25.080276 28.873883
49.092054 89.199511 35.088632
99.896351 28.190662 39.441027
99.503686 11.542646 38.207138
0.088395 99.156448 27.278431
96.750843 10.317409 37.876710
18.463266 27.572788 32.793294
68.327295 15.669112 31.915315
71.291321 56.105309 40.342247