8.097222 85.576419 37.269682
83.914550 19.906734 36.862298
85.140667 29.306537 36.845904
46.115832 58.776761 39.578179
71.765767 24.731019 26.345955
79.249063 42.491650 35.772930
42.817815 93.989463 33.466079
81.470916 99.661645 39.159421
65.740485 76.517123 42.691820
49.489945 67.527706 29.089818
5.108972 23.857534 36.088481
81.145695 38.267113 34.010461
76.153176 39.355861 27.332018
7.591925 42.469586 39.835918
54.303746 44.240536 27.931719
67.821345 65.985795 31.504822
5.532912 38.311815 38.639098
91.314192 95.901110 25.951750
81.901511 8.582870 42.466673
17.321387 26.983433 27.299860
98.121282 33.399201 35.440635
67.854557 99.491084 31.527885
52.250139 9.892114 25.536215
83.047678 69.875105 33.639938
49.169383 62.475109 37.849385
30.220619 0.447370 34.132488
30.462257 20.476901 43.548000
49.864601 45.482681 32.155963
30.269661 86.191670 41.217821
77.080628 76.380405 32.786796
76.234287 53.890710 32.292092
35.216599 13.336681 41.558914
9.105704 23.059225 36.191573
13.908976 25.743019 29.596810
40.779027 89.246684 32.301219
66.288828 13.008639 31.716741
46.605999 54.575162 42.843466
50.603471 38.021414 39.264539
52.110402 44.225345 27.930538
90.801766 38.453689 31.763481
54.876043 66.216226 26.764007
56.760018 32.204673 32.753553
9.648585 79.317950 30.925967
39.181672 21.071330 29.250542
13.839478 54.314532 38.801132
88.077751 78.164028 39.442044
10.024237 10.479280 39.859437
43.568751 33.877357 28.530409
97.850191 0.596985 28.000027
54.968844 1.888295 33.436473
1.886061 13.089418 37.458819
53.023100 2.498563 43.394022
52.301973 64.030568 31.686633
42.034268 20.430896 29.332019
47.895347 92.756767 38.595231
25.187397 3.186288 35.886290
61.047823 56.827275 28.110365
39.496688 17.082126 40.323452
17.148493 56.101192 43.276887
69.200656 38.824682 25.966626
49.105993 10.507141 36.957757
32.537437 71.745622 35.863156
86.369150 21.083810 38.661574
71.167317 99.648289 39.155489
51.698352 29.380335 38.379894
63.758691 2.960378 26.258159
39.706747 46.381154 30.673240
16.654848 8.638712 42.455157
5.728359 5.385455 26.222842
88.157191 3.366595 41.472025
90.102621 55.018775 26.841223
20.224024 8.245993 30.215209
88.795446 14.226305 31.220338
66.032891 33.239305 32.152589
81.195849 42.850665 31.811612
39.093783 42.643115 28.745107
55.683722 62.717966 27.326315
68.129703 61.792412 39.675861
11.208129 30.224372 38.212237
39.549666 68.277402 33.438683
83.037219 39.757048 38.127605
34.544890 49.612337 25.361223
43.003793 16.677433 31.221467
54.026495 63.541457 29.500376
74.276822 17.468636 38.724121
91.835133 18.680492 43.290118
20.336923 66.038271 28.642867
85.376169 67.292298 41.279479
51.061605 75.270817 36.975525
94.074767 41.540749 42.293946
35.441698 98.537337 37.363457
37.067998 3.259240 34.774767
42.267525 88.631093 33.472174
99.269432 76.709048 37.106880
63.205327 89.068541 34.016690
73.243453 63.697757 42.552397
18.894875 99.499780 40.110626
7.270114 30.140442 36.612725
16.291012 72.203838 35.633873
46.669097 55.315456 32.089258