61.627832 61.144742 41.393670
10.325044 37.536486 34.446678
13.784524 6.920602 28.862978
3.153939 65.298442 42.470694
68.285587 30.337311 25.221005
89.239326 23.108510 35.911772
21.950357 79.838369 35.932993
33.954983 76.450193 36.477380
99.065530 7.964813 28.755689
22.221256 51.135938 36.295889
28.591141 81.661319 35.043689
6.877320 27.099841 28.942015
57.320020 18.561381 43.259485
92.911111 37.749438 33.559074
19.307553 70.903081 32.709748
48.783928 22.956760 39.983362
25.449485 59.067807 31.315795
12.458515 2.476807 26.448205
5.112878 9.785541 28.296088
53.571077 49.050539 31.888238
32.829439 16.209236 29.006203
73.168201 56.673184 28.646852
59.781360 60.839604 30.924807
78.893895 66.940910 34.993690
65.242190 66.360321 36.757847
85.583742 12.506813 28.787635
10.001144 3.684660 42.847252
45.438288 48.952815 38.234895
38.816927 91.330617 36.064922
14.477477 96.490461 38.407857
61.969451 37.315633 31.172256
1.109407 61.161580 40.275299
28.829602 48.969959 38.125250
62.624394 17.902769 35.985982
63.795047 5.667233 28.280685
24.885583 86.102203 39.819355
56.755270 4.041219 36.787585
42.744795 88.223927 39.595791
23.648093 50.387882 38.762821
59.161515 1.127429 37.101871
34.596648 88.440567 27.127051
78.354929 92.943621 30.088316
79.145225 59.537178 32.434273
93.559006 22.384005 27.863980
93.343447 95.398064 28.119486
37.192300 99.333541 41.830688
52.196654 25.790733 38.159271
61.936303 36.848332 30.540393
81.092798 66.800848 25.494794
89.309910 77.928911 35.181683
48.502530 13.725309 41.776593
17.679115 86.700917 38.343444
93.969604 25.420047 30.136190
44.083110 92.619174 30.504600
6.614764 71.898894 34.057744
31.141335 75.828577 27.823733
22.514590 32.384686 31.486551
84.009727 16.783036 34.499401
0.514793 76.590209 29.712728
58.077553 48.068133 39.610470
87.960527 79.829607 38.004490
89.858240 67.669373 42.750583
4.592399 43.762308 40.560995
89.364203 39.315183 43.576716
10.244573 81.669788 40.649315
84.885108 66.729525 33.429003
60.871806 16.491150 26.185258
88.337507 53.282874 39.596732
91.374631 33.675339 26.624823
5.879857 51.704109 28.427705
0.905171 13.429624 34.567417
88.816374 6.603921 35.243536
49.909847 58.152288 28.173718
40.686416 24.851180 29.824658
16.009877 34.874591 39.498131
48.902769 98.297565 36.378772
34.236982 95.474429 34.112070
14.992677 37.961184 39.466846
21.366932 53.669344 36.633550
49.974479 4.691978 36.312125
3.323104 63.870220 34.952248
96.635229 79.933496 41.077922
51.018069 56.497732 27.583216
64.576682 33.148909 29.842005
6.295966 27.259725 26.234595
22.635919 22.579690 31.628967
26.576709 80.056639 38.672036
34.410807 38.779318 28.618616
86.000980 84.782254 41.953948
20.945532 53.333721 43.350448
21.918194 41.940602 32.542034
76.399568 6.648397 38.313164
61.503325 81.374815 37.112408
8.280225 46.486478 34.686099
84.614587 4.786487 40.442299
82.544706 19.570309 29.598938
10.771360 99.082526 43.386520
62.877012 49.465652 33.449834
39.857324 58.726222 27.223894
90.846305 68.735262 34.728584