27.267353 84.548313 28.131961
11.624057 84.718647 30.103192
74.394262 20.138696 28.684420
31.730522 59.793381 28.714124
27.571609 81.591280 33.932635
10.087081 34.346859 26.165784
65.430655 97.923125 27.291864
88.432039 11.046595 31.923655
28.519096 73.950101 25.999036
60.421300 20.562747 41.051050
45.381975 37.937455 38.969365
76.545710 34.450678 27.865769
26.041684 11.376798 40.820836
29.261821 35.573975 27.400698
23.138622 1.186508 30.609791
90.023620 53.334837 35.159184
59.605668 68.290789 40.725400
51.394606 18.470045 31.696281
19.607060 99.426172 31.139865
53.090583 91.966662 36.936826
92.420464 87.940762 25.878161
28.348022 29.747180 41.455706
56.117327 48.846836 25.220923
29.613550 54.085395 36.401158
20.635139 22.323410 25.163678
99.985687 61.768353 41.818398
67.191336 84.176910 42.026556
82.488419 97.930353 33.021547
72.956842 73.101135 41.383367
46.853731 31.659875 32.020535
26.865519 19.545521 28.227543
44.293056 46.981410 39.530829
39.746140 34.845083 41.054406
60.898315 95.587152 41.417990
12.314253 3.534579 43.052568
54.488882 46.172665 35.502349
47.475330 91.169116 38.240920
90.227160 54.021555 31.742949
11.538300 31.024239 37.686462
50.340991 76.299786 42.035427
27.256831 34.978878 42.034108
88.614535 30.665440 34.273331
42.555314 25.246113 25.334769
76.451004 0.692856 28.300422
8.493656 47.244206 43.226922
73.410612 44.166604 38.984539
26.933027 67.256898 37.874543
16.095661 0.156535 28.611797
0.961702 9.057221 26.913541
95.828555 52.318674 42.707758
97.402126 32.098151 34.542422
63.997395 80.432436 25.678219
54.462939 73.016965 36.029629
47.703688 38.190937 25.819331
30.829796 15.444520 28.003097
70.489181 42.082553 37.261828
4.411884 40.558025 41.283307
6.936408 18.715973 29.717097
40.103335 26.732576 39.152699
94.061123 99.652842 39.382555
11.607428 73.838305 28.064013
89.063750 24.559105 31.630662
46.196803 61.971906 37.602224
83.954212 90.600976 26.334037
47.760342 58.463613 31.715965
57.504915 94.191085 31.784316
67.642238 88.744701 40.399225
65.429610 51.693084 29.523973
82.811931 53.806055 37.772510
32.330257 51.918012 31.996215
33.253691 72.759070 39.367136
36.730760 41.795311 42.252062
73.283627 19.267369 42.403159
20.406391 72.730334 35.225257
27.889542 36.968650 36.905925
51.111520 57.485582 35.532500
96.745084 22.629767 39.160708
38.312728 31.779390 32.620190
24.325162 14.636694 30.800095
76.394552 30.332346 39.663061
61.369139 95.974309 43.590967
12.027360 23.800467 34.491212
90.303843 98.685238 35.312330
7.325688 38.389797 26.998446
87.923978 93.397373 38.399755
22.997478 7.590234 32.280360
46.667766 21.774626 25.679594
0.505962 96.657805 37.685138
70.009095 32.172033 28.201892
54.801039 82.105676 29.820510
40.339054 82.995276 29.771106
68.637056 57.163860 34.978070
93.983447 21.774600 33.733707
68.235522 42.551983 34.312151
51.742600 22.820557 29.343525
91.977843 21.848567 35.838615
53.276955 99.263110 27.353821
58.931854 92.724959 43.596379
56.767322 48.932127 25.967470
31.338483 62.998059 36.035463
55.349455 66.811754 31.932512
47.288163 26.019567 41.006403
72.184528 51.557829 34.693334
15.600920 9.706838 29.872080
89.353280 98.257061 28.328534
87.066214 13.179538 43.354507
34.646945 96.039034 28.304812
28.673299 22.941432 30.601173
81.447535 0.146417 43.327226
8.166757 77.744479 32.773336
68.317437 58.956953 25.727481
17.865543 46.793592 40.555795
77.761116 75.345327 41.846260
95.573276 98.280791 40.661305
59.413825 12.681880 28.002383
35.668186 67.127327 36.611167
40.319861 21.931472 29.914906
82.292310 38.382207 35.115343
45.406703 16.543762 38.430367
37.180637 14.565801 43.018246
14.837979 48.402933 29.309218
78.287939 36.753100 31.303116
17.270518 10.703972 35.766933
43.450697 13.633922 32.936401
30.328190 62.293013 32.358554
13.474274 73.065023 41.211297
57.384772 75.593306 33.738039
6.634041 54.132719 29.526461
65.447327 43.774324 37.562108
76.864526 80.770761 41.879735
62.017722 6.061700 40.076457
61.917829 28.212099 43.297514
36.176972 97.947267 36.936203
99.627386 35.331188 25.550626
70.452431 6.504156 41.300320
98.047052 4.585348 30.003011
81.858703 4.542252 32.745523
69.436429 59.653782 42.773740
96.659485 89.152377 32.220363
39.958480 37.101453 40.203910
75.767836 57.898104 39.348942
75.541931 3.140688 31.337175
9.511417 64.410782 34.639861
90.280760 72.134639 42.374312
23.560757 4.212840 38.684593
81.494416 46.936101 31.841581
78.560847 24.901416 37.215954
16.037454 79.004669 40.620026
37.550005 18.940494 29.417650
95.735002 87.349920 42.199441