7.553026 76.321138 42.786711
94.172160 28.074041 39.829402
33.872324 65.284707 32.302745
37.521440 47.272804 39.849871
98.553493 74.130588 27.297541
53.670490 52.182674 35.144034
96.339070 38.422972 27.094731
52.487038 85.737629 25.396635
19.505467 23.317150 34.310474
34.100808 8.262761 29.997290
0.533621 42.191762 28.934011
34.621912 89.902998 37.791261
87.953169 34.946634 25.997940
91.198152 83.771211 40.736289
64.750166 82.443762 37.239524
42.478304 14.392425 36.519868
90.830194 84.559823 34.822953
1.832034 93.373417 36.119901
53.901768 78.125464 38.386933
60.773441 53.646492 30.091530
1.881925 27.762733 38.947271
22.495089 84.592212 31.614893
47.976242 13.732221 41.936839
27.429628 43.884545 39.065895
14.271203 36.006249 30.033904
13.022424 47.143820 42.783157
3.676857 90.114591 42.479430
33.215655 59.536119 39.397042
43.602857 67.048796 36.426102
39.361832 3.653456 35.275219
96.080028 4.928739 40.788454
48.237100 0.552510 34.361516
89.222004 43.726268 32.031545
50.385444 79.979485 42.302012
86.711408 47.803170 30.743210
87.641347 75.704625 28.948018
11.832121 43.490739 35.404580
64.071563 27.528866 29.448064
97.963389 70.421611 42.937834
92.332768 81.549649 38.373419
60.811670 68.289379 29.160408
99.531962 39.892533 36.686577
89.986164 69.299876 29.017692
42.742540 71.898252 36.061069
7.295812 99.990866 27.145928
11.576313 46.646613 37.753801
98.142024 72.637193 29.536551
86.413848 78.013290 35.454918
4.159228 64.966307 25.486722
65.953390 82.740480 40.369293
58.925998 69.174226 33.509473
86.587881 2.288415 29.452732
65.824344 85.585996 28.817745
59.559729 19.964752 30.326846
59.833932 63.196649 40.950926
80.186843 96.437069 26.301868
38.726829 28.944084 40.262439
80.455254 20.642078 42.273836
2.118276 85.650431 29.188147
24.655267 47.937470 40.436869
90.435027 32.198749 42.502979
4.550759 15.720344 30.354053
99.513213 6.606037 43.642645
7.568580 35.946656 32.106958
19.991054 65.823540 25.012010
89.636177 42.376387 40.284883
67.970091 77.856223 34.608840
21.678011 57.786387 31.396436
22.974470 21.157004 41.324670
29.776600 23.028197 43.541083
26.157647 18.044523 30.055268
12.545245 59.763721 32.583117
70.402307 59.151120 43.666351
64.227035 62.988882 34.057047
71.660267 62.645849 30.120000
74.711444 47.684267 25.443913
50.570007 71.913378 42.645241
69.077830 30.711273 40.743407
89.601895 58.518205 30.614997
99.595163 26.277638 25.056727
31.667107 95.824989 30.839535
82.952638 47.628668 34.547602
48.724027 97.459024 34.545925
2.348084 98.642998 27.992546
14.654407 61.271345 39.430996
26.832981 98.779416 28.870637
70.010634 74.273191 39.222685
4.753973 62.418741 36.663800
87.638820 24.455263 35.401844
39.204696 42.523707 33.138869
39.570430 48.196810 40.201499
93.973079 3.604863 40.301649
71.300457 87.199737 27.112018
36.624175 77.411436 41.534764
46.706447 17.251584 26.551364
67.388712 7.729249 39.870887
98.998370 71.429557 28.023853
76.460522 6.437379 34.969595
31.716832 16.812886 32.742892
77.143437 27.139443 39.537526
74.211150 62.496755 42.392781
56.263104 53.357401 28.899908
91.288418 27.575265 31.733545
62.459445 55.353234 32.853007
34.753993 49.661130 27.988071
20.251273 48.806235 42.691007
76.120223 15.029994 30.627001
13.780097 16.757795 38.595233
9.585861 56.597385 29.338837
24.354770 18.248104 37.041784
54.032503 56.383940 32.701955
40.028143 35.390150 37.088784
27.941855 21.006059 39.881147
5.143193 22.514692 40.201074
90.862979 41.484977 42.067329
22.198299 47.270298 30.925464
78.308858 85.875754 42.597148
73.098214 26.327780 25.333391
18.816709 31.023366 38.775153
3.818245 27.558729 42.587176
88.688291 31.768908 31.269438
52.849245 76.479815 43.328020
43.148769 14.681676 28.762193
47.762754 84.174207 28.733597
79.437089 86.765049 42.476735
13.560435 28.427968 40.669203
53.632799 35.364497 32.855972
86.265883 13.195930 28.376831
11.392726 68.525616 29.031454
82.317169 75.985953 34.695244
31.743734 18.595037 32.439363
64.279932 53.346038 35.542641
77.766574 2.357617 36.332415
73.458170 41.598919 33.780851
23.533389 41.181462 36.653123
95.987447 33.051579 36.274525
65.429673 18.842211 32.143055
4.273685 47.540103 28.163585
66.792786 69.201576 38.725840
87.287547 11.321364 42.943322
11.685921 65.743330 42.844193
65.990310 13.103416 30.495819
85.695021 93.832805 34.106424
44.467076 19.666303 31.337179
33.562623 50.799205 37.705821
88.842737 57.686596 40.160173
28.244427 65.223113 29.466053
91.784718 67.989874 34.654075
64.558365 84.264171 41.049261
77.189340 70.287643 27.452372