68.603644 82.816453 41.994947
36.814615 70.115391 36.624972
77.262119 55.414006 39.707162
8.779760 89.036308 34.194515
35.723033 0.101055 26.547040
77.140197 19.546901 29.329366
98.326825 73.014502 28.689859
51.741282 85.892579 40.205131
6.393018 77.854298 33.619442
40.063661 82.524489 41.995849
53.208091 7.943456 27.354977
35.729852 9.649356 32.979835
60.265055 52.669904 29.937273
48.207935 19.313078 40.733108
18.965946 77.089863 34.760535
15.422882 44.886700 42.197267
63.071261 93.887552 26.395107
74.097782 47.661636 31.797689
45.273208 36.220076 34.701508
85.586753 59.534658 38.934341
99.348737 71.290337 33.524570
37.940673 73.567528 31.143193
14.881390 48.433652 32.038989
30.486347 38.984682 30.237306
89.419631 88.111853 41.033533
74.077900 90.427388 33.143082
25.731574 86.568914 38.405482
54.740435 25.689177 28.904442
9.752882 6.525316 43.534251
7.449711 87.448448 27.776096
34.570616 16.263725 30.090794
74.429064 71.649212 41.666829
47.237358 59.190552 28.194983
49.785698 95.406947 32.273597
51.007361 98.436843 40.517120
77.176414 75.921261 30.194943
61.246948 56.284505 27.081113
72.343195 71.702898 29.357241
21.761237 88.729882 40.519068
83.075320 76.339103 43.553160
86.766185 52.249011 33.651807
16.530486 42.451114 37.471216
41.843950 93.853291 29.902792
90.437967 11.732441 28.444181
29.969090 57.131591 32.404989
73.398995 14.954730 27.951145
89.086416 81.647010 41.500646
92.666832 16.774122 42.048351
60.812749 86.460178 33.355967
3.586378 36.600503 26.363432
6.491831 59.421331 33.365528
98.277488 22.322905 40.162609
83.209499 78.326645 43.030017
71.689126 74.400226 37.002631
42.353239 10.061712 35.363864
22.010550 41.784559 36.090976
57.193872 18.712376 37.635610
15.477187 60.897291 40.867197
92.709460 78.662778 33.153579
1.265010 14.871843 25.842973
11.512995 98.864549 33.251322
25.826503 73.800627 38.758732
96.010225 23.695962 42.504380
22.299724 51.399213 41.791873
97.626558 47.936542 36.599267
56.200882 29.247256 42.033158
66.857539 95.638267 33.934055
78.026337 13.308546 41.441124
79.015803 75.394149 39.861285
46.046950 27.489550 41.918446
1.460271 24.758211 42.009399
71.547461 56.674586 36.398114
59.456376 14.446635 39.216501
68.037493 17.214607 41.345389
49.066743 96.898862 34.969991
18.288989 35.504799 40.615029
59.854151 74.847163 43.270726
18.556432 42.647946 33.753123
59.254709 39.166432 36.950773
13.203292 81.165973 28.035351
59.044516 3.803497 25.009279
96.109905 69.330167 42.837366
13.751475 42.732399 38.970464
92.970483 75.140109 25.821090
44.767562 34.890370 39.680449
2.949391 61.971341 31.492152
97.619598 10.494990 30.093991
9.086893 52.496827 29.743984
43.830250 45.679358 35.587905
46.973647 14.298355 41.126999
34.727610 70.735904 27.384712
46.947269 73.905836 34.612395
58.772106 9.484146 31.253227
32.968920 80.156462 40.070098
36.551811 5.612400 27.752805
20.009358 9.571167 29.770499
31.095319 35.538912 34.161125
85.356822 41.639280 39.748474
94.894266 10.633785 34.651864
40.428974 9.030284 26.436485
97.672918 10.704452 39.251245
78.829026 85.044343 39.626727
33.180661 71.900505 43.669570
25.333636 13.682713 32.882944
0.819334 31.836250 26.832558
35.636604 46.514759 33.930313
37.897898 39.488383 30.071762
23.264991 77.497530 31.914767
17.610316 67.004842 37.101196
5.932007 60.064909 35.886387
98.116152 78.867088 38.032822
6.475991 53.662603 31.277102
8.130474 86.764490 40.569743
38.989589 20.898264 31.780540
48.559574 57.542718 28.388129
14.703325 7.621936 34.394365
18.192246 61.535518 34.046340
39.638555 18.790736 38.363280
52.382969 83.700167 37.627788
22.522641 13.907507 25.652952
89.060712 96.695780 43.646891
97.720996 27.629171 29.645533
51.872242 23.200001 36.806617
70.345291 61.547106 36.516800
39.047321 43.390068 30.824229
35.590705 90.399899 36.473278
9.151980 78.048512 31.880521
83.343608 47.155009 35.088283
53.313537 68.407709 30.040291
0.013073 98.185711 31.605531
6.470587 76.959285 26.080304
87.366009 10.822163 36.202853
24.331485 86.413265 43.248805
46.132788 34.831999 34.549207
39.440077 87.290540 40.136145
99.982368 89.285915 42.427053
56.329203 89.266527 31.087833
95.435124 94.074564 28.675595
91.537293 39.857900 25.752086
58.609406 1.294977 42.181084
13.720443 97.859894 36.136789
91.115564 21.043163 30.635446
49.090497 33.585685 43.176727
66.901907 60.150734 42.277171
4.495295 48.037434 36.946054
37.365766 6.052202 28.037590
12.911318 92.420333 39.841781
61.349641 12.156953 33.973121
7.858585 99.659091 30.340108
20.010188 34.741557 28.357439