18.390117 24.978219 31.634602
33.986448 89.010576 38.773786
1.360408 3.831116 41.398459
58.345363 19.379188 27.092199
18.680144 87.856442 39.339612
90.040323 75.751599 34.043742
12.448922 27.664114 34.536876
1.228046 19.482614 26.098262
43.239687 5.392722 41.024629
64.191710 77.383586 34.033285
73.226667 14.863360 36.058844
49.126556 77.069674 37.183776
54.258193 78.210484 27.333906
86.339083 7.686116 29.853542
1.209453 72.430121 41.345658
76.733362 87.285776 25.339755
77.358218 25.747863 27.480344
79.963445 30.611157 28.950527
58.545013 27.281908 29.719452
44.595104 6.717704 30.424342
70.525835 90.725102 26.476101
51.966817 97.987526 39.294378
77.635541 54.688785 37.806893
2.206094 10.637162 34.522958
81.321926 46.885225 26.344428
70.445388 82.460299 27.894672
9.926563 89.038017 34.760240
66.761921 26.142552 39.685524
50.667392 56.774450 26.587401
16.447447 99.140923 32.699137
51.933855 8.661432 29.606958
45.875818 87.974894 40.835210
78.253711 66.887159 39.541934
83.231870 9.029094 34.667124
51.902914 80.252966 34.382249
12.991495 43.936191 28.643947
47.521611 42.161781 43.278677
47.981217 28.890140 41.101787
84.801908 23.217064 32.244551
39.509763 68.091705 29.196975
81.762029 82.280007 25.609770
42.616346 13.445576 27.835665
5.727158 50.522164 35.216326
50.536400 91.141117 26.613379
89.634110 70.990941 30.231166
63.771314 89.039667 25.529489
26.118530 21.339791 30.470670
26.646284 45.507868 40.689735
55.456103 8.112537 32.699215
48.101789 76.174025 34.963270
93.579628 71.525481 27.974628
74.693391 8.242176 30.043692
55.308681 20.894079 25.218884
85.705647 44.546126 41.022032
1.231295 53.135479 43.045079
40.524382 53.902118 34.316053
34.059122 0.348301 31.328527
32.562251 24.472391 31.226445
82.894731 95.484250 33.397514
50.725885 10.117668 41.343271
70.124200 28.174765 43.019001
97.797866 14.750232 42.230933
15.021776 48.650767 26.224619
49.209125 53.623111 27.792859
50.774733 70.419465 35.982451
7.722800 21.208169 26.357725
41.162689 32.737688 32.937339
54.195182 33.477347 38.638762
41.840150 0.937284 31.882295
79.632495 27.633393 39.626610
5.018198 94.169049 33.783172
8.266952 28.274461 28.663045
43.660019 37.105806 34.226537
9.145650 97.310993 27.351231
94.204454 62.287951 36.129950
30.067086 24.667530 32.225833
32.552265 50.103184 39.152629
66.166274 10.932532 35.404242
19.476075 62.753990 35.601415
9.070573 77.326274 29.302889
49.300319 52.243878 31.445476
88.592537 32.207286 33.107646
95.562541 62.299612 40.923060
49.112883 56.523442 26.066889
7.329522 63.742445 26.981642
84.976948 0.592875 25.531362
7.621681 64.862088 31.950793
98.223897 48.776757 31.054230
41.630675 86.867431 32.768173
37.008244 61.975464 38.556583
39.516807 77.118754 25.359442
44.937281 70.965070 32.626690
75.715565 34.403430 38.495018
91.316333 0.740796 36.559351
59.777766 58.130320 33.716347
93.038463 96.755764 39.639701
82.010602 39.491856 40.817515
21.005170 45.266079 28.014252
35.339609 45.799052 32.956190
9.122835 95.081116 43.533315
96.742600 5.277501 28.890351
79.737302 94.843375 33.732029
10.284128 87.002866 26.697165
20.694488 18.336564 25.246212
88.319247 83.957870 40.767957
26.405412 38.705146 31.659804
21.956376 37.001678 30.946189
1.962894 70.096302 26.806306
46.478319 92.168716 39.494147
61.686891 51.267178 42.012782
79.574053 66.371532 38.782357
88.086096 55.091549 30.011919
17.541652 85.445163 42.509363
84.169256 46.221412 36.975974
19.376441 28.313026 26.219576
3.590948 40.364724 30.111626
76.277946 13.188145 26.300784
52.183717 78.449886 32.593219
73.818114 44.774296 43.192608
30.170689 87.773747 32.743439
87.830953 77.073661 37.760841
50.781801 94.106010 38.066104
32.966747 72.493710 37.674752
77.020092 18.138863 25.536399
81.361834 44.431477 34.774453
67.402795 18.193712 29.227447
2.684943 35.011941 37.824456
60.117345 29.265518 34.138192
80.167117 76.866901 29.125455
28.626298 1.554681 31.512085
96.476619 96.505418 41.701281
16.808783 45.654223 35.160477
2.031178 73.965184 42.183960
40.815668 47.381468 36.644623
84.929700 63.330762 25.212251
56.891170 22.011032 27.006897
44.844149 60.463851 32.951618
78.770695 91.410451 37.911664
86.396861 2.786979 35.077796
17.832708 65.644272 25.741080
24.986203 18.467352 27.147430
56.630411 52.218468 33.631209
50.368113 33.119397 31.489694
20.724726 66.691970 41.262426
93.756967 93.727934 42.229742
75.821629 23.168976 25.006322
50.259182 65.577183 42.479475
12.022444 67.039379 26.677044
56.768723 45.947889 27.248915
10.393835 56.748688 29.012638