3.276961 75.465773 36.379949
27.885660 76.975761 39.382287
55.521144 34.429843 35.872259
61.971208 26.619999 40.324190
41.273283 85.960604 34.796714
51.539238 85.103812 43.530338
64.529691 59.240314 33.421753
11.363225 96.135169 27.681796
95.362674 42.683873 26.868439
6.029268 65.485674 30.762699
0.696930 86.295117 26.007982
12.657082 19.155974 38.190077
36.828974 93.917995 38.788649
54.735654 52.347391 31.095071
76.517591 13.320107 31.736704
4.688768 60.300515 41.705753
22.904293 18.470542 25.569549
86.287814 72.024729 28.973723
71.836332 18.444866 28.130481
43.935906 28.043703 30.753835
10.342446 34.387584 41.803832
94.716088 16.444187 43.678187
19.840963 25.369464 34.578453
15.880791 78.669526 32.777319
13.447831 48.154601 25.248909
58.398450 55.128468 28.624130
33.096123 79.654573 31.502074
8.409695 43.526091 31.812642
82.818139 58.163908 35.946391
89.807649 89.301743 26.603147
58.461264 91.849995 37.685804
96.005647 62.193639 27.914799
30.464065 33.458111 34.731875
71.166729 28.144447 43.198482
94.299441 61.329816 28.607868
23.630916 76.625077 28.876448
53.816210 55.236704 36.767849
2.211917 17.033727 36.489638
87.064652 86.219289 35.955036
48.689767 52.474961 42.381568
9.336990 49.578225 26.267176
98.494626 54.065882 29.645098
40.183775 40.892851 33.176714
47.387454 61.612396 31.724709
55.142636 97.843802 26.536425
15.277825 10.293308 42.155567
87.288685 41.310699 39.452568
40.374594 40.370771 33.762139
96.405074 23.996293 39.789580
34.042269 6.553633 43.132016
26.518676 23.581350 35.296937
94.622335 52.342639 40.538551
60.717196 89.206330 31.030239
82.512359 24.062706 27.328981
98.049605 81.714770 34.202246
24.094035 4.998203 38.950836
4.281725 51.282709 35.934535
66.016121 61.831601 26.789416
20.733830 7.065574 43.260227
89.234719 85.752332 33.157350
15.623412 82.385958 25.868776
17.607372 82.308030 35.765661
45.245347 4.965339 40.413004
12.481129 76.623167 41.557413
54.134236 61.702159 29.099560
73.750642 87.145927 33.883340
83.463041 91.977801 35.477392
2.007803 35.213036 29.689963
44.208760 35.846138 28.858834
77.060343 42.539538 41.905144
97.651094 88.491057 26.911053
58.189418 51.551025 25.956345
58.860954 57.834884 38.338208
58.720383 5.615784 41.214999
50.386588 87.534796 25.038877
31.241308 34.945901 30.721293
82.936006 49.924770 40.248403
51.832407 95.348663 28.030436
66.116217 66.774277 32.323107
88.705402 31.847613 41.182120
68.840685 6.201120 29.399096
97.992361 17.947058 25.512253
17.938628 31.430799 38.424297
18.287840 65.730666 37.704708
5.448118 21.124431 30.821058
21.074974 74.835008 25.674244
31.677569 77.381740 41.615758
76.840478 82.930572 38.329787
71.259941 19.029013 29.372799
72.301073 34.123510 36.874753
63.476151 80.608569 43.387754
68.934468 22.838986 28.653746
81.157661 88.878011 25.918529
65.403526 43.643389 27.192241
34.272152 28.480303 27.259350
45.444593 31.946076 26.083116
49.432608 27.945530 33.925609
81.098070 18.345315 32.094696
70.509738 64.083880 28.528943
23.664373 71.821054 26.628722
45.223527 99.681185 25.973192
30.374163 75.631175 30.316368
77.981305 93.680737 36.327319
60.929965 90.016521 41.732043
12.442928 7.636031 25.113416
29.634268 30.722806 28.078135
70.596995 33.697105 43.620529
12.392705 35.407631 38.684233
86.630146 64.277754 39.543615
98.181028 10.221543 30.248299
43.560814 36.217341 27.408017
72.533749 0.774738 29.829788
35.161768 93.418942 27.931955
93.246175 13.966666 32.321117
52.519066 18.441440 36.901756
77.007118 35.281828 33.234684
37.628723 17.201444 31.912622
98.667208 4.956658 31.394577
89.420429 22.955881 35.198994
3.845758 90.449396 27.763405
79.392437 44.851997 42.305581
49.745734 47.020371 31.200991
59.714121 54.093646 35.173112
35.500691 64.499245 35.135688
80.086124 17.914883 33.130750
49.917960 11.655550 33.519372
29.497187 74.235740 37.664036
22.217965 62.186982 33.643456
3.152721 49.886878 28.070854
8.317534 29.673301 33.343291
55.684061 90.840071 38.074559
87.745568 29.994698 39.683607
75.945417 20.960815 40.737743
90.989320 80.073321 25.929886
7.736428 93.242716 33.716065
67.036918 91.279051 26.922544
70.685221 0.874041 41.502273
32.608561 6.401579 28.155311
26.107542 2.073210 42.376010
23.576256 30.949551 38.678513
32.880574 80.956992 33.029108
2.032436 6.353030 37.909985
4.450276 14.114829 30.740273
96.535050 45.934541 41.779055
59.308401 64.369690 43.349231
34.083989 81.971857 40.271120
52.709772 1.434202 27.758308
56.139932 7.290454 42.960364
55.849835 93.551882 27.476503
9.759527 38.732322 35.018773