67.447236 77.414437 25.467461
16.232438 36.997758 31.821234
53.569204 22.716557 39.714003
63.136803 40.395933 33.404959
97.182768 59.927625 43.221652
95.323185 84.393287 25.554935
19.881520 89.158445 25.911281
68.283318 40.288038 26.093341
2.083980 47.563254 34.001322
2.068193 83.074505 29.729537
44.374277 17.641353 28.688222
50.559294 20.873977 39.586667
89.110874 40.877778 41.852711
88.443310 70.128861 29.057507
6.235692 48.085817 41.694751
21.007852 1.073133 32.810011
3.122219 98.739980 31.222549
64.233623 94.002297 30.531529
64.037772 62.107107 35.466890
92.905608 91.110732 39.911643
24.597989 62.091689 35.948844
18.250094 47.892852 35.672920
70.546255 6.239779 25.832424
24.587959 21.829928 29.677165
95.564531 76.224380 43.168800
18.105985 86.807677 28.699314
27.361953 94.475116 26.434831
30.799393 70.172250 26.064782
66.722151 9.169657 37.230062
1.368488 7.301571 35.023060
36.605372 46.357461 26.282943
22.791904 10.398483 26.526473
39.750019 11.040994 43.174517
61.642534 40.153384 38.760120
29.340753 67.845653 42.987236
66.280036 33.092951 35.293074
82.346814 54.130270 27.144443
45.768873 87.822533 36.472096
94.665272 27.696225 31.381805
94.912899 11.877303 41.688224
7.733050 25.775137 32.047473
94.458531 16.063400 37.445472
8.582998 29.878730 38.840397
84.131728 84.676937 37.891169
81.364188 79.757292 26.143201
34.433818 88.354572 29.776952
1.162483 19.485826 38.785990
38.007030 36.026218 30.358812
83.217199 17.578732 43.270903
28.234791 89.941888 39.717033
66.524348 38.782205 36.511548
62.331185 88.679053 40.409092
32.325749 68.650490 42.432993
40.833687 90.538109 26.267761
80.567113 69.758991 29.243730
73.671320 19.574055 27.820245
63.936056 88.958219 27.047487
32.141164 43.427948 41.562047
38.168209 33.723487 26.777118
49.937980 62.737058 28.474616
47.887343 71.749611 34.576442
55.646841 61.182049 32.399951
25.366355 12.593313 42.129536
4.394937 32.073142 40.372448
44.278840 69.932113 28.444551
26.612578 5.950781 34.801530
58.513262 91.814629 36.899880
15.143646 39.986694 28.244457
80.041488 61.492500 37.438088
56.651468 78.229618 30.468576
85.871192 27.261495 39.492422
57.714225 10.649591 41.845728
22.632808 61.111173 27.591175
64.704222 11.954118 43.066145
20.027707 11.617043 35.013914
37.419947 98.427129 30.619363
89.625804 74.820812 39.197312
25.765591 60.323701 42.249492
83.993660 87.771315 28.038726
64.786607 38.326742 26.134955
2.437242 19.907488 43.739705
19.889010 58.018145 33.952396
34.216521 70.722240 36.875080
95.502833 86.219194 31.955897
15.099970 34.102717 40.311412
97.715099 78.671858 41.584289
9.815502 96.180049 39.616397
7.166521 75.419599 42.615235
30.292681 97.395141 29.447080
74.320026 52.313084 38.984714
60.299525 37.839461 30.017102
35.619814 65.383379 28.890652
38.151649 71.535344 41.517929
91.974496 97.710655 27.274230
32.662847 6.810310 28.796642
27.642750 91.783425 33.586192
65.830875 69.483837 41.905436
85.260611 47.352592 36.861676
54.250519 19.763013 29.336186
69.651846 69.241498 29.731261
83.828713 41.351655 38.552258
75.198123 19.348611 38.384969
82.002365 54.957200 27.980743
24.477293 76.082123 25.869940
63.557722 64.890101 35.924743
69.887565 9.599977 29.900280
61.945876 76.446870 27.116429
60.738712 7.905106 39.000017
16.442550 59.691747 30.042653
55.984293 45.788087 26.057768
98.893381 66.764221 34.851745
8.419907 64.831522 36.793280
73.810195 76.083809 31.907701
30.221807 24.712892 33.633397
87.858705 9.526534 25.914712
45.437139 74.663023 39.739069
57.808649 50.716283 43.003975
82.034489 24.245683 29.220644
4.156175 28.464006 34.331334
80.258017 56.112553 26.876383
83.149457 92.793420 32.487081
92.874557 14.532509 25.308258
81.526042 29.107307 31.787965
33.640746 65.764703 42.296131
33.063247 6.608595 38.851294
90.564160 83.282064 28.629097
88.977737 88.727708 40.340183
68.102261 32.376133 28.934366
50.474984 9.366702 30.765615
92.763896 13.609795 38.445920
98.844156 14.059683 29.476168
53.819935 51.526216 41.084702
82.182768 75.569625 32.847546
0.454979 87.725444 41.900210
13.360436 31.852509 35.770643
37.723719 45.873637 25.699023
14.333923 13.471388 36.135056
12.616359 70.035816 39.116393
18.718101 71.950808 32.615669
91.980379 97.516341 36.947236
69.493423 85.835142 26.079809
47.595059 92.049261 32.239557
32.688172 73.121450 36.377496
72.775091 53.850746 29.334147
80.939799 29.478451 34.500571
49.539449 76.012140 30.811015
19.721336 31.876140 42.816402
83.618355 5.528549 35.341308
58.320809 23.983617 42.397835
49.369459 5.108415 37.989282