5.337572 38.981905 35.445342
11.755215 58.696772 34.475910
56.569080 87.049721 39.194395
69.302255 15.414515 28.940520
44.143410 48.160355 35.367213
99.746425 29.345725 30.291702
10.021328 52.365166 33.069949
43.917782 25.161571 42.368199
25.528879 78.357373 36.420248
13.855264 21.063706 36.171316
0.771605 77.284171 38.595898
34.733736 12.053667 33.575584
77.118375 17.860264 27.795309
13.660486 78.963806 27.392857
46.592695 34.317525 43.357885
4.226329 99.408570 31.393202
88.098905 35.774359 34.324351
33.156848 98.960000 41.545957
33.349573 74.785381 32.839561
63.909819 67.133022 28.715006
98.930865 18.480898 27.232287
62.869726 34.393034 38.615844
79.182665 57.565898 37.379399
62.028699 15.075769 36.279873
68.984132 54.102577 40.686419
31.423511 7.724268 28.853803
50.569538 31.723574 27.848109
93.059925 58.369289 40.667644
79.512686 12.433515 28.905039
51.822391 11.849327 25.426619
85.590670 90.073813 33.114729
35.851091 0.755167 34.186510
49.627252 2.428724 29.515705
67.260653 9.894594 42.713969
91.975545 73.241690 39.281988
95.633782 60.841471 25.195965
66.758578 25.424689 43.484122
47.917320 45.680945 27.088053
97.574203 94.420734 37.984254
99.871627 1.435643 42.592437
45.659858 75.540438 37.129244
98.633760 70.190550 41.080991
86.952481 22.269968 42.440424
11.963598 75.178352 31.391922
53.301119 55.412944 41.175236
5.111126 37.764787 30.109176
97.529919 69.068785 38.884399
52.425546 44.305848 27.412122
29.259986 3.200645 33.547836
61.475251 93.761705 38.788664
61.905128 60.250948 35.180438
59.871484 29.997936 42.277729
10.229969 36.614852 31.948812
69.566681 8.102200 26.866682
57.655159 96.436618 41.811182
21.593704 19.452299 41.378812
64.980176 80.325162 31.240900
60.527800 80.627332 34.917407
48.526897 94.691220 38.833486
76.377724 76.693055 42.471695
55.704732 68.315336 35.426672
47.414196 65.571437 35.938388
16.451765 40.763666 29.444392
55.682154 56.912563 38.253475
85.490715 7.452387 37.565110
10.671242 63.612401 27.902590
83.946701 90.058219 38.664318
59.618813 49.576898 37.827200
80.934958 86.911329 26.602035
77.444521 78.092606 28.071539
95.220083 82.350563 30.212334
1.891722 80.831237 32.013218
16.390814 56.781451 34.480409
4.088516 81.133217 34.011424
2.182126 59.855950 29.511194
98.659351 97.010174 34.478355
68.469101 65.630819 30.489747
6.423926 83.778657 37.779749
15.906665 10.248437 39.788904
6.568236 70.664820 34.196990
93.051257 65.739367 42.478728
90.058521 13.811337 26.385072
74.768478 79.096775 33.943181
43.852813 70.531994 41.353162
64.663688 20.064202 40.867737
33.219790 24.387748 34.542785
7.167822 55.966462 39.880134
21.056343 46.143004 33.692892
55.923267 21.466791 37.373390
43.294528 12.518390 40.275680
69.537471 39.351751 33.754101
91.448045 79.036134 27.734469
22.829933 8.699705 30.345826
8.664866 14.976501 43.310721
16.772371 55.825543 39.578631
10.614745 19.201827 34.974903
9.767539 4.754688 41.480932
40.651961 1.197133 25.313235
8.401893 33.657127 32.724944
63.332857 16.645348 27.956511
34.480763 52.849251 34.708973
29.456067 5.163323 34.354160
49.567734 17.250684 39.878246
46.357057 50.639249 26.933837
16.676229 1.254835 42.655626
23.561788 17.460177 34.278544
25.221836 19.289494 31.465128
30.466664 4.560506 35.411932
20.386445 73.127098 43.197682
48.297952 62.621922 27.845554
63.370859 97.050112 38.305224
45.301060 10.000996 26.327700
58.730607 22.628415 36.483986
12.249989 19.320225 35.753634
25.669585 99.487855 35.072339
35.039238 76.311081 27.149942
24.329569 59.649750 26.358769
21.239836 63.695672 36.195313
26.408551 56.281952 31.388343
70.736330 93.864571 43.691588
86.146168 79.298911 29.285831
70.985406 28.143809 29.476031
60.917965 72.067170 34.929110
21.858966 97.114523 30.684004
36.868590 2.944109 27.297023
0.344739 76.663957 30.805036
17.132650 98.719190 42.728723
72.233258 41.488065 30.870817
94.355091 72.296279 39.385789
73.120081 46.955740 32.183040
96.378329 1.627726 25.188549
41.170283 84.515643 25.920292
80.067933 75.553295 41.775311
4.176105 19.081673 25.081745
92.332258 0.336120 26.106316
14.870003 70.592010 41.106326
69.400822 99.148888 34.546789
18.988820 19.561039 30.547160
4.253698 16.248619 31.385493
11.878285 33.251763 28.720767
82.578047 69.078060 31.379728
60.375419 24.461548 42.212131
91.509648 68.239018 27.315592
3.216508 69.988422 37.466897
92.425378 0.033649 34.390733
63.252525 23.464835 43.121406
25.747005 2.903586 34.464662
4.399644 77.068586 42.214449
75.738715 52.110669 25.471096
34.613546 76.787480 35.735256