53.399404 75.524712 39.115530
49.290250 3.554045 30.133850
6.366464 29.133963 42.622196
42.640031 46.776835 43.333139
58.837819 37.968311 25.322215
36.098554 1.821014 35.374623
83.977706 59.133345 38.454915
79.879551 82.721219 32.278451
65.393205 69.568069 26.398617
21.524425 30.272675 35.416080
29.581911 49.641323 25.494501
20.994423 54.549961 32.766038
74.377000 52.421783 40.985551
21.759039 67.745082 42.683391
87.404762 97.415694 38.713156
35.156651 76.494245 29.851825
85.194754 30.786992 34.326396
45.519337 48.740417 26.988416
88.273198 5.007916 43.741049
90.183910 0.049658 35.369742
23.159792 34.699494 42.652425
58.588515 24.655546 31.206708
5.196733 23.959541 33.873396
62.567614 94.676435 29.624034
33.319891 81.831107 40.997633
89.515738 34.718482 34.602970
5.869391 50.010451 38.730791
75.347968 44.334819 38.924954
58.397617 82.484243 29.931612
40.605900 4.685606 41.278704
81.169350 74.583982 42.270530
37.738268 78.591960 43.178418
62.953613 99.966319 30.295893
78.983755 8.681949 30.897789
96.050475 54.170665 35.941999
63.739908 53.412337 31.910025
80.048721 40.568843 40.956791
41.953814 21.074455 30.338291
10.403663 67.548347 40.330385
10.459036 47.475199 39.532030
43.564368 85.793663 41.116979
62.491629 55.344124 43.272290
4.602233 93.522849 28.416187
78.522345 5.861984 42.983135
32.254127 94.363674 38.264372
22.189935 5.146846 43.062828
4.484715 65.331646 25.855770
75.108820 96.466080 35.603929
90.809626 35.857526 26.435963
8.486850 60.211418 28.779275
7.192302 62.803531 38.700466
86.945176 11.742989 36.906945
20.756965 35.102213 27.712598
76.989236 78.158740 33.324142
94.650121 93.949445 39.825018
47.156125 18.431241 30.470015
28.350583 47.882144 37.723537
40.005871 44.359580 30.952408
56.995226 32.595561 40.131581
74.896621 32.362360 38.255530
76.393109 0.567934 28.842525
55.972950 4.052611 30.479691
49.794028 52.783770 26.846165
40.810835 5.306416 27.235569
32.123608 32.856351 27.641088
21.086417 29.482554 40.271442
1.915674 64.908780 33.404338
53.022994 73.888212 39.432630
93.444454 8.372245 35.872627
82.981860 62.478518 30.335274
14.872432 1.731486 37.619489
19.508859 19.446861 33.908443
44.756997 95.079704 37.726906
72.474827 34.542604 39.360331
43.956683 92.420314 26.163034
47.120714 7.689423 27.383119
23.747859 83.615584 32.770878
55.553617 76.865737 40.511564
85.525342 86.317303 39.001082
83.101844 71.233014 28.048285
62.393694 23.166619 38.580049
45.163429 84.548338 40.238514
26.119009 31.310219 29.596265
65.186208 83.721647 33.550069
93.194005 17.465148 39.974849
84.462470 38.371242 27.312354
25.485215 28.657451 34.375598
77.185017 64.543828 39.616747
76.534447 80.095609 37.350292
81.109433 50.573550 37.153185
98.825121 44.173260 33.993563
4.421276 23.979168 41.424415
34.417510 88.630316 36.736622
5.858581 93.971900 39.670871
64.738263 19.960790 39.013024
13.473763 39.744233 25.067284
9.604049 0.549176 42.106303
36.988169 48.044765 33.464582
49.278564 63.340412 42.628315
34.534413 42.513644 39.318824
14.142408 98.862793 26.296699
70.560259 63.211204 28.577513
20.565708 44.748859 32.201662
36.385427 5.424422 42.694247
57.131792 43.684965 33.249929
71.816864 29.206347 43.130007
52.586052 64.540032 36.394780
21.553308 9.015529 26.954183
77.592947 60.712118 29.353305
19.911316 11.143451 28.094875
75.732951 21.845193 33.433303
48.598316 15.262804 29.602367
31.112631 51.521582 38.442279
0.319546 98.109127 32.450427
42.629599 19.449503 26.658422
77.079799 56.847302 27.476059
57.700336 11.351774 35.305838
55.641078 98.902028 31.009448
80.135540 51.514143 31.379632
14.153873 99.657996 26.962546
99.818074 90.233198 41.150811
0.504762 11.450272 36.870782
62.843121 14.349973 26.707999
58.180086 38.739478 26.413127
62.606896 91.750768 26.289981
85.163479 97.064225 31.901908
18.623415 39.908142 35.487006
19.699878 70.398461 43.593278
31.084298 32.070965 37.548391
99.512887 44.613234 27.291754
92.011394 9.792274 29.020968
23.588939 30.976002 36.693103
71.778707 85.808726 33.482554
99.408033 46.078688 32.295765
58.448508 13.665738 28.525698
27.965058 40.938314 34.889041
54.018879 89.973450 41.277430
76.636387 62.893263 30.288849
3.805881 19.352847 33.202743
83.777018 56.163563 26.667167
0.647700 74.961569 28.282040
29.431501 17.462485 30.546402
63.650837 80.956274 31.879744
35.898452 74.053041 34.066488
13.513115 41.252651 36.586810
52.686544 64.562835 27.914634
11.210230 92.015226 39.579068
25.629705 19.339756 30.419397
30.623320 60.465944 41.729036
52.608504 11.440156 33.795014