54.363435 52.773968 29.003126
93.742024 76.086501 29.771353
72.085518 76.754692 40.061437
34.006538 72.757680 33.685827
44.985867 87.133268 37.586060
48.235695 3.727422 27.352530
74.796221 39.689258 34.649839
91.409348 55.873801 31.660280
7.132008 23.652906 27.116664
55.403929 31.343849 32.014813
29.109782 68.506004 27.788094
6.188753 40.364181 27.416163
90.362394 60.076508 43.379944
30.889309 44.505423 34.811494
63.772889 76.039094 26.330071
64.368610 65.895607 28.602389
45.705864 7.315961 29.917907
93.136568 11.007215 34.246305
68.070533 1.900287 32.517732
93.207130 66.221143 26.444860
8.340048 23.196005 34.776476
11.701278 60.398612 42.850267
31.532891 97.188172 40.502994
16.273141 0.417898 34.859078
51.670060 27.048884 38.429200
99.242198 49.210987 30.065965
33.266663 17.237408 26.744647
99.558483 19.717226 38.633488
59.753815 57.135531 30.297671
87.399797 45.257036 27.207055
56.744088 34.539103 41.937718
74.680838 90.902601 33.107199
81.068716 16.486175 35.269514
79.274058 98.932373 32.671490
78.832920 26.319469 31.091105
60.374683 81.219491 36.907563
11.185920 59.009000 34.674838
89.542167 40.739458 31.297322
50.478398 83.438418 32.052366
1.803003 47.639941 26.613058
44.985478 11.592367 35.713052
8.377105 0.156905 41.867214
27.774638 80.689748 41.869520
21.233694 27.870651 35.447936
72.649726 61.241935 38.983661
8.877110 49.180702 26.216457
12.282641 58.974754 39.859217
49.223230 77.001802 28.783616
12.008948 19.934875 33.181630
0.758832 69.862801 41.846475
18.274471 78.822594 37.228991
74.781863 98.774276 34.329475
54.147472 21.082556 38.597633
47.886302 57.789113 30.993057
68.849917 73.340247 36.293917
7.520829 52.400764 35.031991
21.587971 1.384505 38.027293
75.671191 19.635971 32.179852
56.806795 50.750186 27.320230
63.424880 26.479813 34.119586
45.838914 51.244436 42.636528
97.978183 3.478262 32.107345
50.062655 49.637050 38.695513
98.744451 53.729057 40.509154
46.736669 54.217214 25.490506
39.783637 52.663439 32.363850
55.161483 1.691532 38.756145
77.185822 80.101452 38.671437
52.171319 40.984998 37.419477
33.744696 28.280317 41.901647
47.436693 29.175953 31.626591
9.534496 86.600358 32.455469
31.633818 95.302505 42.066391
37.747439 43.854350 28.346400
62.713438 30.252829 43.026045
5.162500 89.491567 36.830622
51.332981 49.122217 37.467923
14.132746 77.617115 31.993944
39.256421 27.997148 37.934521
14.756076 43.507629 36.403219
32.848451 95.503520 36.097122
1.881837 17.056993 38.085662
46.307794 26.141805 36.287454
95.846578 32.213719 38.323880
42.449844 2.170913 34.867954
13.478653 80.040990 41.659688
77.035732 46.549514 34.169326
12.718272 38.791368 31.753819
28.137472 89.515128 28.274997
86.344055 54.609685 41.113650
97.457230 57.158906 28.465019
76.220023 31.949371 35.832571
3.180846 47.942554 35.572015
15.650780 31.863586 37.071189
10.806074 94.871302 33.479915
39.586261 74.944362 38.478464
36.345035 75.064096 40.796750
36.130814 86.100277 36.286676
95.626648 29.540153 43.684665
3.926361 28.382310 29.930895
75.604233 56.093829 36.984038
75.848501 68.021715 32.752501
60.604068 82.085150 34.708019
37.909493 86.249249 35.149578
94.273327 73.160670 28.772252
39.010605 10.932344 37.125301
2.182838 76.843660 36.792734
38.438593 97.678780 34.151817
6.541845 68.607096 32.649348
12.306612 18.622893 34.227467
19.237682 58.016409 25.187469
99.913445 54.764242 36.376057
95.040154 10.354846 28.009006
4.347121 16.703050 29.314087
78.883461 3.036423 39.567362
49.356028 63.149165 30.207904
74.658265 19.480133 28.844209
38.097082 39.892208 39.317072
91.509585 96.511334 43.331354
85.946575 62.753844 37.066507
21.515656 11.403210 35.951188
7.561656 93.684276 43.697497
98.096018 78.269269 42.944170
79.928917 84.345851 30.525006
24.931040 62.166005 34.586152
72.602431 42.717003 32.828616
5.780648 75.956575 32.345446
12.397188 29.058772 30.759831
74.121477 18.286112 31.416990
14.843492 21.300229 29.133301
7.470325 83.613841 42.779805
11.406904 99.398793 34.610005
86.357573 3.852302 33.576833
83.206185 97.214945 36.056230
32.294601 52.419042 38.048683
12.347104 58.371813 31.150202
0.261545 76.680052 42.348190
45.932625 42.361470 35.835902
20.210546 50.726899 37.335174
56.394858 66.431122 43.035673
93.938320 58.591856 33.502757
3.672030 86.208052 42.759735
71.863378 7.642114 36.634970
89.776936 83.144055 42.759469
8.874736 21.653874 27.041370
3.438352 63.750502 42.125887
30.960868 43.168826 27.621520
61.898774 0.744317 41.020197
59.667877 12.923783 32.361468
49.862024 23.683983 29.183944
85.806049 68.878985 42.707726
14.224011 40.465491 43.335826
28.011351 7.578572 33.711207
47.594598 0.970705 41.091532
10.090186 15.047585 27.514163
3.937496 38.230277 30.884428
39.424252 97.740274 29.342115
98.298845 17.931796 32.836556
47.187267 71.128501 28.291566
73.971065 23.153553 41.434153
69.328115 7.031982 28.362722
3.998498 42.770122 42.138634
0.860341 23.938593 42.607328
91.958987 28.082811 33.948990
7.182020 13.735813 39.287815
7.737474 1.451074 37.274597
15.205266 42.377193 36.176800
89.277811 9.435891 43.406875
12.358600 30.560884 27.747109
28.579052 80.933284 36.074117
89.057090 66.148641 28.496708
89.958544 97.389446 34.264220
77.736587 88.555048 25.996283
78.371580 78.327781 38.172058
11.721893 14.623521 37.585410
23.001802 97.619786 35.572458
54.669975 22.431301 35.509301
14.232974 83.259385 40.867276
57.154357 57.838038 28.864849
12.049068 76.791691 31.581159
24.725804 34.797324 36.102980
84.832813 61.305246 34.317614
71.288986 49.045482 43.064566
53.008808 46.158957 42.931851
50.265574 97.681340 34.321180
17.798716 73.899047 33.971582
1.275915 83.004525 33.919701
59.146280 93.002532 33.851992
80.988890 78.375579 28.753746
83.080275 19.173428 30.550834
25.806859 38.948562 31.610990
62.920814 95.474452 36.008589
94.871824 5.228717 26.070218
42.979186 70.320252 29.333123
69.462909 61.247123 29.344399
91.967037 53.026154 32.320483
36.102004 98.167781 26.025429
85.943210 36.945563 27.782217
13.156790 48.240111 28.387867
38.792135 49.254708 39.369200