86.020797 95.611729 38.139288
47.423454 84.813113 39.233045
86.939395 63.988347 30.946112
89.181062 21.462081 33.436864
11.484838 89.586322 33.715828
59.422762 25.565152 37.633843
52.450434 28.865722 27.628143
6.815142 73.822489 29.657251
6.114362 69.751397 31.729884
81.794676 73.926802 43.239646
53.522976 98.433019 28.776551
44.943454 18.692799 28.609407
82.366723 36.914002 34.782991
53.068015 15.189687 29.757017
36.248088 96.619659 25.917331
38.432985 34.256459 27.745575
1.467657 24.134576 32.378400
36.721478 66.277784 35.338917
53.919733 71.679921 36.965731
78.214313 65.373205 41.782438
79.457095 27.970104 34.252769
77.696318 78.713926 29.611414
10.771965 6.975863 25.764547
24.940721 40.167847 40.673523
77.590324 89.765239 25.827262
81.322753 2.959267 38.180277
48.507221 44.254501 29.592450
56.260351 97.412002 39.675173
44.028305 58.963951 41.000167
38.620463 46.542311 35.913757
86.489032 21.354528 26.679960
49.205831 89.376441 32.705192
83.529897 56.414903 41.912623
29.672342 50.078161 36.424020
41.485401 69.945664 36.763321
54.384946 10.826835 32.090994
17.570818 91.231151 35.085429
83.068132 56.402874 42.743398
50.379048 9.482873 39.842701
95.881725 50.683979 30.154732
18.379434 31.541180 39.856703
72.900541 5.420322 37.501766
70.114511 19.435626 39.432290
18.016795 32.191456 40.594981
78.387563 64.350817 43.512431
8.101524 88.191646 40.262400
14.315063 93.712694 31.374939
76.420886 19.956964 34.305041
31.045573 54.602764 33.972143
50.794919 44.012460 43.666560
61.030496 64.424459 43.253633
22.189034 37.673503 28.321481
72.073548 42.947590 42.944643
26.780610 75.611871 37.708996
78.066817 73.263878 27.615450
94.736229 86.134797 29.704382
93.061613 15.395594 41.329940
3.075675 81.952608 43.005212
69.393902 9.935171 29.049960
38.797530 87.597604 25.850768
57.767434 62.984670 31.760991
17.665417 93.052990 31.422480
25.244364 77.152078 31.076838
22.928082 30.287515 30.797544
48.819377 53.492510 42.281447
48.744695 30.202440 31.397892
31.196295 22.830945 41.720352
35.706074 37.257595 29.894953
52.221355 54.905093 39.146166
55.283743 86.659262 25.401810
75.336284 12.371124 31.302769
44.419204 93.867240 32.255135
15.294268 0.825860 27.861571
6.019808 49.055287 39.735639
14.961582 70.619521 25.454380
75.947048 66.484891 28.292166
67.155554 77.522227 39.110532
31.319303 25.473779 42.755325
64.042859 86.379366 41.135697
90.168143 42.593540 35.203561
99.515154 57.975519 33.307669
41.043239 56.115278 34.351948
80.224110 26.759813 36.411630
39.255839 68.889413 41.783816
72.488807 90.409567 42.047433
42.964864 42.827367 31.971000
48.396284 72.874430 33.774160
74.750487 64.378895 41.273481
73.913956 83.142829 26.123994
37.188989 71.558678 32.749234
68.273242 70.986609 42.154125
63.146008 12.318166 28.045804
8.930879 13.927546 30.793825
41.667811 94.525121 34.174695
92.084887 81.203531 29.596757
65.096383 90.657252 28.757956
34.779500 31.189651 29.408708
70.778223 7.148442 37.820292
49.400389 10.411607 25.709784
94.326849 17.787610 32.784453
40.389380 99.358182 36.155912
22.948478 23.347753 36.920824
8.482000 60.966229 28.081705
20.199526 9.850334 39.375575
35.569433 35.646061 26.892725
7.677623 64.681019 35.745246
87.968063 49.228799 31.396450
98.692578 58.749314 28.300883
22.032294 19.216816 43.696902
79.259688 99.314567 43.425309
86.984414 40.788048 34.675392
51.281338 62.038082 41.147564
25.856172 31.497909 40.104911
71.938758 68.783868 39.553887
94.238224 36.421079 33.337280
9.617424 0.329936 37.119492
25.785733 54.714725 42.313379
76.993241 8.517782 32.533221
72.962403 15.449318 26.193832
95.181728 71.244603 28.016697
96.864941 96.038739 30.388235
54.485004 24.195880 29.738674
51.717563 12.122211 33.906548
36.354578 73.494227 27.229667
59.108235 1.018266 25.945151
52.863967 97.082705 39.509703
71.059341 94.498255 32.560383
94.631600 34.893817 39.075821
84.480604 50.827393 35.369623
5.082763 59.598612 39.740162
91.361389 98.323903 32.353474
58.314000 48.062293 33.406808
67.820164 83.092620 30.853649
27.081631 29.205715 30.475523
26.896741 85.387397 43.570723
6.106827 72.670920 31.608445
82.238363 73.703398 26.864200
86.780288 59.827646 34.466930
28.292481 84.146950 28.918919
67.137263 18.233736 32.354756
80.559822 39.613866 41.044687
29.589494 61.520268 35.928240
64.497898 91.339895 35.090423
92.115803 50.139517 41.605346
61.285265 53.009636 39.883953
14.951372 75.235097 43.176395
79.229693 12.962458 26.632840
77.808118 97.010488 31.150641
52.860908 92.742600 37.874789
38.110442 30.550326 34.414047
36.365984 68.026987 39.619289
69.362318 32.504616 41.073401
59.123195 65.054160 42.639169
32.398070 68.498553 33.732365
63.113533 63.163488 26.450096
83.561487 0.899641 39.843799
13.302113 79.239197 33.414550
7.852423 31.982170 39.448668
42.748416 7.498520 40.487543
74.416114 49.647817 33.160724
10.060964 46.363336 40.285311
28.990029 56.154024 25.437378
2.948651 96.169599 26.480177
77.698999 22.843675 26.778092
78.841450 89.555030 31.492884
41.883146 78.761579 32.074322
29.782237 98.920564 43.203723
58.327078 69.390151 40.485072
85.479868 49.627242 43.158969
29.531660 55.367803 39.501552
17.511776 80.669425 29.463468
89.526907 58.306187 42.146365
65.958360 13.690474 34.311579
25.758961 63.842867 38.526818
28.729382 5.252390 26.453396
27.047401 32.914364 30.723177
98.433605 5.390541 36.332543
68.561767 79.772745 26.966465
48.615167 57.284275 39.915982
44.392006 39.900169 26.750131
42.158643 77.230893 30.568871
25.883116 46.603864 40.654813
55.828505 1.292985 33.212287
57.038495 42.013921 25.928230
42.226530 14.816460 40.689611
19.556762 88.974217 38.541414
45.150232 92.595202 42.275385
3.824088 3.494220 34.441310
75.149077 74.164400 29.940017
67.834349 68.347223 40.467893
75.562874 99.494169 28.302935
45.706860 96.130319 39.678274
78.738614 70.968259 34.515138
21.236390 89.955299 26.303983
58.418254 42.240104 36.079839
59.171639 3.621137 35.102153
65.138622 87.727980 40.920606
55.798790 20.382370 29.156980
50.149780 39.154718 27.193322
23.775889 80.286990 42.853726