86.819791 50.490384 40.973547
75.052387 27.411838 33.045637
80.574161 58.291263 31.391007
44.895280 67.140533 30.780869
79.110963 75.927823 35.602597
66.618831 30.848544 40.742798
86.910802 76.626754 39.977565
31.180411 83.973128 41.306166
74.115018 29.120698 37.336299
61.078464 28.012102 33.243305
74.896277 32.849442 33.973209
80.898790 62.682258 40.208058
88.930035 8.873734 40.967819
11.301308 83.885517 30.675213
39.864302 6.692958 34.704404
28.439072 81.385656 39.026000
40.659617 58.892442 40.739928
40.387454 51.042124 42.215225
42.855746 68.135327 37.836841
76.489734 73.986064 37.418813
97.986621 38.185345 34.921968
52.203958 8.416614 26.626192
65.631669 26.916007 33.955538
49.825286 54.917778 41.056936
66.004068 9.826850 31.042783
31.002619 62.010439 43.164166
96.060478 97.341744 30.306618
4.291674 20.980354 27.203332
13.346548 10.567060 39.658559
2.546230 43.743226 26.861556
77.282791 74.568070 26.340136
40.080152 70.624466 39.745611
21.978200 90.967805 36.467571
67.375995 66.075105 34.723048
28.895387 55.942393 37.533641
44.152534 32.797091 37.672677
73.394060 5.279873 27.927667
37.039064 27.566823 31.693217
58.940034 17.160106 38.000793
86.256885 15.704878 31.328467
88.085674 97.013994 32.452681
76.037146 78.884563 42.819017
96.414095 91.464513 37.330976
51.864471 20.644523 38.132569
55.659258 25.945238 31.940672
29.215528 42.780547 27.058430
38.123498 74.906298 30.104337
17.571762 85.397978 25.820157
88.002648 64.703091 42.218394
43.177702 93.943881 38.297532
77.921338 66.816550 31.685389
52.079880 17.318723 33.715160
9.294003 67.968384 32.193607
73.648442 64.454910 39.271092
0.620493 32.160569 34.493791
36.575963 99.339961 34.500531
18.215741 36.632242 42.422015
91.610432 78.640808 26.013172
87.665760 63.531905 36.333458
95.487937 44.548709 37.104379
49.748519 13.024816 42.950383
94.221581 13.370706 41.781033
16.031875 85.881468 38.086908
68.948326 98.995132 26.868932
16.270629 17.245678 32.155853
23.081028 6.435639 40.533350
79.999900 91.072390 32.413666
87.175774 33.644255 27.578664
80.286039 39.802483 29.301219
55.718181 57.737873 29.485699
41.570408 18.834085 27.585033
9.746336 81.070757 30.273178
6.289333 61.017760 36.788925
65.391802 84.903391 33.190284
81.556897 81.307347 42.244722
2.170388 69.304978 27.722908
1.447719 5.074681 41.670923
29.376109 82.554834 32.913768
37.278519 78.987156 28.365100
88.535021 85.179539 37.387448
49.877540 94.148517 36.525308
5.058779 85.349517 25.333904
57.500420 76.922199 27.324333
63.733299 36.015910 38.508899
66.786202 30.445784 40.087842
94.402636 95.490350 37.030347
29.407305 52.464948 29.393779
22.402091 5.818223 28.051562
52.367684 34.012821 26.365981
74.768068 49.378166 43.105613
68.348120 57.620630 41.727887
3.445504 1.858644 26.112537
84.393395 79.182154 32.937443
81.780844 80.164863 25.409820
12.641584 21.027704 39.532036
89.961095 44.558048 29.233999
9.121534 98.232546 41.681345
10.092623 26.297919 31.957197
45.324531 94.695216 33.849571
17.890231 50.732264 33.314667
56.028191 2.838963 25.001131
22.673395 74.984496 39.164289
15.408308 80.151939 35.876023
83.403936 47.921470 26.044932
38.977178 61.718397 32.627562
86.289386 51.038688 26.109689
77.779355 35.204017 37.917526
29.433381 77.753986 32.582219
53.462155 54.505008 34.579059
58.476686 29.220798 27.812174
14.399572 1.668073 36.941843
67.020339 59.765008 34.078875
28.200665 78.218025 32.080020
60.602892 35.756368 33.929906
38.611694 56.153259 37.007665
49.798412 71.872360 33.481806
19.910079 53.541749 40.311192
71.538499 54.203356 34.310289
59.732300 43.795865 34.938268
95.790367 33.403774 35.940920
63.403332 77.501345 29.567254
51.989374 37.438037 29.625930
87.590565 32.852714 33.827361
38.469368 12.394247 28.615064
33.099652 71.558942 34.998343
94.173223 73.642839 30.770406
83.918669 30.267262 34.196411
45.791635 80.414434 27.282229
33.006524 83.441360 30.514383
81.270615 73.136419 36.105814
83.963311 21.242983 39.611416
29.123969 41.632669 33.667202
81.145582 64.527532 32.678672
6.412613 41.131574 32.838143
69.508767 2.507408 41.972430
57.477386 43.120107 41.341987
72.744382 88.550959 32.554657
89.752053 54.902087 37.064737
49.862316 73.797750 40.970914
78.365446 78.367100 33.514251
51.775419 25.968690 35.170520
61.571594 72.115310 29.023333
2.780802 61.322255 34.744214
64.700074 66.661866 35.527566
82.224939 98.327625 36.846984
92.829117 40.907412 33.411982
64.639037 60.481221 26.280887
96.327626 20.473798 42.193265
60.414893 13.540557 40.972341
31.783461 72.298834 26.171932
17.239763 40.243157 31.824386
74.433504 95.233278 34.921358
83.332478 93.714367 32.139652
31.707206 2.135773 25.108121
40.096503 91.380595 32.217267
95.558371 32.635412 39.606275
10.986140 37.070365 37.944056
48.607578 68.542313 32.890722
38.026739 72.889291 36.129312
2.953961 11.146990 30.230515
82.787281 20.337681 40.389305
46.791842 51.571236 38.729620
25.993552 23.285791 32.367675
44.014286 3.053254 29.400797
62.978558 30.605277 27.163711
20.914066 18.091873 39.905804
46.634576 72.684303 32.297611
57.822747 47.916246 42.663464
27.547387 28.474618 32.783019
63.858904 49.436529 30.624304
72.528914 31.226284 34.956457
69.995231 97.394646 40.551189
61.098143 13.052794 37.183429
16.133365 14.185906 38.874668
55.350685 29.615572 28.260986
23.133793 16.031438 41.607280
83.300030 32.395659 32.244365
83.727791 79.081830 25.399934
14.440396 65.270279 28.768930
16.703398 21.347912 42.407830
59.986652 77.082385 35.431043
92.244171 95.411572 31.792044
74.316153 38.622461 43.649362
31.392676 54.725162 27.524953
66.033547 62.104683 27.104544
79.719058 76.307989 26.303976
0.588625 13.696057 38.421249
92.494088 77.111802 38.506681
48.716430 22.728432 27.846673
43.784261 13.805932 30.996140
84.897755 87.155978 32.297515
51.693975 29.133211 38.950077
69.508745 7.463923 26.678725
84.229237 70.007631 32.610676
17.085285 69.006254 43.258491
83.118000 84.336044 26.311677
96.246172 43.139229 34.439764
84.115303 75.881510 28.361304
51.572705 66.343272 27.337703
73.597171 5.669251 37.054319