56.903194 26.874386 33.885865
31.853098 10.462381 30.667821
2.880007 26.505286 32.215661
2.885226 70.262918 39.850374
40.431672 45.786341 25.321291
92.738876 51.469559 41.464497
23.827542 5.927649 30.539563
38.177074 13.546355 31.609749
81.864876 39.209993 37.922605
33.726571 30.954063 35.860567
56.225952 67.649457 25.901769
45.352255 34.642154 28.147805
34.023279 32.253051 41.125507
8.226113 23.955763 34.216621
70.045312 55.257395 34.981358
72.738757 57.407085 26.553146
64.920367 3.802031 43.415681
15.178677 79.710579 25.596438
79.293920 63.358789 41.134526
91.968087 37.622905 29.182501
77.265955 27.824847 35.540217
3.223863 63.430635 37.715293
55.340017 18.613632 35.788355
47.854018 81.857302 29.203876
76.238323 73.158143 43.043191
28.798677 90.442865 29.085971
58.968385 30.342196 36.658552
96.983684 29.333405 25.138003
69.162511 93.276878 27.391178
24.078610 75.277836 32.814360
58.737032 7.688737 34.838682
84.442761 89.027828 36.598639
59.717166 57.304746 26.996142
73.498895 50.287093 28.936076
97.028450 67.733454 40.487816
62.255160 70.677556 29.094709
78.941705 10.673384 38.941531
88.306754 24.548999 35.588389
49.989008 24.460699 36.785097
82.765003 17.722587 38.417852
92.682155 9.907406 28.665779
64.870380 71.919279 26.923296
24.835020 55.689825 40.371951
49.593444 33.194105 37.867793
69.413403 3.367452 36.809606
34.986953 16.687668 34.167665
1.041583 18.536646 37.902194
98.141351 49.820073 26.030857
69.082658 18.806952 40.215722
32.040149 9.320472 35.511926
5.261220 36.901022 39.126134
93.555441 1.860393 39.859395
91.803869 24.427881 28.982510
68.393310 13.896389 27.493998
84.555284 44.593408 30.340545
31.913344 7.011898 36.725216
76.354682 44.627581 26.727813
43.230479 4.277770 32.554620
89.836754 72.348319 41.233368
14.683106 27.945694 41.754149
37.336923 25.068641 40.833537
64.179659 88.005059 41.373053
81.366558 94.588977 31.722842
0.685561 79.449085 32.934897
60.011193 13.194748 39.490454
69.335715 85.763886 39.226212
66.945146 74.636922 29.503259
1.128162 82.902527 30.379198
63.158906 42.424976 38.484228
30.934953 86.908023 28.058729
75.236611 35.822451 25.339431
15.163611 46.414546 32.070462
87.854899 39.478541 26.776715
47.305969 37.828217 40.373062
75.549834 55.399246 26.699756
29.967667 68.461480 39.905914
2.343346 29.187441 26.370328
98.613803 35.545772 33.295956
54.125146 76.169437 43.185543
14.670930 34.772957 33.996487
63.372720 64.061097 25.345863
12.445475 20.943543 34.793840
72.581452 17.205786 36.468759
56.734157 24.259945 42.264534
21.133440 7.938967 31.103109
55.323448 64.930070 26.876660
46.944402 98.779914 25.318152
88.170324 64.896247 27.843344
15.911515 35.859980 25.042696
17.609270 1.614977 27.695343
90.423728 40.069377 30.077954
73.447071 25.382399 29.892648
13.002581 83.592562 26.706438
92.471884 6.144701 42.691805
11.243204 40.268305 40.996116
26.616352 40.114692 28.679979
37.306114 14.230546 28.650430
94.501998 66.827789 27.250761
27.841272 59.032932 27.358216
66.788507 89.997115 33.912214
14.582307 89.124498 41.154918
14.428331 93.428303 29.448881
94.564057 66.076592 42.104032
46.124055 24.543895 42.955647
79.078487 6.365713 29.008271
33.028813 54.727121 37.526297
20.477472 81.419934 43.529199
50.409619 55.224211 43.519329
23.501582 24.207061 30.175940
88.409471 69.671088 41.445244
20.535365 85.462330 37.770353
78.642731 55.169743 33.664375
56.076551 27.240962 26.942443
89.879802 18.311882 26.807917
96.010833 11.302218 28.415767
30.440409 36.625885 26.018862
96.587072 42.084329 40.796225
79.905509 53.812149 30.954017
48.063001 72.466462 41.363899
61.492812 12.235986 37.969427
29.894966 58.036610 33.984860
36.568815 7.187478 43.456847
66.548226 63.913222 26.041185
42.005770 26.350982 41.233171
17.079897 30.284627 29.840003
20.587327 18.777118 30.221866
74.416460 37.293212 30.683228
41.731945 28.244080 31.235820
69.873907 80.330024 41.502942
80.942363 29.180539 31.442606
19.782716 38.812379 34.811536
48.207889 96.447788 27.844413
41.535269 46.279594 33.794427
63.856270 84.716181 33.223348
30.315637 28.505273 38.752794
3.406708 16.379918 41.733425
63.260776 95.633997 38.758746
56.998143 49.538522 36.241606
90.852092 1.433715 25.711296
96.017854 3.343171 37.777438
92.757068 98.327890 33.744071
31.612078 37.799681 28.407151
56.431891 18.272657 40.566305
44.586060 98.894279 39.677527
76.645616 11.859038 32.155788
39.362113 89.819792 28.315573
19.059909 10.757854 33.505071
13.990338 91.704378 26.729017
53.253275 58.557421 25.288659
77.422750 86.568801 40.090966
24.611694 41.893398 32.221822
62.513558 51.845023 29.563853
43.406757 15.149611 30.034837
24.148714 63.732937 25.694089
36.614474 46.434489 40.839735
88.665941 72.831292 34.358401
45.574205 5.235486 30.581795
32.585917 21.339186 32.715587
60.662134 89.266667 26.142349
76.669023 99.447642 29.271584
56.782165 11.046002 32.944173
28.650113 60.492176 41.925926
55.597364 11.124060 33.489105
17.777664 31.795631 39.272346
19.471223 93.340389 31.979464
93.467813 59.170152 35.372442
46.203349 12.048573 26.095734
86.706865 28.906926 33.508198
23.064174 99.380992 40.583969
75.715881 7.532470 36.088807
90.561968 67.901642 34.474541
79.336499 5.950196 35.263368
53.329537 69.256644 29.057099
93.863642 86.318051 33.545094
28.830154 73.332623 26.509903
55.866689 25.611156 31.702351
75.890594 54.964666 26.356968
61.877330 54.849643 28.524561
71.810241 13.256093 33.260879
80.854998 83.342480 33.593972
63.078448 73.068146 34.526289
47.715785 82.525946 31.578373
52.774508 54.999981 25.604811
52.073847 29.600958 26.462837
10.365963 75.541340 38.962625
77.352719 66.871469 35.714431
98.621940 10.931205 41.434586
21.025546 68.295646 25.712293
73.424764 93.537764 25.762090
27.881733 59.464206 27.269962
62.319955 44.033371 32.631082
67.901005 37.001668 40.072851
84.134621 96.939850 41.028955
49.634850 98.089292 37.524152
71.824052 1.145744 36.937123
99.751995 65.083179 34.309367
91.727343 38.423701 29.383925
24.775951 19.492461 27.916951
30.111414 84.746041 43.070314
68.597191 65.695088 40.461347