9.235044 2.615938 27.484310
30.307740 89.609355 39.599644
16.599201 70.002825 28.717399
26.828747 17.527024 36.559918
71.210058 77.282431 35.514305
0.107026 94.793285 32.410403
76.528680 3.637736 30.503844
61.691325 12.412852 39.330489
5.003546 1.297375 35.285332
52.258926 7.424858 32.799920
20.527272 52.413276 39.182166
49.446892 81.630270 36.137621
89.228236 28.305983 26.555818
75.068897 7.663393 41.190710
90.810906 34.057528 40.670520
88.732117 5.009392 39.911120
86.726898 45.195049 28.810027
83.906951 1.403062 38.624100
43.098887 83.566684 36.845952
54.601709 10.982149 41.006752
19.311448 48.636837 32.253421
37.398714 68.013265 34.251013
19.277276 25.725482 36.238770
20.826858 57.506371 32.460296
1.238894 23.870383 36.959306
1.340134 34.161165 37.047120
31.389879 55.538469 26.592186
36.263234 90.353944 31.382527
74.890988 0.518402 42.873971
53.335448 67.000805 35.242961
58.075519 29.115442 40.040528
85.482997 78.360997 41.129337
43.396044 71.808243 27.860989
22.725670 50.285237 26.812960
55.505866 60.006901 28.044052
86.764388 58.511683 29.709946
34.501129 47.672452 38.880683
78.266120 34.348713 36.746261
7.722796 82.385326 41.271197
57.321486 62.327547 28.245044
48.024186 36.880021 26.185514
39.338920 6.835363 36.234048
35.469065 61.562496 33.571749
69.013765 26.656496 43.221116
98.496615 35.519449 28.554929
7.615998 85.868267 28.728897
13.416799 62.145303 37.895065
40.019127 22.308465 38.684059
35.872056 96.482151 39.044517
25.824533 57.964187 31.088780
89.026843 85.077605 25.627524
78.237445 51.674747 33.945320
60.782330 85.517087 36.093951
90.002132 25.902416 29.055377
30.030922 84.831968 31.222509
42.911059 40.621620 41.407997
37.550399 7.502844 43.571144
4.810778 89.036222 40.587912
82.406666 82.994092 28.024728
65.122969 9.320371 35.050198
72.023150 3.262697 25.292555
30.084709 53.955384 26.675545
50.381507 17.713219 42.148205
89.064616 33.521713 29.170910
47.864612 66.070240 25.641913
97.685219 69.119879 28.010908
35.384637 97.691422 25.944875
55.416605 47.146835 35.189371
38.846657 38.868927 43.384347
96.513742 10.936013 32.350670
94.381247 52.375459 36.250018
69.868638 11.000188 27.810708
86.123951 87.243250 25.331694
74.831706 8.965883 41.391288
31.204332 97.655655 29.556738
56.531113 44.371416 41.278453
92.800476 41.849065 30.362376
71.683399 65.545997 38.666842
54.110541 70.657246 27.928401
48.151965 17.339693 33.828595
62.346944 51.398673 35.940508
96.673523 20.472821 39.745930
8.314218 55.095893 38.825157
6.096030 39.915082 26.008651
57.012327 69.821410 29.931156
89.411275 40.359745 41.137237
95.996107 52.224096 39.470068
32.400322 44.228608 29.080181
37.643161 65.648231 39.041469
15.333159 9.253684 36.676549
49.918845 33.864253 39.438350
26.158270 8.592145 27.276775
77.146247 68.344512 25.341915
49.781639 3.025841 30.588750
52.134416 55.567982 37.168225
52.435263 9.132097 37.710781
77.141261 55.024937 33.486535
1.913887 78.835254 27.648545
61.846096 4.435090 40.058177
81.979307 4.411607 27.958053
54.430799 84.696375 27.580231
65.728434 40.534219 31.094092
80.206159 16.653873 33.241148
5.131194 62.575850 34.485575
14.226770 28.194033 34.624487
24.022054 63.009817 42.473789
96.721454 4.413207 39.660195
55.588682 67.248659 41.686867
46.352861 64.309893 26.171546
13.581236 33.312498 28.068974
91.660631 64.280522 27.997063
52.974290 69.314546 40.105546
5.429038 65.053789 41.140543
98.755349 50.372478 38.670685
4.520625 32.978440 34.712362
71.947480 77.247984 36.281141
33.952951 49.598633 29.174290
75.887360 77.998159 41.947737
7.524605 86.631263 27.302594
25.718370 12.897970 39.679473
81.779196 72.018829 28.311583
52.481171 78.161046 42.628287
54.868069 68.018944 33.715216
87.558590 86.132534 25.861327
0.698462 49.536056 29.462617
27.560811 87.891798 26.768656
10.296121 83.255066 27.018648
51.478039 36.699171 32.741661
61.632283 63.598061 35.048245
31.559190 16.789708 39.613878
35.934990 66.225939 35.053487
64.109800 93.631833 30.051721
56.812115 99.622516 30.270725
23.362820 67.797514 36.792488
84.481581 12.271855 29.145922
30.142180 34.235669 28.459928
52.988142 83.609558 37.591848
16.221048 33.064654 28.247580
26.736252 83.394240 32.949195
4.442384 32.807964 40.220748
23.465057 63.785423 34.509143
11.778558 51.402904 33.832442
15.404802 81.756440 41.810360
38.172928 4.199541 26.173489
25.339942 1.715630 39.733167
1.882886 67.539598 33.536050
78.629285 97.649973 35.460989
79.609323 62.276122 29.279045
21.367651 73.257495 36.323260
21.745572 38.303964 26.904892
40.185422 94.679816 42.301276
92.669968 17.979475 29.852395
43.717258 79.268906 32.848452
67.014990 27.685262 38.760208
70.606870 24.986741 30.099959
22.694683 6.393378 27.151366
75.912036 43.616893 42.952359
40.061484 71.680419 43.578626
12.570593 65.849905 33.973444
1.424326 1.274561 33.971788
53.900799 70.153549 25.208489
2.547031 17.962672 26.985122
24.949909 48.098466 43.206123
11.651733 44.639025 34.328151
39.105726 46.602978 25.000938
55.461333 36.748409 38.791071
28.096006 72.602127 43.200991
11.076352 12.547506 35.283068
20.280359 67.698058 30.289579
11.683753 91.402312 38.135839
19.077501 67.199959 40.448184
63.735216 63.795022 35.014911
69.720173 44.609409 43.259747
6.407896 99.793484 30.123489
51.777570 27.944943 39.933294
89.354812 91.197730 26.629392
29.609510 71.719024 40.578875
8.318842 20.586324 33.494779
89.719376 55.055467 36.527513
36.242543 25.405641 37.513139
64.602742 63.857942 35.965430
39.460723 65.454610 25.663092
67.752093 11.010338 32.793378
15.686212 44.622000 27.766299
27.887655 72.550236 28.084369
60.831240 21.699550 39.058600
16.651481 45.238962 38.034674
73.783764 21.873902 34.242724
89.985732 6.503757 35.501124
45.689247 92.402417 43.408702
57.049996 77.423268 29.536141
43.194975 61.338563 28.730405
5.904530 51.949524 28.328882
35.754886 19.930208 29.802630
35.557845 39.785721 42.025300
69.626605 48.683396 25.604185
45.304971 84.191513 29.577666
3.158543 17.513871 31.092031
83.746128 44.603355 42.623203
72.651431 49.047659 35.924477