47.318250 94.848587 26.409444
70.064405 50.882219 35.316915
84.191160 20.369069 35.366149
61.093878 30.452941 29.743838
52.316030 19.848535 41.050374
68.698897 48.971901 39.699625
2.121247 51.583091 30.011466
32.628972 51.965992 38.698749
52.427939 94.738023 25.370171
56.033874 35.128074 27.110766
7.775163 48.223554 35.204249
30.647187 49.817889 27.202995
69.598998 70.342802 40.903167
91.459744 61.510842 34.504775
71.550638 38.551129 40.936871
51.182869 77.805651 30.973157
59.743797 47.312812 40.523491
68.704339 21.620668 32.177164
25.274750 97.393724 39.282912
46.307116 90.977890 32.746777
64.577077 46.035360 34.741276
83.334895 24.326898 37.276110
87.363204 75.609621 33.896128
71.209830 8.744100 35.553371
79.116558 20.765152 27.973414
4.356954 30.535537 28.846082
43.193930 30.884760 31.358408
13.429013 96.564555 38.275298
28.539960 10.774575 35.463877
51.548639 86.357385 35.868239
32.572766 65.179639 27.078965
29.700245 63.415122 27.674890
86.889638 56.332587 38.611472
80.359390 94.826157 40.902202
79.556917 51.074212 31.049732
82.317167 25.467237 39.731639
33.423896 12.831884 28.487167
6.664154 80.670204 27.973946
38.284718 21.286421 41.159538
52.110500 96.175233 32.532842
81.312699 7.178240 38.157638
42.921729 40.305172 37.615250
64.449525 61.755693 39.046313
79.013623 81.332487 25.811920
82.506513 92.486294 26.055866
72.887658 18.141925 40.441224
99.131728 90.671688 39.503398
29.081973 59.502215 42.956254
81.258494 37.133882 29.271926
31.236820 81.258502 34.513864
96.404839 93.009464 30.405020
39.491235 9.634710 26.928762
87.694782 3.590331 40.370615
31.593030 50.259622 33.874613
66.036143 91.551315 27.474449
63.897054 23.520035 36.324409
59.822209 33.604269 42.968881
41.746783 45.545147 25.981189
48.942137 1.899418 41.525189
46.208920 3.429548 28.544395
69.723040 34.525545 27.105407
62.998920 0.173315 26.815066
54.359070 56.232823 37.799434
36.474023 86.419930 26.001439
5.548559 35.151611 37.667502
32.469491 6.702750 42.604452
15.697765 84.762898 36.732157
4.462649 46.571626 36.290410
83.008342 48.036468 34.417707
4.688792 8.530766 33.446035
81.533815 26.878890 31.797282
83.602986 20.550636 31.470116
42.984098 84.622821 42.721701
14.575297 17.256114 37.326447
74.349790 93.327549 42.874142
71.583273 23.629823 40.604403
31.146320 69.919536 35.627759
50.113499 76.136618 31.789034
6.928271 81.272670 32.764470
69.840427 64.674356 42.762882
89.525490 61.426146 32.893721
66.205299 86.961425 33.522768
12.276648 31.885838 34.785445
77.330517 68.916232 38.420722
37.017742 2.224021 41.922982
16.264482 58.156737 27.967502
82.950640 83.002985 27.467294
92.802485 95.551151 26.704803
92.004456 46.212873 34.229167
15.823258 88.059535 31.264348
43.850388 96.799244 42.998601
93.617403 79.040593 36.364362
68.438623 47.403035 27.631530
83.033147 6.745226 30.233835
29.468926 51.955919 25.627753
20.331410 75.535983 36.304528
17.163536 82.473753 26.958381
17.191073 4.526669 36.204050
17.835638 26.266803 25.510537
49.800178 21.998469 27.647422
2.902471 13.655891 39.973613
16.042440 16.126156 35.494610
77.796782 59.908558 31.800224
53.035399 6.205565 38.911345
87.832604 30.154696 32.829920
38.848507 22.224800 30.973480
28.691083 26.906850 42.031216
57.331883 11.394975 27.719083
69.665837 46.353260 30.608027
88.908316 94.655088 27.776410
53.068014 66.229563 27.473828
39.152022 64.791106 34.244168
25.762359 88.529182 40.664009
98.017255 50.333452 31.160952
87.331239 2.762051 25.050445
13.608748 53.663913 36.334105
80.135837 7.069532 31.493903
59.244489 47.603090 39.597176
15.888350 89.525725 38.035201
46.486974 38.449211 43.050184
72.981310 78.631216 42.220546
25.537761 37.877108 30.941407
75.350657 32.490792 34.175659
66.806578 64.071761 30.681325
6.852183 21.207754 42.833436
42.141522 32.099613 37.430323
50.760607 10.762766 35.958503
76.887477 61.058514 38.846569
24.107978 64.792661 38.600167
68.792519 93.077300 28.857451
45.225885 23.227704 26.117323
1.565653 51.129728 43.021980
85.737518 41.713720 38.904992
47.125987 6.366437 37.340563
91.190339 0.089958 29.303469
21.755074 55.913656 43.500488
96.506749 61.472699 29.131715
46.816154 19.287427 25.154782
47.466908 58.669590 42.762254
78.475666 19.749612 42.517181
47.610295 64.502721 37.841258
31.906064 59.307932 39.226547
86.902329 55.736864 30.905263
29.015218 49.120059 26.523793
38.948092 43.937196 32.174232
17.199274 53.207919 25.582244
19.367074 24.448084 32.559378
7.768170 52.019479 32.679469
29.649954 32.691876 35.028650
74.062697 66.636882 29.407496
51.770781 45.513375 33.124448
21.554396 0.430924 39.650110
0.239728 92.859389 33.682348
94.437618 62.077893 37.710633
37.425457 93.714762 37.227919
48.680573 22.405422 32.636560
97.295168 73.945934 38.113791
87.333289 3.869271 31.046169
53.284010 89.563798 28.974380
77.207676 44.759596 39.165848
75.431422 47.401215 31.698950
72.920789 42.125741 28.878915
28.321332 72.544051 40.755178
7.058666 32.430597 39.436175
94.177569 31.374612 41.441494
40.225391 82.901822 41.087725
47.991864 16.940174 33.862740
21.719783 36.448801 33.100228
66.828916 41.688120 32.441563
89.859072 99.974580 28.151709
60.331014 9.859074 43.097151
7.971084 59.847103 29.744136
14.932499 22.207082 39.131189
54.887205 57.452164 29.618086
51.283100 92.734415 29.407629
62.164773 0.115461 36.690238
97.256969 58.908399 27.647197
42.642390 27.145407 40.464768
10.733033 49.930186 28.590780
37.313228 99.498291 36.300898
70.130609 14.180292 42.798503
84.994422 25.666633 26.721600
9.462708 86.057949 39.294953
37.579916 93.130427 30.713539
17.904426 55.299608 43.691099
53.045770 45.491463 25.618678
25.649636 40.220941 40.553780
57.248656 56.257350 40.632833
37.640931 6.375345 26.963212
14.984941 36.084650 32.824732
76.393896 62.225086 32.612732
50.174482 86.573917 41.199329
3.994332 54.599216 27.314098
10.317285 56.542299 38.843591
30.338450 59.519975 33.196610
3.260456 65.920408 36.185008
57.258640 39.553774 31.114076
87.494773 37.607054 35.469079
3.023758 78.701792 43.651266
27.596226 72.497100 41.381914