71.581830 95.997079 34.987954
21.196790 49.833412 41.661874
91.497128 19.477913 32.321688
25.402683 59.388220 35.833059
67.568884 61.056164 33.958349
57.588067 46.558227 34.513265
22.167987 53.605879 28.287089
32.688307 19.165397 32.437334
55.104400 83.067505 40.157630
51.595000 16.621033 42.780452
20.955727 98.917711 33.882543
70.662419 96.333067 34.856097
32.944526 66.165209 26.186264
2.019327 61.830326 36.667938
72.969919 35.359714 33.194566
64.506220 24.330674 36.415282
44.862593 67.284057 32.360793
19.412885 73.080743 40.043085
99.847149 18.742193 31.535723
29.883518 10.206132 36.487486
46.194294 85.830757 28.448703
99.974704 5.759770 31.362564
94.146054 34.204985 35.511994
70.989917 23.681177 33.202671
39.353448 29.559493 43.259302
57.920975 86.119583 36.674024
61.784269 88.752983 29.870445
52.798309 20.559965 33.020467
20.336336 76.747078 38.536235
42.238780 23.216889 29.040629
6.154026 16.451093 34.392616
72.536427 1.133196 43.251535
87.607721 52.384457 29.735209
49.998063 8.769173 37.198988
45.206830 24.973216 37.080500
42.609296 14.611132 36.854303
9.254217 23.619595 40.432281
52.282589 85.768712 28.313003
24.157106 96.767624 36.143555
87.878991 97.383304 42.579695
59.072990 1.979219 32.857298
63.174986 75.297671 32.686862
21.050921 15.090301 31.674060
3.371361 57.777995 35.831893
19.693470 77.016042 39.113063
68.370122 60.104989 35.622807
94.989023 77.196792 34.528008
63.446781 99.442280 33.264118
78.742640 35.836231 28.054773
89.131943 65.675267 26.592443
55.941443 26.177417 25.061025
81.680701 61.140247 40.135482
49.670661 17.049478 42.423560
25.749461 8.504603 25.103459
3.664195 77.469123 31.107638
38.657261 82.504857 42.354705
66.423845 54.778264 42.985982
56.336916 90.947316 43.010864
30.490042 21.049968 32.639363
87.035644 14.126012 40.139363
60.276452 62.976635 34.427221
74.742669 70.211655 39.697260
95.487822 24.296330 31.558349
19.983447 42.375290 32.199819
5.213858 96.955867 36.315294
96.493487 35.572991 42.077170
25.917258 58.486522 40.065832
27.058635 79.022312 40.650102
30.906044 27.596472 38.532487
32.009176 90.589682 43.641717
57.809522 4.533998 30.602670
64.810352 40.064119 32.103367
39.275683 97.718443 28.036387
86.381841 77.920079 42.878499
92.605162 94.200595 32.759375
58.989069 89.632302 28.516636
74.502511 48.218391 34.308864
85.236313 76.993529 35.867764
84.832605 34.144348 36.663999
62.543891 93.507479 31.193156
21.823543 42.951570 28.250254
22.849324 99.799039 34.721249
64.066770 23.241590 34.431686
19.895523 68.731419 26.908706
97.196587 85.361071 25.843941
11.799379 25.296462 25.400492
8.565224 85.583863 37.259417
84.986842 95.707890 25.135517
11.871996 85.162262 42.559302
20.381123 0.259210 30.874063
12.471131 11.258400 33.849566
44.810672 86.046096 27.854304
28.405024 80.128531 42.498422
27.259117 15.489844 31.185005
30.821663 20.252096 43.614826
84.802040 33.068861 25.017861
35.211983 26.147985 34.641386
41.343705 11.592306 25.520346
92.369678 63.598071 30.829775
41.063410 84.933352 37.427788
69.077640 69.503310 41.846757
57.512949 78.140325 37.884412
33.326496 18.974925 39.850962
38.659499 62.563734 27.923330
69.905535 50.547867 41.678046
54.494679 63.334990 43.651835
83.211261 20.687780 35.095382
82.255751 18.419603 38.445695
98.146109 25.118035 35.904979
50.637401 96.412407 28.978607
66.575342 61.363294 32.997436
20.289478 79.819873 25.394607
24.731488 95.618463 37.293516
6.690196 95.379563 34.180429
16.663984 44.010930 32.399565
27.612824 64.765676 26.362303
71.981521 30.527913 33.477398
38.131344 22.003894 28.052918
39.142508 38.170945 30.109923
52.039719 93.897003 38.529073
84.791484 12.018846 32.254304
72.937107 23.368198 28.604194
34.274456 53.715160 30.470496
41.309833 20.201459 32.419674
78.123559 99.745297 36.801392
81.078786 70.260710 26.354397
39.651845 11.085215 25.398957
87.714121 61.217205 26.328084
29.580957 8.156765 25.816016
46.302130 39.877063 40.531173
89.472350 77.238578 34.739738
89.352031 43.040748 29.353833
30.165569 25.473537 37.668101
52.227563 76.213601 29.141985
45.146209 4.449905 42.808290
94.765446 48.458735 36.358048
3.076066 61.419859 27.866114
48.466472 53.724030 28.447289
38.701557 92.949265 27.981022
13.003465 93.786696 31.529914
45.336777 53.639599 33.123225
90.698409 84.901453 28.612939
30.704351 68.685917 29.844733
24.876640 75.044794 30.492599
73.826240 11.418564 38.969329
90.489784 89.832163 30.196477
58.626041 30.964460 40.319340
23.363118 1.794336 29.118273
14.978274 74.727200 43.380461
75.061098 60.341932 31.976314
16.691676 33.175890 39.491544
21.057327 91.507737 38.315299
95.359064 93.187304 28.031372
23.397714 39.746239 42.699153
39.245511 41.642899 29.151764
24.036421 26.608836 25.188018
2.009442 85.812340 42.300721
93.241586 91.250575 43.608999
23.023983 75.461057 31.173426
69.624949 75.552187 26.391494
33.299819 96.306094 26.546235
98.320430 82.413202 25.334178
11.623605 31.573514 32.459073
80.245804 16.289312 39.795431
29.589100 34.409669 38.622729
9.895892 38.299188 31.620496
73.174703 34.909878 41.218988
76.735090 56.671896 43.649590
23.338960 69.231797 37.347536
58.031356 61.712748 42.934267
70.684556 6.512799 34.532422
8.364820 34.426753 25.135803
21.398365 13.423769 32.134871
92.510225 19.664492 27.630526
35.613726 96.911568 43.482178
38.016101 53.167795 30.578963
66.707462 69.967911 43.250418
52.639865 92.427033 31.958909
88.212904 11.647622 31.817590
62.090536 56.026109 33.895364
0.590422 59.529347 26.750796
76.869328 73.039592 34.244773
41.079243 43.708943 42.353520
79.776323 10.033255 41.516307
97.662837 41.542548 39.630585
95.024089 49.562958 38.218443
32.430168 26.151740 34.240366
0.451597 55.985743 30.877385
18.930507 45.616283 38.931151
71.464959 95.623355 40.738982
18.448817 92.616714 36.397441
44.472961 28.684947 25.422248
8.073110 81.680935 27.771321
83.975948 13.228580 34.555402
26.464874 62.129671 41.500377
94.957169 19.081888 41.171107
32.124267 19.462056 39.370118
87.348563 67.229738 37.281097
59.759916 71.994057 30.217226
37.874752 97.696248 31.920407