82.781222 51.873039 43.219205
45.596699 17.969055 28.030631
83.612883 0.949528 31.416292
85.589534 81.078523 28.672933
67.572864 2.933984 33.015846
12.186775 46.974026 35.867474
45.125675 96.783419 28.787788
38.769416 57.407751 32.468922
91.671223 19.877695 32.903156
10.033455 22.159335 41.855545
50.167275 39.011485 26.367434
39.024841 74.482481 34.215371
33.851182 96.653593 30.646517
84.746423 66.201835 38.554141
25.208058 16.899882 36.433324
51.633257 15.842215 41.068527
75.902790 35.694384 36.961195
56.833567 92.232260 34.309110
56.137942 7.887681 35.549830
55.534509 72.695305 30.180677
11.946987 66.274227 34.102045
16.879102 23.555872 35.706388
27.645220 57.593269 34.196228
26.912241 97.915955 35.848647
2.913762 98.893567 38.818340
82.130433 2.366524 41.243266
33.369102 25.590269 34.133766
90.045857 21.440914 26.266743
44.151840 3.260177 31.245263
30.759241 66.776463 31.512206
87.466289 33.525877 34.626564
78.805187 43.297701 37.902803
62.706601 37.268925 33.133976
62.459477 84.974625 30.491220
92.170652 57.407561 29.234258
91.835135 48.408371 30.776511
93.552564 10.850485 39.844688
24.399898 28.907987 35.352767
94.516853 91.277450 29.566120
49.440417 72.842989 27.516440
95.642478 15.088301 42.132635
46.893278 64.817007 37.383282
17.568495 34.514375 41.959322
79.101417 31.255826 35.254651
95.392735 44.056690 35.452500
59.996676 12.793867 33.931361
69.696687 48.251682 33.790618
31.467435 11.099301 41.814094
62.635745 83.785262 38.375168
56.405397 19.088044 39.516953
37.238661 46.733500 33.857152
73.999147 95.872475 25.981566
86.737787 45.394608 36.701022
57.261824 27.691185 39.968393
88.306415 72.781722 35.008743
94.818455 28.776343 34.852812
83.605631 24.332379 42.397771
51.954008 8.335431 30.909263
31.638867 43.885377 40.155785
0.839752 20.500863 38.775672
38.092743 93.784190 38.437404
16.233295 15.515639 39.453703
8.480293 83.523996 38.612396
72.408013 1.329324 39.993730
32.833867 94.238003 38.398626
13.166813 85.163441 35.968127
35.555689 70.497636 28.676317
45.636418 8.946075 37.015730
91.242940 93.369711 32.553215
29.826556 98.098369 37.866543
3.562805 77.348132 28.366079
33.934320 51.612461 29.493173
82.875227 37.807493 27.727557
39.770257 57.848103 35.437749
67.973730 59.834109 28.601908
1.744472 99.311545 33.707004
14.765535 51.387433 27.061592
54.747105 20.887193 31.245184
29.947651 4.715457 41.195093
95.100135 45.528330 37.142501
98.616789 36.355328 38.355653
46.914815 42.393169 25.978088
37.271749 56.658781 41.598355
47.179712 56.645607 38.309462
84.304086 62.808776 41.669599
71.400642 20.579562 25.647571
18.803228 38.321410 33.790689
46.330964 84.028289 39.857006
67.083109 3.586852 34.414617
98.949599 38.077758 41.977213
59.684237 34.658843 36.463617
17.015842 38.514739 36.720643
63.775486 21.799626 27.023355
92.826094 14.812592 28.611360
21.259015 53.657646 38.488222
96.341822 75.956910 38.541820
91.765275 45.172152 27.654130
34.050068 73.533014 41.969012
51.219969 63.511491 42.281637
58.641077 5.436574 31.142533
17.568027 71.119922 28.777558
29.857179 30.552499 29.909197
98.740836 17.427527 41.491934
19.419202 38.954635 28.979848
21.429546 46.251750 28.422917
48.359641 15.747252 37.475682
77.524865 7.339765 29.822154
65.097585 48.186941 26.784338
87.450396 32.829904 33.148223
12.373862 71.692666 41.059430
32.686343 69.700296 42.390806
22.281254 41.353998 38.421085
98.698267 79.257335 25.522610
80.097578 99.209977 35.286253
34.982604 23.933054 38.620510
24.938203 29.416819 25.159131
60.775741 52.781206 31.505042
4.554987 86.303671 35.572020
49.369035 7.683031 33.762176
11.338744 30.425370 34.315538
71.228369 85.005475 42.817991
92.428898 37.955172 42.934664
49.642046 46.552055 25.978456
57.315470 85.475863 38.117410
34.660049 62.586404 33.749141
21.810713 9.361130 25.337579
85.575301 1.892849 30.029312
89.791429 67.956877 33.059435
23.105588 88.415277 29.373718
18.964628 65.815715 36.071600
54.175052 19.715009 37.768013
9.655496 30.642000 27.074993
38.125970 91.631954 28.023264
56.043909 41.883422 33.926753
66.029478 70.067828 35.923582
10.093857 0.601931 37.896186
3.411994 99.829760 36.766989
9.469995 33.849135 34.976002
30.388410 4.620986 42.836816
76.573258 41.835828 42.390581
19.569126 9.666183 35.463767
50.732103 19.882321 43.558816
40.715392 36.071942 41.068264
33.345590 13.096432 43.495370
54.912350 49.544779 29.126698
66.826922 57.655274 31.565224
76.724324 25.814947 32.462912
6.351593 32.571982 37.239104
43.783442 41.413161 41.236241
9.521484 78.228182 28.949030
76.297293 7.123648 30.149686
80.837356 6.452068 34.413535
0.463548 57.142558 42.647690
33.871907 77.157929 37.181250
99.573760 47.757338 26.619654
11.884314 82.481030 25.400463
59.182032 62.521468 33.452517
86.693315 19.699659 30.183834
87.498198 69.253423 28.997260
68.299447 46.118857 36.726949
20.884466 28.223272 40.616531
44.673332 20.231262 37.609062
22.170482 14.684849 25.425756
17.739999 16.359229 36.095285
92.218625 63.623136 42.381226
49.556425 87.897495 35.827631
65.080201 61.261633 28.245592
68.255508 78.226552 41.198258
8.698094 1.247642 28.400576
37.499655 54.224765 30.647809
49.351558 43.893320 32.632588
90.823874 99.237676 25.907320
61.534033 32.559215 41.704442
27.326151 47.524467 30.140209
5.313570 1.768410 36.182920
95.222603 38.684804 34.800635
65.110197 41.428381 32.524361
58.756476 21.854408 32.522893
33.257773 41.721338 38.947467
8.163745 51.128669 37.953502
4.131792 54.042521 42.719897
40.458248 53.058851 31.057122
25.082054 96.790638 42.458750
57.795544 53.191556 25.597165
41.093959 74.179584 31.891462
56.827505 70.261195 27.212608
59.090972 25.271942 31.797742
67.564778 59.826300 43.148349
54.320118 92.434699 25.231402
49.683851 25.365888 36.148485
68.193734 91.058320 42.770255
26.996263 7.445630 33.983472
28.190511 28.708495 26.122452
39.444633 56.309465 37.949912
15.801809 69.399932 31.570559
78.971187 57.100199 40.354303
1.279915 8.548817 40.130817
63.910891 85.192229 35.433630
43.206871 29.835651 38.037614
7.238782 48.197113 26.819094