53.501284 9.019831 33.555909
18.584343 42.852108 33.799785
28.030385 48.486365 40.408160
29.822661 33.324122 30.988980
79.599289 78.320679 37.637641
85.937435 62.069760 42.965968
56.772573 75.656098 38.262509
4.481929 66.284598 35.468318
67.629598 13.965835 34.655808
56.160872 6.296902 25.869563
82.840949 91.882510 32.568771
25.349042 33.670093 40.520523
30.657077 89.370809 41.132301
1.656272 1.850071 35.147405
87.661101 96.090980 42.354166
72.603173 60.906673 29.259122
93.898695 26.047673 26.590515
82.016495 68.314255 25.430921
56.444404 45.724728 43.554608
8.715032 69.624011 42.965055
41.497840 66.716870 38.103566
39.021363 42.972867 30.874729
88.587970 62.496132 43.231041
30.136378 90.801690 36.550678
40.498715 23.059371 30.472457
75.042855 40.521205 25.474413
45.214329 44.410280 33.380469
28.135606 17.470116 29.873198
40.482142 59.792251 29.843113
99.196529 25.290932 36.214574
66.851823 26.592042 28.245813
8.882957 66.398164 35.316756
1.355342 78.766817 29.010645
66.872450 98.282833 36.641803
7.995024 79.903339 25.539588
84.310866 95.334190 38.281509
31.748158 23.122133 33.725634
49.096773 24.188937 38.705096
37.003417 2.861669 28.559312
26.968882 39.168020 32.464936
21.937885 43.229027 32.096499
88.070734 73.057526 27.513303
39.431881 66.800930 31.788399
45.290459 97.346420 33.762597
85.927975 39.519698 31.519697
6.004124 46.462928 36.349801
87.912081 95.064412 27.653816
60.698553 19.678075 40.674730
64.251349 67.011580 33.617022
25.408197 70.281035 31.382766
22.792446 1.182189 37.153942
19.213254 78.897212 27.911955
51.084146 41.544121 29.045214
73.430981 83.824694 30.014978
8.534058 74.008055 25.168263
19.955665 58.778261 41.451850
54.783141 39.820242 43.370530
62.789568 17.341875 36.955861
67.254925 68.682493 31.816771
7.482242 96.802498 33.354157
88.383746 35.897940 28.122222
84.236173 91.685880 32.163476
82.484963 79.799580 35.855235
40.868950 87.664157 25.656224
20.131590 44.359112 41.160979
83.016245 20.598483 30.524925
89.812535 30.989302 39.703347
1.118889 84.239810 37.227128
1.839227 0.025270 31.037544
82.333309 62.227065 27.356731
55.788675 13.792681 26.194405
53.865580 22.641851 33.781326
57.538673 43.763794 31.905798
54.033271 53.757636 42.755038
82.621257 46.008832 27.689435
27.563952 52.837350 28.502820
13.420790 85.573772 29.481018
26.924606 60.319685 33.965118
12.181129 32.553776 34.769017
4.377960 37.711834 35.183723
1.067740 78.243315 30.850788
27.081895 52.229850 27.987181
40.210192 35.149011 26.378414
22.438473 63.855432 31.202062
4.507621 15.862658 37.224883
58.058306 24.933438 35.005218
49.749702 62.034575 25.835809
95.147392 13.695468 31.812327
38.866357 50.513224 40.182325
90.676247 24.716456 33.838847
82.153243 61.596081 30.914589
44.313753 0.471146 34.067130
34.753082 97.001463 42.377476
9.336530 87.343667 41.483825
17.321467 31.326434 25.015928
4.431308 42.054781 25.284757
77.397570 48.119466 32.942068
77.855413 37.142444 34.568984
85.574398 77.363964 41.944062
97.206693 95.718751 27.039391
84.071995 71.202114 33.230101
3.258523 50.855460 26.710603
30.695948 30.087082 40.870467
95.228316 34.631540 33.144554
52.695900 83.178843 34.071286
47.952322 22.686226 31.024942
30.691655 87.613333 43.624172
8.881626 65.193277 27.509960
30.951934 69.020334 38.210630
92.903190 69.578742 31.995930
4.354661 86.945790 30.964935
83.899298 42.481514 28.939803
36.454605 85.268423 32.920337
84.357621 86.767658 42.531454
37.683533 1.222716 30.210957
44.099249 19.004045 32.593672
6.740159 55.102752 36.983002
78.126760 61.551263 28.369293
21.947845 80.402084 29.114288
94.548050 95.077523 39.887720
83.847331 18.858851 27.129717
90.439110 98.679107 38.159787
51.514981 90.548504 42.083979
91.504898 76.492334 30.887207
83.894845 50.281443 43.642920
36.126941 42.939255 26.368357
85.821810 34.085510 33.620691
82.592027 66.471004 31.661930
52.438146 71.868663 39.761013
76.264624 27.019718 33.603332
42.276945 98.289599 41.850870
74.229242 62.515354 30.249562
5.774203 40.853229 25.436059
97.704264 97.215696 27.364761
13.200422 66.074336 31.952665
69.084771 99.469484 25.984815
72.448712 60.618741 37.863400
24.918191 45.239866 43.046157
14.656895 34.647570 38.173499
84.229471 28.595820 35.532447
18.275630 41.637246 28.793415
60.234487 44.705924 31.857585
37.974605 93.682017 34.919363
13.486658 47.327811 35.614898
2.308249 88.750015 34.373726
95.493193 64.471773 27.255558
69.633939 41.209136 27.779769
33.588379 5.036750 34.619366
34.753111 63.716803 37.902976
6.571073 91.917001 31.212539
35.595997 79.653590 32.613588
93.236192 74.654927 26.417836
86.136854 87.355768 31.364160
21.593481 5.069306 37.287783
38.318649 63.480925 34.496881
9.041199 20.319845 25.178138
57.247553 9.877348 40.678572
63.885663 78.386558 29.352872
89.117224 34.447755 28.802281
85.059324 31.032752 39.958741
91.258865 2.306619 42.423950
34.884399 74.013420 26.335771
45.656807 84.964513 30.131542
19.068378 99.029996 42.151621
68.090847 19.018935 41.190295
34.130054 42.088347 36.988691
25.505101 86.744606 34.890581
80.019539 0.591763 43.019547
80.913343 1.804985 37.498361
58.651160 35.720629 41.809307
24.707365 68.580492 29.401234
48.196828 75.523183 32.440037
24.105154 48.329778 39.203354
69.654924 74.840675 35.149089
39.892766 21.749627 25.557314
32.645315 99.946269 36.677419
8.450349 22.014413 39.770940
66.091613 39.232586 26.779956
41.831907 52.442883 30.552262
65.182937 53.735310 39.962027
99.188458 9.752561 35.883341
59.428925 10.776420 27.253176
56.826580 13.041364 43.203341
65.568579 98.814418 35.918306
11.946547 65.327494 29.737745
19.268256 24.208423 35.967511
6.388487 42.534960 29.208839
88.469682 73.189289 37.283298
42.633273 31.631360 37.632240
35.569208 80.116354 30.276084
98.500002 91.575731 40.461460
91.234605 96.258564 43.528230
22.137516 91.478028 29.839702
80.571239 52.869153 42.925031
47.104761 43.517107 27.367714
3.668544 79.305048 35.256906
32.765795 58.263018 42.444444
52.231339 25.130327 38.239783
25.971602 89.966107 26.964506
84.704777 70.120078 27.248778