49.621216 96.680962 27.338879
95.385023 82.392357 28.872097
80.907757 27.349621 34.282393
76.015659 65.000486 27.488602
72.422388 35.110913 35.836088
67.201989 53.933271 33.074215
17.357453 66.237962 42.898510
8.123872 69.773023 36.713306
86.871607 71.817330 29.690733
82.388496 11.096577 29.822655
4.310032 72.230132 28.968425
94.876064 95.560742 39.644907
93.859539 56.258541 40.974692
78.953143 55.826254 41.289962
10.931464 41.234754 42.899592
1.727916 74.212876 37.926338
60.638982 75.104180 42.121600
56.528115 17.594362 40.053212
70.021137 4.966898 27.347279
21.945289 49.790563 40.424383
18.365137 82.967617 30.950297
95.262138 42.258922 26.144373
45.487154 87.574914 31.903867
62.492596 33.863475 30.837468
9.356374 43.434003 27.885118
94.206096 46.862193 30.575713
55.829326 97.181193 25.337580
19.795373 39.694793 42.439426
79.902734 54.500837 28.157502
93.466224 74.211952 27.119420
69.950380 64.502989 38.258067
34.773134 1.487005 40.088008
28.102419 92.828282 32.041718
41.414604 69.268261 34.518171
29.586393 2.850067 36.877446
53.775588 95.468717 32.027635
25.516181 79.291601 34.596351
13.062651 18.147848 36.577124
22.595893 56.074622 39.407232
55.780102 53.833103 35.036014
56.842178 55.224537 41.951752
97.773467 85.753553 29.434812
28.143095 49.441366 31.968408
42.405566 26.673213 36.321190
20.368765 4.470708 31.467581
2.358567 6.992562 29.725764
97.285156 62.575250 42.359678
20.305390 19.489646 42.080793
72.261312 27.086349 25.132895
62.408423 99.803132 42.455218
61.057604 7.414805 25.093813
40.212688 81.269007 28.638668
2.711634 44.476412 42.512550
75.176061 73.027191 33.101414
31.300478 54.669753 33.488931
32.858481 50.021477 36.162861
68.586416 48.353019 27.331894
12.446532 96.420111 38.227118
89.092652 96.742380 32.400084
64.131119 62.658796 32.675517
79.564439 23.109678 25.411087
76.598660 74.917224 31.829677
70.728322 96.100533 25.743888
39.685595 39.936722 35.561754
53.222239 98.542404 37.456681
6.122395 19.968043 35.427618
27.003173 99.213728 31.321135
89.866213 18.924682 43.652633
0.317597 30.882987 33.257744
85.400640 1.120455 35.964809
6.842701 40.012652 29.368264
76.706485 6.525024 25.437082
86.981669 4.431881 25.948345
17.580447 95.924064 32.525588
25.007132 67.982431 32.050719
9.719437 57.676398 28.914079
4.789760 70.451044 41.874187
3.943160 76.314691 30.936761
78.927230 18.871556 37.965014
46.267081 84.285139 37.200200
10.178993 51.237083 38.336815
82.365552 99.525625 27.329958
50.868421 29.260320 26.640133
90.506900 54.556691 29.727265
51.313493 16.486565 34.849388
29.279961 72.957314 40.893206
37.166679 74.590298 40.127379
8.169616 25.209147 31.743710
99.691299 82.291484 38.670979
92.948742 49.425411 35.312345
28.372537 82.552015 39.959329
86.207146 36.907480 39.910068
59.418514 17.585576 40.369600
65.271854 70.341593 43.156983
77.908089 24.418587 36.367427
75.732726 90.469415 33.503642
64.664370 69.319210 29.860318
4.439308 98.363199 32.447315
39.074718 58.217191 26.729848
70.950713 60.490137 30.176026
59.963228 99.117110 34.326601
54.448204 5.501224 31.683458
66.327708 39.232728 28.962500
75.072065 79.123190 36.695610
23.158769 0.980647 25.678291
61.559102 33.030460 31.966061
70.436283 53.692662 29.365880
32.283122 29.434353 34.696656
42.920412 53.375668 31.606704
93.443164 40.462724 33.627193
65.331865 15.289078 26.641053
56.962824 43.513422 26.629555
94.522350 68.107089 40.736853
54.100270 79.763822 26.309260
68.726143 66.746616 32.209968
28.247740 78.824706 27.737908
60.066669 66.234708 40.310356
70.616315 3.001424 26.229578
92.229348 87.493942 39.613902
30.853800 44.465772 33.939875
53.692648 0.303277 31.542038
73.464276 84.775174 36.444310
91.732674 10.886336 40.671267
67.802781 18.951479 34.785222
2.701326 80.061481 32.193658
45.475231 99.009616 31.517104
35.945709 54.605241 39.545366
8.943587 67.648194 35.125096
24.957128 24.438534 38.177940
67.099076 39.664088 39.028391
90.281672 6.816947 39.394218
36.109775 10.110686 25.232044
87.478808 9.138463 35.895024
88.782929 31.167195 30.330223
82.929779 20.757283 41.527465
52.589452 46.560200 31.853980
66.762569 12.509390 39.719701
0.292639 16.687622 31.849265
14.522574 80.684016 32.077073
69.535229 60.173501 35.045133
46.616278 47.823335 41.262347
13.199768 72.266004 35.433883
42.039281 51.053227 28.175867
94.567348 77.995923 26.477815
75.558165 59.746988 28.052543
35.408852 28.086745 34.416374
55.261771 49.475719 38.995252
35.809138 71.131163 35.962882
90.740752 83.981293 37.214768
53.229913 77.971852 36.204328
88.198582 85.237073 32.932268
87.018430 35.355653 26.946507
60.570553 20.130879 25.655726
98.788133 65.424179 34.984963
72.879307 10.830478 25.126648
61.746735 11.470858 38.339447
69.943976 98.504329 41.182501
36.158945 14.213551 25.689980
10.477766 67.093015 37.936176
20.125769 24.417431 37.151921
15.405075 6.649442 30.562830
0.106135 10.312400 30.162803
50.034331 10.677753 30.101320
75.602564 75.003088 36.468121
1.587832 66.639936 39.251407
74.104294 66.005520 37.716386
38.188106 18.855675 31.152339
52.841062 72.610667 38.197077
11.873922 43.278218 36.195583
28.197711 1.009492 38.876497
31.330925 54.480205 37.437046
2.136943 66.541476 27.900244
12.375997 53.962891 25.192625
98.279567 21.689916 27.491804
78.019000 17.446213 32.408281
75.835355 19.536238 28.506280
88.483917 82.021474 34.868172
18.578833 18.223223 40.067201
54.154056 12.094178 37.181988
0.788331 54.567770 35.423565
65.874601 30.203066 33.148779
63.563739 58.631829 25.856215
49.895342 47.919256 31.387840
93.502423 85.640638 25.269776
21.156413 61.774567 39.730767
42.451247 3.599375 42.089231
48.633850 29.984565 29.993153
73.046545 8.747303 40.864028
45.251659 8.088945 27.163875
85.817960 18.197952 34.197221
59.543723 5.017551 28.909794
24.738119 34.193429 27.279822
8.860325 76.556367 40.860792
40.304283 96.184111 29.140333
44.483268 55.673301 39.959074
54.407828 62.048265 27.279542
56.197120 39.594043 33.196065
32.606224 37.405497 35.854243
70.192600 42.908654 39.669920
53.724433 20.854988 42.307806