95.474420 25.521378 36.201414
28.383560 8.064198 31.732263
13.932834 24.627279 39.849375
27.036540 91.356530 34.925720
57.071817 62.279230 28.069118
28.833573 11.377735 33.906106
70.315178 96.588954 26.640856
98.724135 97.465041 33.092360
58.325050 19.358571 29.274219
45.770624 73.560685 41.157964
3.450217 0.698293 40.732350
79.800512 33.013604 30.743587
1.313127 82.038294 33.713044
29.109121 89.402897 38.879408
0.619679 30.358528 39.002517
3.438392 67.183099 29.365294
26.424863 3.599885 38.271452
54.813344 42.341608 31.024867
0.601663 5.585262 43.422132
27.650375 84.933479 37.756748
79.366931 62.872513 27.578325
61.171796 90.392600 41.296777
59.243898 98.724166 34.083197
35.391851 69.473014 28.600620
53.898192 79.507214 40.034529
84.499339 51.714441 29.584812
39.738245 75.383872 27.660763
97.563654 96.744120 41.494424
19.753143 28.790880 31.433888
39.731321 89.327522 41.842862
30.591354 92.737681 41.348889
87.102952 79.555033 36.275306
53.991504 94.357983 30.290871
99.967189 29.667208 35.935728
4.833276 8.013997 34.486117
76.759535 68.490317 39.048567
34.891518 71.222031 29.752661
79.024878 60.289902 28.483176
18.783397 26.691521 41.658137
27.757722 42.167421 32.160013
92.032264 78.953229 32.940921
88.160135 14.832375 30.536617
11.424023 46.986981 32.657306
58.300003 10.043818 42.788206
98.959595 7.929930 39.060658
86.231190 57.017497 42.061106
3.644774 88.033304 25.661539
41.309871 68.289479 25.553180
12.380677 80.664002 42.638793
29.357447 18.223809 33.881549
17.517415 65.217561 29.505999
86.143582 25.779799 38.571909
40.814843 44.477967 41.810054
23.806853 83.379508 30.592931
14.344305 77.557178 29.486455
2.293106 2.446123 34.651203
63.039115 47.977245 40.588829
54.199804 84.469566 25.269466
93.984675 57.323279 36.546504
33.349510 5.638414 31.706218
5.317049 80.212399 34.240126
10.799527 89.668611 41.366653
5.405854 75.944472 31.744351
52.473249 26.633255 43.156569
51.706830 49.995013 37.932805
43.461502 66.457547 28.664543
72.543010 37.717712 41.312196
35.178646 70.240892 41.378067
3.915994 19.192404 27.783673
71.546969 66.419462 35.727225
39.281114 81.628388 26.358966
45.746349 71.344492 35.162130
10.651215 96.874449 32.108860
14.062400 78.293212 39.781173
51.687489 58.870141 34.002729
70.157150 30.285486 34.991537
93.238013 84.469558 25.765225
21.352987 1.012208 32.458250
22.650507 48.564990 41.840612
47.384693 57.918054 28.233580
50.107477 20.336030 41.616439
99.455214 37.750415 26.762255
25.768723 0.275345 35.073871
74.514347 3.135468 25.571176
1.268177 49.037532 30.617414
50.399337 37.253017 26.621716
92.641865 91.268045 30.908110
93.048283 59.740853 40.202472
12.301447 43.236391 36.720663
82.503500 63.668804 32.969299
1.509264 62.165415 43.337542
85.903865 42.015531 29.664747
98.514984 77.426301 41.248871
65.455417 45.871607 38.913236
81.748695 44.856846 35.200972
82.140476 14.683598 37.358639
87.336042 66.303043 37.502186
16.144985 72.913985 37.690038
44.733946 57.758703 42.292444
83.994947 19.349098 37.222608
33.165537 43.986501 29.043290
38.772658 74.871679 42.679492
65.436211 51.950279 39.689291
40.970150 3.613141 33.954518
98.350111 49.853666 34.016419
23.764249 80.323400 27.533888
79.057555 41.928336 36.613119
4.700757 69.604862 26.166391
93.893668 51.171690 35.239732
78.091983 94.134569 26.205854
41.182463 80.794130 34.985446
92.553577 92.851663 41.483645
78.247301 61.825767 28.323941
50.295779 49.104932 25.210373
21.405040 98.808709 37.387428
50.911615 4.639290 32.142653
53.507052 86.053048 25.964665
37.007663 70.485848 30.772272
68.858856 68.228639 37.311630
43.770493 46.997601 43.017442
11.218680 31.228795 39.830160
92.639554 98.758905 36.917265
2.315040 79.836893 36.103413
27.549660 35.326059 40.202486
26.649610 80.695515 34.161834
9.885948 87.270418 29.390992
13.970254 2.842495 35.473158
95.403176 56.789692 42.402296
58.654776 85.929501 26.772643
53.231106 55.795648 26.972573
97.112793 82.238218 42.564601
82.324817 65.897055 27.828209
27.415264 34.630803 36.435789
65.507946 20.707768 27.576138
92.982954 75.813563 37.340598
88.794233 29.782744 28.761979
70.825582 56.029865 34.872656
96.095471 1.858851 33.077157
69.000946 49.888452 43.137541
92.385276 1.552082 30.392445
29.711786 73.593579 37.367146
29.659097 73.401318 30.466419
37.484023 87.801402 38.940031
68.390950 68.573264 28.857987
11.785366 56.742402 30.795953
61.639643 89.777081 43.433353
53.109178 20.959007 31.756574
75.248583 91.290936 38.298387
63.005483 49.798271 30.994969
25.416229 12.667892 26.773843
98.495278 65.588095 36.669734
66.025425 61.795443 42.507315
61.293185 38.140239 31.920578
81.106473 69.588793 27.751044
82.188794 15.797403 28.431692
73.435759 47.710801 30.810551
92.555452 70.608788 36.377089
69.325813 93.175120 26.932224
44.154141 51.323364 35.833442
36.791316 8.225853 40.934193
97.193072 39.176682 31.837643
56.808053 2.521169 43.596032
82.270387 26.062960 40.179423
70.742645 76.438984 32.057840
28.464360 39.559237 35.361889
96.726966 25.547577 30.993443
53.499554 44.984758 38.792443
4.602208 86.394896 28.285750
42.317433 32.986168 28.559933
81.546483 42.203617 35.549808
98.188039 65.252254 36.700351
66.232551 94.526804 34.225165
7.372473 50.522836 25.396357
45.779851 52.486238 30.088565
14.347329 31.632030 31.417728
56.334713 49.941091 40.058912
15.458812 42.990607 27.831846
32.808456 19.977577 36.913608
0.239656 52.596205 26.528159
14.403650 34.620922 32.967912
61.189336 89.485593 35.353572
46.557457 6.342237 26.006805
22.883815 33.089857 31.858828
33.516900 5.383227 30.199685
58.251529 54.446307 40.795486
63.279606 63.802722 34.559029
76.915077 49.208091 40.817020
12.566796 92.403342 27.493953
79.861535 21.273617 34.554313
78.548844 82.333654 41.866602
55.557422 17.173577 34.818944
30.539620 73.098117 38.808554
75.532462 54.720952 38.964552
75.841945 26.569309 36.698941
31.181003 34.365871 33.021542
35.987912 92.780253 26.325175
39.301086 78.517541 25.836419
97.270866 20.023591 30.985587
76.948161 24.882054 43.426438
45.591977 15.118697 42.219846