22.154692 81.634446 28.689587
38.413698 43.414108 33.031015
62.834466 59.151357 40.001431
2.414887 33.851972 37.250174
8.906398 9.582874 30.304057
33.214617 19.890123 36.768848
70.251466 51.516889 43.421921
8.219674 33.549577 36.201792
25.452282 94.361305 40.709981
68.683990 52.148754 34.135973
24.452181 31.658443 29.913037
9.686761 9.716914 27.847236
12.276893 23.704991 26.119634
13.867056 64.432091 26.314276
26.247343 12.738925 34.621873
46.433265 57.272488 39.385791
76.338133 82.946389 42.194597
87.452899 89.982871 39.709560
30.239237 16.625034 34.338698
21.289844 16.174917 36.505523
28.670259 15.427044 30.776526
49.741032 75.964306 30.685455
77.546849 88.697359 42.960008
82.716287 45.581112 42.535084
64.301951 80.766664 43.746026
45.636300 8.425046 33.816630
77.833420 80.191665 35.486092
88.994668 68.686420 38.514616
49.383099 50.653192 36.194435
64.283497 63.182683 27.970473
80.140486 97.554535 25.409413
94.174304 67.650881 28.181610
51.549427 88.851161 39.131025
32.625875 18.346219 40.805142
35.334340 29.714294 26.033096
10.586890 2.733969 29.341986
99.024311 30.296380 35.803848
11.676516 22.586223 33.045724
44.357747 10.850431 35.399401
55.586487 16.041787 30.229906
39.423151 41.010465 37.254820
66.483971 58.825897 30.774623
74.396649 39.292673 36.406679
77.781063 6.879625 34.912317
86.239646 93.501563 31.286719
0.045334 68.937480 41.732191
0.837522 9.247900 40.996628
31.557964 69.131107 26.278845
29.584388 25.833806 38.719119
24.911696 76.952915 41.657690
73.556548 98.572346 34.428847
59.358661 19.479681 32.622926
4.627309 26.443350 32.444420
80.973957 7.964797 39.885836
48.578710 97.736285 29.560787
31.385939 85.729650 29.453028
94.151124 87.693967 32.513759
83.454833 33.496429 42.220133
81.575007 62.971822 27.960542
12.385240 94.056396 39.770337
47.963496 19.692472 27.534311
8.191609 36.669218 27.921364
39.225404 75.775092 34.044133
34.918863 9.985847 36.344018
26.799499 81.751624 25.484277
35.601319 93.795762 34.668660
48.586515 58.000975 29.358062
25.726496 65.921164 40.211705
21.107058 84.154925 25.017496
93.560230 91.112151 35.369051
79.028773 40.099606 30.735614
69.624979 85.970259 42.966630
4.732554 47.514434 30.235303
25.919170 19.919451 43.462528
94.939454 88.567323 35.700181
4.106705 38.133887 37.291020
91.797794 5.627119 35.554285
36.548206 3.514230 43.212424
3.274564 80.732194 35.673386
34.046769 3.451050 26.920970
55.263490 94.710451 30.352633
42.666993 55.161960 42.158894
88.285318 87.779287 39.625351
65.471844 93.855624 41.631618
19.047140 96.348992 37.233499
25.899112 45.493935 36.421144
62.231454 26.327442 34.576584
66.175655 80.246139 43.255926
13.165911 40.627179 43.546868
55.167413 66.039205 41.964642
11.041880 2.129553 27.552074
20.821302 34.441127 35.821416
38.531117 82.597054 42.278299
57.037479 1.022110 42.410694
49.790156 26.305389 43.749420
93.394568 32.706267 37.021106
85.536733 74.672338 36.392419
61.323154 53.674274 39.166315
79.043832 96.533596 32.112328
42.370480 62.350667 26.461886
83.940550 24.501009 40.222954
26.623013 22.163765 39.781697
74.215424 41.772255 41.131996
12.480227 19.725854 36.667845
57.424326 34.278634 37.446556
95.743890 44.300848 32.514914
99.383390 85.222648 42.472293
2.441354 57.839971 41.638601
15.016088 51.737614 26.572773
58.962650 63.071229 39.435260
3.267359 94.488987 26.894720
34.170145 99.057105 32.115465
16.930907 25.371866 29.082774
57.618663 59.010205 37.310361
42.297415 85.392742 26.053038
3.622375 67.092111 36.574578
88.520790 11.121165 25.867104
60.316914 59.309354 38.022415
28.320553 76.342810 25.197073
62.083833 5.013406 30.490948
67.749625 42.440444 41.653314
33.528567 85.184106 32.304845
46.197071 21.591820 31.705756
93.079949 41.329086 43.282232
44.122890 73.028177 41.907708
96.805242 61.977001 30.697439
57.742106 12.399092 39.918685
20.693307 60.359542 33.096192
43.389414 56.290932 29.160615
75.012850 62.820010 25.860475
16.898557 31.346905 34.270632
82.935676 95.481008 29.143254
99.187256 38.434029 38.906469
67.899373 20.073786 29.795174
48.410849 38.380739 28.486095
45.303661 53.634581 28.649588
55.679113 94.590603 34.769229
51.079199 88.873920 27.485868
22.893157 55.668531 43.736411
76.841450 48.868573 37.603282
7.967314 76.714510 43.620339
77.998052 65.807175 42.067534
29.749794 59.775880 31.590078
0.125496 25.654563 27.375076
57.757691 64.772952 31.065520
56.191336 1.247019 37.180119
25.746087 34.469023 29.025295
70.690065 51.673089 37.800601
39.959762 34.906619 42.002058
69.418219 30.534218 36.307510
64.447943 28.797614 31.339943
47.050591 95.824900 36.982536
33.510740 12.861758 33.347829
97.258566 23.471540 34.557524
56.762051 65.254928 32.517934
42.245526 74.128942 29.526408
16.754309 24.182308 38.600942
58.154931 54.375442 41.677498
62.884641 50.032529 33.478577
76.606612 14.005793 42.731206
87.341563 83.766484 32.216969
32.694243 39.325420 27.639056
2.428803 47.563876 41.138838
50.347928 6.245738 42.699913
21.813623 29.685156 41.619321
80.614315 38.172515 32.591293
49.069435 94.917273 37.193375
29.752971 73.467409 32.508866
31.790599 79.916128 41.888548
87.566117 17.052498 42.020307
72.936793 33.493055 42.135997
84.655283 37.067860 25.539615
82.420420 94.245808 41.904315
47.898772 33.217413 28.242108
80.128896 44.221225 32.561090
21.901754 34.010703 38.704770
7.793622 94.197778 31.555002
80.178180 89.268407 43.170894
72.964958 42.142558 28.867023
92.687251 76.320141 32.582604
0.347942 4.198777 27.800692
20.379605 36.732233 41.283932
21.064971 97.504949 34.514118
88.105096 80.121246 30.660373
90.036467 3.322287 26.973241
25.160572 3.213047 37.685296
83.313160 82.336194 34.702828
70.963015 14.630560 36.038203
54.028017 35.297395 30.550133
60.171014 28.732906 30.604249
99.612001 72.268171 42.872216
6.530624 91.532590 38.920871
15.227254 66.314750 36.973020
86.224720 27.249280 26.494332
55.373100 77.719775 30.786533
58.932803 2.848991 31.244797
67.509443 97.485624 39.635008
78.964934 9.584441 27.456891
17.188788 22.813103 30.258166
65.549287 13.214020 31.252729