4.260927 9.769149 32.301644
35.299180 17.448779 40.843216
70.335916 91.653086 41.200736
86.840687 71.948123 31.133782
32.889990 21.281910 36.754597
80.992471 27.663215 43.084612
23.513404 43.769092 42.300743
51.360334 73.818256 29.890055
67.913567 89.974008 33.765234
82.817498 71.857196 27.520025
93.404132 54.019914 33.523085
72.023046 99.958864 33.282743
13.518761 64.352056 35.192767
25.391050 24.066214 28.786574
1.046217 94.376777 38.044025
12.693626 23.601095 27.684199
50.161199 1.298522 38.624234
72.165270 4.159238 28.496732
79.237271 87.162383 35.580518
17.746183 6.461467 39.498541
90.474464 48.464323 31.960354
74.962261 6.954032 40.795624
51.565622 23.434979 38.229071
79.098211 80.875350 36.389566
56.251578 52.923715 29.725237
67.311293 33.638945 38.238754
19.434784 97.260565 38.460317
56.178868 74.217997 29.734478
93.181968 19.757392 34.330815
51.527635 15.610531 40.149703
56.424509 0.598862 26.088425
98.371592 16.773482 39.970589
50.146179 79.149821 40.798534
14.210103 31.052112 42.551334
77.839353 9.927411 35.710637
45.417157 82.781203 36.278099
90.506736 84.699768 25.314939
34.662662 96.650964 42.361766
60.830635 8.422836 39.931326
56.250104 28.587783 35.108376
36.826920 88.165217 29.650721
50.355865 98.911821 33.601192
46.052746 40.760223 27.343132
25.027565 87.010654 30.726203
95.369442 8.126716 33.580292
96.949937 79.207398 42.249317
98.213961 87.074776 32.153502
22.309657 1.947862 41.659823
56.512584 76.983500 39.491495
12.370349 93.221977 42.681532
48.298829 92.669143 34.642332
86.217131 7.112501 33.262420
10.225953 13.092351 33.437847
30.912204 82.125514 26.699325
72.775142 22.772725 31.487133
5.907680 62.780547 28.790481
7.580759 34.426063 31.969332
24.591726 45.484171 37.320162
60.236925 52.991418 36.811489
17.628442 19.088900 33.474836
7.059134 3.688125 39.517748
45.141184 87.237427 37.931577
61.263696 53.591356 27.429762
78.110598 60.772022 38.694993
18.249147 34.592830 35.721829
13.913866 84.622993 41.726105
40.489249 37.510039 36.127096
81.642950 74.561304 31.427321
56.290069 42.010831 25.469281
21.692317 91.206949 41.400703
10.016425 7.323979 35.390238
94.519434 81.560579 41.725606
28.445100 20.187040 37.868686
13.583881 11.463321 32.047675
94.980721 51.038277 30.373405
88.950132 15.221317 37.199744
40.930501 29.030787 31.376735
80.880577 0.488284 29.711011
80.087228 56.846838 32.870681
38.726993 55.269300 37.556089
25.156938 19.402736 30.655021
80.887407 44.087234 27.129979
68.456317 1.686641 32.160333
69.039381 63.350478 33.372948
26.732153 31.574695 25.758931
31.724802 54.152934 39.039405
52.819486 83.669738 35.429940
52.312865 98.718961 39.168854
93.373921 40.592136 39.909599
30.326856 75.518799 43.296934
89.492711 72.100200 36.469718
43.423711 49.796249 41.984460
20.938456 96.484494 36.394807
35.177218 49.517466 37.781591
29.098845 38.894302 28.468909
29.448213 85.822511 29.778719
78.945448 19.043578 28.913182
58.422662 25.766484 27.460928
62.908318 94.721368 30.801260
74.758777 42.768365 37.960171
8.640078 32.787807 37.956666
20.785453 90.628135 38.853095
26.257390 64.414730 25.949565
42.774453 41.431091 36.344129
55.416063 14.039951 33.528087
88.897976 53.529445 37.429263
90.341480 68.961959 28.245545
51.819534 12.214031 29.569843
34.835204 0.179384 34.579936
98.918105 20.229658 26.563722
98.897633 80.522433 41.071886
58.684258 64.727477 28.209659
64.774535 80.299104 35.375655
90.953948 43.678092 37.612293
11.517676 48.428855 39.915471
57.121923 99.183570 26.985711
85.393935 78.686581 33.090915
26.948646 3.566798 33.249964
74.195145 39.512365 39.493920
8.486721 5.035054 36.295940
28.601686 58.881128 39.062962
82.792387 48.086144 37.610522
70.153523 61.187200 27.059198
43.011472 74.106677 39.004864
66.031942 11.132483 39.237272
32.697802 35.888604 36.700247
17.815622 94.787370 37.574835
96.335068 74.665925 41.449522
21.904622 81.615390 33.798627
63.581303 5.780650 25.672020
18.543521 92.665630 38.008842
75.465324 96.381857 25.350321
81.202062 35.490160 41.288561
20.493730 1.666223 25.722751
70.792087 20.998707 34.811839
75.511823 43.795049 30.789786
68.566635 34.790636 36.311560
28.637231 63.804832 40.051865
73.023172 18.290858 40.949808
58.737727 1.048798 35.344149
32.230987 49.347980 36.059076
24.000838 36.827420 33.587814
22.559545 92.003633 41.317463
64.231494 79.231046 40.029712
62.715789 89.232089 38.139549
35.753949 77.758356 41.941882
79.568593 73.342435 32.033759
83.278052 65.937935 25.838002
61.234453 68.504771 25.341914
44.186706 43.285738 40.108541
86.089057 36.664811 43.471408
77.160616 58.687122 31.428364
97.525173 7.278106 25.913607
13.348861 14.710449 31.028155
78.468282 8.159606 42.256560
73.792559 41.414038 26.704342
22.616996 54.117329 43.332708
23.500900 35.509178 38.399912
79.314178 34.813516 42.851270
37.729683 54.668144 34.663951
57.855899 95.032182 31.666594
92.896074 34.747513 40.786505
22.196286 80.558177 41.950011
18.491138 43.895900 31.114203
15.306189 45.064874 33.749900
43.970343 23.232713 29.239193
97.231746 50.309406 29.374193
70.038857 31.726010 25.642734
49.727010 24.504243 25.581277
22.333704 25.875491 36.061583
42.934960 25.114624 28.726841
77.738020 31.303163 25.323075
94.581642 56.042180 32.817983
43.902563 60.243107 38.631525
73.996312 23.053108 30.776248
21.885405 96.636777 40.276902
30.514029 91.868723 31.086754
50.274060 56.378151 40.684892
18.363664 37.057187 39.118468
21.031190 71.736824 43.708268
92.164276 15.227757 35.499405
8.589261 8.309482 42.129614
99.329058 78.532841 37.635988
54.135978 27.674256 30.125164
47.412003 51.663181 34.201891
83.337217 99.442254 42.093396
37.879117 94.772168 41.738837
77.812422 9.704029 42.413387
55.094135 75.933737 36.171212
18.650403 69.215823 30.461054
71.113874 9.171417 29.082394
20.627875 3.725915 25.928989
29.949483 90.320058 26.916318
72.835782 96.554824 42.426775
92.635956 90.711990 39.558532
78.338956 3.752967 32.388429
45.099057 66.348113 39.257265
92.832118 86.984701 36.001209
89.416984 0.616232 32.684829
32.730051 43.387240 40.716791
83.525313 49.843634 33.182481
51.920638 83.581490 25.786463
54.861354 89.348314 36.200142
11.527239 87.671979 40.074292
22.962835 58.081229 36.640590
51.710001 43.752101 30.439157
40.825689 36.427629 30.741947
12.195990 86.685263 35.908944
29.973622 80.937522 39.679788
88.162995 78.362794 29.592702
64.917314 32.157675 26.078581
57.099665 68.077375 26.299064
12.542190 23.116887 42.526224
89.792459 25.738005 32.109465
42.880061 52.058187 39.085887
80.131159 82.764130 31.949927
83.868146 52.221668 30.880884
85.293999 23.591370 37.522103
56.578182 32.577656 25.402033
15.469558 27.222853 34.361175
31.835794 60.339855 32.057680
39.917417 11.403347 27.491766
27.548815 60.159128 40.050459
46.599084 98.146478 38.081951
62.248553 22.867389 40.892060
0.585642 33.764214 42.378476
57.770046 18.813596 41.153804
78.473368 13.628406 26.142333
81.476368 75.216657 32.655746
68.750407 4.383472 39.189299
40.278603 77.573621 38.643650
25.563070 89.467555 39.879748
99.475167 60.948215 38.572817
89.380051 76.332390 40.813869
89.480878 65.295626 34.031210
84.869964 82.019262 38.057570
0.439263 98.825280 30.446924
31.869202 56.090636 33.162720
60.836857 25.071173 27.367259
96.403906 4.555676 38.003939
31.379773 7.846363 42.411172
89.015825 46.399734 30.411991
37.753925 89.219788 42.605115
27.090284 42.190368 43.416523
8.808053 34.755498 35.928484
13.793600 59.678923 37.987714
49.997544 55.553115 40.758062
10.039696 30.459042 30.154778
13.816214 61.230668 33.369119
75.672665 49.225237 43.426616