17.582286 68.072724 32.719173
95.680391 0.163153 27.312052
63.311459 33.748385 26.533671
0.597380 27.637340 39.815655
72.120695 77.771038 31.496997
65.602479 73.710658 34.336087
55.694935 38.736242 32.461679
22.376368 61.395697 29.324731
14.516863 39.011556 27.538401
96.197146 48.478807 31.505558
61.219635 72.640263 35.278800
84.949458 94.172160 35.434643
33.307988 5.219885 34.549166
33.886858 45.939411 34.642194
86.009899 30.035831 29.461549
82.453557 2.434674 31.040817
71.001409 55.920400 38.247657
99.493481 9.900334 34.878258
17.481913 50.999581 35.927557
98.355001 48.674713 35.810697
4.804221 3.559008 30.642995
0.152307 61.122951 36.025585
57.353971 64.508066 31.600136
38.310159 23.403825 33.990516
27.184965 88.210291 39.810688
73.562211 82.996078 40.078296
61.984253 14.906978 30.966645
83.654167 65.273355 38.863732
16.024903 96.623596 34.162252
50.512690 80.940974 27.457696
37.664545 67.634462 30.308299
56.695706 76.116769 26.737431
74.989584 42.554669 42.906083
21.661588 81.571770 37.198730
29.466926 8.339215 29.454170
30.899553 12.600822 36.980844
64.690131 38.512448 26.851319
34.521960 83.669270 25.251272
28.365775 73.209249 28.554536
47.448765 26.115925 29.509844
69.254249 59.751917 35.290925
5.856466 13.079483 29.858563
44.743912 92.409419 37.712060
82.276339 43.993580 36.647693
25.419716 59.015218 33.089960
42.466122 90.612582 39.337877
37.890609 1.816666 28.977560
75.950189 39.708125 43.684487
57.765816 58.400890 26.098110
18.561281 82.861077 40.742431
21.418216 13.546859 39.466374
28.882887 0.590495 42.160480
92.021166 44.908664 43.573508
80.258247 46.063106 29.150500
27.780944 71.178380 42.691722
88.444664 90.894071 41.779755
94.711825 99.847839 29.597764
11.527940 89.519940 39.858452
99.235458 38.212508 27.041983
36.859195 67.966336 40.466298
15.535024 7.325490 28.165151
15.820786 58.438415 32.248895
32.721891 39.034689 43.229768
83.334104 64.035380 33.058250
29.281285 71.246710 27.652056
53.372425 56.289921 32.009976
62.207844 87.142135 40.492745
66.563238 57.412090 31.763587
78.018521 38.902214 27.407352
60.716665 4.751677 36.446377
20.589764 73.363652 25.695524
90.813050 92.725191 40.446599
33.367230 49.902926 31.801681
75.197267 90.239564 33.407064
7.762106 88.449405 26.166799
11.080964 14.679065 38.676451
56.616206 67.116628 27.996807
30.845930 11.173402 31.689991
88.865560 85.499150 38.022930
42.415020 35.548525 25.875388
78.935032 3.656156 27.024795
57.465800 83.305743 26.004536
20.045707 7.464983 28.274782
67.794310 74.367403 34.700369
32.798028 48.625739 33.724561
46.796452 47.880558 35.452300
58.859940 97.943156 43.342685
63.011881 31.231528 26.419270
39.849459 70.610407 40.415553
53.912354 19.454211 33.770043
76.780625 49.078591 40.426432
2.136371 62.560759 34.922198
61.456692 90.770838 35.960221
65.982534 48.359167 42.971321
49.395523 70.402057 32.990727
33.048503 14.003490 28.811661
62.926826 6.311411 31.892187
14.825989 97.133008 29.586667
38.196291 9.261707 27.015362
68.690274 92.991324 35.200748
32.838891 83.469029 33.601957
75.951413 36.423630 33.504166
91.627707 47.361339 38.319222
91.568025 33.909957 33.393911
73.608332 30.175195 35.085205
5.711147 84.361829 27.135560
70.306392 12.168367 25.760979
36.831767 65.726064 31.221993
88.012411 0.114413 29.483619
54.351229 9.172397 34.524800
74.527319 57.446999 41.355592
23.188709 9.499368 39.970386
51.260058 24.658758 27.118197
81.874340 9.579482 32.137016
74.889533 59.100614 38.013500
57.308632 14.398963 26.085588
57.588148 78.158645 28.879628
1.458567 38.591406 34.091306
1.560009 95.490850 30.433001
78.984928 7.713840 42.204250
22.875707 77.194382 27.214152
28.639956 22.298022 26.684310
77.202440 51.620297 39.173341
15.129543 79.205518 40.859192
97.384574 62.390792 39.286416
0.784726 71.067759 33.903450
86.520424 57.707364 35.294457
77.294010 5.196575 32.916077
51.619163 90.151641 25.358223
8.914472 22.234306 38.122278
49.792855 39.975366 26.781067
75.674033 6.676898 31.441758
18.984261 18.378262 41.458640
63.175142 56.109734 37.480497
74.646153 72.035225 29.740563
55.941361 18.892742 33.529345
54.417760 18.150337 38.728630
85.896500 79.542427 31.264375
77.035032 40.393598 34.836392
77.756859 43.212688 28.061246
57.747159 12.923839 37.665859
26.321222 69.497550 34.059064
38.958050 66.010484 31.313846
60.436058 10.481577 28.106579
92.085502 43.878980 27.107878
59.660030 42.901841 31.785529
23.956339 54.074577 31.632714
12.983761 65.819177 30.226070
93.230711 5.116037 33.071082
35.467233 32.406373 43.618238
33.811980 52.618214 40.761688
48.444421 68.202060 33.495792
70.282498 73.493730 38.797163
92.812674 83.086971 32.041758
28.400021 15.597554 30.118424
82.230896 4.847132 25.443512
18.455439 70.715580 25.868966
60.995125 12.059665 37.065589
26.745220 28.593593 37.731029
23.296344 14.299669 25.812297
69.127119 24.408998 36.112117
30.953292 50.010089 33.697112
13.144107 13.064367 35.137940
11.528992 96.698720 26.547028
85.972211 1.124289 25.198297
65.456672 94.891543 38.788340
33.162848 35.310911 36.846613
47.294166 86.619667 42.591905
42.435011 49.974828 39.762347
0.132086 3.704749 26.476429
56.040640 31.864950 27.263573
46.230732 95.425592 41.867095
36.826455 18.531043 36.611707
6.566796 72.709035 43.128788
55.410133 80.538844 33.062406
20.111519 37.195798 28.603051
29.720028 38.215129 35.039709
13.832621 20.786920 32.228930
38.517388 72.334434 26.975823
28.847843 62.421440 33.061404
34.484596 4.690389 25.538090
4.288565 33.956412 32.929018
18.823584 70.146015 32.830764
56.696689 28.281476 41.873159
1.501181 11.394544 26.841090
59.817385 17.034497 25.879407
74.846467 65.102423 42.742636
5.119954 0.205273 39.707253
38.532443 85.585607 40.631815
64.050839 66.462375 36.130246
83.844138 50.032947 26.477779
17.686336 1.954601 25.908337
88.335066 21.379632 30.117429
2.713188 24.085483 27.341614
77.695947 37.951325 42.581245
46.900752 85.146388 42.591605
38.000066 29.811428 38.508091
60.541185 93.757254 27.123661
7.249303 14.699117 41.203682
73.533693 18.581184 35.551287
72.701902 12.467167 35.162394
69.890592 70.280904 40.234073
95.214222 76.784760 30.278784
60.494437 76.225667 43.738417
90.175657 48.209499 29.489281
95.221198 76.643553 39.335347
56.133514 38.539400 32.760105
48.361562 39.969337 41.819323
65.952321 52.747895 26.485263
97.816027 87.645244 42.749642
7.254297 81.618077 29.246979
99.224416 0.179626 37.205542
58.120690 6.990837 26.338703
13.830607 2.424500 41.861778
98.591975 43.374385 28.288069
44.408046 4.916870 43.584798
41.249054 29.038787 32.712491
52.471018 66.462270 40.490244
19.167607 16.558319 27.841574
59.687338 53.016342 25.232017
32.746337 63.463319 36.933842
15.078769 25.868641 39.653372
56.814579 98.818957 39.077094
66.977152 90.686931 38.150825
11.128850 3.624776 28.200061
87.115461 39.759077 26.924680
38.406629 70.745286 37.740170
43.085189 79.752761 36.715546
66.910223 1.003706 31.753925
71.663852 87.666348 36.904236
47.383597 39.213808 26.598775
72.642319 84.966027 31.357774
22.139050 89.519337 39.672883
37.350758 29.653863 29.905451
88.265518 14.655654 32.286885
47.895501 20.112497 28.282536
60.209715 39.468188 31.763298
53.897984 77.101450 43.725921
46.300698 54.738700 26.573266
82.196493 73.689791 40.569158
83.089622 35.149874 30.342254
6.043707 69.929225 34.504240
12.167094 1.709553 36.525280
40.976911 14.849195 39.757897
99.345446 6.072962 39.316475
76.139556 25.937927 30.528307
9.902274 68.016318 36.814587
84.471241 83.396319 38.032156
92.608194 15.114129 37.364676
98.762405 11.171980 36.755252