50.327801 77.036741 34.911716
95.735645 83.826947 31.720372
53.256311 87.135924 40.371108
68.216312 56.682401 34.010527
14.475939 56.894395 36.870501
24.707801 98.629767 31.365864
71.669180 5.441332 33.389904
92.832275 99.921483 37.603846
12.042263 31.823704 29.207647
7.760895 16.770185 32.411626
79.867514 11.936356 30.694635
60.296489 57.115680 37.728504
92.758211 49.107778 42.691454
89.705684 69.821821 41.710705
94.146822 13.841021 41.315542
1.596665 21.218254 34.311748
98.217223 88.488137 32.297114
66.511010 69.290543 41.945030
28.272423 25.905904 32.465569
91.204021 81.276962 39.433363
19.836437 1.459589 35.010317
29.681005 77.671195 32.933937
75.728144 71.592223 30.750312
35.580768 63.697508 42.652925
40.962361 51.053322 31.932923
91.739734 22.141994 26.532833
24.212616 95.369376 40.797699
94.678316 92.683688 41.812629
93.899068 20.764643 33.329491
1.046014 53.010789 28.188582
36.352169 69.706173 39.746687
60.669065 59.160729 40.835744
30.086260 11.352786 30.783206
58.573940 33.666205 25.516710
94.034574 32.123128 39.909432
28.655220 27.677345 31.007175
62.276057 99.403877 31.179527
40.169013 98.542578 25.657515
89.003351 54.867786 39.831501
80.170871 66.478005 37.850789
35.253087 11.926952 27.250940
92.766945 2.726692 28.169327
1.974227 79.872328 27.385432
9.898876 74.820621 38.960150
52.032520 94.575064 39.805020
37.992015 6.422979 42.724066
90.680779 35.596185 40.327787
56.578826 47.613230 37.736837
86.953200 15.821058 38.049267
88.698668 22.238910 36.021230
77.107354 36.839425 42.526887
33.233341 6.944632 35.534892
52.837534 91.452670 37.971232
44.698148 78.065560 25.247917
63.787160 29.097223 29.762420
34.409137 8.505247 33.692955
4.220847 38.691327 37.563125
85.990393 23.358063 32.325478
23.725428 11.881848 31.781009
90.551740 30.215807 25.327011
31.436277 47.102307 27.960426
85.150905 96.612987 41.539367
46.072892 33.167549 38.265871
24.452315 63.967311 32.838380
19.330686 37.517844 38.430996
83.795725 22.118490 36.555994
34.677363 41.553571 31.095512
59.379585 99.794964 37.039308
50.926847 7.589399 30.434098
40.730374 58.027758 25.764693
72.111979 75.111764 34.766087
73.468197 60.360074 33.652766
93.928852 93.306107 36.343967
52.491083 29.714806 33.866745
4.529932 56.338600 42.843948
93.958823 33.002247 38.299006
57.682572 6.272526 38.010977
92.566280 48.248005 33.295036
85.735801 94.387725 37.941916
90.424298 16.715181 34.456946
25.498835 82.989899 26.803811
34.760739 99.641265 38.423537
94.882260 72.143127 39.914594
82.117418 75.424278 32.614633
83.480694 99.685836 27.930842
67.555763 2.407753 40.693365
50.856892 62.983498 35.034490
87.423065 6.810075 32.088865
75.712297 73.287522 42.656710
21.742461 28.859087 43.518788
16.223682 54.445791 36.642187
79.734268 66.937957 26.070398
62.798210 75.209636 28.643469
26.239865 81.146240 27.356139
82.093525 10.828316 28.589889
63.709975 60.217556 42.101367
32.868781 56.455277 32.019361
81.575402 63.726846 25.539690
50.716012 75.994016 42.255624
19.028736 76.568632 35.426796
42.959208 62.301127 29.204333
99.427680 79.560294 35.195289
40.992167 31.536490 37.511055
21.922130 67.077524 27.532383
34.145713 63.314902 37.246358
44.975704 22.512667 37.776783
62.733378 71.897552 31.621616
60.697059 71.322697 34.559864
64.003477 10.286837 43.568214
88.383172 63.161452 34.193723
80.668318 11.973080 40.205183
54.937794 19.112672 31.150853
44.077545 55.597535 26.418657
89.015869 37.385392 32.672430
71.120698 0.957132 40.860447
99.141313 88.078896 42.360992
12.774033 20.322730 27.143877
61.040989 3.663137 29.509129
16.726739 75.426618 41.619443
9.883328 52.761689 30.529161
4.154667 3.281362 31.814534
64.382245 36.850833 35.062296
87.378283 96.966407 39.710749
47.986602 38.689753 35.266024
26.585122 87.979114 26.815369
10.878643 74.697641 33.871695
21.369055 73.414627 35.529983
34.039887 10.098450 25.017667
65.390986 15.549094 37.906849
70.203984 79.027120 43.004311
59.226668 92.162377 40.466558
15.338787 83.171545 25.770895
61.312909 83.996473 28.564130
59.890809 12.552221 37.235719
65.193240 17.375539 36.111026
69.089180 82.205168 31.425665
85.872878 95.861482 36.081601
1.924348 97.575225 29.776547
2.439630 21.232979 26.037131
22.583269 14.094893 35.528290
30.337383 65.529087 28.043280
99.690852 88.926912 43.193538
5.560969 25.991872 39.094400
73.287615 96.416296 30.414674
10.982615 33.281202 39.615734
50.161733 78.862480 41.452667
67.284005 0.928037 28.692547
0.506252 26.813993 35.438320
15.183082 29.719012 38.684738
86.650541 6.120874 42.269253
88.325830 66.241690 30.238637
91.739282 2.130198 26.019566
71.837787 78.346371 39.493138
17.305432 27.681656 40.977332
35.371695 90.684522 42.554015
24.263517 76.013006 37.299366
19.000611 15.438081 38.444733
56.621784 77.964980 38.321291
59.912225 86.556247 42.307391
11.868923 78.642714 34.722873
70.337870 84.602350 27.273555
55.943738 5.397735 28.816603
66.713708 36.000340 27.461163
66.883933 4.323961 42.305422
13.420126 36.046064 33.582840
80.274007 65.916635 38.846265
94.151945 8.488177 31.973001
16.662729 82.360615 41.549196
45.041225 99.826254 32.109643
26.495882 56.736323 27.728081
16.095444 26.144009 39.879995
11.773006 56.059516 33.973069
75.421027 71.330627 32.454438
24.049945 14.943774 32.165610
34.207432 83.798680 31.607287
15.155798 99.485467 40.446526
2.637268 38.402871 28.339763
97.866111 66.918556 40.347235
98.962185 90.797408 41.565629
74.668590 54.193828 30.670477
14.763605 43.063717 34.917645
59.766063 7.492268 40.760690
15.199952 49.295552 37.757220
54.774646 19.255965 39.036694
37.706902 90.102854 28.605460
48.857900 64.046921 26.607489
92.720154 8.978104 42.648662
34.064499 80.599125 33.216282
20.415438 32.542980 32.811967
39.253277 63.792351 29.984089
75.203904 53.919391 29.394849
49.886508 65.362962 31.193810
17.137715 66.892526 30.191095
2.947238 43.688889 32.349604
49.080220 73.213160 36.666485
14.029895 80.679175 30.011606
70.529702 64.498131 41.411739
33.360177 45.704881 39.350514
71.872164 20.356998 27.893202
72.350546 38.918040 38.015041
94.464519 62.589792 40.036388
88.776642 76.229696 37.559961
26.802580 40.668197 31.627157
25.435896 29.229521 29.360542
38.707906 76.778375 34.960146
64.805638 74.097575 37.945511
46.738721 95.055127 30.477746
27.410553 17.066639 39.846973
14.562928 79.538364 33.168920
43.449519 65.709178 40.555534
0.018681 10.860080 30.354735
10.031912 5.660334 28.603795
36.179624 61.247731 36.291427
19.546213 55.965176 35.041467
49.575013 57.640643 38.508163
36.224785 18.884344 35.028843
5.697082 36.012259 35.333070
32.307273 69.248182 36.156396
90.093291 31.555203 40.195586
44.768203 54.128293 25.892354
57.917905 97.906763 26.461117
47.502710 38.512548 43.134151
2.672624 82.144145 39.818075
20.783211 67.910615 35.198655
47.679214 42.639237 33.947425
95.384327 24.055873 28.417120
19.897384 32.499357 43.278361
94.760962 35.956156 35.300119
98.924895 50.797348 34.839448
47.959525 32.090682 40.173537
9.757019 26.797484 38.492999
65.252424 25.761420 38.473148
76.277061 40.741503 38.520079
91.143509 44.052173 34.355430
66.673363 14.284099 31.600002
68.033310 24.543814 35.277095
55.863813 52.257807 29.271945
18.648528 49.392456 38.754156
54.957131 8.091703 26.301732
59.568072 70.151887 42.051093
72.136007 86.807209 36.273169
98.869985 60.021448 29.976695
2.809929 91.689752 25.981558
16.213034 0.914666 32.690052
61.710304 1.264990 26.866334
53.599736 20.454174 29.395467
82.379927 36.596348 35.965906
37.006773 78.098157 28.094912
8.490468 30.902507 30.061332
63.975939 99.147846 28.261943