92.818698 85.992160 35.492821
50.208799 19.287393 41.490287
21.970389 7.437474 38.397046
57.346729 86.621280 27.196912
74.582117 23.131129 35.244927
94.589677 4.520825 40.718978
62.604134 53.388693 42.554521
74.590613 69.490230 33.220223
29.631738 46.644166 36.216938
79.637606 52.663679 40.776027
60.533388 41.640042 33.877644
92.649392 28.030869 31.156577
20.748081 57.611608 32.839107
59.112320 27.960433 28.856909
50.467012 72.949529 38.882413
90.463755 65.445717 28.440655
17.924646 32.656471 41.658657
20.248019 21.278930 28.781669
53.750233 91.754890 28.292424
76.445354 6.753004 34.129523
67.445843 19.135526 33.313062
0.930803 49.963927 42.258507
8.299036 86.734212 39.779651
3.162748 59.948039 31.570511
24.123998 97.630838 29.508844
9.917535 27.981195 39.854272
10.395894 71.104533 33.028962
51.705590 39.280323 31.515656
45.026215 79.391185 41.906659
12.674078 28.342549 29.930088
97.121139 18.264905 31.523759
21.165091 86.216915 30.687619
97.103238 38.353020 27.439135
21.765517 1.745906 40.570876
98.858539 55.028044 31.411937
34.201439 54.969368 34.970790
48.232765 81.974161 33.900681
33.401399 75.240526 33.349190
14.047177 7.213481 32.959949
86.724729 87.801767 39.286249
55.526406 51.066147 27.043197
98.033365 82.298546 27.707278
50.732658 42.176489 33.224572
52.899168 37.891991 39.301634
57.806368 21.612457 35.697075
26.082856 46.888531 35.570692
28.653908 50.393767 34.024840
22.432896 42.608211 34.131688
21.985459 96.706422 40.392222
53.339413 49.851454 43.540897
51.169289 10.523679 30.927165
62.947739 18.263575 25.469950
62.775353 57.766879 42.537802
6.260711 42.154258 39.662238
2.737369 28.463366 43.493609
5.308402 7.814315 25.684492
0.742727 48.232906 27.364778
18.651549 84.889522 27.748614
62.424609 79.094641 41.280141
21.225338 75.913458 39.582294
68.913700 96.962552 43.165866
91.832699 59.352257 41.679484
14.718279 41.401669 43.242845
76.069097 35.360391 41.636631
30.666724 23.642182 31.092782
88.754920 14.444935 43.104705
12.678456 24.839204 29.140969
98.465616 0.917976 38.229828
13.363834 99.304838 41.623007
87.291682 57.534861 38.494326
50.923864 61.582083 30.646219
1.731276 26.484791 33.337929
71.123868 1.167372 36.895775
97.049010 46.226228 39.273307
11.189228 51.908003 31.831438
16.665312 87.581504 32.368705
54.074037 7.444965 38.552565
38.210838 95.232964 32.915613
67.946795 70.671327 33.987498
40.374864 38.651361 37.972186
2.187262 97.134072 30.240172
79.254415 62.256535 35.347009
10.371338 48.274348 38.501416
98.522647 64.486793 28.445367
62.107709 88.358531 25.400705
77.659545 29.748589 40.932942
68.179983 74.067637 39.171099
69.803800 39.995040 42.771875
19.944584 6.077962 29.818976
24.370452 9.912094 29.976559
93.716382 26.664145 29.128660
67.840736 28.972773 34.036481
78.579779 8.339531 35.348509
52.884232 88.891309 33.093335
80.271805 54.851232 26.968494
41.696963 62.466716 28.043058
9.297693 96.644602 25.512672
10.716828 78.332604 42.497979
39.571592 75.343736 31.587418
6.673471 94.108446 33.998385
3.269689 42.363835 34.466354
27.089655 81.599857 25.124568
71.304795 81.911553 37.599646
3.068812 5.820851 42.262137
36.296411 38.822971 26.205536
43.169695 26.199434 30.710144
78.942159 95.458486 30.242893
36.173425 32.017536 26.106825
20.794996 13.510568 30.245050
93.574902 27.988118 28.063894
18.331117 56.465360 39.653588
86.765024 72.872928 28.737253
26.440146 46.794782 41.499003
96.511929 13.946457 39.117182
22.240407 20.180229 27.432132
43.106642 36.968625 34.807458
49.003145 44.671380 34.691227
4.407458 30.514985 42.919656
68.342663 62.609005 30.740262
21.737143 51.514553 40.632740
34.877936 54.278008 31.523857
48.604779 68.117642 42.430658
83.251203 84.424653 33.977462
36.142526 7.389613 33.258686
73.176862 27.306484 38.025895
90.242323 64.262701 37.203931
93.126910 89.097764 28.332836
6.633607 94.589159 32.309012
0.442082 18.834064 42.449697
71.736811 82.419810 25.034392
6.984807 13.257449 39.857790
78.428733 93.085673 42.782109
28.018570 51.258448 42.229701
92.280421 93.749816 29.141760
84.378139 54.037655 38.062688
78.750633 49.488982 41.987879
71.788581 37.815014 26.035739
72.990181 99.456602 28.199413
1.855533 62.508069 35.096917
69.826690 74.399797 25.940369
21.662743 43.339795 34.126259
3.860298 52.944633 30.756955
29.469842 71.856427 25.147947
82.613281 92.631473 31.340596
51.115213 54.638059 27.966422
62.188493 35.751912 34.295429
85.857451 6.479136 30.550781
92.812246 42.579899 25.711743
43.343936 91.249603 41.687409
70.464443 52.360036 29.106895
51.966889 92.667237 28.251972
52.395054 65.901253 25.426093
16.892108 20.294232 42.135682
74.199416 74.385857 40.453419
21.110667 65.765932 40.673943
65.527946 12.241079 42.476680
31.269698 43.683775 30.804332
49.280558 82.975823 42.522317
36.432282 46.170320 34.093617
80.539297 51.862228 28.068342
12.554495 55.450293 30.890413
57.073811 73.220598 29.665794
5.421105 6.248721 29.163163
48.403563 23.955942 34.034561
47.995568 57.215211 40.093352
29.529152 41.374911 28.261806
55.101533 57.079529 39.293595
58.970161 31.290308 33.515922
40.049197 41.631817 36.777231
37.494895 50.718241 39.738704
76.642604 91.736947 26.062948
9.951541 25.815477 33.320865
31.027634 19.966914 38.835437
77.766236 10.107188 43.538466
59.339276 90.704013 39.664172
39.195955 67.045443 42.330416
14.427870 89.747214 29.586049
83.172024 97.613138 37.803742
53.430578 14.477035 39.511670
82.963140 89.231834 29.060517
76.627483 49.851871 37.556204
61.750302 58.632283 35.501721
42.098191 61.739647 39.283490
86.233918 31.423136 33.583519
0.880401 69.135073 33.792828
84.517948 1.168730 32.726176
73.020568 27.819804 34.773447
5.582544 57.657395 26.655384
26.160197 33.370976 41.799293
72.106647 94.861423 38.392964
11.973856 48.804940 25.617684
60.606386 13.492573 32.909357
70.887185 22.893414 30.779499
55.861591 83.278053 36.271170
96.186288 91.913224 31.782059
24.561242 68.869092 28.366216
42.853506 55.306052 30.713339
4.708200 89.814393 32.100155
91.457444 42.137754 41.283972
64.840100 91.120391 37.922890
13.097595 43.997106 32.236040
61.491961 18.392977 31.792177
12.301928 58.120394 42.261938
31.866029 91.028031 31.842117
37.526479 77.246185 36.973329
90.512530 2.542767 28.514504
38.195233 20.507482 43.450116
11.079462 24.944306 32.379613
6.911674 16.737139 27.323484
80.287868 52.350213 39.511893
17.709674 99.597361 25.030196
55.750089 47.078622 40.119234
31.212197 90.030929 37.821677
13.002640 80.684344 26.757746
63.819835 75.962180 42.912766
17.822650 57.612412 27.661886
65.649250 2.403655 43.485387
72.997975 56.241487 25.829708
79.373351 46.377135 39.460698
69.902776 47.712106 27.183574
6.838582 93.389723 34.347186
48.051529 32.769434 26.950185
7.386336 56.800693 36.179872
41.148522 79.167911 36.319725
76.823762 76.915286 25.171969
35.117090 49.337803 28.073970
34.528094 37.386001 25.904557
68.048752 53.088517 38.069256
84.667296 12.984763 30.914366
34.945987 32.722203 34.503761
52.655466 67.261675 33.878943
22.603607 18.355556 35.746066
89.348945 98.351096 27.299463
82.381314 33.419123 40.949694
17.723292 72.391132 38.724054
24.779856 68.973435 28.997341
5.014772 55.678585 41.265557
87.948934 76.026346 30.381307
10.221095 10.833368 30.473276
8.938705 42.415226 27.226756
41.828101 10.401726 37.800718
57.608598 65.022969 43.218680
27.619264 48.333900 30.059177
1.162814 18.869795 25.393419
70.863054 25.927014 36.007837
45.489852 55.860021 25.083399
47.003981 46.592831 37.739638
82.533211 59.672408 39.817108
48.164214 76.736583 29.664783
11.501350 99.424551 37.716197