92.753315 56.870324 35.779498
16.650684 50.605232 26.502145
59.628330 58.865200 43.362947
62.396644 20.785127 35.949685
75.700968 81.750411 40.049514
86.358480 75.207906 35.771060
48.199984 95.455975 34.828922
11.317118 50.384563 40.149593
95.654863 23.598025 42.953860
46.867930 4.000689 29.885104
27.382602 40.359588 40.718104
23.202435 34.090151 30.026224
55.076013 18.549993 41.560518
36.385765 50.577386 28.625803
2.547955 13.351947 33.208266
50.189128 87.511135 37.206108
65.015587 14.333311 34.252297
46.247622 84.463280 43.219826
73.300037 43.519580 33.005081
50.237031 53.615585 40.290098
21.007601 37.148255 38.706670
48.040227 15.038794 34.532792
88.264499 13.103763 26.560257
99.140742 1.000360 37.586663
87.119991 45.787233 34.403865
8.871667 56.277797 29.472128
96.236647 94.957438 42.674266
83.592888 41.017531 39.452808
81.646602 98.298585 29.632263
38.651897 38.099584 29.117658
88.274433 6.611662 37.301313
95.044078 78.008526 30.702157
48.215066 13.341985 35.271188
43.221671 58.208077 39.248152
36.386023 60.593147 41.440381
74.257897 0.836805 43.114373
25.394685 76.124769 32.305236
3.810376 15.693894 30.890163
90.538182 16.150885 30.312194
47.487159 60.155761 29.643145
40.160891 56.965959 30.768996
88.248839 46.878337 36.331345
95.483537 27.497144 26.655152
38.451760 10.778885 26.207692
15.051662 17.548501 29.276919
51.566940 69.245011 31.894438
21.285443 25.437010 43.390785
98.112883 66.267459 28.807651
78.063946 67.019564 31.659833
94.159752 78.293133 28.287894
79.470936 48.864650 31.920499
78.549439 11.664286 31.666792
2.802495 94.557694 27.830466
15.988336 54.053329 34.695575
53.959718 6.802741 37.372118
6.207381 52.398343 34.275985
42.655634 30.746187 30.128216
94.407511 89.082526 26.290951
82.327467 79.747166 26.848002
44.666925 44.867528 30.226959
18.014591 27.910259 33.879774
82.793355 84.391474 27.604958
91.678619 5.160237 36.545031
60.038843 54.174054 25.253265
62.808195 18.231882 29.731302
85.892411 27.282886 38.099452
25.914271 60.790424 26.103696
32.017466 32.630661 33.987337
43.523380 62.599385 36.965654
78.658048 53.302124 26.991708
16.466710 87.290491 34.082743
90.549913 28.323332 31.824564
57.414014 28.608176 39.660224
43.513759 0.941283 39.728997
1.442577 39.373527 38.044786
86.023401 82.281371 39.787693
24.522394 97.657050 43.010221
88.410191 78.423972 26.645198
36.188121 96.632593 26.357337
46.978048 63.097699 26.301477
4.340398 53.897667 26.861213
56.380712 31.146429 29.440488
86.978984 62.224348 32.942904
3.811772 85.257093 25.159124
79.385397 94.035829 36.200317
63.369268 66.340348 29.865049
9.247532 88.065710 32.100698
89.303189 26.033527 40.773649
43.382135 75.061431 26.225455
99.740314 59.571796 32.037443
72.862972 22.585740 42.196416
36.618721 44.343722 33.976364
2.515217 11.746837 27.447489
10.092335 29.262542 42.838626
38.266014 77.476081 35.343949
63.715517 13.219251 29.988771
81.763316 64.301128 32.782644
79.682936 43.819770 38.739458
1.313220 89.333729 31.582778
59.809680 59.700467 39.533838
2.615170 27.046411 36.643145
37.291841 99.411043 40.760028
96.234861 96.718253 37.523313
54.398309 66.779523 36.418057
20.441633 17.226497 29.840788
36.718731 25.381758 28.126704
92.574119 28.846415 33.466794
44.451874 2.535949 43.458843
2.457146 34.218616 37.440026
56.836336 17.318421 42.330282
30.856568 12.027745 39.364292
27.521569 38.536436 39.138030
13.162711 6.474137 34.007138
45.271619 3.364652 33.187727
92.235839 47.919027 28.733446
29.709305 29.681683 39.282186
10.052803 9.462932 35.310860
39.602156 35.955808 41.126855
95.622044 99.910868 36.835566
94.308476 91.352250 35.513677
89.461245 51.055980 35.746168
27.843602 32.120129 43.701862
99.859015 48.694216 26.172917
30.967777 41.471013 35.209621
3.340978 9.502015 38.103887
69.883821 90.277750 36.018228
85.949856 32.263845 43.145605
70.537149 45.382247 39.590099
25.071427 66.624261 27.319687
43.775456 41.166872 41.740393
24.801333 78.840308 28.044157
20.420685 54.306664 26.655502
70.828647 19.418122 35.523714
84.976478 43.151295 37.622933
94.095977 61.846563 33.000099
35.006513 32.540872 40.820118
8.121228 27.674979 38.301709
66.606676 54.628031 25.805999
77.868104 76.742830 27.159368
73.427148 64.131828 35.689917
0.888372 65.525017 33.712034
96.502687 89.681032 29.377102
72.687128 33.212318 42.757229
38.091375 65.104100 30.055969
32.496458 35.694633 35.917157
45.579709 83.387278 41.522760
49.694569 93.577500 25.189358
49.475662 1.158693 31.783308
94.857931 16.757392 27.190310
31.503316 88.661370 42.095066
92.634578 40.401663 36.045708
57.608230 84.560689 39.131789
6.946744 15.734253 41.033928
35.425837 54.033808 38.816356
37.603764 2.116821 42.826661
41.368210 7.248941 38.074954
30.824442 87.392890 28.986921
71.898473 54.189253 41.181633
65.389707 47.854150 35.305964
43.587067 31.980903 33.209566
77.344669 49.416231 39.296494
98.246763 69.193311 39.165134
1.719828 96.609523 43.229514
4.160319 14.215355 35.803763
16.695536 3.096245 25.319166
66.281594 48.917839 43.507150
45.106890 83.121899 37.785009
37.084353 51.148863 29.187104
9.691243 52.585239 37.987368
27.566369 71.880707 43.490147
6.223851 62.091614 29.038386
44.640455 63.389844 28.904881
24.943264 62.875019 27.080426
78.419122 20.516375 26.416302
60.642643 44.170196 40.555555
24.688588 32.064839 26.308349
17.123628 80.780113 39.361145
61.839135 9.045413 27.780347
78.958386 62.984227 41.739873
36.893009 69.637390 35.298200
12.431157 85.468422 29.135196
9.902481 62.906914 38.836762
6.030530 37.172334 39.620916
64.699054 34.305441 36.539212
36.983181 65.042170 38.887807
76.591931 19.950608 34.769444
26.912110 97.064160 42.064484
50.306994 49.032061 30.910960
27.168492 70.412058 28.228531
3.151765 23.810572 37.719624
59.974524 27.729802 42.916221
40.675900 83.253423 42.857866
49.186423 61.127828 37.114533
3.852433 8.265451 25.134304
65.825703 32.137346 25.456020
96.163593 3.943557 31.674533
94.095595 75.534612 36.146442
46.727356 92.681488 38.739427
1.175733 78.685116 40.102683
87.800399 54.845651 26.781659
64.237611 58.945973 33.526161
11.523960 27.651687 34.320075
51.679078 22.632466 26.924022
27.611344 71.298257 39.831533
34.976517 26.234971 31.098680
78.524742 80.546580 35.796774
95.255746 27.260390 34.573121
31.910558 49.753538 29.328108
26.445650 35.708933 27.418007
61.850199 99.639899 32.373863
9.906886 34.354039 32.992073
52.197261 15.317603 40.559289
50.326961 37.921301 39.944307
65.347726 47.337860 35.106673
32.247350 37.956171 26.358609
28.462273 93.123317 27.871508
3.466591 72.877066 39.927326
76.403624 69.021248 25.866923
4.260718 20.202655 28.290797
14.897804 79.129987 28.242903
17.565896 83.189762 25.570541
8.387013 2.157394 31.737185
0.994278 7.927164 38.634374
39.667218 63.311431 40.493342
21.197244 51.138705 42.551101
6.297775 61.221181 25.350514
49.707908 28.377656 28.426224
9.807201 2.089647 40.425852
21.663724 20.527070 42.177787
78.534315 88.843552 31.683594
98.346503 70.558808 28.203618
66.237576 2.525364 30.077941
74.515161 9.134578 34.493073
4.637592 84.565280 34.894182
89.668772 66.858545 38.952304
42.412669 25.192425 32.787596
19.352400 30.362818 34.689721
65.567327 70.553911 26.446016
2.516389 77.116162 31.175095
86.705361 45.231406 26.653535
80.522006 35.312035 29.603893
64.411514 71.217909 41.952727
90.945523 99.071564 25.150540
22.278690 72.791712 31.133723
28.329041 80.605836 38.284177
75.453557 77.805880 40.484778
40.135251 81.597599 37.746916
19.304480 77.306909 32.248095
11.006370 45.750105 31.828360
67.403386 63.753958 43.023049