42.833560 89.067687 30.178701
31.838762 0.920834 30.593482
60.046595 70.596344 30.538568
44.374497 59.625489 28.921755
99.811775 79.302591 34.004421
31.546422 87.384997 25.749922
94.617094 46.996014 36.697034
75.442334 13.202853 37.261137
2.664953 79.769010 29.026154
71.794795 30.100742 27.282800
3.917246 45.971267 32.395874
20.933934 79.134951 37.852311
7.634588 82.870240 39.685493
10.309162 70.007213 25.738373
40.821623 24.621137 37.796547
39.052635 65.616870 27.672846
69.330854 40.125838 35.469104
48.873834 51.970353 37.616336
9.675207 40.462575 31.203902
67.736750 61.188905 31.298361
42.954034 30.343529 33.535015
28.595125 41.307074 25.987325
84.604678 72.265526 25.138507
46.929707 30.929705 40.973893
76.655353 53.207538 26.821530
65.887332 53.943794 39.976864
42.223048 56.243966 31.304670
92.057823 7.843101 37.726317
75.105647 92.402647 31.912234
60.217125 96.564326 33.952002
47.869242 55.349677 41.554154
96.314261 23.677911 40.427941
14.155353 16.763636 31.722502
65.428118 40.348727 36.981564
3.084439 10.813060 29.989618
86.395290 16.792229 30.725426
9.999986 26.651166 30.797376
66.451447 65.662906 28.013192
45.642244 71.394262 38.520534
9.969865 52.896103 32.991657
29.186094 86.153155 28.830229
92.595596 12.377377 42.082315
28.644761 11.444245 40.613819
85.518435 57.760904 36.726818
18.189489 15.308782 41.556135
12.818590 67.035902 37.158279
3.468589 61.356647 33.082920
40.154563 30.344253 36.910502
57.131323 76.500757 40.290523
92.650430 60.436213 37.713297
14.420143 22.282500 29.701942
52.523871 96.472876 42.656609
53.308101 28.990038 25.860687
58.254129 52.743382 29.766718
73.883312 8.255545 29.169119
30.873262 6.009612 41.380119
30.761546 98.030437 25.944748
6.450329 37.502680 35.734761
49.412371 55.671476 26.915842
23.029800 98.331769 40.060365
32.002230 97.077667 42.831606
13.203397 32.999663 38.465817
57.836057 98.470986 31.472662
81.745880 65.668252 40.811652
59.123993 37.573465 41.750655
69.275809 36.739737 38.033698
81.049658 52.870849 29.109295
98.075605 25.987208 26.049580
16.526909 49.186166 42.441462
31.914440 91.671679 41.018216
94.062980 58.834096 32.391565
41.162157 92.441390 29.525431
93.581406 35.636059 41.449303
42.268182 99.144578 42.685323
20.569275 20.899861 38.156340
50.114972 54.331436 42.126638
72.212843 25.489202 43.580345
88.446386 20.673806 43.457982
87.643477 74.494027 32.935794
7.350087 36.276125 42.134193
81.641695 58.865907 32.196156
43.604698 65.260033 41.845086
94.373311 73.190505 35.104139
8.774744 11.991675 34.641712
69.015114 90.741103 32.450637
6.924046 78.782626 26.263685
90.716868 15.162868 43.330397
86.155308 97.735829 36.076307
63.471582 1.747949 28.681038
24.871402 52.289498 31.539924
55.821499 96.962704 43.152510
24.259382 99.308435 28.828441
26.130001 26.453909 27.307531
38.827848 27.670354 26.795290
33.293076 68.052113 25.008542
77.002741 59.115166 31.754434
32.298099 92.061369 26.089279
50.229727 44.021890 39.157174
63.494407 25.414992 38.542381
60.421911 68.501986 39.810238
82.309616 64.585495 42.608231
58.472804 58.581602 36.031887
74.272671 70.969264 37.177819
11.973817 12.759029 41.740183
21.243939 9.633503 37.787168
34.982892 1.744807 40.979971
46.056193 35.901953 41.937893
8.158080 62.052792 40.307683
26.088259 43.672243 37.813468
68.270981 27.509926 26.222233
42.132929 42.459607 27.399206
17.552283 72.246738 30.290622
52.461494 26.398865 41.588517
21.565231 80.294979 33.233375
95.639598 74.225495 40.331597
63.675545 6.723327 42.979582
46.162952 54.847477 31.922305
48.290219 95.998292 34.332051
83.094619 85.033393 31.161040
57.544454 7.239087 26.440315
58.706611 70.084553 42.506618
54.994110 99.899603 37.983306
50.149339 58.619764 39.325130
16.326271 38.530174 37.627428
93.418253 45.363843 27.335206
8.642138 80.290189 42.651966
80.459302 92.235301 27.459627
89.745628 88.935172 26.616034
69.288097 36.666609 42.179641
19.241985 87.480058 33.789551
5.212057 14.262888 26.879912
53.756853 59.437133 29.373439
14.278488 34.812472 41.933808
6.825914 60.677313 28.336171
73.673484 31.989217 36.840056
87.975893 43.362245 32.647349
18.870119 33.812833 42.480368
55.232774 87.415161 39.788673
6.514012 9.831751 30.661487
10.306743 15.784810 41.511951
35.948031 88.452833 33.985657
20.792566 41.504645 35.053351
76.306897 99.550772 42.295819
30.527890 27.371844 32.371983
4.069523 77.272438 35.819589
40.989337 72.442754 43.481276
74.403560 56.882990 37.013630
16.355665 72.506604 38.344688
30.642795 74.441051 25.130003
3.767086 49.203308 27.016764
68.415981 78.819974 33.013447
77.699770 91.897713 28.773956
52.507825 96.264625 33.490064
76.305717 30.742273 32.589874
30.552567 3.474416 42.298201
87.427247 43.441454 29.541782
13.427807 62.137136 33.837322
54.655264 35.932249 36.231759
69.439526 79.319873 28.723905
69.996867 42.223713 34.419541
98.873616 92.541241 25.908003
29.087237 52.065335 33.347499
50.633905 29.079875 28.334297
82.312889 19.372130 35.138441
53.623673 97.750693 31.831922
44.435096 68.587397 30.099332
65.844993 18.707032 31.486775
43.812515 9.964347 34.428671
95.165000 97.219930 35.237300
27.040420 43.171217 27.918137
91.456856 87.053751 33.744895
89.828517 75.287203 41.582385
48.168000 9.114255 40.226440
31.372044 0.727714 38.944917
64.187135 1.316627 35.874309
3.857771 45.551520 29.414416
13.294914 93.585287 36.787560
40.867664 50.165405 30.779067
76.661905 57.769480 26.450577
36.708083 49.768364 41.527636
91.662154 51.706150 33.528726
0.484916 90.050333 35.328055
89.170731 29.131882 42.700543
3.296123 95.082060 30.367343
82.122909 55.974806 29.826407
65.632409 55.977316 41.752449
47.004298 37.115131 26.290392
15.664229 31.297809 36.644309
56.837497 55.628489 26.828001
31.282537 12.067751 33.175071
44.725720 45.090762 43.211803
4.044158 15.054225 28.692929
15.065429 68.103429 38.029400
63.852374 78.506424 38.215193
15.400497 50.720275 32.954383
54.768762 39.235583 27.312538
57.956110 54.932003 36.597789
33.418165 24.736146 36.271926
58.812750 6.443067 29.238187
37.296282 18.814259 35.111418
84.146507 11.602885 37.227585
32.937497 43.722927 26.539196
1.731756 38.896235 26.828701
66.108272 83.535915 31.233165
88.940925 53.879095 29.784241
90.979016 46.063842 33.374919
70.036450 90.620581 41.923366
59.804020 14.426468 40.423549
30.590760 37.112619 29.960304
60.047756 74.926170 27.372218
7.951343 83.409562 41.365876
17.442181 61.276192 40.906484
4.296032 43.048630 33.631182
31.295285 18.033299 34.156649
9.764176 56.730933 42.515946
22.556836 28.256187 25.041233
21.658756 78.735448 27.447260
97.080170 18.833193 41.006700
62.409209 36.120963 30.925631
61.299892 82.349199 34.166945
89.589176 46.810038 26.047575
48.250273 83.763553 29.147568
65.489901 37.214079 25.089330
52.975848 63.838690 39.969971
84.819973 86.697879 36.959455
28.600633 84.328073 34.020106
7.330179 57.849343 32.684077
29.648651 3.955068 27.798837
85.197494 8.036791 33.328453
83.728222 24.737125 43.306247
76.484935 19.898211 28.914265
55.941229 9.482707 42.274734
84.701751 97.911776 41.452159
43.551136 59.237113 33.908688
57.365941 71.754164 39.948835
77.302209 79.190454 42.411209
26.873962 21.564066 39.040693
0.476361 34.344699 42.120320
30.461033 30.201132 35.260175
94.588076 21.377493 43.287856
43.041014 98.051591 31.023455
15.081731 35.730404 30.136754
15.262391 22.543364 42.854094
4.677309 71.669230 37.277147
63.906098 21.941842 34.178617
68.912779 43.340397 30.090906
22.919124 45.344060 39.079582
90.506046 44.235442 33.749911
80.085252 37.000434 28.406241
95.787725 30.884488 37.182396