70.547825 71.681287 32.017657
74.811954 52.062106 37.014042
10.023924 18.999953 43.638802
70.711567 45.625889 27.106996
78.937893 55.452689 29.478344
93.103181 80.514291 41.503669
68.095546 98.618523 40.626070
77.607306 70.280219 28.410790
18.271297 28.473269 32.378951
47.011759 51.638417 29.282487
62.108064 35.959865 36.109579
38.465774 86.573896 38.606766
56.996935 6.540912 36.503758
45.868895 39.444507 30.364149
0.872467 50.956321 37.347390
47.782297 82.952835 27.498079
2.385375 45.272145 36.605616
97.238723 72.416873 37.001034
98.455840 99.773906 40.581153
44.064038 75.607363 39.353926
0.737675 64.886248 41.824457
42.107887 17.432074 26.949438
17.628005 54.160654 36.460836
72.473421 93.071251 30.295493
97.062011 21.530112 29.071419
7.984710 90.392262 31.108378
47.893192 54.888047 32.411956
44.851080 27.928412 35.502361
96.494951 20.874403 29.640701
71.435365 62.085456 42.786664
60.497976 89.651249 43.620536
60.109234 33.515199 35.718380
63.791838 38.481280 41.283119
48.857291 55.966847 29.400307
4.254910 64.939702 35.297823
64.934820 94.296380 36.858754
65.003345 12.572726 43.694037
41.384735 90.282905 39.336212
52.798805 37.625358 39.930641
99.120644 71.266428 34.697072
14.182127 79.417586 40.590511
52.851053 96.983798 25.500358
7.171561 81.690029 25.715345
82.695885 82.547342 33.945837
44.756338 60.100027 31.565967
88.357018 15.007771 38.286009
32.792091 4.797601 37.097999
62.420561 81.669378 33.372818
7.023430 50.070222 42.807653
91.656767 3.333234 42.582030
45.421844 22.316737 41.252401
90.038558 39.549898 33.474568
48.845480 76.327990 38.020970
15.980831 36.221263 32.324957
18.318748 81.799640 43.744774
66.682406 19.800564 35.749594
14.832474 54.193176 27.972632
70.751315 41.405555 42.329549
20.795036 53.196077 37.032482
64.828908 11.604880 36.881945
31.228053 92.955037 39.649456
81.617016 64.535080 38.524943
6.194007 14.707697 41.074161
54.377245 46.766119 25.939755
17.271455 12.935459 39.491529
33.439411 69.768985 40.718580
88.022514 25.618125 42.051574
84.408724 73.793306 35.089336
78.508781 21.754499 40.966675
13.280563 81.362255 37.523710
15.854142 18.526378 36.660853
68.127757 37.571361 30.430503
72.528039 29.156140 30.502764
4.871830 72.440189 36.542338
70.074388 10.266050 40.218542
70.064050 57.208898 33.914498
60.938294 83.652816 32.644092
98.855489 45.295339 28.725122
22.320555 16.319641 43.523943
70.197685 60.458171 41.776202
42.814237 1.607789 43.303322
75.471120 61.704296 30.757794
49.839840 13.617064 32.163280
34.260385 47.911243 39.616365
50.481967 11.744699 33.785883
46.333489 20.197935 29.241211
11.439765 8.190295 26.073865
65.590421 28.873320 34.588498
35.605347 46.648212 37.168632
57.027683 84.075244 35.517074
27.436948 14.993186 39.703165
20.213112 67.314616 42.300370
63.730764 21.295887 41.620693
37.317647 15.658834 30.741064
94.005631 2.618857 25.096145
51.221206 57.971451 31.788509
27.601862 27.193076 37.035620
17.721967 25.728332 34.600878
93.039447 17.589950 41.316960
83.711437 52.084605 32.870268
76.300766 52.786724 42.207177
93.184457 75.386936 36.847442
13.347549 93.791878 33.423382
35.830646 20.089881 37.390928
1.620492 66.283016 43.678823
1.697594 16.209930 34.628947
52.454811 18.102330 35.090434
47.219371 16.165349 38.640506
25.821668 76.014129 34.268009
55.297314 5.697264 26.325182
46.715736 83.852736 41.416883
46.624944 59.304749 35.966718
82.527121 80.772106 40.941971
9.679055 56.448704 37.784174
60.010736 38.915075 39.295411
74.344146 13.516820 25.273357
7.226824 42.593641 29.954348
19.431896 33.240233 34.790137
27.496569 18.689961 36.771150
52.891109 39.206163 39.833028
54.879479 96.669299 35.836404
61.862710 21.173133 25.435392
80.773136 51.286285 38.101957
28.586969 74.162804 31.822101
3.407606 52.631484 28.246278
41.485458 16.544335 33.371867
98.265857 51.969507 38.732959
52.840543 38.191892 27.588993
23.014356 35.898189 30.961035
92.336309 56.661483 36.475146
78.419525 80.422440 28.863665
99.722339 58.634984 35.060996
74.570871 30.928569 38.218552
99.554478 91.333641 26.037780
87.970167 38.928470 26.283507
51.135587 4.948084 35.967769
98.889201 46.837365 30.380145
69.539171 22.447472 31.795258
32.004515 94.075595 38.550898
51.930435 57.872532 42.453270
70.945306 35.002173 31.223978
53.498240 2.789450 43.400074
42.223218 1.685458 28.919732
3.965112 28.530877 38.916289
84.909333 2.053925 34.093140
88.114784 86.823499 41.330221
34.252958 94.868886 26.564173
14.638540 28.979860 37.850201
94.601970 88.077805 35.993535
30.570287 64.444543 42.548234
21.878723 15.165702 39.432216
45.013460 48.466216 41.987086
87.872356 34.545544 26.657457
14.627711 20.176914 39.941121
11.482609 73.589440 38.175576
83.888309 79.987806 29.113706
86.358157 99.042880 31.613295
39.605731 75.433937 29.940572
34.063941 67.291959 41.765742
75.706545 71.299697 31.148547
28.927604 99.141732 43.087865
40.410011 74.876106 36.403532
33.977040 88.814114 28.505289
67.542853 92.434840 43.313096
34.340741 64.039284 32.821021
63.564163 96.357080 41.166491
67.417379 28.853712 29.761298
11.032990 78.024595 36.221379
14.949862 47.786397 34.074699
93.172029 26.162604 27.992951
79.301651 37.331062 36.700763
89.609927 98.860301 43.432535
10.754702 90.038474 40.192728
79.623713 36.710987 37.968477
64.162292 96.843633 29.356056
0.362163 96.007314 36.260431
48.034603 6.172539 33.546380
56.406606 54.602621 36.540182
62.756643 83.761124 31.743529
50.022432 36.956171 33.953012
73.124367 93.539666 35.064243
35.121674 41.521298 34.460151
69.391558 97.280754 31.311605
47.972365 62.674980 33.559141
91.728476 42.118193 30.036078
8.953421 41.470997 33.466841
23.577302 97.532242 43.414038
58.127447 53.912073 34.905296
18.353438 59.669275 38.047719
0.351419 70.850500 42.543276
0.523802 9.297043 32.348008
86.223007 38.754785 38.711779
74.128884 15.815818 36.429820
97.252888 1.489753 32.147212
62.756797 2.951254 26.581044
94.564740 72.262690 40.550891
4.284057 62.478115 29.635268
61.319110 52.466164 33.107866
28.773339 18.688858 29.484994
2.300865 61.343144 42.003253
48.999561 10.632737 33.871413
27.546570 0.482189 30.131076
92.584346 93.165329 39.091596
2.714973 81.773148 27.460058
40.250433 14.651476 32.186467
84.199022 82.846601 27.732738
97.343502 1.886967 40.661395
62.605670 27.734858 27.893329
31.196705 84.424089 29.941566
70.085486 10.591157 26.889308
85.320932 76.347823 28.388291
87.551317 26.933860 41.924649
56.857236 10.952816 34.857216
67.507044 43.818413 25.310389
33.947713 0.136005 32.285800
13.367152 30.657274 28.995067
41.984329 37.480874 28.298865
83.658602 80.425512 37.948593
30.343224 89.134045 34.860802
90.085015 68.545773 43.602825
18.544277 43.283732 29.014133
46.246437 78.661051 37.564404
60.420921 16.979882 38.812168
81.753072 84.970714 40.664844
72.733066 70.403837 29.311064
8.647549 18.181628 43.684865
24.884168 93.437203 33.607885
29.431708 42.764107 33.485267
49.205759 21.806142 30.897020
56.923474 7.716798 31.891132
18.079817 21.300430 40.696795
58.222253 67.883844 39.777862
70.754651 94.929036 40.021820
61.268973 4.985817 38.176307
55.968041 37.541732 37.608957
40.665211 76.202797 43.675870
83.988592 85.092051 26.394027
81.153942 73.887660 39.777162
40.811749 57.350114 42.133201
70.450078 76.507171 28.096813
46.796792 30.231969 43.453428
67.664045 26.169984 29.927900
55.584404 95.714849 42.451966
52.352776 80.519999 29.043620
21.771114 6.662922 27.031578
17.918464 2.464227 40.162748
6.429432 92.990708 27.237689
30.764742 27.538590 42.263438
16.322704 90.635311 35.642834
62.634305 46.422652 39.709034