59.079266 97.603614 43.348121
39.334496 27.830461 33.513207
39.315149 2.845371 25.094404
12.131563 10.400216 41.309966
95.122823 1.908631 30.940118
33.405722 49.727547 29.524087
98.192211 98.928929 28.072300
8.985153 38.972578 30.991457
23.196954 97.149494 35.807943
4.367376 91.980689 36.449033
46.270192 23.495720 38.220945
86.757725 42.254618 36.083163
96.480801 90.762622 37.480013
73.457681 81.587708 29.123570
89.484387 91.052566 34.035575
46.456529 29.085584 29.813443
9.327142 87.192568 35.007172
93.779630 89.516372 26.819282
40.500267 81.352481 33.328858
64.335232 59.778601 35.985382
60.985764 39.379655 40.866816
4.546808 74.201336 35.107937
40.288070 67.632920 26.831943
11.363525 71.010641 35.925753
72.659741 70.334521 27.066333
33.029349 77.953055 27.460325
98.206382 88.647617 39.753356
82.156253 47.118524 31.860841
65.691832 52.697137 32.692111
55.342160 47.741394 33.239387
12.047392 72.027277 42.307924
59.271452 47.716533 39.421637
76.048793 97.280381 33.052734
99.065884 50.910050 41.969979
96.168465 74.923258 31.700504
9.192232 45.562922 41.696030
35.751448 16.106124 33.962341
41.843017 67.041288 27.361505
44.350457 7.773122 36.234643
46.520145 77.392262 31.969054
4.657887 52.912801 27.049566
69.561415 67.352691 28.838392
15.952401 86.437578 33.429599
28.409737 92.217496 33.095192
13.637127 87.379818 36.195013
35.353574 41.196125 29.091411
97.815420 71.260228 40.329041
20.500927 75.641534 40.580687
86.311648 52.669240 38.795702
88.125002 28.064137 33.084246
17.828085 18.990905 27.094034
81.900316 47.961714 34.765248
8.160613 6.284660 30.477675
11.713617 48.997406 26.708403
97.383850 34.178040 27.292719
94.717509 47.163648 28.462743
52.425332 72.198164 34.483584
5.635147 48.141535 29.176464
68.104292 23.250829 26.627267
13.885852 87.262011 38.703928
74.074832 63.818770 32.231681
50.115403 35.948672 27.070162
26.425605 11.076011 29.643826
53.219795 91.635204 30.152251
99.046615 19.796581 34.069441
41.266316 54.822408 29.772767
61.919159 5.549422 36.687436
12.551879 21.016372 41.148915
58.131674 64.245538 33.177188
18.280436 6.183846 34.814582
52.717322 10.221592 39.915666
69.290755 52.458137 36.125438
88.021297 80.066617 33.608459
45.423845 12.270091 40.772131
98.239208 17.749816 36.287929
13.724011 53.100067 37.339175
79.736650 73.298564 43.444213
65.592151 73.652009 32.402815
83.544316 12.925463 25.376912
1.808090 37.185287 37.428579
64.444177 34.670891 29.000095
94.112515 97.523850 36.950870
65.534960 2.314455 27.242479
4.011746 61.950594 25.836106
13.958974 59.472557 33.161426
59.964218 66.766357 33.963078
84.818593 76.769321 39.239933
43.575451 4.092673 26.121513
3.340128 53.870281 34.554564
64.247117 12.556686 34.233927
4.522831 80.481582 41.792366
32.727761 85.339931 40.329749
73.617181 19.481094 36.255201
3.720501 6.048139 40.805738
20.084769 70.316799 32.608645
0.464853 55.800752 26.370803
56.371848 75.747695 26.549230
55.904336 72.938292 29.615953
43.786991 20.954220 38.399626
9.146413 38.303728 32.692327
33.932228 1.051793 33.857714
87.639061 99.140558 38.424606
72.854281 23.415309 37.416582
57.886975 37.939422 30.889785
36.861399 72.768376 35.406349
24.680913 36.373114 31.313021
61.213878 14.370534 25.217273
9.225008 23.036431 38.258738
88.244581 96.779313 30.347670
84.945088 47.179625 43.470180
48.627624 99.517805 26.045144
40.566069 22.068190 36.080069
3.450751 55.392396 31.764967
85.578819 36.789824 27.447021
57.511028 8.363455 35.185053
33.761047 22.241194 27.566733
7.777082 86.378786 27.894613
20.491121 40.619285 27.736382
23.234845 66.017077 37.329139
60.533565 76.123045 38.108560
91.027171 56.489348 33.318381
31.109326 86.736380 40.178100
61.022358 32.738054 31.636625
24.276743 39.712511 41.708673
59.738342 42.559988 35.538953
4.098182 46.474404 38.477823
78.726462 41.519026 38.233456
2.749331 0.024614 42.923643
82.108990 8.251467 34.034341
94.356266 9.646244 34.159023
64.471271 18.849448 39.656916
23.497848 24.738355 38.467711
72.608516 72.093416 39.110683
38.890260 36.680382 29.218922
50.442838 12.580955 36.243246
75.199099 66.556632 34.494875
82.867062 78.434185 25.240592
49.653407 42.022143 31.930618
23.292714 84.755502 39.803775
4.001337 74.455675 33.965716
52.810025 89.300108 28.845003
20.833036 91.355069 31.671655
16.355685 0.841318 41.818493
17.848259 50.172270 28.017005
26.110741 78.144255 41.738156
66.979520 96.488914 38.134056
23.327242 88.564407 30.584741
40.238448 91.421298 43.384442
49.453435 52.570243 33.194003
9.574544 99.229698 42.630864
97.747183 52.409360 26.651700
17.431567 86.859651 33.575868
76.289165 92.241423 35.975386
19.830354 72.924369 43.292147
6.740892 41.454403 34.829978
10.942601 40.503377 27.400043
68.408839 39.297509 27.127871
0.813232 76.572574 26.491467
72.945124 5.134386 43.337767
72.332447 84.543743 26.093384
73.178916 27.485902 30.296373
27.204293 99.018410 37.902292
76.977526 39.245741 42.814875
42.397528 54.937831 31.088234
73.888422 29.151203 27.839803
70.844242 32.647744 38.931969
66.703656 77.995906 29.390583
46.648204 48.220713 32.494814
47.628118 71.446327 25.295199
33.146062 8.831010 27.386669
56.138993 4.239258 43.173053
57.255021 94.225094 42.626253
8.547315 19.944914 33.017246
93.744584 98.210587 29.845420
77.341366 39.609788 34.657360
53.054554 17.352618 43.485835
90.699906 70.046568 31.305749
0.019200 26.462838 28.259762
88.415605 69.488128 29.675662
24.061020 89.624559 40.030855
9.285637 74.902893 33.975184
38.233596 23.099949 31.245357
95.245893 81.373680 35.351016
63.207536 23.956327 41.225684
81.656423 98.963043 39.305212
76.354921 25.858377 33.845841
51.632898 84.111023 35.122552
99.372129 0.721153 29.258568
58.764240 1.355823 43.272568
38.754752 76.046385 41.192595
55.389113 6.067703 35.281578
27.627803 56.366801 32.084698
13.266997 8.242725 43.430584
34.778311 53.723957 43.426459
74.890036 18.827550 39.226199
10.963292 19.203303 36.353374
85.225595 62.403643 31.659905
21.855095 59.631963 31.760308
46.469960 51.712716 41.454266
17.438597 23.722774 25.204095
83.177389 63.419980 38.435197
61.688033 45.651199 43.411215
66.660535 38.247329 39.125790
57.791864 82.169736 40.920883
53.010082 54.231047 39.072580
84.251758 65.770346 38.764758
61.527775 56.019889 34.620926
13.533704 48.195560 40.833875
27.463871 56.568022 42.768349
95.838338 77.667235 30.895103
76.351640 44.902320 34.117760
28.906370 69.683050 40.304964
37.628018 39.709459 34.036162
77.958486 46.689528 40.483899
35.570476 64.927938 36.150367
56.346279 6.816200 34.899294
94.337118 92.786680 32.414545
35.012928 17.807892 31.334865
27.221724 70.193615 27.824377
19.783689 72.745671 27.961894
3.510175 46.624421 37.307683
65.201919 77.492001 34.820630
27.745393 98.581844 42.905978
86.836945 27.293676 36.508046
56.688419 6.687820 32.622723
23.513942 96.981634 29.248104
91.545833 74.966019 27.007870
86.562185 37.356902 38.406531
93.603390 83.094264 31.938832
93.769482 66.880457 26.518315
18.265352 21.123490 34.913715
51.779264 25.937789 33.325037
51.318738 13.956670 29.915521
97.049799 32.152717 36.538130
9.410502 90.698659 31.448544
11.997718 52.388513 33.495260
19.562534 29.456839 32.124832
69.026615 35.310492 30.297219
81.450358 29.726585 34.811890
5.412338 92.975998 33.266199
88.342014 75.476745 35.371223
64.538822 9.111323 31.373699
18.084224 76.531534 40.057836
24.873965 86.506372 40.259825
56.975220 71.991417 30.425386
88.384755 97.055769 29.081187
4.332652 13.839978 29.321076
38.613273 17.421168 30.982811
14.031556 74.266851 37.819472
32.275718 37.924852 28.073369