55.057671 33.095750 25.433282
46.118342 32.620519 27.514825
46.774075 45.763488 43.331460
41.749990 85.317683 42.270149
59.939291 89.864417 35.514117
65.490952 94.848551 27.792992
42.927593 55.029002 32.553202
47.093736 82.668991 28.115062
22.493183 2.262543 34.531187
1.468915 22.940048 32.634685
9.680944 20.698638 37.309642
65.039203 52.503985 35.044464
16.284131 46.360569 40.618869
38.556329 19.674031 27.586705
6.266580 11.241155 25.842717
20.970251 97.491291 27.201846
69.551030 58.807493 25.804054
52.424702 73.261519 38.237116
93.888244 73.612563 39.052171
48.820955 68.951362 32.880164
71.110298 77.016039 27.456060
52.477273 65.738818 38.698164
70.368678 18.794565 37.173831
64.256004 52.910972 29.844939
70.782118 35.747248 32.126221
87.731107 14.578710 28.936939
99.859923 48.826279 43.656262
61.021247 33.474460 39.301335
0.357928 85.246454 41.619711
30.469410 39.446583 42.682884
96.779692 94.823814 41.384475
20.790162 88.533743 39.812104
12.214438 15.808119 30.042464
77.074784 54.499681 37.979979
21.710612 81.574490 42.077914
68.969218 37.816984 42.766702
89.854537 22.406099 37.366921
65.397109 5.557660 26.040628
27.107578 26.875015 37.373687
3.025302 81.732811 34.012020
8.301989 47.225277 27.113146
77.226079 24.619401 33.408368
63.860601 56.077403 37.339086
71.015083 93.791358 25.539337
85.417828 86.817445 31.455926
87.032761 32.909500 28.937758
6.505315 81.105413 34.875708
58.281745 26.763682 36.967325
28.042812 5.805352 33.519248
54.752641 52.469736 25.413433
82.453296 40.156173 37.467995
11.065399 39.741773 31.493302
41.538583 28.421292 31.214639
30.352131 78.749530 27.631177
71.284879 38.745044 26.906451
3.402179 78.020425 35.443232
90.259576 29.445254 35.136080
97.563455 46.384547 42.516268
43.414913 57.131614 25.101509
71.878910 87.204620 26.361207
40.902155 10.851685 31.143286
49.710744 29.229836 40.855691
95.390279 58.038725 31.871056
19.152347 80.410152 26.337402
83.670267 19.944120 29.838523
67.141310 40.471055 32.503603
54.910109 70.719998 37.102974
8.776572 92.986835 39.239773
82.704371 67.590173 33.925564
18.976337 51.770357 37.797750
91.433168 51.291542 39.740852
32.038632 7.262808 27.906953
21.056387 5.557142 31.291825
39.839593 0.480263 35.782011
49.337591 56.662873 28.261116
61.784338 73.116769 35.012425
61.368073 90.254682 32.541853
92.198266 76.683534 31.817426
41.343654 73.656263 35.387717
5.645904 81.148530 29.134696
83.645705 89.668220 37.778979
72.860045 61.992202 30.885572
39.295213 17.419059 33.205932
96.366852 48.966726 25.044537
83.469126 34.970888 39.548199
23.038649 18.128364 29.006169
5.326277 89.527080 27.078817
78.557989 80.221145 31.232857
90.511595 14.302705 25.036141
49.311399 13.239850 33.284542
39.589996 46.497110 39.771057
81.875952 66.908768 30.571772
79.374478 1.930110 43.706961
81.101130 47.883547 40.133864
26.480670 96.717076 39.847491
73.148482 97.061982 25.300761
2.659606 24.676169 40.231339
50.778194 88.210623 35.481365
75.244785 45.688284 39.181130
6.915239 61.376636 30.015383
53.846194 18.674990 42.456463
18.808619 94.206645 41.199213
91.110149 31.102297 26.047196
90.342441 53.010265 38.241430
7.807885 25.583741 41.903925
0.515771 66.016365 28.201563
80.217104 89.135884 42.698879
74.946670 95.175636 41.189741
5.570639 87.010518 41.985755
88.682489 50.637552 37.923891
63.507466 95.817596 37.590544
83.649170 25.595670 35.803909
83.333183 85.565246 28.898095
42.764183 99.022684 32.473687
15.931876 39.671472 28.600991
1.180288 72.261115 40.163783
4.034423 47.840513 40.983695
31.329136 33.104517 29.619454
71.641444 66.274877 38.772011
5.461104 92.977191 38.436839
8.590882 43.451347 28.809321
81.025250 22.719021 28.714370
42.172566 50.021216 34.782928
1.778215 28.321330 28.648699
99.054348 49.041126 36.318570
4.180104 87.503250 37.625557
11.865160 52.877350 41.881541
75.305875 35.981775 41.540438
22.896819 29.456961 42.780745
49.396083 68.357345 43.218894
3.655752 51.926056 32.830354
49.651534 45.438698 36.739325
56.379060 21.315775 41.673485
41.109989 33.684223 37.120198
30.786658 23.831026 27.896819
76.168297 49.640046 33.607928
8.074102 57.295145 41.425476
13.662323 5.561964 25.700572
62.351417 47.175680 38.782117
22.996618 0.641077 29.360328
92.616948 31.188411 35.058068
60.745161 27.826787 31.148646
46.929051 28.885282 42.919898
10.584007 15.785481 26.935452
11.128881 21.438187 30.000478
86.346577 73.411684 31.759450
88.108587 14.819472 25.557653
36.610436 39.462942 40.145911
81.536987 88.011859 27.822919
96.378731 55.786367 27.940047
30.998665 42.304083 36.812309
59.415554 76.181290 36.238880
83.550655 37.896672 28.279158
54.485821 82.434057 36.928311
82.592447 34.371330 27.793552
60.924174 37.219487 27.584877
96.233242 99.478852 33.457098
23.472871 55.111238 38.193609
55.318979 57.663392 28.020911
65.113988 48.478607 33.496173
62.593894 82.677424 32.708963
36.410783 47.187912 32.901311
37.029722 93.217825 32.822746
17.632822 16.320417 37.754646
95.610512 26.375350 28.208266
81.647959 89.881743 38.006181
85.913972 53.604650 27.502330
17.906286 6.491416 36.519224
24.304374 12.734274 39.222468
51.231630 42.463018 29.051432
7.919577 93.565109 34.943723
43.301270 71.128261 36.514672
51.595796 61.098639 40.017330
18.607795 32.287975 33.216333
45.007484 87.022073 31.661189
46.557042 10.448202 35.118524
46.309376 11.131756 25.164744
18.187714 0.544136 25.511397
44.439354 24.856853 36.452860
70.652691 75.919624 26.549495
26.583875 38.628687 42.873871
36.197719 30.569700 30.820145
15.670935 48.712013 33.909852
37.570975 28.463199 43.273791
15.731840 57.278393 25.064063
64.129024 69.509302 28.201580
1.996096 67.327801 41.468912
9.036628 39.276186 41.179993
64.794621 99.800525 41.307462
72.109193 46.329038 37.490460
64.230039 42.828006 39.815178
76.464575 30.585947 33.608754
85.192527 65.768012 39.800851
6.092793 71.961300 32.428586
47.708504 23.667346 40.708461
72.087838 37.588213 42.336108
82.813854 88.971749 26.237901
63.986610 14.763867 26.704710
28.028323 30.269534 30.471085
4.341537 13.399352 37.332707
33.725643 17.770955 35.003100
45.079521 9.986657 34.918855
65.150358 72.372679 41.840927
35.868595 71.420197 43.654980
33.599931 96.654994 27.155639
42.111070 24.935676 38.771722
22.325972 48.055062 39.033704
20.548000 87.216360 37.305106
25.035012 80.204070 35.355466
59.275722 61.619646 40.288758
41.489432 60.065670 30.619355
13.497542 78.435412 32.643602
71.572197 7.445524 25.157057
30.091831 41.666312 30.021801
10.694857 70.810976 37.415980
3.347506 54.627155 35.366338
54.144252 68.640617 35.589162
9.284168 60.096701 39.446357
36.834906 33.331875 37.211192
68.993528 42.406927 26.120830
37.263207 2.935485 35.041004
96.341601 89.811011 35.288947
59.738099 91.118579 42.551633
79.270534 23.111294 32.918190
96.159689 81.303730 42.593238
47.417642 33.414748 40.626155
37.334075 95.148770 37.174305
86.594903 80.234113 42.184734
83.203524 91.249410 43.196607
64.988364 93.598676 32.782414
93.487817 65.027148 30.928416
15.624042 2.412895 30.525264
98.397326 23.329942 30.159537
26.121238 20.990924 30.695792
17.479806 9.380851 29.148129
76.572614 19.592652 33.494044
67.471287 38.305060 43.630084
39.808137 67.954191 42.271510
90.593045 26.168486 33.772063
88.485072 67.351802 41.829165
13.614662 78.276040 32.000807
36.053057 0.292974 29.177350
94.541050 9.914289 40.470985
81.230534 77.939394 41.661946
51.196185 32.154744 42.666058
88.785876 59.371868 40.104163
17.884618 72.282168 29.582817
60.644670 99.170224 41.080087
0.935133 61.106806 38.081902
31.333562 36.434771 41.712885
6.489278 95.357809 42.242800
95.241075 49.140441 39.763858
30.838248 23.202193 33.476135
81.607074 88.482762 30.710822
2.141153 39.416660 31.059924
18.511427 85.412567 31.929478
19.587724 88.608309 35.321094
51.262256 78.899505 27.211784
71.318698 65.141546 28.526705
90.507286 5.808321 39.274719
7.767954 2.041324 28.708122
63.802408 69.762822 34.513004
31.966336 18.427353 39.367974
29.386575 56.961448 31.164953
91.884792 5.567633 37.303394
3.503119 82.384726 38.742517
9.974525 77.332991 36.377352
62.686040 57.531825 32.892498
65.307341 63.251480 33.024355
19.360247 79.431587 33.100061
75.590629 93.977043 30.390367
25.080053 44.985367 42.653508
42.255096 1.575335 27.326903
46.475895 37.470393 32.772003
13.714110 19.381931 33.006764
6.715074 12.264104 31.021776
28.586928 6.174764 38.498646
80.493533 29.407569 32.201695
18.707392 82.295350 30.288865
32.665576 64.050833 25.123943
13.867364 40.733537 28.922948
47.784338 0.854822 27.878885
89.043136 60.210587 38.788724
53.786376 19.233942 40.250779
48.311175 11.227247 31.779920
71.045864 74.126029 33.938193
34.298463 33.319764 30.991251
12.465494 60.891443 31.331838
43.077532 13.655122 43.619748
85.466942 2.821763 43.556595
50.855426 70.708921 26.890263
82.938027 86.195439 27.859682
30.209474 51.004237 27.054225
23.203990 87.756872 25.527847
72.501942 18.941811 43.678083
59.916367 18.611274 34.007547
70.697601 18.802527 29.750201
89.294414 30.478591 41.286961
2.103530 87.684718 33.844364
24.168643 3.404828 43.262938