98.245309 54.444171 30.803298
33.066653 68.245956 41.124932
8.477373 29.261766 41.866841
4.361413 8.957504 37.854804
72.446632 24.021819 37.241144
37.554266 19.136761 30.185115
81.585237 72.736951 38.538069
47.586448 64.428499 42.237017
7.824749 7.399365 26.250577
66.516373 60.331232 27.459439
6.560085 41.062624 42.704196
23.376802 91.671858 35.023679
3.942415 28.326041 37.480358
7.122337 79.967287 39.575941
0.068251 39.905695 41.813754
22.749647 98.426815 40.417776
30.931326 21.642762 27.755177
48.694738 89.000361 30.194036
21.193306 86.613331 40.977704
44.970387 43.127128 25.291808
22.647860 85.321241 40.352476
97.795450 86.197763 25.775237
54.328165 20.324293 42.300258
26.334806 47.413379 30.944055
30.170913 83.011772 41.213534
84.471097 93.675212 30.404919
63.441341 16.257630 25.359926
61.645392 48.016094 34.042892
37.398672 52.172445 32.816293
98.459945 23.294473 26.187536
49.226969 63.206099 32.212184
64.095885 76.302458 39.939327
86.446333 4.919217 27.517777
46.925044 32.068824 37.751230
41.785054 9.349427 34.379588
90.534228 66.710468 26.316073
54.902416 99.368834 34.313326
38.638594 85.707440 42.417983
37.709576 14.789479 42.261583
30.859978 23.051113 35.737276
58.615230 20.042391 41.502630
31.861265 6.905759 37.501824
74.348586 10.784187 26.358728
41.183443 64.238144 30.900515
15.335904 55.478872 38.040143
82.244204 96.890394 33.108571
69.609111 93.363520 32.321119
54.515547 30.374705 41.154830
67.875647 64.962322 33.383541
51.163025 21.639399 36.475849
62.493098 8.057201 31.679403
92.800890 16.444348 41.777131
73.492569 62.524765 33.054148
30.565568 80.297278 39.437082
76.449229 32.020901 37.882390
33.399741 15.864917 29.999119
9.368099 8.652565 25.167986
65.536172 10.974357 40.073238
16.538910 26.108695 33.765654
93.656117 24.817839 27.993376
99.886312 47.756416 31.489473
87.576712 84.501074 40.285342
44.587417 68.121539 37.654083
26.461793 45.218278 28.269008
41.754973 16.055862 40.317759
38.703733 46.921590 41.954989
44.311697 80.654502 38.429167
83.944133 52.384268 27.694636
42.181885 48.531803 37.888347
28.202527 52.349159 42.580608
30.281976 4.042290 40.199410
5.005218 53.758130 32.392960
34.333168 19.504659 31.408790
5.945282 8.310063 25.654738
38.476769 87.922628 40.440348
12.062811 56.748031 39.992105
79.227546 38.319400 33.301590
83.637041 62.180199 34.176354
15.727194 71.210715 31.174155
84.905522 97.728010 33.820975
35.540721 86.381288 33.989735
10.531808 62.913162 28.137280
99.609253 80.442290 38.933937
73.719839 40.890490 31.898953
91.413670 63.196849 33.067422
50.935880 75.997019 31.576239
2.934214 55.430560 35.649760
81.220014 91.244043 33.855137
87.262316 5.538970 32.495766
28.297006 90.905476 32.886395
84.785450 14.551043 27.308072
79.892574 57.813828 31.373015
81.091017 6.838233 43.225984
34.603126 71.721583 38.559294
70.927796 37.995163 37.069500
29.591720 23.129623 30.570417
83.485822 66.123907 29.880854
28.284154 54.508926 25.277031
89.639807 92.756275 25.942331
83.306916 77.775510 41.367603
9.579855 96.283121 31.968333
56.160130 93.153265 36.266965
58.702551 19.933979 32.123907
19.746237 51.717470 30.263018
50.707345 89.361151 29.077954
12.050263 8.102788 42.492132
68.023346 36.630009 27.185419
50.019163 29.187397 33.683793
92.029278 73.247046 30.377725
87.220137 88.952895 25.719401
42.742249 18.403446 39.063455
51.234977 5.108926 26.257037
99.692465 90.807776 37.256601
72.562299 10.341722 40.180824
5.768007 51.671373 40.310490
18.284371 12.319875 29.765699
14.890378 76.779738 40.362961
11.444442 25.216475 26.243079
79.767438 47.679256 41.108834
76.581882 35.135537 29.839443
34.531666 2.005166 26.056369
75.317020 92.627669 26.328996
6.027923 87.407322 32.737164
55.217740 62.451698 28.548390
36.665043 90.125718 28.877446
43.369768 88.888677 34.218940
66.489301 74.046758 40.058141
98.554865 45.344537 40.321910
5.043490 95.975418 33.274016
82.774930 47.261296 32.972960
82.792038 54.598576 33.798472
24.676012 28.363141 29.650670
75.123960 36.031352 27.650710
80.962948 52.806158 31.869301
66.090224 97.491618 29.399887
12.410314 57.754756 35.736467
78.102989 47.433190 40.853227
3.930777 64.133805 42.824519
52.263922 31.769776 32.627337
67.564725 19.005351 37.896743
90.406972 16.778371 35.155108
8.843780 69.290293 32.305033
7.385300 86.508299 25.932096
6.877604 30.654743 26.321827
72.123687 78.965890 34.542766
89.596427 47.872048 41.734223
2.992407 93.311218 41.219528
2.470679 42.543146 40.732814
92.375897 66.749183 36.841217
49.630349 78.166715 25.836280
77.436255 34.403820 42.729425
17.888703 70.869090 40.562886
5.070462 55.236313 31.260572
39.842490 64.474555 38.547569
30.965830 93.943384 38.771321
64.730373 1.442512 41.455946
21.850982 79.304152 30.296143
10.136042 59.973543 28.790937
74.517904 65.444153 41.051908
29.633987 52.977580 27.462475
87.323219 69.510156 36.517944
58.276638 84.306731 39.799576
79.603061 7.185798 25.749128
52.976265 80.878480 33.704157
82.152174 73.797434 25.726648
55.934986 89.608136 32.639909
57.237554 64.468553 25.563677
30.346498 42.688375 36.929359
4.612570 24.954548 29.630112
19.009889 16.588691 26.785908
3.871130 7.583906 33.105228
74.426307 96.854834 32.647839
78.609870 55.083755 28.162491
81.278583 37.721963 40.153292
42.254036 10.174269 27.779689
71.502087 99.614908 27.263744
25.278940 32.092668 25.605573
57.103934 22.414128 32.349427
32.215860 75.513965 25.850928
56.811198 72.091518 30.126370
7.455448 74.395992 36.251092
26.474353 7.526049 39.482891
54.419406 58.431922 39.407216
96.656784 66.877999 34.588581
97.324163 98.045750 29.925402
53.331779 12.370310 31.658261
0.230670 83.972512 28.499918
37.771134 72.568665 31.923347
32.064178 66.885919 41.580125
30.151078 57.658885 26.988153
83.912463 35.163341 25.597077
62.638755 30.045810 32.321674
67.710304 96.195512 33.020495
13.466284 11.042155 31.561160
9.671619 58.512988 37.008117
41.041180 26.730848 32.289602
92.214283 32.036210 34.245123
52.446219 6.781567 26.080642
71.272274 69.433384 36.476917
54.385619 90.816159 25.675120
47.960287 84.485002 28.679114
97.643179 47.294956 34.650455
11.120876 39.475307 32.121623
41.156533 21.401857 32.769934
76.435316 25.925890 39.607441
89.436133 40.116841 28.581073
62.300398 94.819282 34.636608
23.666768 40.040047 36.423490
21.002953 95.202091 26.744271
14.872907 50.672779 42.652464
44.631197 23.493593 25.881826
95.437085 13.878936 30.552705
2.988424 65.470379 39.580158
69.125256 29.408406 40.318720
31.888299 47.210030 29.221162
0.718176 37.040592 26.871731
92.704598 33.032269 41.050733
69.396478 89.866373 35.066763
52.275031 8.635380 41.483397
93.612389 15.955011 32.293444
53.671135 13.752889 31.769296
30.669224 79.497791 41.463759
20.268627 23.445049 42.825968
62.609154 34.289979 31.357933
32.236788 26.412475 41.802851
20.777088 9.114109 40.509623
11.991611 74.024716 32.161134
60.227033 13.454641 37.655219
5.286429 33.086732 27.392601
41.639807 44.647029 30.903476
8.303363 15.912027 32.895960
41.197517 7.438487 33.356258
56.835881 92.647379 40.962937
12.993690 43.194527 30.553607
92.589342 55.137620 25.187112
62.755362 80.981862 31.158480
60.010169 96.450489 40.518722
60.718295 20.318731 32.125340
92.092571 47.141101 34.145067
17.341373 69.605200 43.419393
45.797966 48.284258 34.305558
71.409431 40.002231 31.313799
84.959934 1.025275 31.227101
13.733763 51.973652 30.929994
45.033192 17.937380 43.249734
97.102208 8.014188 28.218703
73.894121 9.134165 43.392953
66.546223 86.586668 32.661461
73.276980 2.695137 37.675352
39.640981 55.846552 29.975260
55.378894 50.179305 39.036658
96.209307 62.160627 26.057554
96.920833 68.054065 43.065228
83.507819 83.903271 30.237288
27.893141 78.482555 25.403158
26.941105 27.392393 25.279234
9.825388 86.438509 25.385145
67.579417 18.574629 33.053615
6.876399 58.485421 27.602855
23.458717 26.755459 42.774195
15.028224 89.862651 33.209703
86.835613 83.101571 38.634176
74.921020 29.525474 38.171714
70.417096 93.718302 28.905165
54.736316 24.827578 36.732284
75.570688 60.558044 29.419153
70.067903 94.011110 39.858578
89.769846 94.633496 41.152059
9.268057 66.918363 36.913132
42.440994 15.857298 37.356469
78.858622 99.740491 41.194707
70.241026 61.933377 33.410289
15.890927 18.348797 37.701951
94.288793 49.589762 40.638893
39.917031 95.065161 34.852021
73.219644 86.427843 26.030271
56.807244 26.578073 37.770894
38.248577 93.558447 38.765453
73.513296 95.152867 29.799330
95.411669 54.211209 41.021184
95.325166 57.553339 33.095116
41.756798 29.683426 36.065218
53.798619 43.784950 26.867492
46.505990 97.155249 42.070857
42.518655 92.022830 41.178482
51.948876 30.725187 35.413435
51.677064 14.548041 33.641256
0.288292 49.317518 33.215379
99.282123 86.011590 25.109456
99.055181 58.097427 41.513694
39.754709 80.028926 34.396128
97.241190 13.028722 25.547306
79.866171 48.869556 25.513922
32.817819 1.584134 26.363959
88.229766 64.952221 40.061596
58.382517 14.013777 41.362834
57.937592 10.106823 25.133421
91.005814 85.462464 42.581101
45.472646 90.111711 30.545636
10.527292 70.335717 33.153491