44.663078 54.278716 34.159042
80.921445 43.768321 31.254246
61.132926 25.552040 38.881895
66.953676 94.576231 43.219374
24.411402 89.286603 31.119580
91.633295 24.822972 33.421345
72.819675 15.090970 28.847417
85.213811 93.784069 27.734361
69.681357 50.103962 31.660134
58.799708 6.004601 33.996183
84.291548 89.175208 40.679376
58.448351 51.526595 26.971307
56.905529 66.821058 36.394376
15.719910 35.053828 41.769991
91.439607 34.499257 42.374296
46.946641 68.902427 26.404407
40.348748 99.184811 37.468296
91.661509 62.362363 31.423981
22.183875 62.725957 43.371640
89.101265 43.611884 41.607820
57.026636 44.503227 42.285023
25.151231 30.272143 28.743518
52.945189 2.220690 28.579346
32.909820 10.973710 28.507660
83.638240 53.616186 34.460184
78.751400 32.934249 31.095874
63.078885 34.389031 42.144974
73.126473 82.276229 34.531696
36.129595 0.976659 31.197950
56.987195 13.456496 36.781141
93.727975 79.203243 32.416100
12.219386 22.202513 25.756416
83.235026 3.570022 40.827784
27.661396 27.912940 42.756820
4.032946 99.410788 40.035114
62.404803 37.798369 42.750819
62.745902 50.504625 32.596165
53.661592 35.937661 31.625255
47.200588 99.205373 28.289461
76.729669 85.704741 36.355813
75.203337 40.897308 38.776341
5.655724 35.315362 40.127236
62.658956 50.196972 32.481302
73.061770 89.685407 30.562842
85.249571 58.509765 25.434087
13.553404 0.813671 34.709367
36.715132 47.981143 28.577621
37.580624 5.521433 43.741760
14.531878 49.610938 29.052670
56.913070 56.940894 27.075110
93.273987 46.991246 26.834831
31.577127 87.828018 28.939948
68.817657 61.648174 29.711660
53.645362 7.563895 31.311389
88.512293 55.037846 25.402752
54.225309 21.517142 27.196782
14.282808 18.803237 28.862639
81.406437 13.214964 30.770377
0.906386 51.215881 34.482497
67.303817 35.929250 43.048222
48.506197 99.234309 40.919660
14.463555 37.561539 26.730970
23.921455 74.512392 39.709261
32.522233 36.873933 38.550184
72.124887 74.042343 32.511513
63.757012 13.575629 41.484611
81.014129 40.604673 42.977841
46.086442 5.643778 31.145316
3.280890 72.824157 43.063761
91.892317 61.283142 34.289541
84.708925 76.015755 41.128345
28.529865 69.131043 34.581031
95.259642 28.187554 26.630080
96.291090 13.092104 31.650884
93.980725 89.935204 29.066784
7.100428 83.893399 38.279207
34.736513 3.656201 31.938554
47.502872 72.684893 33.655237
21.599104 44.992524 33.867643
1.974760 8.103222 35.531445
98.433259 22.403617 38.371561
24.150890 58.768777 42.659195
88.302813 14.039742 29.538593
70.756103 39.124496 27.935396
5.226699 0.341006 30.120789
93.880657 55.173142 30.326262
47.358655 52.759385 41.278083
14.956654 51.005920 40.347123
51.686029 62.860049 32.641391
50.231075 0.661365 41.050174
82.633458 96.155480 27.693542
63.331281 61.058656 26.852602
44.643440 35.040468 30.608085
24.977686 73.705622 38.918129
22.705541 41.391801 32.479087
56.375118 39.343833 28.071843
16.979750 39.093022 39.194240
82.090748 95.072044 41.532408
45.538844 18.960952 35.060740
19.382226 95.661497 41.757426
75.142282 24.649167 33.679065
7.193260 55.867654 36.496809
89.134912 8.295385 26.025694
82.956974 60.228350 35.669612
87.414560 44.581122 42.961141
25.987895 40.032883 26.522846
68.487677 47.990711 32.917043
38.451867 94.140975 30.539705
99.572866 48.860875 28.421688
31.467465 57.659052 35.812502
82.096680 87.936479 29.926692
37.260957 9.009186 38.402628
1.514777 20.421270 25.684469
88.891988 97.673606 29.289134
10.605243 46.347131 37.355576
85.281585 72.838345 31.298620
16.073557 95.950189 25.299595
94.288298 62.402262 29.688937
74.267409 46.859602 32.185376
63.941594 69.309349 26.235851
49.882293 19.374080 37.418119
92.615781 28.648817 30.437184
92.615039 10.740252 40.802790
11.388643 37.397189 35.187637
54.207022 76.602800 27.219317
95.233194 1.235292 36.176092
14.119725 26.724789 29.209947
87.736293 48.980263 35.287167
96.331599 33.704937 31.962697
43.192015 41.460419 38.065727
20.954273 36.051742 36.671539
61.427200 96.336816 41.968667
82.651424 80.028846 30.823266
53.328515 64.214836 40.534042
57.067630 73.634128 36.165580
77.729978 95.413991 27.767066
43.748258 45.830587 39.510819
16.781556 49.917441 25.800226
66.164333 94.503126 28.562771
42.931088 48.807522 33.570248
46.069388 47.032252 29.280388
10.398773 66.693514 40.751492
44.994130 27.170945 26.427046
64.615753 81.205042 32.369876
88.816395 27.370006 25.419187
30.967249 99.029119 38.619287
87.612432 45.565617 27.824492
0.246459 60.799919 27.300570
93.254585 28.480141 43.407422
64.038918 89.294727 34.095397
58.704624 34.164013 28.717824
40.780430 97.688298 31.804632
13.560808 40.304899 30.455629
56.123331 91.849984 35.730706
33.508549 26.732776 35.241188
57.200339 80.696616 43.635310
65.968614 98.214260 29.881607
10.047761 74.801140 30.834577
3.581853 1.200836 34.842105
77.639704 31.543706 37.961087
30.944158 2.128747 37.085939
48.982313 78.754312 36.503735
51.370981 9.511649 43.367771
92.741794 39.939962 35.883213
25.086320 67.178736 41.947944
98.858133 13.554807 32.607065
16.526892 40.795709 25.146275
10.323533 52.389408 37.082666
78.836408 16.293513 35.564027
91.079597 68.008040 43.091332
68.335226 33.320776 32.130870
59.510632 93.531252 33.644756
6.620630 23.479540 38.954175
14.751326 26.222245 43.612295
93.895737 65.836335 41.575350
20.523402 26.455877 25.520401
76.630677 73.897962 34.470638
57.267008 75.280824 43.207892
26.710610 80.927326 25.713447
21.647850 71.079406 33.166858
72.704903 82.835208 38.185719
1.332145 69.183905 25.230118
2.951244 69.026851 42.695827
88.717874 83.907454 37.728030
23.873857 1.910029 38.221785
35.549077 43.594050 25.871871
3.234325 10.064980 27.072705
52.252590 41.227983 33.540906
8.855328 39.671479 42.705191
81.557823 81.218341 35.839676
95.335245 46.179229 38.295697
43.307650 79.464014 31.606724
32.961455 46.880338 36.722531
50.236748 28.899869 27.404319
20.936470 56.966200 27.462369
60.414370 28.407100 31.364958
90.854003 62.789905 34.125998
34.008863 37.698535 41.235046
47.131628 0.385261 40.156717
6.128811 82.746323 41.663571
92.731956 56.191371 33.362535
66.670065 39.790346 35.855183
30.359062 67.029017 27.499471
77.977807 83.636195 30.767866
28.455352 33.981649 30.270055
54.917555 63.291179 28.072161
74.203994 15.534422 29.242624
0.152943 9.199372 29.512784
28.491994 89.611380 30.841985
63.257655 82.948665 27.746358
75.971033 59.258604 35.879943
68.670463 98.168451 30.440120
35.871469 35.558101 33.816539
43.901467 40.649922 27.556897
47.616506 54.808486 33.449509
76.948208 30.047197 38.995037
84.205930 88.592163 32.501678
16.058947 7.692680 40.748205
13.081951 1.412564 28.517498
13.129342 38.660051 39.143213
10.836892 7.354580 37.697302
57.170593 28.435443 25.374567
75.744692 94.555365 41.108511
65.258657 85.453516 41.333263
17.605714 43.840907 31.191300
50.765656 80.573664 39.741990
84.896559 9.877479 43.647341
32.273082 99.636434 26.128064
92.307599 19.969022 30.634928
44.185891 33.829957 42.643028
11.116539 0.515146 38.521889
27.211833 60.489507 36.882319
68.895400 33.264197 43.091936
85.038506 49.041344 38.784435
95.401837 13.269178 31.842597
60.576111 59.881961 32.914780
23.981156 51.331555 37.326900
1.491852 59.783875 36.146335
49.787394 99.452294 26.735033
60.375983 34.442967 28.795925
38.477400 26.000565 30.981256
48.295985 41.636618 35.294869
22.543795 62.689346 27.360876
57.136999 96.689018 37.145466
6.085946 22.600426 34.232490
60.571647 21.971636 38.826961
47.268788 49.350597 27.333227
28.611543 7.296166 32.791194
91.316799 16.601555 40.756912
39.036624 18.913573 42.447029
90.358788 12.929468 33.069115
63.722897 35.464265 32.854953
97.138174 1.956479 38.563757
12.029522 1.479579 34.597160
66.061737 39.343738 36.173690
66.229107 73.614570 41.560110
91.162327 78.532767 30.647786
7.847337 78.205438 25.160968
18.961801 11.821425 25.335987
0.521146 27.589437 36.463705
5.217345 71.654745 43.160364
26.081956 99.709241 39.256578
65.225880 71.628405 38.686792
44.491050 19.961063 27.769680
12.977901 63.778430 41.376098
87.606675 53.713725 42.372542
89.097242 1.033579 43.007673
73.745317 54.412174 42.601987
24.398699 86.224239 30.544430
93.874686 68.793499 28.056495
28.445306 47.129660 40.333295
43.747095 75.330738 30.260714
53.366008 72.232678 32.270053
85.499753 14.310642 35.182528
40.702084 29.066414 39.483474
39.437033 7.242772 34.463277
99.622839 62.017206 28.867069
56.115439 49.448236 25.314120
73.076705 39.562091 39.390591
4.236736 21.376741 43.696159
59.822067 56.029122 30.236164
37.277198 15.148202 33.901344
62.456031 9.462518 40.712469
66.890759 33.325272 33.172277
27.114999 39.493456 38.804165
4.685831 55.808785 29.733734
20.334694 68.272205 41.588246
78.065563 64.987002 43.062371
16.439083 83.560960 40.202263
76.521084 85.500261 35.981418
16.552329 23.624102 30.389167
62.236294 26.986540 34.256486
30.410649 85.777935 41.678388
5.372477 17.136365 26.496261
13.076395 81.756482 43.083155
46.571432 68.470163 32.305960
20.283138 61.252589 31.767805
4.999431 48.243547 43.617736
89.737022 2.685555 42.443872
5.324439 33.869331 43.404472