95.511964 50.492518 38.175831
3.560392 15.539772 42.248128
73.618094 99.199946 39.014715
43.396481 51.284636 32.938108
43.615803 82.084910 36.030080
26.732649 8.206351 41.297854
8.353210 74.306776 37.794585
8.904673 36.638285 39.348282
58.616254 30.834659 29.541577
36.939308 35.485656 33.244709
64.474059 55.155994 42.953390
43.263812 82.265234 40.305180
25.951318 67.101348 31.997437
84.472027 33.276751 30.365080
6.584651 67.761171 40.163999
14.874867 90.815089 43.284656
1.524485 70.547335 35.954320
78.633895 26.461297 41.833209
22.756342 76.238599 27.176442
2.350279 41.422109 37.521496
95.219169 76.085948 40.045814
46.513675 59.333779 35.790236
63.504907 57.203601 39.727004
57.199593 68.547064 40.237840
84.491318 24.479552 30.653174
84.796685 6.659928 30.079476
63.182618 92.256579 30.078251
5.526417 42.115637 35.316077
55.509391 38.237299 30.897669
33.140391 82.566194 36.130998
43.732822 58.011455 26.145619
30.771061 60.440898 29.972972
31.411400 77.969415 28.942102
43.562019 6.083516 43.647315
7.921532 94.784691 25.483714
37.168577 23.940082 25.350391
69.223556 6.759208 38.745447
41.629022 44.062574 40.482891
44.770419 69.364627 38.688534
87.572495 11.642658 40.035554
72.438902 27.685067 43.068532
48.058127 14.273113 40.432401
16.538961 33.619404 41.910795
88.698097 70.942062 39.191126
26.233126 3.957516 34.597054
90.461683 65.489197 34.207137
72.863855 50.233349 33.749392
3.205669 60.778626 42.828952
16.839560 44.030013 25.150865
96.986638 49.303737 28.495879
28.663555 28.608358 40.634139
52.895336 16.301309 42.787969
18.254100 45.797968 28.522605
50.154280 24.887872 36.158631
11.389661 49.058630 32.153610
65.603028 13.334087 32.457719
96.332104 92.332150 41.481666
17.440747 14.832180 43.408289
16.226754 52.871289 41.265479
24.674513 14.291110 32.746423
83.959676 66.805058 41.738599
70.700579 98.234448 27.447998
4.161105 11.649443 42.846859
58.388179 17.226901 34.987271
7.585794 24.324988 38.427876
83.334160 14.384041 29.558422
59.129757 14.529209 37.142994
44.270328 30.519489 26.538296
23.739610 49.956776 29.970529
94.639187 20.571517 33.683978
17.540115 5.121856 41.944750
97.346692 96.033529 32.954639
47.024513 15.288075 28.552262
56.985911 58.769439 28.194447
89.970531 11.339558 34.022389
31.086900 50.531068 43.243828
83.070064 48.876325 37.516070
55.064601 69.194218 25.824828
23.484792 91.642082 31.931234
89.505366 92.096957 29.150722
88.343655 47.910613 26.399834
99.024132 67.225878 34.982875
49.623921 65.778588 26.321266
48.311507 79.185662 41.327396
76.364582 64.928965 37.815231
49.018096 3.211783 39.167517
88.184901 86.155340 27.188041
9.520576 74.001265 34.278760
46.958870 50.033032 39.950945
46.694373 3.205467 25.537139
20.678674 30.906335 42.907695
81.753724 15.898277 28.503250
51.727702 65.773354 41.740005
43.182917 97.702683 41.074504
87.908097 49.070405 26.478980
32.040584 12.585476 39.586482
30.091399 61.348055 38.946458
9.803464 72.184448 33.945365
55.337077 22.261911 31.074773
77.566351 22.773812 35.134618
20.218553 92.787810 36.317219
25.246524 95.358430 28.005209
91.473887 78.367670 34.811496
32.191878 91.480986 34.251445
1.362923 82.051011 32.195136
14.273991 26.604951 35.306017
47.802456 83.839544 27.737540
38.269933 6.340825 37.494336
43.513997 79.790101 43.010900
57.184124 31.665194 39.898377
9.568287 28.198155 36.253952
74.441056 0.802508 39.294037
90.904045 47.130586 34.228298
68.503815 2.609133 35.962801
84.888447 8.669963 35.946855
51.430150 79.671432 34.497736
31.983677 82.370211 37.770021
68.345664 82.528337 32.342241
66.818967 1.414675 33.236251
95.132368 38.780108 42.435735
63.606835 75.540489 38.896763
79.400605 40.270848 25.618053
9.088377 27.561166 42.106602
61.310421 50.563341 30.305320
81.613610 27.156906 36.483641
28.681331 21.717726 33.064810
10.729488 37.415502 26.522608
95.598105 11.288736 37.129921
52.992907 35.671425 29.918051
52.265786 17.312632 41.551525
76.010841 26.553276 26.993924
73.896035 0.101479 28.754250
83.189045 67.074467 29.924235
22.789724 91.999541 26.528182
37.713777 20.116555 37.646807
97.385380 89.088841 39.308295
91.608907 24.382163 40.886621
15.164054 23.302561 32.429860
7.068613 25.243696 25.399295
67.248224 2.948025 28.021797
57.686986 43.795044 37.651675
43.725603 34.058546 34.000671
48.814479 77.662433 26.955213
21.931059 12.954704 36.304961
57.506955 70.852032 43.059974
36.016602 74.707530 29.605587
10.187409 96.571893 43.294938
41.849317 80.793454 38.735343
47.686686 79.112194 34.704018
71.546018 16.794000 28.105802
85.854209 36.129917 35.548625
6.022529 71.286008 42.247806
56.375621 2.013899 27.600284
2.571008 12.546394 26.667333
53.103114 97.196706 25.733246
51.112485 22.301710 37.113442
85.118485 44.612342 40.974448
79.544258 93.484283 31.820963
93.376145 76.513023 34.390945
88.993688 35.833250 31.113616
34.770987 27.621193 34.967688
78.026887 84.660130 37.462649
65.157042 47.400463 28.381226
30.969977 3.428970 32.660356
31.875425 87.352219 33.103351
56.380219 69.952645 34.654545
23.535505 34.570082 25.167970
84.130864 10.383936 43.720375
10.913620 86.748634 30.743214
49.284475 58.183208 41.544484
50.918927 27.971862 28.882991
65.343621 32.663077 37.063995
69.427914 2.753856 33.709462
53.883657 30.324852 43.739192
2.791311 31.145899 41.674037
96.059061 51.038102 39.924417
40.741063 32.198220 28.641846
84.573464 84.072722 37.628827
80.932155 84.295801 35.484046
64.864843 53.530068 42.062439
8.538128 36.031414 26.300123
22.838608 66.539706 25.104626
76.879246 8.354535 37.181531
86.846157 24.199860 32.031893
55.301106 1.152575 42.190413
18.317886 88.117651 33.030143
2.275213 85.875383 30.504298
62.579475 21.451044 37.348170
29.330390 96.103032 41.377459
5.843166 93.158974 26.756349
63.603695 68.051586 40.046035
96.935313 12.384049 32.725711
47.624875 85.428879 26.136647
8.957908 67.227797 34.297702
20.769218 61.662851 33.423437
78.475698 92.778189 42.860885
65.022969 71.880585 38.634394
19.942083 95.553328 42.759629
76.670543 9.616300 37.909751
31.667218 0.367714 29.042313
45.316455 58.422161 31.752334
45.524415 23.667665 32.268190
59.999255 31.774187 33.377936
38.126277 63.859371 42.885637
84.347506 47.125131 42.015582
66.914911 47.934416 25.658641
67.346280 15.389298 42.800736
81.955824 57.744917 37.186652
26.969355 17.066275 42.064015
92.520666 91.192562 25.292763
78.030911 67.856449 25.931349
45.440759 74.501785 27.341888
81.222869 19.117909 41.788468
64.834827 41.515160 39.935145
62.050928 80.211766 36.557737
9.566250 55.181017 27.093759
97.330263 59.681622 34.004346
7.320669 55.761482 28.569551
53.860179 91.953089 27.938099
19.993175 9.610022 35.126052
13.125747 9.972749 27.612523
52.533513 35.605143 33.523744
70.384895 28.245721 25.747247
71.808836 61.372746 32.872938
47.212899 45.147024 40.828846
88.282473 99.154890 35.272101
70.850897 67.220857 38.798218
78.221504 94.573303 35.584401
7.132920 93.353981 34.640664
91.946313 2.611154 33.116492
15.962363 81.573733 43.088838
71.466462 4.372752 28.216791
91.677795 83.029815 35.383968
92.276358 42.305191 28.839937
47.163977 40.230834 34.501769
4.740245 18.182748 32.222188
23.825571 57.522023 32.286428
16.051907 60.027956 28.842376
7.536093 50.517658 35.838370
47.662820 74.553569 27.881771
67.076695 20.758047 28.254990
97.562929 22.207102 31.961202
11.692589 75.891988 41.792481
26.546677 52.739357 38.735191
31.031223 20.802872 31.884611
81.840954 44.699467 30.663148
76.191613 57.951763 33.799317
60.405330 17.632855 40.122196
61.312991 71.384673 25.526431
71.005716 58.560791 42.480293
6.613878 63.749464 27.968875
8.279220 36.772967 40.211124
97.802288 34.393201 43.648982
3.414286 76.141272 34.643118
37.096442 43.157599 33.770773
66.475065 40.309551 28.902213
9.542744 24.109819 28.463856
39.400820 39.439853 25.175672
40.652960 97.466820 27.886645
40.080372 95.307226 28.452619
71.602133 47.082374 32.109531
81.181661 39.251550 39.815792
1.209101 6.099079 34.945535
16.508656 65.937930 31.066441
51.299549 1.944868 39.970638
86.826618 23.084344 30.028861
78.659334 46.131513 36.396154
60.449227 73.047010 34.838096
43.135206 28.540797 32.275984
42.010703 40.467091 36.341373
12.561124 72.125924 41.421146
47.831739 90.645278 25.644320
43.677336 6.985461 32.954679
48.287597 88.889769 38.805186
99.924373 42.926465 32.807945
90.018959 56.667908 31.649701
49.814228 2.739885 35.210402
78.059109 90.547885 42.820914
63.752795 90.679016 31.289786
7.231791 46.444149 40.660600
72.392003 81.343529 32.248590
79.631354 20.549122 32.608452
20.512042 9.537178 28.968382
36.681114 87.210941 29.745396
12.927076 46.270881 37.522065
93.795612 9.258651 42.178646
27.189875 60.722303 33.545102
95.402212 1.601500 35.381601
20.959808 60.742214 27.022458
89.114853 85.505613 39.780120
61.137274 86.974306 41.122999
93.476401 77.354563 39.225452
92.226825 24.372096 33.092592
26.389876 40.327780 26.723798
84.920180 80.502522 36.248975
57.457187 20.666567 27.150340
32.161028 43.309309 26.958756
5.825176 34.663608 25.484066
40.422764 69.511858 30.186846
64.098304 47.578184 32.353240