62.491218 83.674905 26.939940
30.592809 90.771464 35.656721
36.003191 37.292069 42.623223
88.282167 96.677321 43.596861
34.355770 77.533296 36.891726
50.213313 2.591994 36.218446
94.854630 59.895284 43.150753
71.606949 12.806220 38.539388
42.040250 61.953615 31.729969
52.813245 70.424662 38.111780
61.852870 38.612062 30.993674
21.304298 47.212231 35.718665
74.962352 92.092278 35.881508
65.034172 28.981128 25.396370
2.644741 61.441011 26.153615
53.129811 74.148017 40.549460
76.476320 25.626776 39.798435
32.894306 61.259792 30.977438
58.528252 50.311011 32.733592
59.341320 57.324100 36.835043
0.307738 15.620499 42.731663
86.111168 46.887893 42.122004
25.544055 93.426671 35.581427
33.905239 65.203062 37.696718
3.558793 54.729207 27.453435
70.295476 83.866810 43.739582
55.011295 79.383867 41.980974
55.686624 46.821792 38.213364
63.111192 2.710237 40.524461
49.280717 46.028045 41.389071
65.497352 68.058285 25.486609
56.840166 89.273540 42.679124
66.604326 17.797151 41.851193
12.244397 49.952661 35.552568
42.186962 12.586021 30.309480
10.351579 86.341972 38.336648
13.401792 27.370800 40.061894
75.686079 49.980317 34.883870
85.328365 5.914878 42.182110
80.107350 69.856002 29.894971
5.588096 17.392336 26.108152
15.882710 21.113534 36.218328
27.196907 46.430130 39.399433
36.744011 86.851175 33.268206
66.189412 8.457759 29.956267
15.073959 91.946302 32.290571
41.610653 26.697489 39.735935
46.547973 65.072147 34.948607
13.522223 42.272648 37.669205
22.934400 48.780186 25.116805
85.555324 52.836820 37.955940
10.786674 26.032557 38.058570
76.489923 52.882446 39.579218
77.340685 55.404478 30.986903
42.239586 30.689984 25.639904
4.020136 56.523611 42.245155
26.187519 17.315779 25.909604
66.961832 87.999623 36.970799
72.301956 70.744110 29.418771
19.757113 75.736560 43.061852
31.068700 34.225967 39.870042
25.410857 7.625289 27.596265
70.537491 15.596309 26.461068
22.038543 49.193483 43.592096
49.211240 21.471655 42.709653
21.935559 98.850516 39.264777
79.713851 92.517868 43.067737
73.051372 8.124548 29.692677
33.267162 49.870811 26.963708
80.320238 55.506392 33.603614
77.887839 15.542537 27.210450
50.714363 52.058556 25.973408
82.743293 4.163352 42.742027
38.267060 30.892077 25.320508
43.666589 48.937419 43.484243
33.378026 59.799762 34.477011
37.549212 91.031317 35.216218
61.680709 97.091777 34.573527
91.995654 35.379578 26.879939
6.602284 60.526777 40.027898
17.071427 65.106408 25.753409
15.707667 4.802133 30.052026
79.596374 24.287826 43.426150
45.390612 42.238334 35.609900
46.974848 71.489156 25.462881
56.797380 81.911189 37.880992
42.865946 47.122436 40.919297
53.756053 90.905696 41.938624
20.191402 40.031418 40.749581
23.198561 25.183726 32.326813
77.595054 33.565061 34.995797
55.195495 74.801054 41.423090
41.952007 69.797215 32.508909
23.660475 17.500971 42.479713
15.108013 44.706430 37.130108
34.341044 56.676953 43.640446
19.180041 92.992916 33.537296
91.845513 2.483579 39.456091
66.421892 15.246919 26.294460
20.394841 81.127140 37.957909
76.491016 68.400467 35.612787
82.901790 95.326673 27.514208
49.619786 82.818968 25.111873
16.521394 37.784678 30.948677
64.686669 70.332299 39.513722
88.355859 88.853864 35.173665
17.816325 15.636884 29.519929
90.077805 7.066558 33.931927
75.805775 59.886000 32.160177
43.685929 25.776903 30.040718
2.148548 29.197744 30.821079
89.263737 83.022695 41.918447
16.293494 88.754217 33.531405
33.603800 93.310090 35.968882
50.164598 31.299797 43.637146
12.968370 51.035710 32.945819
75.746709 59.940452 27.057401
9.597120 1.335009 40.404631
57.474913 59.978772 31.883295
90.167861 28.019779 31.528420
74.868877 42.152489 34.459558
31.718469 98.987648 35.955378
79.282353 23.407813 29.835028
63.817004 66.123385 25.576737
27.666883 21.657921 29.349565
75.958368 54.668409 38.338714
53.497640 33.079604 32.930667
97.198280 60.825612 28.531539
15.532272 27.936250 42.004357
81.505684 94.549312 39.336015
39.566083 30.684550 34.908959
66.672002 29.614730 36.386077
17.141802 83.047113 30.168610
69.292535 39.422777 26.477034
49.448436 57.846198 27.748057
8.545413 15.435581 35.195392
83.473659 96.698464 32.554664
8.758869 72.628622 34.372534
62.660325 87.064328 37.902513
94.514102 7.940372 33.117596
75.539553 96.803868 30.469041
27.496187 35.887473 43.275086
98.324165 26.588844 35.208997
79.652597 66.794584 29.427784
81.678116 3.922097 42.427586
72.476953 46.634463 28.473009
39.272621 81.334288 25.824151
92.884625 34.508020 38.052418
28.428870 56.316129 42.088759
94.836309 52.989481 43.636805
74.869781 40.620480 34.836636
3.426549 96.873006 39.676364
37.046571 91.507410 36.834786
54.379180 77.216383 30.031222
19.844321 53.124389 33.472259
63.172758 2.107819 26.428467
10.393041 54.047321 37.981713
65.274411 83.937070 43.020583
86.771447 88.485415 30.794552
74.109599 97.753789 27.268759
83.620373 87.314349 36.237756
88.894311 53.734167 41.236625
1.409173 98.362946 40.889416
15.451295 66.564696 36.162873
96.758314 39.286338 35.643139
71.051290 17.458552 28.756569
69.066664 13.580386 34.030942
36.515011 73.897423 40.209019
49.645318 40.602539 43.255638
9.267660 15.369184 31.909218
73.102618 51.373051 26.040254
21.550683 40.300623 37.904265
99.228669 13.554486 25.687567
71.131199 49.807583 34.173596
72.622086 10.160612 42.515269
91.207551 14.859285 35.092636
18.584438 27.157811 43.418404
44.715771 24.169536 42.343957
8.661358 80.511145 42.053173
89.987620 43.493937 39.185968
27.658916 30.308687 32.286663
74.865215 86.323182 34.018320
54.944845 67.541028 25.798416
97.340230 66.785062 37.348127
90.241488 31.549395 27.304434
16.696273 87.235873 36.812118
56.893612 63.718923 31.148723
15.873935 63.033609 37.524865
41.336873 61.423577 41.977679
21.525850 64.862431 35.259119
20.731049 13.430098 25.982157
99.753561 42.557563 32.584860
1.737009 11.815115 33.357940
88.691693 72.855032 35.643235
51.602141 1.212320 35.067949
28.614965 98.593645 40.963730
78.940670 82.815917 40.047027
51.464559 92.105747 35.473663
94.046186 2.499752 42.045566
65.276056 22.516673 26.607943
39.484855 56.918120 38.282824
75.642879 19.532482 40.931336
97.212981 95.160998 36.926216
95.807721 52.589133 38.358829
80.723452 50.581109 31.556653
83.414933 94.444761 38.228625
49.501573 36.083575 32.744780
0.364058 54.484085 37.202890
51.541251 73.653122 31.399874
65.774573 31.661473 31.393965
94.674588 69.810857 26.417547
61.927306 72.510619 25.071150
61.309192 64.054105 30.675641
39.679178 27.016381 39.011068
71.577913 23.099518 36.158512
74.445506 11.535898 39.233472
15.695830 45.741430 25.665628
90.074034 68.452807 27.847691
71.067841 7.509868 31.654303
92.148082 54.472512 32.593218
16.502467 89.454081 36.166362
81.463832 7.692116 34.644885
94.174708 65.087053 25.416754
1.931547 32.161710 31.112318
39.232701 8.027497 28.277340
29.765011 39.656544 43.404454
9.578164 33.934149 31.014493
14.975312 23.372174 40.365142
32.422878 51.829780 27.418544
6.293477 30.417682 26.595107
39.324863 40.700611 34.456148
74.717405 70.339931 31.909421
54.325436 44.641548 28.827876
26.571898 12.834263 25.855697
65.954776 15.892891 31.372202
45.779810 94.069329 28.747704
77.870270 43.513913 28.939067
41.841088 85.716562 31.578450
58.106691 10.233845 35.050548
98.238942 51.722353 37.605071
72.991931 10.923843 25.929837
10.600749 13.933279 28.586589
5.188133 32.273129 33.507895
4.499518 62.379147 27.643348
98.844625 51.169681 29.423748
2.659326 13.591813 39.054837
60.722788 15.424116 41.118251
17.741196 19.684240 29.388783
30.659922 92.153232 33.814055
67.038995 42.691731 34.574384
5.593562 35.455819 37.823650
77.707971 29.344490 25.907967
81.690801 0.000493 40.714953
33.536565 69.682089 42.958381
93.773821 69.001952 39.867856
83.001910 90.240810 34.973347
89.497546 56.992145 30.334601
44.329881 6.329109 29.750790
53.627359 53.843723 38.563578
45.276296 8.774789 34.224941
38.042696 3.095051 39.212157
6.231886 45.916055 38.374294
38.900164 84.323301 30.283022
92.877863 96.063745 36.193792
68.923971 49.155030 40.467564
0.681049 33.429656 36.178192
91.361016 68.289438 35.981821
31.934230 25.817332 28.251935
75.463115 31.671134 37.624966
3.519009 29.291178 25.111393
54.335353 60.476525 40.059967
88.580011 30.765131 29.349882
42.579552 28.182125 43.548290
35.977541 57.994270 32.214987
83.579941 26.900058 42.935298
69.857459 27.040782 26.625342
85.288635 6.293643 31.755600
55.658492 99.550119 34.414290
25.263461 80.869240 35.461986
0.554530 78.753970 30.796683
90.775097 31.097815 42.049475
63.683773 43.787044 29.471997
73.592586 55.274760 34.109182
76.581069 11.142687 39.040696
68.848453 25.451135 36.807332
79.114579 41.307788 28.017668
35.223860 88.701111 27.818445
9.787915 32.125811 40.923736
67.174127 27.255369 39.604969
73.235714 50.681958 30.322269
51.967003 0.478576 34.399610
24.692404 74.902751 41.694005
26.817013 38.889561 28.116913
2.852799 95.933162 41.115616
31.407429 58.552877 38.662833
97.865188 39.159069 36.162363
94.166631 44.693443 32.910183
79.852200 42.450937 36.370888
67.884766 5.180832 27.486789
51.977464 31.234278 34.859907