1.736283 85.031333 39.807160
85.859896 27.799482 42.890641
64.638699 68.167725 42.286457
56.133071 44.126925 29.856383
39.661338 5.758226 34.492941
5.852523 26.334101 26.891996
57.399392 24.795579 27.141566
67.422143 12.273762 32.602457
0.199452 56.569797 43.515752
50.713069 9.737469 39.404001
13.125323 27.108704 30.736997
34.804287 82.175019 27.003063
85.193490 37.183456 25.176063
83.231258 5.618789 31.270928
10.757629 34.894195 36.788344
3.338224 76.239103 26.152042
77.582623 94.308368 32.837016
25.348537 78.075131 35.278107
46.570916 44.536326 29.880581
21.435267 15.150064 25.226911
78.346657 36.160609 35.413037
96.723644 69.220255 41.098958
30.753772 56.040880 29.188473
95.133545 23.998394 38.977606
6.358308 57.707772 31.438371
99.450179 47.461312 40.123150
32.581619 68.258023 39.667204
17.995384 48.714782 37.884755
10.720038 31.585603 29.799496
55.700544 12.509187 38.050934
86.883063 26.075215 38.460286
65.841121 29.210214 25.129272
33.340978 26.988102 37.359086
65.823932 52.688440 35.601272
36.530480 84.203566 31.553743
67.841528 35.172833 35.301304
91.282124 22.371723 30.481536
71.034010 65.240829 42.234782
55.644686 49.977454 43.187798
85.176097 75.439582 36.994471
77.923499 47.605632 39.050277
3.420547 25.933486 43.678170
40.645508 78.689987 32.392428
14.608849 41.928597 33.202145
58.552911 54.312337 29.847701
96.969594 26.350638 29.044449
72.516597 57.864938 30.161165
73.522175 7.582125 42.479598
99.264656 21.289260 43.313244
28.837774 4.930369 26.997918
35.948451 31.563188 42.577883
61.515025 32.463561 26.123314
78.285450 15.477443 30.763675
13.539176 97.531929 31.048554
91.000340 17.095404 32.080677
24.586396 86.079342 37.934742
88.256580 30.617457 37.027772
31.051074 40.379988 41.920112
10.860664 73.124349 40.289134
86.969936 24.804578 42.154153
79.372375 70.439089 34.328684
45.743217 74.126052 25.376239
8.076916 97.436104 32.557818
66.993777 63.069282 33.290545
50.583409 24.894392 29.575985
21.987148 17.173652 33.720887
20.777087 23.094944 36.429946
63.802335 93.869618 34.041836
35.029367 31.949864 26.586050
15.894258 66.531910 27.633481
76.056563 19.208637 25.875763
50.368064 18.024742 34.771953
48.538245 6.660533 32.844813
62.215028 4.677554 33.344907
33.697744 27.125157 41.244456
33.231265 36.218567 29.409440
22.218387 17.271520 27.242111
22.812016 79.165878 28.941319
82.884704 50.239707 42.718840
57.460745 53.428168 39.868265
31.003140 21.121503 35.938516
11.047109 13.166157 32.381087
5.524353 65.669007 34.234712
30.797670 37.949317 38.305968
0.219602 94.271538 31.213068
3.307023 50.377063 28.421276
31.188713 94.410230 34.514270
12.214086 79.905636 34.936456
0.523261 46.581681 37.840299
71.784033 89.926186 28.535464
74.177096 82.829005 36.297934
88.188549 67.029604 36.618241
1.986060 30.445266 34.159887
9.411107 14.173136 39.209752
88.326923 89.834461 33.294217
17.917355 21.530037 40.392777
98.357433 32.733228 36.811620
59.590217 3.003589 35.766303
36.047256 51.886573 25.305102
47.648199 92.342275 35.806397
80.294699 46.821630 38.071943
8.332420 79.142807 36.822859
7.551986 48.378468 42.614371
7.010979 62.495097 43.231179
49.534246 22.639828 37.169807
54.196733 51.393776 34.174275
20.636368 63.941578 28.364819
33.119636 74.792333 35.241400
60.234650 5.967189 41.250725
86.897532 5.167814 34.947957
81.958740 32.622778 38.111526
46.358987 99.162776 34.914250
12.566513 27.420839 34.013275
78.858139 27.528488 27.866041
19.381573 51.808221 27.872432
9.551074 15.317082 33.077462
64.508932 27.503630 36.190158
82.699632 96.520187 34.518202
96.369146 96.046151 39.686620
21.354341 16.113441 41.241899
93.638748 55.034730 25.805157
68.421452 27.975070 30.135321
97.476342 46.553337 32.681444
24.564262 27.401245 34.722849
40.782410 64.229334 35.406482
40.529650 93.454206 26.364879
76.857766 96.284504 40.625321
50.259383 66.615608 34.394584
5.102260 84.114997 37.785003
81.687253 16.182607 26.422233
53.702631 2.505316 35.604101
48.905545 96.643195 43.415150
31.736155 87.514753 42.435009
37.162331 47.165556 27.908290
32.205427 74.870039 26.526483
41.852184 29.678110 32.555312
48.456174 69.502934 36.539981
69.529077 71.619694 38.818169
7.354419 36.888919 33.703051
43.308460 94.647010 28.362740
83.704359 3.744119 28.440828
16.236902 64.210662 30.120470
47.234571 91.012650 36.415063
41.915678 65.630526 36.367047
58.533713 28.420239 37.196723
99.717277 26.070555 43.276448
86.018611 72.837737 33.516219
99.222056 3.187017 26.276442
73.112927 61.990481 25.392446
63.214044 25.840081 40.851353
21.282952 17.210075 35.032963
68.833650 15.211368 39.869315
46.519295 47.102472 39.190043
5.008757 1.594980 32.517998
61.543013 27.414908 25.352663
34.387480 36.758790 37.739997
61.477851 90.091234 34.817155
90.974153 28.740566 36.309628
77.310133 94.118741 30.756709
0.497308 32.583868 28.107111
94.392531 98.174814 35.624023
22.017272 67.778757 32.000822
28.052378 62.427610 34.384900
16.719028 48.132999 35.604150
10.532442 24.075441 43.710477
80.454574 24.552935 31.941303
83.318727 47.737236 32.004556
56.119512 83.187333 31.492012
3.232350 40.429707 41.620604
64.895825 84.393482 37.622959
17.290269 69.605376 32.938125
80.208829 67.857097 36.710939
65.990879 79.184825 34.660682
8.018333 27.232739 37.808837
86.642870 42.433830 26.094420
94.435941 71.814086 33.033922
90.974555 25.007935 35.749113
33.307786 81.651155 34.567852
22.683554 53.648570 31.745530
88.618731 39.321705 33.338670
61.477012 8.562611 41.323907
97.860321 88.141482 41.722807
42.044055 9.026639 29.253732
36.491380 1.211282 32.149344
15.005257 43.156978 35.955570
73.444827 94.134969 37.025575
40.220098 84.938864 42.975101
70.531673 55.263288 34.227156
67.215710 81.880177 34.038347
80.331909 23.493525 34.635634
21.951431 98.978504 31.363304
45.657591 44.599856 37.640327
86.488709 11.733256 33.249342
9.884168 59.377854 39.260307
71.089434 11.955381 36.746638
29.222745 83.733920 37.920724
45.061402 38.808439 34.286448
43.013725 25.325910 34.525405
10.364844 29.204198 31.072592
73.232238 64.073492 39.295931
45.533768 4.878922 31.031523
71.911161 54.277256 42.625907
12.498052 28.313793 34.776851
33.191080 31.710115 29.414564
40.658617 29.583884 25.866629
48.891911 62.901168 27.194405
8.187992 39.412428 41.967076
12.818325 72.789444 41.962305
49.017519 3.425997 29.102764
81.241974 95.668168 35.535270
51.142296 68.920720 30.904358
3.017429 53.404618 34.042455
58.353185 78.832526 35.830524
28.717500 6.590527 39.647920
75.408058 67.796248 27.298769
17.426480 2.545318 39.368701
69.356015 1.496981 34.952699
30.844118 25.839460 39.840046
82.717033 72.583020 29.571732
12.868808 25.460075 37.821657
72.314682 94.240762 41.530129
41.429620 12.409457 40.638488
49.016965 60.260683 32.692499
89.938007 19.059174 42.979444
3.420744 31.311608 39.204892
62.817318 51.114764 33.316668
72.935776 55.169770 27.684809
30.400226 57.120156 42.186052
55.933685 60.254436 41.942133
66.387879 29.484000 37.240452
21.739257 51.878322 37.338289
59.385540 13.941826 30.789567
37.944917 53.992626 34.225319
94.282153 4.643615 33.024789
49.733644 76.378989 30.439147
2.129520 97.583945 42.753397
69.936989 15.707514 39.692471
69.260603 2.667210 34.801905
75.219557 82.711504 30.462494
6.647461 44.065458 28.301566
93.138170 56.443865 27.578088
75.693663 35.945307 37.869666
78.735824 7.800074 33.734917
48.001088 11.393391 31.791394
5.822652 7.488328 34.382678
48.028032 26.396400 26.692939
11.751057 93.248934 25.758054
73.413578 59.948119 31.477226
61.149183 0.633929 26.013618
28.279990 38.242958 33.107193
11.829729 1.658720 29.590350
39.609378 66.770986 37.121252
95.958052 69.210248 27.891117
40.911166 9.362342 40.997157
48.323133 61.122192 34.053092
45.326251 69.241401 29.792408
51.756104 30.748109 37.934937
42.220013 81.107268 36.548757
85.266250 88.122530 30.392658
86.974686 29.402639 32.916189
15.869142 43.980761 41.443043
66.931062 66.770400 35.678267
22.919999 73.155554 25.308037
87.956146 44.867520 33.400935
86.777866 51.342649 36.762424
20.910242 52.482084 38.415585
70.813588 10.191786 38.612072
99.081236 48.637543 30.296194
39.859239 48.250988 26.624674
11.467263 89.876817 33.777556
61.963036 56.433307 25.822755
32.445365 24.091551 34.802374
70.622577 0.298645 43.228320
12.898140 1.988797 25.646866
5.411528 58.349972 31.721717
13.566298 30.386636 35.672007
84.328066 71.137433 32.082635
53.104359 83.728614 37.386542
32.839223 12.640738 41.680034
30.672806 27.859517 40.171263
71.305462 92.587060 29.025316
22.897148 86.930255 25.091442
47.746864 57.621975 38.151805
35.201841 76.244902 41.973226
69.306103 56.279646 37.492288
1.576962 29.854469 27.412168
9.862637 88.402753 25.521451
28.904756 17.711238 38.150291
63.140756 69.518802 30.374771
67.700467 52.752379 38.159613
64.413525 58.122666 33.213127
33.766640 66.673950 32.429118
4.388026 94.115286 41.563501
30.690996 19.968912 43.010526
23.444454 9.829672 38.718939
71.146907 91.762801 42.243468
82.793216 82.480875 41.174499
77.653672 51.652731 33.473988
23.350719 79.072286 30.318850
62.875807 46.187471 37.427220