88.535819 79.297305 31.769655
99.283909 25.598693 35.575471
30.075978 84.014486 28.593316
15.608766 65.468355 35.574242
69.907029 97.144288 28.246211
22.794753 88.483206 41.026616
80.943454 72.606541 37.472228
55.911085 78.400507 26.385631
56.968638 99.566794 34.369181
42.014868 75.800491 29.733343
22.095977 77.998152 41.239154
95.443295 75.925565 29.725149
65.018745 74.796416 36.011950
90.099033 96.497031 29.765106
86.160738 60.819633 39.084538
57.459552 16.613881 41.247227
25.241148 98.802322 43.347460
87.969593 35.224036 32.853622
87.249200 85.214657 27.133045
56.330493 84.295105 30.107605
32.631006 96.580910 25.134270
15.349754 25.591040 29.610602
94.762765 40.720452 42.789011
93.647054 78.401908 26.477556
47.348293 18.995004 34.101894
72.571330 99.525848 40.309992
47.734205 3.157588 42.164477
92.538066 63.866750 27.185117
17.007643 15.967763 35.730437
65.699231 54.550488 42.541552
70.586559 67.258308 40.773901
75.652783 29.721264 33.089445
69.867901 15.605995 28.636772
69.391883 27.493025 41.643590
17.888415 56.680718 25.017888
44.504156 6.611516 31.551117
30.082859 40.017055 33.481469
30.700040 20.851591 27.985083
87.128424 40.390677 25.662305
74.045453 82.866493 39.650797
45.125200 2.561959 27.611156
6.780887 17.669121 36.643376
71.806399 3.870631 25.820250
6.111064 67.794092 28.613433
48.057370 26.366167 35.804769
51.939873 78.691303 26.698498
40.553791 44.507343 43.445693
54.185751 29.332362 28.725379
34.711680 85.021743 25.088391
74.504961 86.704386 31.722235
89.156736 29.979188 37.689609
17.533762 53.295734 30.781819
3.555524 86.099475 32.372811
99.712639 2.139127 26.136675
76.062996 55.238416 35.623505
65.213052 15.786821 42.050532
85.052719 90.975049 39.444530
93.382646 40.067758 34.663614
52.793156 52.038382 26.463741
13.043607 31.512720 34.951170
56.577250 97.825967 33.977216
62.711016 26.530733 43.219551
57.718673 75.178875 36.341596
45.071902 75.517940 39.752358
65.154973 43.618941 28.109539
58.709989 64.545309 25.190446
86.311906 51.540981 41.495854
52.143398 17.836208 25.366747
6.850774 92.541215 42.749046
67.137358 64.891687 30.188392
30.324125 58.100891 27.135235
0.005742 5.099787 40.350737
84.904498 99.222878 37.946702
70.637284 9.042925 39.219164
38.400987 27.941680 38.566601
92.659299 53.864066 26.630642
1.522040 88.359696 42.238021
16.896185 48.221151 37.415156
39.082275 76.794938 34.492893
92.819821 82.590533 38.870781
94.219709 22.742686 28.803193
22.175761 81.261942 40.612923
72.357306 12.833563 39.499218
3.470483 83.077254 31.837230
48.061077 68.897049 30.982666
40.269046 51.020711 39.105843
83.493530 88.503551 36.099469
13.595213 22.566710 27.360161
98.414145 94.079094 43.577895
2.172270 55.770222 37.217391
44.000982 9.967403 29.935989
45.641485 55.314607 36.095377
44.370278 34.846837 34.062840
43.114181 70.288148 27.541126
70.859060 27.562529 37.953624
51.902690 54.628005 35.054841
53.920209 25.423299 43.497821
70.903291 66.040033 27.385254
26.214181 26.408120 36.051015
16.033532 99.459963 37.652763
86.261058 56.947590 36.349371
83.314443 77.889540 39.526649
10.401711 75.874117 41.546196
5.035531 1.828847 25.117652
87.129466 74.539049 35.787668
5.421411 52.778195 42.405222
12.738240 28.952365 31.545959
35.274960 86.511801 43.532647
52.857417 93.375305 40.928347
19.206468 99.649894 32.399418
28.752880 54.404333 42.737254
73.869113 10.534353 43.433288
91.422256 99.160101 28.906543
44.772621 22.031441 34.596671
59.943844 6.572444 37.532545
88.346166 2.552154 30.965077
42.970662 19.646730 27.933546
53.923955 75.355020 33.483463
89.778691 40.619372 28.878670
57.724998 76.392868 25.548580
48.149719 20.883595 29.051713
31.353406 58.416680 33.836033
94.723074 94.927416 29.611843
6.357169 96.140399 25.360577
74.642131 68.143093 27.198283
10.498372 76.489646 39.775457
31.296281 90.869413 40.927302
23.026092 48.739612 30.612836
82.998449 97.990014 28.999571
68.397594 6.658505 32.735245
55.199887 6.914295 39.105666
57.770826 1.988529 25.766034
92.348636 30.864721 36.295346
78.354792 38.660336 28.793764
19.570359 88.305588 40.379585
7.447271 29.691670 43.593244
50.690270 13.432373 42.309218
42.738868 73.412118 30.728989
12.928081 50.079095 33.817022
31.035654 60.892623 28.007725
17.050574 1.593359 37.330449
57.834965 67.955787 25.518685
6.679730 35.305394 31.100597
40.197836 57.079242 30.157528
3.685162 47.496568 27.865317
17.879944 94.398866 40.040566
61.339397 8.467960 38.755533
92.769672 29.193871 31.355019
15.769952 31.761023 38.939178
24.633395 70.509632 27.193258
4.141311 94.323771 33.818780
50.877836 82.287995 34.029205
45.510967 59.151368 27.879916
62.922572 66.413552 34.544861
80.435782 14.443734 32.981696
75.617993 95.818867 41.131297
59.238485 36.941603 25.488200
39.191049 22.639389 32.151341
70.546439 80.372837 39.570311
74.800030 1.407190 42.052187
30.957244 0.314670 41.364790
62.916115 44.533113 40.629142
25.894318 21.219751 35.079496
37.406228 29.181008 37.013796
30.141955 76.601551 39.572302
76.891749 68.823236 25.059707
44.515931 92.344176 38.880591
35.619216 73.531484 31.754463
95.550873 39.983955 34.076837
6.344777 30.848189 37.620047
20.075849 9.254009 32.958137
76.884686 99.337221 25.360893
60.868097 25.555080 37.006352
80.911707 34.249431 33.141638
37.237689 90.800862 34.405618
73.493022 45.311544 34.713291
48.699519 21.996148 32.982442
28.289853 61.469348 40.646645
59.650389 78.212218 39.452622
5.098833 45.303127 41.343671
48.204395 94.518506 27.062627
87.310481 45.256411 29.945959
7.220860 90.619506 42.920333
99.419819 59.520114 39.568104
91.292962 32.959284 26.527551
66.971421 94.427704 35.065394
52.971462 93.764625 29.739880
65.820132 62.599231 25.136721
10.679383 58.773358 37.667364
14.371716 20.071310 31.232834
86.964970 92.358950 42.863042
28.295219 59.502860 37.872724
86.704548 78.144515 27.771313
73.334727 35.997798 36.512411
84.563261 55.591362 32.888997
73.616487 11.655376 28.824489
87.368930 30.533450 36.880889
45.912299 38.843137 28.599699
86.916009 57.775788 38.536485
91.822983 91.030199 34.391762
13.828552 23.065612 34.388231
81.534708 14.618315 38.637549
71.404828 66.099335 39.376905
64.137813 5.192924 30.063005
79.179468 56.441376 32.380092
46.519713 80.757855 42.799873
27.972294 92.503104 33.970987
1.534002 5.694948 29.328900
20.649354 86.799531 38.871289
25.419072 23.583716 34.636413
87.950619 3.034708 41.590929
22.929587 80.166966 30.468437
88.601937 45.439817 38.876354
8.753143 60.767340 38.474895
29.277619 30.027902 32.899259
29.642988 72.688875 28.634045
37.247702 66.276426 33.420537
75.054094 49.618124 25.028119
51.734764 61.517605 40.052063
5.916900 44.206223 36.026244
16.997034 23.460711 36.026358
87.688281 63.344282 33.874972
7.082567 5.187843 34.653510
68.567792 9.760263 36.068740
70.880142 45.099056 34.652269
34.466321 32.889818 25.903223
14.582412 26.499939 32.277873
58.252160 71.993486 25.467356
29.992449 17.140704 34.589029
69.331851 12.192197 41.847864
3.747832 68.939466 38.179015
10.677330 74.556941 34.240573
77.145546 71.758312 31.999555
40.574223 64.623694 40.793882
65.280902 72.956709 30.687262
81.645189 92.849432 25.768523
73.948212 42.297146 27.296174
9.611363 29.065213 33.657517
7.972068 60.981847 38.817958
34.500217 5.778570 35.565999
40.342515 96.549908 33.386239
98.382288 93.358042 28.790626
68.124997 58.688775 29.782113
19.310124 94.697607 33.393054
25.217166 47.695520 39.098205
17.189676 2.051558 29.999779
93.752842 20.197074 37.722678
71.679273 79.275516 43.351111
13.674264 20.794283 42.564013
69.560618 17.302135 34.958790
60.006530 27.108486 36.233667
65.392049 84.448660 31.015376
2.729391 89.216633 42.665518
72.649147 23.713637 30.703961
0.178318 39.269980 35.609591
78.712736 53.758644 30.676581
58.667929 77.282683 40.132442
37.738832 45.520884 37.668414
36.181748 90.424038 32.215309
65.451042 2.696956 39.846867
82.738249 55.404999 29.912291
98.304526 59.886482 25.915639
6.596618 63.911858 30.796739
55.919802 15.943963 37.122279
90.045078 47.996598 33.808225
20.749292 66.998028 35.939026
96.444317 28.988907 33.009521
67.847172 8.001708 39.719810
55.845645 25.695989 30.531646
59.637803 58.945278 27.065124
68.802785 20.371931 30.059212
85.786544 54.306607 36.912775
85.231480 78.557261 34.188334
75.065648 87.704549 30.789674
17.560129 99.815987 42.826650
70.287390 79.357902 25.713616
22.789661 95.834696 35.978854
89.726573 57.872848 34.834637
65.253705 93.200251 37.017855
49.271277 98.709712 41.617690
41.775775 85.408232 36.559022
36.021921 76.612683 38.450761
1.754945 19.959890 32.210576
98.619259 51.280308 27.890437
98.898216 29.775354 29.049134
40.688831 78.853867 32.402916
27.839742 38.923230 25.034536
67.847527 64.703914 25.693773
51.096598 38.414740 40.669352
22.109965 11.008839 39.659456
47.284619 93.342334 26.591588
26.585366 46.560313 34.250749
24.979439 59.062077 36.345769
73.541846 8.015934 26.579943
71.229562 31.964049 27.521788
0.183830 65.277600 26.161941
97.584845 77.466034 36.463010
51.480480 99.406435 41.689311
90.635871 85.672931 43.611651
26.128121 51.080114 29.755967