2.935547 11.103986 32.209285
85.488743 44.850049 32.887584
20.261903 74.844497 34.437057
30.889965 92.683964 40.661024
34.113897 26.686527 31.020194
62.159502 86.921327 27.808174
35.719653 81.996000 36.122331
52.397747 82.556049 35.224398
80.507083 35.670901 37.466578
3.366265 36.485652 40.494851
15.376596 69.871247 25.368444
93.216665 60.835527 32.993840
12.310974 11.455490 26.725552
3.130769 4.970447 32.598930
64.252044 67.473719 30.669677
8.478692 20.843609 36.221525
26.776677 16.538318 25.818706
40.041458 29.431893 32.528515
91.494711 42.152203 31.007662
72.612913 72.837964 33.143000
52.072360 86.554358 38.365752
41.440681 82.650211 37.022490
1.345827 96.594009 26.675701
6.347884 71.750513 29.712695
90.585143 9.880715 27.414128
78.287927 33.480371 27.404548
0.756542 72.470846 38.578978
63.319233 63.923549 35.089480
67.269883 90.111033 32.554677
99.392660 47.272246 25.494648
11.283448 64.177430 31.983172
62.987783 65.750176 38.778056
56.833698 47.316818 37.378460
16.182298 43.773131 34.116952
32.136317 32.061129 39.298189
23.380632 84.069525 32.337154
60.363091 41.610375 42.525179
47.862986 39.606202 34.175753
95.600770 59.221139 42.283822
91.349122 80.271452 41.281270
33.438398 70.679235 25.050949
23.515858 82.564948 30.497535
82.490711 17.684509 27.979553
8.154896 58.295268 27.139688
39.071959 3.845500 28.428774
11.713300 69.032494 41.682686
74.323029 67.369767 36.566132
88.894400 85.244469 25.521816
35.621262 14.238483 36.344194
47.235091 85.398361 43.485582
34.713405 25.704961 30.176378
9.619444 42.939878 32.129788
20.395457 14.030543 38.123201
32.782594 27.136102 38.771765
52.072179 73.355511 43.121203
41.536410 84.302036 31.661979
4.992659 23.613448 34.739356
85.151627 98.626080 42.472125
73.309430 9.803794 26.427743
18.958986 77.455473 27.203351
37.409738 73.703526 41.994265
22.758647 40.514684 31.697794
85.676482 30.774882 33.402031
30.687581 92.001086 39.238654
97.068412 97.716457 32.494503
70.680966 28.956898 37.666396
10.032798 71.853909 36.139698
32.170354 91.061940 30.658989
97.881807 71.067975 40.574789
30.013741 39.686422 28.229128
90.679523 99.643400 39.936307
70.760873 99.071432 38.996772
87.606464 22.460342 40.925177
6.140121 9.719562 32.784297
64.878345 93.787857 39.961108
78.363755 49.761431 32.950299
31.554307 67.041020 31.868422
39.460443 68.125242 42.870447
76.019426 10.819962 29.640759
47.489522 90.134977 34.742440
13.170658 17.832538 31.587375
26.173925 0.878513 30.439143
64.002477 4.197102 29.373478
85.863207 85.041012 27.621678
30.132732 27.209420 40.960572
24.550142 70.971805 39.519663
6.653364 78.408717 37.047042
34.407583 70.412459 32.668208
77.654201 58.450647 38.531927
16.257725 68.676707 31.236230
89.082131 82.014139 25.898135
56.619479 28.025909 39.198101
11.491337 21.694307 42.535473
19.369081 73.735786 31.156126
30.850862 51.289363 37.986106
74.486429 73.475699 27.761113
65.882757 14.922756 32.020193
93.984399 46.812981 29.995463
34.363007 98.244654 40.001825
86.484460 1.195622 27.081918
89.793216 59.368997 33.969450
19.785353 72.724670 30.813559
79.499639 37.729808 35.505011
13.189502 16.804179 41.548087
45.856899 54.422434 42.761445
53.292856 88.713529 27.076426
39.729100 37.949268 39.157294
80.867014 64.276372 26.936437
29.640389 32.256088 41.730038
61.712748 25.422962 30.367137
41.849270 42.332845 29.614108
44.346535 28.386192 30.392829
24.620126 22.013166 31.316255
87.312359 5.443228 32.913663
11.075028 42.359297 35.545949
85.316545 49.479019 43.320700
34.820379 68.134092 26.289699
18.862032 36.686026 40.439643
30.037641 91.278054 43.659384
80.019630 76.606329 27.085725
24.553322 9.997612 27.862499
19.087413 46.297261 40.489532
20.801871 35.454767 32.319703
67.422546 89.308883 32.699050
5.002286 17.456961 42.822165
11.424010 58.661697 32.902272
53.588959 4.591021 43.194124
40.758734 65.693044 42.533771
10.728691 43.799798 33.284944
95.609849 7.064674 36.195852
34.929243 38.027332 41.165323
88.920100 52.366900 40.863135
53.272455 98.271572 37.083629
51.574581 40.654840 29.391502
12.590981 35.395185 43.506671
29.181292 58.682817 31.243046
4.095145 58.765140 37.627937
7.401387 99.187369 26.367555
13.917783 67.079825 38.344518
6.602023 37.548050 32.369468
11.357798 3.754493 42.753983
37.067716 64.669475 43.494484
23.564849 22.457697 31.048201
73.726420 68.737441 30.238112
35.354344 92.234330 27.299021
24.296227 4.099969 37.107287
71.907151 37.321771 39.875890
13.748584 33.070492 34.075245
34.579302 30.857899 39.577336
59.277571 14.086074 35.593101
70.070329 67.574230 28.260833
17.412182 48.841411 37.032036
81.413338 9.247792 37.463013
83.552040 36.054424 31.415529
0.648616 73.289034 35.477871
44.332668 36.585074 33.573531
18.139490 44.423490 39.216582
5.288052 58.066915 31.345544
27.654311 92.868760 36.178421
87.252390 65.424332 35.632326
56.828013 86.776197 42.902753
26.820120 94.634731 35.679819
88.437557 61.717365 31.011715
79.510369 32.758443 28.171318
20.830659 27.316798 31.858697
1.342289 95.221116 42.128026
98.922709 78.807787 27.306526
83.677217 73.154755 35.955046
64.970636 34.318935 32.308168
63.812767 23.683588 43.618798
62.760982 53.076217 31.207443
75.072225 70.014955 37.049914
48.817845 34.907648 36.431745
57.889976 71.486482 43.003260
30.079417 57.733325 35.897672
46.728688 74.966049 36.287675
76.444773 41.594509 34.782125
14.012844 34.555765 36.522456
96.211852 41.986078 32.921174
88.044204 0.732135 30.614407
66.626242 37.474468 42.276776
21.997615 6.322826 36.098068
55.716401 11.818386 33.101872
80.373453 29.926466 30.845164
94.518144 71.950646 31.960990
31.092801 97.830670 43.439492
66.809815 9.047844 33.254737
43.170857 69.742342 30.029260
69.526913 9.786917 42.832875
43.567497 62.804437 39.110904
19.908719 95.117759 33.206832
79.399751 87.278898 34.970279
2.628198 27.522346 39.634334
54.338643 63.927245 43.320315
19.481411 10.303571 38.845380
66.540087 69.639049 30.306082
50.134582 49.461266 29.583921
60.235937 99.548689 26.276780
88.099143 2.092867 43.736630
45.175475 37.053639 31.712994
8.174432 30.957079 32.655634
50.624543 60.326333 39.840216
25.934566 33.673267 39.204642
7.677346 15.253597 32.532584
97.963580 98.170401 34.447608
37.875146 67.982530 30.991185
81.417088 44.450187 29.017234
59.436175 88.006653 39.446383
72.148265 31.752261 38.949925
4.204432 98.020709 32.062242
15.876073 84.485943 27.573924
34.614458 37.364995 30.139876
77.827478 75.038929 34.269277
10.260310 51.255855 29.837096
81.136336 15.234072 29.908053
81.221211 32.156134 43.646016
88.832773 91.415886 35.728701
40.486389 46.368122 25.769389
7.763418 69.956137 26.962843
81.799064 49.680369 36.889049
79.536365 93.069480 37.512289
86.570069 82.210232 30.441865
27.301533 48.124857 35.552838
46.712529 10.845214 27.234227
36.475580 82.639021 33.094043
66.585579 56.158083 27.561578
95.154329 12.917320 38.706790
91.779379 13.990092 28.754349
89.653908 74.895934 42.535874
40.608702 37.814138 38.538633
80.001992 21.024991 43.467745
20.873147 91.967912 30.674731
79.947440 16.826287 35.946994
53.799205 52.079417 39.238825
32.174686 42.796656 29.660320
50.098109 53.800941 43.356024
73.804795 74.921903 39.695820
62.981487 27.576730 29.118072
92.295920 65.030532 38.287688
60.523915 87.705283 33.113908
61.385775 63.722579 38.188338
2.926904 17.435453 35.721069
79.085944 76.830570 33.627837
73.536802 8.505638 40.689942
35.637620 31.202370 39.383594
59.839856 84.674088 28.687747
45.236863 51.539554 27.763965
72.238053 7.284414 32.897449
86.183889 59.761865 25.639715
17.711610 13.872603 40.866792
17.106676 14.400814 29.327956
37.166361 25.495546 25.186791
69.402374 22.280004 37.344600
81.029243 81.028587 25.256001
5.639134 82.994516 33.345520
97.867621 67.334424 31.471832
61.364179 76.641996 38.690856
2.392659 81.471218 43.329641
64.739905 0.795300 42.077047
23.014114 88.478027 28.967610
32.496640 97.837014 38.822904
39.278108 99.068127 33.611701
72.720189 87.286145 39.277316
90.757781 96.958792 34.464922
39.962329 90.693074 37.690830
8.480995 30.679515 40.096364
81.176862 74.301600 39.346624
64.291432 98.735337 40.459361
54.052263 79.402386 35.616049
59.429930 31.060076 29.166149
27.782793 13.596589 42.299573
83.736528 41.005573 40.148423
48.802411 93.362602 30.232908
31.129936 48.349743 26.348550
52.251788 79.880592 36.202842
61.397740 51.462594 38.972001
84.244116 84.593533 40.765087
64.893443 19.117913 35.983875
79.829322 82.068695 41.043965
76.951835 44.258123 38.785065
29.008719 69.607450 32.995316
86.349790 36.969703 25.669367
79.460982 23.200333 26.879477
28.586582 29.966971 32.900773
16.426324 68.594649 38.003605
12.397189 36.596221 33.666411
41.670908 50.187792 41.585678
64.506293 58.512556 32.769709
4.628784 69.429744 30.060545
15.511719 88.597931 38.507388
13.368907 36.390217 39.816428
3.139304 92.827645 25.924466
35.598163 24.434102 33.167185
6.940642 51.052357 43.550217
97.823829 17.233633 34.290450
60.622538 84.600051 40.050972
77.290734 49.134229 37.417263
34.402486 82.988850 33.956414
56.904410 54.758138 43.081569
33.475554 35.996343 31.722005