30.569110 7.915640 30.517980
47.922151 29.160295 42.238898
90.156895 44.129904 30.215063
96.863460 2.064292 32.144510
3.131862 41.805543 38.123896
74.199079 87.739050 32.267137
21.346306 78.147151 38.229020
16.792177 78.959142 42.811700
74.453337 98.852829 37.329127
90.077402 4.951221 33.042135
30.037797 78.812732 33.903961
19.411544 83.537973 29.010167
40.464306 92.189561 29.126011
85.053493 4.838415 30.444128
90.493437 36.923704 36.182024
66.921256 31.739749 43.671193
96.282455 44.313133 37.224712
97.415049 21.093295 38.700639
56.016535 40.663460 39.394099
74.024943 78.032791 28.883142
46.139189 92.832581 32.998290
21.137012 38.466556 36.439588
84.194531 37.226433 39.880687
14.494330 62.238468 27.331246
4.738262 49.399806 38.639223
98.959755 37.234199 29.433010
18.509276 66.621738 37.311598
32.549569 47.526995 34.981201
37.235547 24.579806 36.999860
59.347614 86.532684 37.186516
97.957068 0.084250 35.551538
77.394814 43.686991 30.244217
84.504223 3.245922 30.241753
41.248614 64.051628 41.082122
35.504776 46.727927 38.105309
71.238706 66.230947 40.772682
51.391205 88.194887 30.932091
15.003874 47.410268 42.688947
22.757662 27.058418 37.986942
94.435542 86.271474 31.889797
87.374731 21.435584 27.561200
14.448585 41.863555 36.243791
78.343802 84.417704 26.645324
97.371137 28.878286 33.237357
89.547152 94.038973 38.827547
54.477767 40.727862 29.276258
44.397308 89.334600 41.562130
32.872756 2.831057 31.601972
22.170485 61.869750 27.748581
30.473931 38.811817 39.430999
34.737168 88.654773 36.692587
89.860635 51.129679 26.638840
5.364393 62.530589 42.581117
23.621472 56.909059 35.677117
36.173227 8.071925 28.408106
86.899945 55.219943 36.670048
26.722011 96.120099 26.377730
52.044635 91.264255 41.772171
57.846125 49.496146 35.781728
17.789666 48.422081 42.081361
3.953195 96.310345 32.504769
82.792439 60.613119 34.442603
65.427367 50.813623 34.904908
67.555283 47.794057 35.244430
18.058401 42.185574 35.659043
99.979749 7.201162 36.740426
92.063039 11.994475 30.624606
46.348131 1.957571 35.930562
16.909157 69.420314 34.526200
6.848617 1.686872 41.878852
84.413220 13.924131 30.744778
5.888394 20.597595 36.039279
41.919221 67.049330 42.760837
88.056162 28.319002 33.338041
10.169551 10.071314 32.955203
91.213087 86.354789 40.444094
40.243387 22.157632 40.820187
80.460601 86.607321 31.326885
46.697321 21.114743 33.669295
28.562547 26.134687 34.080857
14.258705 30.382244 34.477027
27.328071 93.542679 33.861888
2.035649 67.018573 41.695830
19.414900 10.851586 41.246995
0.701726 74.602465 37.672483
32.777970 69.671351 38.396880
65.131149 47.264743 33.879107
44.980838 99.397423 33.238381
96.977087 40.922378 42.781374
18.173695 1.575788 35.219270
68.199676 73.518657 39.823277
38.133262 60.393412 31.948066
60.047974 53.050736 28.291617
75.852846 67.325472 39.571757
67.342658 61.296334 42.121826
97.647317 1.590221 37.430156
1.060456 26.856209 31.152987
75.813650 21.225179 32.454460
85.043517 23.802109 29.407525
77.605620 48.057747 26.396719
79.365652 57.135350 25.087859
39.163935 21.038519 25.045240
91.744112 94.339762 40.017266
97.890878 77.047653 32.052019
88.519468 86.674346 30.829456
4.469755 37.785710 30.419255
85.831555 66.254370 37.948867
7.052700 94.155230 35.186041
67.375423 17.189265 41.643854
25.076883 61.032759 38.075487
43.929196 30.342178 31.238424
26.492922 51.043491 35.907015
53.936045 73.181529 26.996138
93.554566 81.356235 30.232776
56.207349 34.739384 34.221656
56.565569 61.737668 34.646466
9.512719 5.458117 42.397962
48.848761 56.358728 36.512502
65.301937 75.173262 26.732561
21.855856 88.876086 37.373481
54.696090 83.058500 42.632837
50.490380 35.726559 43.406678
3.028287 29.956297 25.047703
5.134558 90.933593 33.751772
69.192233 52.889765 38.016751
35.039859 33.461829 39.631940
81.397872 7.476941 25.617887
11.933989 96.531726 36.145136
21.276076 18.634420 28.910463
60.652778 54.970403 26.495798
60.757286 68.758350 40.291989
68.320675 51.372267 31.417882
17.472794 14.471548 36.549797
59.374064 86.836013 31.423721
40.393836 99.110197 41.790810
55.517901 47.607439 32.829505
28.984578 55.783177 43.546881
97.892844 89.380365 33.379203
88.021618 50.965521 26.206019
79.942824 1.733765 27.925941
68.529730 25.829900 41.222675
75.251462 95.488264 33.077586
15.085139 73.035073 39.079246
40.866604 1.412631 35.988429
12.610011 61.827097 26.263016
5.575660 41.555143 32.413597
50.301011 44.907594 25.729443
24.344392 34.416594 40.112017
51.893496 0.622021 41.840509
45.930143 32.822042 38.096202
49.379508 87.710547 43.413870
52.849808 1.148382 32.117038
53.451000 39.637607 26.275039
93.657744 94.316771 28.625534
47.298131 70.221121 37.928623
53.804627 92.119115 40.205611
14.833583 65.936404 35.963546
84.205670 66.845729 27.189420
57.293267 28.371214 36.944720
77.027758 99.546328 29.244747
75.794876 91.952524 29.449798
52.876053 70.184567 42.976635
4.181201 43.558967 37.449881
97.182326 62.358304 39.053866
58.792712 8.883418 33.919521
18.291903 93.831259 28.401264
39.047953 0.588737 28.570015
45.386691 4.212293 40.662279
99.491236 93.141111 34.104931
11.249323 64.764003 34.592087
3.348252 67.033369 29.932640
65.426671 20.512095 33.013664
92.719443 2.918377 42.575645
84.690967 14.482262 42.077052
9.529535 38.286286 25.457188
6.172423 70.425198 41.340740
89.500561 12.944949 41.786412
74.825495 48.849644 29.136219
72.521646 72.346834 25.469604
23.605792 37.859181 28.052130
18.305750 73.245671 35.661031
13.730280 87.516350 32.862854
82.084495 84.227907 26.795527
73.571030 88.816743 27.529935
75.503489 21.666481 29.260211
34.229951 84.696965 33.940050
98.675820 28.661203 28.413418
25.929891 40.169107 42.139929
6.085198 23.792371 30.228920
60.635194 81.046920 38.637147
71.306291 46.069636 33.630834
65.231186 1.594798 27.526175
47.700089 7.220459 38.617170
99.867223 64.471245 30.353962
74.723990 30.925025 38.607856
16.983957 70.351663 41.672616
13.910732 84.629188 29.930638
14.120152 66.239197 25.409842
40.386327 47.652604 33.749135
63.774377 5.290842 26.622363
18.523883 25.495477 43.229282
12.518901 18.346237 42.631376
61.393233 14.403561 35.741521
4.087601 34.468290 42.272226
81.779828 85.783383 26.523128
74.305216 34.925376 43.237167
2.282020 79.798248 31.967515
8.609535 99.673253 27.102082
17.315626 21.495641 31.570230
94.867122 76.763355 40.119051
2.092839 41.453743 31.393101
84.772296 76.419226 29.491688
79.719856 67.393287 30.255045
77.496558 97.370583 38.131587
22.870712 59.911741 32.262011
3.580229 23.073404 28.149308
63.779833 10.511653 32.967008
5.081843 18.491350 37.672660
62.303751 60.684831 26.591416
73.939399 86.980295 39.029110
28.158136 66.062398 34.004117
91.623710 68.776620 39.834332
78.957866 96.066596 41.542753
70.461036 37.066012 35.407283
21.595695 40.030114 41.157573
98.296526 92.497793 28.435935
44.070897 7.156818 33.510890
37.776932 72.030309 37.499336
76.227874 8.532822 25.150679
13.058159 64.411669 26.475631
18.098486 42.174923 41.598151
20.515030 36.991120 26.010445
43.145555 88.930747 35.852437
50.276832 29.287366 34.636196
7.726785 23.318427 40.499051
13.805555 82.147521 30.584702
62.189429 97.648986 33.441070
55.758885 76.439769 38.133336
76.737079 40.139862 36.627464
99.412637 90.890062 31.789964
71.678008 7.203935 29.149676
75.346299 8.992401 25.662884
54.852840 95.125864 34.540381
62.137173 81.377940 30.547813
72.275118 78.047800 31.292094
69.188811 24.407054 27.818540
21.296737 50.051138 39.808943
23.176545 81.630744 27.992000
31.315351 62.869291 36.635596
59.181015 8.685753 42.738603
44.102762 6.473676 36.947794
45.317175 51.393054 26.483885
46.626430 68.538199 29.433082
14.327802 5.391862 28.919927
20.928286 54.938449 35.773020
40.673820 38.904605 30.569385
73.157374 85.517712 27.905822
20.974730 94.593283 41.739267
77.269704 21.169195 42.701724
62.675723 94.450246 40.392402
89.378592 44.727722 41.643350
89.665460 52.434327 42.293796
65.813102 13.750238 42.654348
47.965291 31.385641 26.903317
53.170286 23.560851 42.528421
73.048846 82.846793 40.595295
62.249675 77.968794 31.154030
28.253744 26.524690 29.483818
87.349316 29.523520 35.291707
7.764861 44.311377 38.175043
5.625945 23.293491 33.685600
92.217529 54.177405 35.551197
67.477761 82.456800 32.693902
1.575673 13.484937 33.649180
66.692788 83.622850 29.158770
4.639553 19.003766 39.653457
89.445166 11.093282 36.332606
64.218727 25.898087 33.367081
90.673400 31.312929 38.988247
53.976649 59.466966 37.670241
24.913437 87.742571 26.572784
98.298027 13.942833 31.473751
53.814504 27.107908 40.617439
19.414821 79.339915 41.070045
44.612864 60.036989 37.444699
58.108316 77.032071 34.245753
58.574495 51.306892 30.131918
35.865071 92.014045 28.042826
1.756617 79.737358 33.091673
98.120126 4.505794 43.165844
62.161394 4.157796 34.395830
99.206779 9.989136 26.031848
52.072600 25.061432 27.246250
35.503865 11.264899 27.045292
48.249511 65.549747 43.517775
19.789660 19.632621 27.468218
76.053770 93.967937 33.746433
35.410948 98.448193 27.913442
56.281544 79.853118 27.063291
83.686052 27.024682 31.524116