38.956536 69.747806 31.540270
53.899666 58.221056 34.246230
91.760421 17.900619 36.296391
97.801943 79.039505 27.854609
26.281651 88.890587 37.287620
68.228479 19.495528 39.884516
92.647644 55.161276 40.179634
45.513226 60.820955 43.388533
99.484734 48.512199 42.353163
69.101254 90.787964 30.156327
90.207704 12.219090 36.613239
50.474023 86.141914 28.028718
35.293954 22.457847 32.103769
58.962834 59.868616 32.869338
68.496018 40.489454 26.813055
90.024653 30.555994 26.672673
39.516586 49.184875 25.255565
45.706654 44.088796 29.632916
21.180440 26.892267 27.439801
25.527420 81.894038 42.025713
77.385119 29.031446 36.008083
55.302481 34.563416 42.008741
30.847166 24.894174 26.699973
1.212148 67.154358 28.428699
71.712856 19.769178 28.373574
51.523083 3.366237 28.329986
35.909896 79.303350 25.646814
51.081954 54.134913 31.097423
76.593660 92.628392 43.520764
6.103417 49.630583 38.119782
35.671897 89.680188 39.124149
79.419429 81.136520 30.926232
28.661780 19.635649 41.730256
29.941434 1.128881 27.804309
84.978020 34.830806 25.422654
55.622977 56.230033 32.279709
21.045573 38.174973 29.245710
33.224368 67.176504 30.318522
53.968451 36.617011 34.159996
41.308040 84.737196 26.550371
26.455018 96.853094 35.706633
34.740993 32.732480 38.188088
89.680220 82.126888 41.268603
79.470584 78.636729 28.002787
50.990202 39.874926 42.040391
23.231002 49.917599 27.005676
29.943271 22.394254 27.002095
29.296037 14.989337 31.231179
52.553542 67.251864 39.023144
98.932154 53.660302 29.692561
16.105394 38.142145 35.152406
88.051875 21.180517 41.122601
40.999652 70.966636 25.890246
3.240769 97.424545 37.531139
99.489018 49.585598 29.156386
6.276543 74.173655 25.416643
83.538769 1.888094 41.339625
46.088694 66.666216 27.666748
50.874673 56.773929 38.988270
33.760137 84.507391 37.118551
73.339459 24.619362 34.013237
11.774435 72.453828 25.372244
56.752573 59.096445 30.445268
82.675348 69.288302 43.006023
15.465863 35.017109 43.579410
0.156601 6.662239 32.741016
6.487251 98.937470 40.814919
95.026009 27.933559 32.739121
73.301197 53.666502 40.982089
9.044171 71.498566 39.214902
75.096879 82.973733 41.717924
2.385916 73.512523 30.494033
42.054718 85.017904 34.900477
96.890603 2.719282 42.517578
30.880468 40.559833 30.887396
0.511239 36.456518 41.846341
81.792505 17.795085 29.286138
5.848430 24.212655 41.276518
88.314496 2.464991 27.571753
22.503993 59.679208 31.393001
73.992512 25.614471 36.463999
17.276975 13.797105 42.201499
36.736402 53.204466 42.949820
42.842604 63.458716 38.001026
19.698780 0.554465 30.220346
1.539360 73.473092 41.844881
91.995399 90.650847 41.005783
78.481630 75.910515 25.132083
35.592559 25.419562 30.502536
35.869955 59.055605 41.338953
83.246414 94.758817 34.916627
61.101355 33.832186 40.170664
84.053220 27.721092 39.523558
82.711844 72.121935 37.851928
81.648838 72.969900 36.903459
11.333899 91.922046 40.847818
67.967250 41.487137 39.284569
12.992827 77.078209 27.693257
47.377672 86.286788 37.490687
81.375721 3.488999 39.348708
16.429122 51.640894 36.153142
77.873485 15.011773 29.944855
34.187309 38.978461 26.607325
13.431431 80.688711 35.498344
82.949044 86.904214 25.102299
44.823905 50.127677 40.457024
86.203534 21.840702 38.931410
63.725333 7.287749 27.093701
17.526854 48.734512 33.780296
51.925856 51.245480 41.253233
66.036528 26.641775 39.988653
91.309197 73.200803 33.957190
22.820720 41.335014 33.507158
60.195774 82.736743 41.401116
49.140380 15.107384 32.365053
7.266206 90.827109 39.198178
24.217101 92.380066 28.260477
33.021740 25.276366 40.716268
61.070034 75.890183 38.577548
43.272594 19.395488 28.890396
27.508920 52.841037 43.602440
23.362730 56.306242 41.315996
90.311254 80.975525 30.139185
29.140522 26.682095 34.002222
99.351904 78.517724 30.949910
87.271781 73.252328 28.946515
14.134585 19.401262 37.673820
7.954014 11.564700 29.676629
38.875637 1.345728 36.423018
43.385614 48.924945 26.245278
5.939621 40.170612 43.518996
25.384195 20.179751 36.153757
10.089504 66.591043 39.629225
5.081530 75.450459 39.497976
80.526027 92.949733 39.830715
24.864971 56.081548 27.143989
84.901771 98.382486 39.544734
29.648563 26.537405 32.861569
84.334707 23.084360 37.396849
3.414386 99.003763 40.459721
45.840836 89.636199 37.018031
94.842505 55.739507 31.691456
90.892339 15.039496 29.772848
96.491106 29.671319 27.746623
79.965845 50.780746 28.791198
85.775245 55.718294 30.335227
78.169514 96.455018 35.495754
70.492538 58.600735 28.232474
76.332349 66.116174 31.386715
34.478812 43.010255 43.597125
71.120889 70.703611 36.430928
43.434134 68.625395 37.463742
76.663446 47.512197 42.796195
17.431904 58.584585 25.428822
88.325531 6.129881 31.449876
43.463487 3.908866 37.226059
0.486396 25.123824 34.358949
1.387542 7.634507 33.160545
91.990927 92.566115 39.318700
24.467214 31.148832 42.913142
58.599965 94.572694 36.224843
97.904072 78.639670 42.185961
71.790368 38.608606 38.081657
5.483535 98.099197 31.061580
73.807271 20.140955 25.211778
80.259594 21.534702 36.459024
18.982935 3.057009 27.521946
5.766726 5.631868 30.522852
62.785956 64.271064 25.774753
15.146675 61.017432 35.305021
31.929032 30.861631 32.282492
59.085415 70.374963 25.036299
40.284149 66.449594 30.877563
49.204137 44.987914 32.649564
15.106574 67.500767 36.554089
42.320690 91.880593 34.791087
23.378766 41.222065 40.448260
9.389008 90.868325 28.642269
57.292409 43.264980 34.442731
69.046364 38.062131 39.729458
1.346668 55.979204 31.357938
62.224837 95.836274 41.022099
67.819006 54.902783 26.005456
46.870602 76.965149 26.184285
63.408735 52.671379 25.258853
1.166126 51.113960 32.385252
98.810014 17.423435 30.857905
72.505496 30.838633 35.492661
39.849016 81.382015 25.573511
94.588874 3.548840 42.849708
59.086423 43.324145 37.550789
7.868351 73.071314 42.810824
28.324945 77.773606 40.518138
43.936772 67.959823 39.386557
18.843659 72.099614 39.556977
91.638976 38.947041 40.449723
31.970052 54.786893 25.019750
39.787118 45.069121 37.721528
15.653068 85.305921 26.146967
39.748667 31.954365 35.186039
55.096349 94.133894 28.728319
94.798570 44.687901 27.687848
29.736281 86.517273 25.104368
65.880919 31.337360 25.074834
28.403613 30.674583 38.000159
40.037780 21.782681 36.523746
5.443161 88.984939 40.453545
99.352391 76.233179 30.552647
45.535381 73.158545 26.055090
27.220041 61.367662 25.302315
79.453682 41.845032 37.704266
53.801102 58.545459 31.410684
22.285965 31.147965 38.830186
45.941465 77.499155 29.431939
7.816325 7.643818 32.109242
0.056939 85.523363 35.675251
59.897788 95.119437 42.260900
60.799598 26.383817 25.737485
44.258480 89.865703 34.217700
9.956378 53.613689 26.594319
46.735379 72.077241 37.384184
70.744377 6.069117 36.102207
40.888208 29.101849 34.897786
31.400649 36.055145 37.709126
40.540272 49.758909 30.489812
99.583859 80.299754 28.515281
42.375854 72.564479 36.369888
82.165686 50.209744 36.913209
5.297599 76.122195 27.280279
14.632521 78.948283 29.362211
29.207597 57.903500 26.663099
79.971730 93.779371 34.378598
48.217891 25.940156 36.700067
95.719780 3.894702 32.844567
78.514472 97.818414 43.108542
92.766819 84.668942 25.921073
99.065551 70.088244 28.031167
12.831277 16.159825 31.882049
89.063777 41.756612 33.246535
65.365809 21.958510 26.867551
56.284219 87.406977 40.364090
0.312503 12.075691 26.561942
22.364129 59.335583 30.322601
63.265486 58.110004 30.783786
7.075618 39.043820 32.844337
75.233202 95.468653 33.721886
67.010220 91.558282 38.707754
38.090602 12.728367 25.656884
44.706541 55.824098 33.416565
83.358561 6.395076 37.362048
53.877198 77.477647 35.490377
17.212178 48.101593 32.697277
30.890305 22.869794 35.685678
92.256556 40.782834 39.163443
33.310570 42.081047 39.155025
59.694814 10.281736 38.955906
65.005640 89.828380 31.071538
89.256107 52.629280 33.892497
3.986084 99.399423 34.915311
58.622364 6.270787 43.155452
73.629047 89.747726 28.886631
32.962990 46.248537 36.262462
84.981909 62.586294 40.289709
17.436444 83.534427 39.821242
96.929323 76.541897 30.303436
32.993698 31.613561 34.043999
55.048121 3.832590 36.294515
88.972424 72.320255 33.914342
90.061622 59.134932 32.784125
15.520947 75.555000 29.276346
66.109826 55.543473 29.335703
53.550877 27.263102 34.967565
90.309645 47.286536 30.688072
82.040453 70.503000 37.067881
15.349341 0.954770 37.744154
75.062361 24.760784 37.474492
1.499945 15.347659 40.168763
94.182382 14.489793 34.878613
14.176497 55.677293 27.561815
35.474097 77.847140 35.092339
9.676656 31.961061 41.349397
19.945093 33.049909 38.993333
19.131150 67.339942 35.584669
65.576375 2.443899 40.387729
94.547999 22.736766 31.026111
42.745332 16.143940 37.920561
57.282958 9.978296 30.115352
57.097816 87.479791 32.516667
58.759931 91.789602 40.430065
46.184012 0.203935 33.691496
90.643072 24.069002 36.743853
78.130022 20.054077 43.096824
65.140115 18.431932 25.035922
66.718070 97.288998 34.455900
66.804509 77.055059 35.527926
62.122683 26.777132 40.803844
92.405240 84.409927 43.193589
77.876663 17.298513 29.906785
65.156939 93.091299 26.538934
33.044959 48.749376 28.950259