85.017792 60.681205 29.858361
31.835045 19.270283 39.383739
43.303851 37.540051 31.778418
1.404274 74.682822 25.609049
50.065922 51.269154 41.919249
57.287553 10.588683 39.248339
83.632849 65.535909 36.652195
91.073299 94.877634 37.211229
33.031730 45.624164 36.813288
21.559443 24.346233 26.384276
82.867412 74.373140 38.700484
43.175919 46.388192 42.347771
24.266847 48.148780 32.282014
60.935295 65.944138 41.580789
93.252355 84.464569 30.565494
33.559255 74.787086 25.764572
86.458425 91.566765 29.697808
36.629307 48.841399 32.861632
12.202685 74.026694 38.361329
84.531915 64.142268 31.180645
92.072979 80.775783 35.321193
29.624105 36.872839 40.584484
75.152663 54.914445 26.974084
58.553702 31.372026 40.503000
99.835437 30.441473 31.329510
37.229931 32.125092 32.302089
41.671981 88.709483 43.680493
20.512032 87.837937 29.234418
82.120340 19.268111 43.315590
22.900915 10.427960 38.403182
74.489300 41.926134 38.686397
48.192030 68.141376 30.067860
58.765411 99.006989 40.783256
54.082999 2.057059 42.571542
20.795749 77.923003 37.211263
90.099662 21.131212 26.582365
6.744405 31.769598 35.847426
74.173103 59.276599 31.969154
14.513314 42.454341 41.953773
12.853978 20.279049 31.767715
73.221094 21.617500 42.115341
39.812590 88.579417 34.212371
45.850091 82.231435 40.406765
60.410919 49.020949 28.517033
70.442000 90.377280 40.239295
5.315673 38.740451 30.943894
3.831778 94.216258 39.450634
44.088317 98.865309 37.153421
52.464267 44.146401 35.285794
90.986401 63.089408 31.231843
8.207599 61.625089 39.918479
5.623920 13.619093 39.999683
40.159618 99.581451 35.755716
46.718423 37.103353 26.048910
66.986494 4.408520 32.941117
32.666335 2.010220 40.888154
92.900138 33.550079 41.720255
99.363671 22.243454 34.935195
3.847176 50.756716 41.549664
19.608299 63.977396 38.620081
39.873727 98.112381 29.183826
66.009642 24.980431 28.491381
0.320756 28.178447 33.649409
34.231204 93.229092 38.884779
45.668460 48.007961 41.640805
49.459666 75.329353 42.211421
59.883362 18.315636 26.258742
94.565791 39.425925 42.782469
3.214279 99.172623 40.611685
58.098690 96.446270 31.836301
54.217101 40.735249 42.996073
15.968917 49.098811 30.129251
63.279106 23.452520 40.097426
56.761664 96.664841 42.612287
15.046169 38.519780 40.026084
92.236609 29.870679 30.076352
32.117624 60.666098 42.780664
12.974832 63.447779 36.387420
46.032263 56.299908 35.218908
27.817434 55.935787 43.284750
87.995711 5.308652 27.526224
3.372930 56.005928 34.741519
0.926932 70.237436 39.838773
71.080632 1.541346 27.069912
82.157494 37.896624 30.852843
84.720538 37.371127 29.953314
44.152180 47.960115 25.553206
71.985264 87.653015 27.492431
76.640075 5.750302 33.699373
84.537000 31.399759 41.653366
57.624708 74.054279 37.471373
73.426586 58.079800 29.142542
31.067567 42.814244 38.473788
73.011899 71.462704 32.639907
18.017478 64.661412 34.955157
91.510040 40.721148 25.586872
86.827916 81.684544 26.680286
1.414288 74.582512 28.735804
55.437962 57.935871 42.226496
44.189033 12.223205 42.781022
29.211035 7.439969 29.210861
65.717957 79.360443 26.236145
49.503508 86.486914 31.105416
5.104864 4.816669 25.426348
13.278388 68.252448 42.549249
39.646684 13.445028 26.843055
68.356710 96.798839 29.857377
35.335916 10.609544 41.414284
11.377708 44.989884 36.181958
20.456163 56.698693 36.677254
23.691346 69.026661 30.411978
67.894579 82.753158 30.909417
31.475773 29.732551 38.922740
83.254774 87.831531 30.264924
5.738357 74.083157 36.001763
62.497946 30.632556 37.487935
8.897977 97.282105 28.534006
91.188504 30.883368 30.980012
88.852331 28.604296 29.607566
68.822020 56.745877 41.437374
45.876706 90.146468 29.796357
10.253264 33.489301 37.574544
46.134080 84.028418 43.534088
34.760694 62.758205 25.875247
64.293236 29.188573 30.004081
23.950227 59.261083 31.344311
79.915415 8.939559 35.192835
17.258325 78.121745 36.984021
78.948225 1.523113 25.093400
25.985337 38.109587 38.115304
63.170677 13.662981 39.773729
92.657261 49.647923 34.222416
42.241829 12.150012 33.219539
77.355256 27.027996 30.023599
53.374262 37.113374 26.755285
23.481785 94.041556 32.702530
41.277331 66.729275 40.800916
43.309475 11.208800 34.740024
60.600350 20.506753 41.489359
4.717629 37.607248 40.154027
3.872120 14.292607 39.545265
18.069008 14.824406 37.924237
2.835931 79.462968 39.200149
68.538237 29.329754 25.761101
81.790345 51.016489 31.116788
55.619781 37.052841 28.773819
88.388225 86.029636 29.191883
32.615795 36.958237 33.020284
75.772349 69.953318 37.367752
78.565852 96.430566 42.178922
18.922104 29.892583 31.716744
71.965814 48.953390 41.512807
14.222537 44.671912 39.113605
65.525255 15.844426 43.553919
8.722613 87.758091 32.181375
59.619359 86.925440 43.497569
93.699271 62.751731 43.052966
72.417087 55.528444 28.944137
13.135221 20.381198 35.714230
76.731826 98.186965 30.986195
93.332537 15.518820 31.282406
53.644017 80.010771 36.247305
1.859275 87.816593 42.423980
80.548182 8.876266 26.115554
59.778288 2.844216 42.337021
60.831535 80.951476 29.530965
78.678742 41.417841 32.260373
58.107866 12.571049 37.777608
87.635555 35.980257 41.603646
21.206549 95.243160 30.148486
2.722569 96.244202 25.214856
85.088590 21.466711 28.803541
97.381620 59.961774 39.334097
90.181345 38.032666 36.545620
90.472334 92.116085 31.161599
33.116438 19.514731 38.859567
38.642487 44.524769 38.411721
24.330030 32.510478 27.589994
46.025554 13.771659 39.735834
71.779730 88.854635 30.229842
24.759560 83.113588 36.610029
71.167007 8.797059 35.364289
47.243134 58.664993 26.734090
86.897251 93.049098 34.068128
66.136785 43.842079 29.041023
41.272575 30.975120 26.911937
7.259025 60.972685 35.246959
45.457580 68.251500 27.051144
72.148007 60.231094 29.386369
7.894988 57.558060 33.411072
88.728888 82.264267 37.602061
56.868032 40.463010 30.420958
70.120958 47.262597 40.398420
28.749008 85.514828 43.089516
87.804991 38.650143 28.130727
99.850964 23.437990 25.225154
78.186775 79.300162 39.668801
26.001261 72.310670 27.288747
54.344781 99.462050 27.129420
39.967619 49.922322 32.851099
65.412632 24.231224 43.014144
72.158467 99.627285 36.481518
42.651496 60.375161 38.034149
3.516907 58.189385 27.961520
76.781447 56.214983 31.756313
83.000500 12.821865 30.289943
69.006509 48.483883 36.302270
57.519015 40.053496 43.240359
95.023825 79.690489 39.249209
24.887012 74.286361 35.039109
7.874346 97.315769 26.884924
75.404155 79.982864 40.117352
14.034650 5.215115 35.123403
91.930003 86.088372 32.596179
62.497355 87.184354 41.605799
41.756540 12.913212 34.448229
88.636236 81.033587 38.861021
30.217670 43.792028 32.354878
67.171239 95.947120 40.887066
33.981620 12.551886 27.753023
89.721089 81.684234 40.324508
91.851852 28.906856 42.378413
92.916584 20.279399 41.944593
5.372839 73.997584 39.472597
41.535524 61.989123 28.906807
0.845557 48.811723 27.300437
76.325032 98.439177 39.892879
7.948042 7.251351 37.174654
88.796420 62.168441 39.290632
2.725838 20.478370 36.540018
74.853141 44.398928 35.403277
60.420793 95.742841 40.082599
63.448906 93.653468 33.872524
13.129162 86.359181 38.769802
44.471585 22.278726 30.059196
9.436393 28.202133 41.126639
59.953682 23.795539 33.847384
48.023219 63.960328 31.069872
17.302917 2.891203 41.762339
5.170725 44.201231 26.381866
98.502057 53.954405 26.412281
52.557124 34.424418 32.344514
17.154591 28.964711 43.266463
15.931688 72.542650 36.955447
42.274668 96.222737 39.698182
28.122739 9.344687 34.497711
61.042631 76.655106 41.798643
80.359663 49.159450 32.054058
54.479408 94.629703 34.907612
78.456367 84.811221 28.164025
84.138847 16.044086 32.446486
43.344346 98.552095 27.264019
2.167018 32.601073 26.409864
14.895134 91.949629 40.431260
64.987525 69.000029 32.056945
68.253457 28.518744 39.935225
6.815465 94.821529 26.566572
57.848038 81.687522 33.562721
58.747915 40.334550 42.853651
36.099419 61.478026 39.964430
80.695052 43.601289 35.012454
63.508979 50.696632 42.335634
79.821572 59.993194 40.994400
46.800571 95.488168 41.441131
15.995658 89.712810 33.618303
46.922977 99.672895 37.769996
47.035555 18.447119 38.630804
15.242021 54.476307 37.926557
86.974140 20.073659 41.122896
98.072433 21.918222 29.556494
98.005993 15.224491 41.073921
22.746850 40.349609 41.692190
93.300443 40.494154 26.465070
73.467113 36.787159 30.925191
84.219334 9.568601 31.264958
75.929529 10.757164 32.067394
78.897806 70.840897 27.887076
29.730295 65.637179 35.116023
60.383546 16.450087 38.884594
18.193444 89.780369 34.193737
48.761415 6.557246 35.312242
12.428861 40.119823 34.748480
82.161738 12.056059 37.320033
94.443286 51.652901 28.303369
91.561734 32.598995 39.661389
26.871344 79.100885 40.800005
84.718956 31.896148 36.922601
30.380610 82.781282 29.160660
5.696241 97.959487 30.048293
35.172375 45.345382 42.008931
71.123901 73.291259 36.498234
62.511700 80.135755 31.983013
72.382162 2.757861 38.988190
71.756540 7.041511 33.559347
50.653413 22.998441 41.365774
42.891785 90.755244 27.446991
72.772182 44.647336 34.703375
46.928317 17.518155 32.575867
0.138906 38.246017 31.008650
16.173049 43.597571 32.307328