14.961117 89.902114 39.571643
86.921924 84.352716 30.905470
88.835278 61.769744 28.219943
30.212680 19.042612 29.874277
95.841727 7.873272 34.665662
18.611968 85.908872 28.619151
56.087310 50.769567 34.983201
33.398745 50.457557 42.341762
54.399203 95.069745 34.632844
54.813670 68.333239 35.038195
58.134440 36.489263 39.507054
63.108798 77.651941 26.639342
1.235505 42.258838 33.616892
61.395225 2.043068 39.322019
66.582309 42.822342 41.935068
71.556435 90.862640 29.275549
9.522360 71.416602 35.585780
11.218615 98.468405 42.013905
92.624453 92.225388 38.765876
70.850810 86.534754 32.751250
4.899540 10.675562 27.499000
50.298384 43.320381 42.991538
20.224738 67.111882 32.712207
74.121013 96.663641 35.557988
4.683211 70.487669 29.249169
20.928465 35.569278 38.988192
31.250992 94.555330 34.774691
20.475953 6.122756 33.425036
27.023790 4.811228 40.382354
56.829622 71.762585 29.375059
67.621632 35.373783 25.364617
12.930161 51.600617 26.728797
58.111065 89.001219 35.437125
75.730610 45.539602 26.314187
41.431724 3.631437 34.813531
94.341504 53.780540 36.658960
37.230897 84.109753 40.812238
35.299698 53.104685 43.561373
29.448409 55.819926 28.189322
54.425758 35.858862 43.208672
25.058220 65.600491 31.548428
58.264359 91.877452 26.434053
98.658820 23.784785 35.210304
56.972277 44.539108 31.009194
78.900588 32.591479 26.034992
49.850289 60.818537 43.719168
93.587611 35.316481 37.180309
91.695262 22.904667 37.477987
91.824985 11.194644 26.309069
89.289231 38.681146 36.453038
1.318267 5.912494 36.771439
63.439644 91.854058 40.152430
38.043699 27.242947 33.279758
49.160816 57.126902 40.601045
63.953182 91.045381 29.729812
64.463473 48.114094 34.006238
49.985076 54.266346 32.376302
66.030562 86.253770 40.633777
95.126473 71.058077 29.265427
31.222076 16.511320 40.137644
76.198915 5.680099 38.876073
78.234240 72.786470 39.576854
3.458077 59.730260 30.946634
97.815820 26.485535 30.371311
94.848565 3.022233 26.837260
53.143446 82.941671 34.302434
70.184784 97.594306 37.634141
90.759271 26.657986 43.369497
65.883150 4.566912 43.505485
50.429696 94.045693 34.299569
26.866378 13.401034 41.338431
70.966385 76.849957 26.947784
44.600504 6.053925 37.027180
38.582231 7.592932 43.278725
27.438306 67.506723 40.902805
96.359310 52.395161 31.866568
99.286733 55.536288 31.877482
64.262907 47.671349 38.431093
52.983490 42.519745 36.219212
91.786752 27.642695 39.713216
78.607747 36.085676 38.518412
40.130017 27.140483 35.173421
4.900160 65.690844 40.579041
46.255463 82.220391 29.107610
38.926870 9.470244 32.333295
0.760675 42.892807 34.375159
65.187774 35.557292 32.149172
28.943924 92.756616 39.575344
80.985715 85.566707 38.562492
68.121798 70.718591 33.592973
76.533599 11.962084 32.267986
5.793364 81.739015 33.746872
10.955468 95.190065 37.264969
60.995681 51.633814 32.871869
51.753831 79.209363 27.472819
28.897957 28.041997 29.440260
18.705033 41.283474 38.124302
31.901102 78.073413 28.704384
16.689936 22.184586 33.242597
10.457824 91.757879 39.602776
34.570048 52.331407 38.882662
70.949087 49.190213 26.482425
54.944066 58.530810 28.106872
23.858629 23.788015 30.037585
63.525197 5.061600 30.906855
38.108843 50.543690 25.694046
38.714779 61.435675 27.209246
91.161162 54.040267 42.754623
16.594180 90.790075 30.526627
99.659052 33.875447 42.115546
15.254115 40.047396 39.643382
38.104293 16.831998 36.664043
74.755199 7.531126 37.564340
37.151611 56.185238 29.531846
25.349092 65.946702 30.095072
42.879789 17.644269 31.864970
22.101469 31.873821 42.808599
61.890562 64.981528 27.289134
59.637860 73.217095 32.649884
91.837701 94.176130 33.565144
63.395492 38.070294 25.462077
78.518828 18.389697 25.895024
25.509931 97.918244 37.860681
65.786993 13.288090 41.246395
60.979275 95.500678 30.623521
74.254715 24.296623 29.149455
29.692092 40.760920 37.236296
13.979248 5.831623 39.024320
30.821687 52.404539 27.026547
61.120695 17.040087 26.198340
79.938976 54.536481 40.982237
52.311930 15.843705 35.285255
74.760301 53.095310 25.875920
55.625094 28.424760 25.878689
41.525320 73.644438 40.754334
0.483057 49.699671 32.857393
17.024296 74.818897 25.176415
75.277317 81.970496 37.848113
41.063913 43.234216 27.408179
55.403518 21.953351 35.494448
8.067072 29.813897 40.026272
77.888668 90.922845 26.798105
92.716617 17.585151 26.096188
10.047645 12.054521 25.913436
28.016400 4.334383 26.530812
97.659794 2.623150 25.751081
37.290178 51.058970 43.193860
84.188880 79.997206 35.752999
85.484364 7.810267 42.747428
86.675487 87.180259 28.757994
64.698242 81.377875 38.499968
7.332735 12.255177 38.234128
11.771851 16.436083 35.808211
35.167827 3.643088 41.575804
6.222688 82.247156 27.138105
98.589121 38.014582 30.315293
0.024691 25.389493 28.488217
63.174605 94.634753 33.094453
68.871055 30.014340 33.519878
40.665750 13.444510 28.947652
48.405839 67.273803 32.183992
79.762045 22.019281 32.408641
83.566273 27.281692 34.438992
12.505670 34.470189 33.854924
88.193001 54.020219 33.558934
29.825540 20.994768 33.864571
94.382609 84.803606 34.382623
78.497736 66.879667 31.555317
85.489558 37.551103 29.737043
71.332998 33.847274 27.379905
35.576522 87.100089 35.925040
59.092536 5.987291 28.866385
33.916361 57.820692 29.761817
59.973233 30.852509 30.425794
0.232383 13.835253 26.697953
22.425993 13.949374 41.105128
35.588500 41.098209 31.747920
1.638882 20.530784 36.509881
72.947964 4.200681 29.504084
38.623891 91.069811 34.725216
30.459797 8.460941 40.181993
31.901274 86.093065 31.090966
72.391447 14.129336 27.417838
7.479092 12.897369 38.729318
23.741348 54.011597 35.120245
48.264543 5.205105 33.621477
59.609729 22.504048 36.802026
61.096900 90.744179 40.745092
46.990676 2.018538 32.793214
94.006536 46.379360 29.322012
57.201700 27.599902 37.897083
0.641332 80.889810 36.647451
49.187052 8.568727 27.997161
88.433939 45.313333 39.777247
74.707534 74.063534 38.640670
74.368573 24.430549 29.304475
6.182716 72.956893 39.805919
24.977663 64.090813 28.793435
82.729867 44.686578 32.119390
0.069284 53.383063 36.452168
11.331931 6.687742 38.522676
55.967549 47.431352 28.108763
3.778760 71.686564 25.578587
19.300888 41.524596 27.075468
52.779896 65.724049 32.007386
67.186467 42.293616 36.428969
55.678584 18.792351 34.112809
45.148979 44.939151 32.033739
74.319249 64.995347 27.627507
45.783458 77.352655 26.750265
28.669575 59.233954 32.064399
28.976084 86.142912 30.125863
1.440570 86.421990 30.307323
23.596196 9.469450 28.564328
92.787356 68.997567 34.254844
52.445629 31.272973 28.536611
14.286774 52.046471 33.780285
11.017444 67.336271 41.508453
98.254485 54.292270 34.047040
59.468179 7.668448 35.937197
47.415904 32.655754 43.360385
40.576091 0.171146 38.298992
20.951329 39.467711 38.709407
99.733136 2.406825 37.410665
19.501763 99.148914 42.733108
34.512756 28.910835 27.754977
83.952909 44.175543 27.852220
60.185565 68.156536 25.945700
56.311006 78.796453 29.821875
81.384519 62.717135 26.114945
63.510713 33.294967 39.005842
46.750131 98.278548 28.397364
97.410211 50.160045 26.790939
43.799988 99.304716 35.688330
68.617596 34.353074 26.489499
90.432962 34.978476 29.159081
6.405873 90.459821 36.098535
61.631710 67.835415 42.803094
2.328018 18.262631 42.234802
31.892035 7.507440 42.541108
38.741300 69.662134 43.038097
93.433380 90.265034 34.975208
50.110422 5.768804 37.353076
26.288626 30.716965 38.342550
56.079874 30.940638 40.367270
39.998665 90.533192 43.462056
39.161344 93.972419 32.181901
49.795185 41.028403 43.450247
42.157922 59.800568 34.959373
77.876254 34.498234 28.011241
90.133729 73.724750 36.711302
30.350143 78.832234 31.391815
43.445006 22.852429 42.290173
1.181211 33.745322 29.858914
59.965601 24.821459 40.840691
36.805134 99.220598 41.026100
37.342109 68.182561 35.504844
61.647248 38.146479 28.535122
40.998050 45.795323 37.746763
93.826303 56.890547 35.516995
8.622518 63.481779 35.204585
8.264196 74.870588 30.106624
92.975360 31.235969 37.967593
79.238601 13.529890 37.023640
9.553489 96.112773 25.681379
22.267502 19.332574 35.902700
0.574441 2.512399 30.336589
67.287090 58.050373 34.728463
27.997101 98.320233 33.916338
82.746757 44.278979 26.444519
60.493327 73.230247 34.698954
35.891631 60.210150 39.189148
57.214617 21.872284 28.110937
18.520079 47.913444 42.186681
45.935126 37.598613 29.018966
25.964063 4.153130 38.622289
54.104562 98.481659 37.388116
63.479237 40.132447 30.947624
80.572890 53.611493 35.492897
78.229766 52.023205 41.094932
69.952935 66.002242 29.202830
36.050164 37.182980 42.870441
2.703643 49.857434 29.584167
57.865684 83.596803 42.200599
46.400419 35.753455 26.577820
6.174927 2.584535 42.094342
48.495998 96.987157 25.000029
81.864519 86.303421 31.194132
41.432078 79.409580 25.269705
30.206352 2.660826 37.561109
42.400924 84.505154 25.943655
62.432231 94.182929 42.547378
57.026543 6.667522 35.704445
69.970990 56.799783 25.865360
48.574016 9.754780 29.199636
75.269748 97.771049 32.685243
92.301941 72.545989 30.620544
54.472767 88.100023 43.326240
62.044738 79.623516 36.717443
70.325072 1.358283 31.301436