36.126055 98.345730 37.505106
94.043619 86.347850 38.472165
44.516470 0.377797 36.775284
17.471006 42.744908 26.877504
15.837656 73.131654 33.278014
42.791539 39.507199 31.105714
0.441344 86.152888 25.144837
26.933849 51.681704 26.220187
13.184580 26.206994 25.592537
86.189919 99.259639 43.106322
9.653791 96.105037 30.451325
95.818795 83.541896 32.480051
36.344624 74.450954 25.880561
44.542983 84.670012 31.739659
81.685760 54.442696 29.723208
13.322525 33.164956 39.203678
82.682395 35.501627 35.351724
22.914677 48.299023 28.290048
72.227098 42.010126 37.906358
80.032413 35.982060 31.200083
75.043813 75.417358 37.528210
35.879770 88.469676 31.983940
2.150832 93.614661 31.595717
55.559230 43.444175 33.484672
88.472657 19.106110 31.133239
23.654298 63.704559 38.440296
45.885518 54.433513 41.876640
77.424043 95.504180 42.138601
67.416593 61.269472 40.155072
43.413547 55.626790 27.048719
30.829202 46.617372 32.633302
63.108517 42.055640 26.104828
12.857999 43.057944 29.335309
41.054864 5.533215 42.028602
30.711954 58.456154 33.337807
6.347775 67.592875 43.396491
44.948840 64.539494 34.349651
96.391163 85.506051 35.762335
5.887404 57.947290 38.548200
83.770894 79.567777 36.623073
1.415055 46.384545 30.428299
26.121014 42.484420 41.604659
99.721074 42.518992 26.776866
85.738846 37.196151 43.677234
36.492630 47.781993 25.561515
45.348860 7.746774 32.875332
22.206035 66.054850 30.912743
66.987180 82.901033 42.692192
63.729817 16.545865 34.977112
71.958756 15.433064 42.091630
90.737921 26.715035 41.207329
97.909798 90.979094 38.436533
44.563024 26.869243 35.151757
88.758286 19.483643 34.675080
28.097158 12.773896 40.663284
30.320834 62.460724 37.452089
92.479060 39.726887 34.867067
45.922687 65.087875 28.349177
58.617363 95.831336 34.480563
86.888033 76.593729 36.501052
65.507647 23.069221 25.509156
32.065337 90.672339 27.845856
75.898978 15.025797 31.276487
11.842213 68.697605 39.264146
51.910881 10.032817 40.140393
47.510331 61.934089 34.297903
18.817026 64.405643 36.420486
49.337792 93.151891 28.954173
51.343150 27.502188 34.344529
67.214687 5.121675 38.771010
73.879359 48.800418 34.793377
41.661337 0.921185 25.489699
41.218536 65.696089 26.150211
25.274283 68.820966 37.189767
68.442013 86.449857 26.707018
40.248123 91.170599 34.895534
24.839661 0.160005 29.772127
58.537422 31.444560 36.078883
22.399861 31.708077 36.624235
3.590857 85.618517 42.870168
0.644292 27.508830 27.880909
54.091503 23.913509 34.023858
48.045340 22.916416 34.544849
61.109728 68.510837 37.508946
81.228918 1.247761 28.708388
28.158231 39.502201 26.844037
81.877455 56.688784 42.038249
27.789639 32.745237 25.079990
72.009506 98.883353 37.832046
16.967533 20.514244 28.202631
27.082952 1.196965 30.210529
89.824563 23.755564 36.429427
10.336239 46.201686 33.626016
92.878076 16.014551 26.656221
69.359518 70.871542 35.311831
41.831628 7.010030 40.466720
8.149235 89.064971 26.441270
23.815792 68.159587 35.033455
50.676153 63.594720 30.469308
25.441593 21.388536 30.892763
3.229437 92.755295 28.713932
27.713328 52.810539 27.516879
84.200986 85.286159 42.805452
19.539244 96.825778 37.655539
10.543262 14.554522 39.671033
39.344504 26.846299 34.587062
52.563641 81.452633 35.972629
55.607568 53.460420 37.614194
51.801777 61.112494 41.564630
74.639337 92.943020 36.372384
50.961772 64.736357 27.334311
84.050407 57.051812 28.793845
98.427588 84.431052 26.674402
24.941747 86.006257 38.253052
10.885793 36.140739 42.816796
59.691677 26.132834 42.308501
68.577830 98.197146 30.736843
24.548013 75.501143 34.162199
10.919744 47.230619 26.411141
84.187861 52.781993 27.665755
55.561091 23.722537 43.058488
54.376141 84.092394 42.324879
96.686602 76.900268 27.474881
33.219787 34.152650 34.829673
57.240806 84.495489 27.029988
53.934239 7.224332 36.332357
52.698366 50.641225 27.856530
95.170739 7.155357 35.512455
55.875875 99.941043 30.782153
95.306702 25.227826 35.509777
39.612902 14.052033 35.275848
99.820598 83.164129 36.012399
73.787239 75.005628 42.847895
45.548221 40.610465 26.173902
55.546281 45.575560 37.362005
35.103893 42.512434 42.040809
10.602894 8.387963 31.572949
23.767601 89.597123 42.080147
7.575929 23.263363 32.844622
90.634430 72.878629 35.505745
27.267828 54.661003 25.152126
27.245102 8.627292 41.409986
44.732486 39.503272 39.554592
74.085433 19.965462 27.529196
47.547585 23.244782 28.263149
45.298949 10.084023 34.888116
60.036920 66.886282 42.620312
66.904283 9.508144 42.494111
96.184687 42.334021 31.882566
67.972599 88.095321 32.357988
29.457467 10.595204 27.311005
75.883084 14.225144 37.538660
74.116143 57.492840 32.056697
4.901873 16.434869 38.695308
74.358641 61.097377 36.123267
24.777185 32.589258 28.667718
97.437236 63.127449 32.951562
65.989175 3.243064 26.327300
24.964137 67.275383 42.648610
43.387871 11.552928 25.467211
97.744072 95.518986 40.444076
33.662144 72.976786 35.650449
77.962331 1.586219 41.031038
98.176275 36.946868 31.875190
27.803475 22.363176 32.864386
79.093178 4.539556 34.438912
30.040236 51.878318 32.160042
72.523090 9.534887 25.620117
92.481381 36.406714 33.544445
55.654958 87.343220 43.380087
73.931742 13.448355 27.052421
61.022713 28.117360 38.028833
2.881771 34.062151 32.742016
33.786958 3.296108 28.681928
39.789911 31.662152 29.315384
61.653925 11.295737 41.140960
70.836776 57.722275 31.675818
9.783052 17.822142 35.242980
50.974865 19.638580 36.095201
12.095299 92.794293 29.846788
64.296222 96.458811 43.293520
2.761737 72.966746 31.129593
56.839855 61.224276 27.775493
49.959139 83.184441 31.795752
19.877376 3.873104 32.547826
32.977958 72.501719 35.803852
9.875520 61.848425 36.437432
30.832093 28.145385 33.093738
24.367156 89.549096 33.628114
7.676914 81.779754 32.854656
17.462390 54.262310 42.662309
8.686198 78.620287 26.400725
91.423364 45.593059 33.560858
67.654865 5.874560 40.347286
13.488032 47.779607 40.682392
90.267885 6.393224 42.018869
86.283109 75.019071 30.659086
55.439408 35.595701 25.264441
59.975437 24.804569 27.697140
32.908840 8.106257 34.392890
57.263035 86.251108 30.275931
35.823425 73.598740 36.597051
51.857302 16.455459 34.444274
87.519879 39.204007 26.740365
0.594665 1.692084 33.503131
27.329786 86.433992 30.831172
9.701539 57.294408 27.481591
86.490493 14.600151 39.115652
77.435743 77.765779 43.398598
0.573476 38.989510 40.042927
0.799748 33.271451 32.174751
24.729034 26.947023 25.196672
26.232589 83.718523 25.072738
32.679603 76.684436 39.319087
82.125905 68.592087 28.270895
30.265450 60.090419 26.309133
69.754640 10.599717 27.320006
74.113805 79.172917 29.401697
89.978021 41.566036 37.356786
65.931673 49.953978 40.556346
81.451833 2.387543 31.098911
89.795309 50.642886 27.251654
17.309583 18.924181 34.298475
70.760400 99.833814 33.493403
49.092665 17.332058 28.528194
41.361387 76.713266 28.366928
68.886821 61.467364 40.280273
86.218994 18.059683 38.137927
77.168857 69.009465 36.355785
52.486752 83.650053 37.721326
82.522680 11.827467 36.426289
40.637658 76.616647 28.161871
12.429888 74.897799 38.012146
10.833837 41.583629 38.349020
11.215247 26.815347 41.146231
60.077360 64.841105 41.643594
43.647121 1.596655 42.033100
41.597791 38.485513 38.448735
51.689391 79.050857 36.092597
80.773858 60.523668 25.274127
38.756452 75.116557 37.700624
89.757900 52.105947 41.235603
12.152431 31.533064 31.322237
37.608298 91.855262 26.441904
69.578695 97.513494 41.493559
29.000332 32.724999 42.767562
85.428946 43.008618 41.553831
14.931601 4.227620 35.480895
2.155766 95.426547 40.542598
13.601781 73.008550 33.388709
18.269874 54.117224 26.414433
82.362083 29.185463 37.158118
33.580769 55.921102 36.232787
76.281280 98.495283 37.597242
0.816563 41.663779 31.915782
39.692800 98.538219 36.394096
65.407110 32.117382 25.458057
60.670060 20.715356 35.846792
31.129753 53.416121 41.128962
98.727146 75.744212 39.231895
14.936862 56.317236 31.473930
58.179494 74.649916 30.955785
56.860502 89.249353 38.524898
77.577048 41.159771 43.709794
22.167751 70.280716 29.314219
71.248400 32.956779 38.086776
46.749336 59.285469 25.623598
26.841217 19.331200 36.540407
95.132576 4.877843 34.042172
82.533756 89.532477 31.752608
98.348154 35.406476 29.747778
93.259123 25.402189 34.156082
52.596523 19.954762 31.272630
96.647382 89.231885 35.196740
71.420272 32.420178 29.475484
14.488267 20.428908 32.075601
2.439257 33.610523 38.827376
59.526224 34.619250 30.668683
92.089324 70.250993 28.507295
90.460888 48.463753 32.683076
8.791006 28.137377 34.627776
23.186726 38.127087 31.030855
11.408910 43.002422 28.438170
51.257326 34.529785 26.152308
39.485737 5.262785 28.787090
69.272202 15.180684 39.263570
90.905972 4.749166 43.525131
51.647644 78.136825 26.660621
71.037713 32.391080 43.039642
15.423174 49.665952 35.167403
99.614290 66.321654 37.826407
17.389492 73.673752 25.954799
47.364520 81.751005 30.629612
25.057952 88.480635 28.826272
60.264092 47.177603 38.617949
36.190767 73.139013 33.610942
94.337537 18.327152 26.806914
87.162569 42.201677 35.381720
78.929168 39.268613 40.615405
64.253734 6.977301 34.119573
98.898518 83.825453 39.441039
78.378713 2.660304 42.079718
31.735540 15.448408 26.519774
42.376020 35.341699 42.289971
85.567792 75.181432 38.676050
22.776893 5.118166 32.244795
48.183333 72.376457 38.226502
89.722268 53.525646 32.972838
89.439149 99.028269 27.757836
0.556698 93.075396 36.423639
39.224586 79.944716 37.367075
80.311495 96.149232 40.403559
41.098011 2.574596 25.015000
1.195405 61.915072 26.737931
39.275538 11.383066 29.034682
44.649629 54.975435 31.344263
72.262979 54.472468 25.677605
1.543829 31.537827 33.061763
98.575330 77.129953 26.623692
76.844460 1.650415 34.470480
65.614108 7.401394 29.696024
38.012311 38.537081 29.725223
62.892311 81.153154 26.592641
56.663388 79.751327 30.918978
25.290048 78.720700 38.288819
64.782552 75.719088 33.167109
72.454501 34.663933 34.248009
25.548756 59.696534 32.486822
23.763244 97.971407 30.278636
23.009298 36.349543 26.821570
69.167582 43.865016 36.581814
75.633396 12.709688 39.506731
93.411227 17.517171 37.892809
48.368724 71.879665 25.221203
50.742432 20.341866 26.898254
22.986665 60.275945 25.718460
1.644464 87.882111 33.544496
81.847553 11.099911 38.639763
76.224023 59.621101 30.026553
82.429931 31.903880 29.269252
94.941489 19.105828 25.189536
0.553642 5.565945 32.612352
93.578826 20.575331 43.422412
2.832588 35.209116 43.128637
11.950550 93.452130 28.550789
31.762518 81.474272 38.444811
31.792877 32.137456 37.836363
6.215996 69.460523 29.309227
72.626967 18.207343 38.493396
12.614226 76.207679 31.729023