32.049675 27.922141 33.681973
73.777126 40.551562 34.849379
10.111711 72.395688 25.835979
30.488107 6.686946 25.120937
62.003342 6.591267 30.108510
37.319319 69.183531 28.980706
24.726362 98.150848 42.844800
36.193813 80.813656 27.203642
66.376868 68.643313 35.611695
90.288817 97.723024 32.526206
68.354087 97.485192 39.671356
87.858942 16.381317 31.786811
83.507904 39.395238 43.538022
83.091163 33.542882 30.339356
11.768555 5.248011 29.818241
61.413064 44.830785 30.357508
60.914586 39.272556 30.519639
7.388837 94.458684 35.563599
46.232293 17.261353 42.108667
46.846688 90.196656 26.276454
25.135459 10.949274 34.133822
89.602047 76.323511 42.462638
49.951993 91.855012 36.289978
24.949462 61.358983 40.940687
70.368864 92.021005 25.313490
90.480862 51.043777 40.113102
47.747304 51.142479 29.983411
55.863520 22.218869 39.936315
81.276800 70.368764 30.737720
12.022736 90.941836 30.647698
99.481566 91.108883 39.126464
96.443324 34.361426 29.015664
49.410444 69.416104 26.659136
37.629914 98.350177 31.723743
97.359959 27.715599 35.330005
35.371584 50.063084 43.484186
0.889640 25.299824 41.714236
60.937636 84.302521 32.314312
18.217461 95.874757 38.523323
71.902013 31.780461 26.552563
89.240715 10.995285 38.320930
27.615491 35.973023 36.639214
97.659911 20.072818 38.690773
70.811934 21.629616 25.389970
80.124093 98.250200 38.574511
2.803973 63.537647 39.815633
35.090770 35.825285 40.953334
53.280606 18.152174 35.595153
41.051728 10.557655 29.391234
36.811189 15.974321 26.931371
66.053922 11.533802 34.705641
86.136716 2.966394 30.063821
87.373705 69.747630 34.068280
97.631557 53.693463 30.995137
32.917720 92.732951 41.995543
23.570829 69.754695 41.524541
97.084719 50.401521 30.096492
6.474245 44.066578 26.556944
2.782082 87.569580 30.822214
9.721116 98.351916 33.364070
78.939425 64.329477 36.972498
75.580911 29.202726 28.111699
83.140413 59.513412 40.207428
9.895648 94.197562 29.097919
97.559807 96.830489 41.571612
18.045124 31.447823 36.215007
53.026852 84.437087 36.790255
3.052423 55.356943 34.586951
15.750806 60.139362 38.004267
99.467530 38.325353 26.314772
85.290672 8.493060 31.406872
33.251667 95.607259 27.422794
77.227587 80.145147 39.012078
25.406165 80.031215 42.087963
2.653328 93.164889 30.600251
69.283348 27.215166 29.538135
6.414218 23.339848 36.340855
85.545981 71.502029 33.477589
95.249459 6.532894 33.169567
73.023889 39.910070 30.339163
70.544060 25.157854 29.514037
47.145984 84.241688 41.749571
46.241595 32.936135 32.596403
88.470400 32.055388 41.163850
61.333390 10.534934 41.539824
7.652292 61.670042 41.591626
87.471057 23.346188 36.649712
77.661012 24.934618 40.501009
15.823988 25.589151 30.500803
49.614471 23.865817 42.611120
34.948146 75.497999 36.895320
65.372143 17.614739 39.042008
72.277973 95.206395 34.932752
87.117781 79.732465 32.918905
81.478457 86.808706 42.227865
32.474485 50.243311 35.281344
76.784446 2.522472 27.994935
96.496029 51.157155 42.544268
95.369465 69.527185 27.826340
39.218521 52.396831 26.356900
48.131188 22.901133 26.443867
4.931519 46.744775 34.161497
31.527259 88.574065 37.993122
21.765819 32.440008 28.994188
99.698607 84.401190 34.383243
9.242991 99.577565 25.532882
7.544741 98.216616 42.451106
75.523700 51.071025 36.682970
70.579490 34.449019 39.011673
69.954358 23.749588 30.469674
39.270736 52.190183 35.203083
53.343362 29.040596 39.860358
28.810582 76.208238 26.847302
26.683361 29.044111 34.878397
64.032953 27.141385 37.741280
43.381911 47.062462 41.559867
39.747266 41.676945 31.357532
42.751056 50.705117 38.971606
42.937306 79.962893 25.176730
28.120922 28.851388 26.583370
11.772887 55.454708 38.370613
89.965103 22.180988 39.956225
6.290995 31.756935 40.424777
8.858026 39.190203 40.259393
27.758474 26.476101 42.136069
73.808840 55.612625 43.064600
66.938664 73.591765 42.953239
84.272785 62.558567 40.315444
19.394771 48.541849 41.506625
23.631138 87.797071 27.182944
39.585158 85.146834 42.624431
13.399863 65.554180 31.116523
75.888928 79.369701 32.934919
84.272006 68.859200 33.039239
60.274884 56.759091 31.380940
0.574376 95.286250 29.222047
15.502714 3.285671 27.577168
83.721386 89.518647 29.520105
44.329344 89.780760 41.616034
11.168774 10.945120 36.517387
47.186232 43.945154 40.926071
79.704395 4.208697 30.266492
1.943968 12.058728 42.028663
32.513624 69.576550 28.739335
45.637597 6.530959 38.758211
87.733363 82.292909 28.129154
67.002240 45.408397 35.048339
74.449816 50.854159 33.538112
9.711693 71.786426 40.308082
96.737319 43.647271 26.577400
88.834595 68.782189 37.115415
91.480661 94.749333 39.313063
9.754918 14.689482 41.081234
52.836020 20.189245 34.540535
61.375111 47.812577 39.831319
6.750623 16.661268 40.627478
92.198321 25.917171 42.884212
96.135036 92.407715 25.745725
6.970825 21.351124 30.078082
68.391688 38.832384 31.969894
9.463009 50.464094 43.105036
17.119224 39.937467 32.080091
22.425603 26.115937 37.785215
47.003164 80.196602 31.425358
94.071323 69.417962 42.227163
90.581806 37.799087 33.000284
90.501685 12.675089 30.455703
90.310589 53.567270 34.151148
76.825799 25.973208 36.790086
34.897214 85.461046 28.061036
1.443060 71.831055 40.456573
40.031019 5.887496 27.880255
93.134849 70.073179 25.343495
38.743441 81.313741 28.603601
91.561237 16.701520 39.084730
94.558114 18.062960 39.942815
40.753530 14.833303 37.990627
25.032747 30.503919 43.438717
62.529325 57.198136 29.447590
23.809269 74.135233 38.849925
50.873285 98.866245 28.897658
19.886791 76.875443 32.211627
87.967677 41.078786 38.799689
67.805881 60.409795 41.454697
85.388037 27.202721 34.482579
1.043535 13.767483 28.773209
62.728839 95.919614 29.074790
64.365839 68.203242 36.031459
90.044011 89.366015 37.598374
15.987507 80.549544 26.534322
18.002992 98.730678 42.730006
48.292532 93.243472 29.602271
69.670116 32.618607 41.364469
85.963706 86.040269 39.985769
95.864778 72.056483 32.394936
94.892772 17.367449 43.160350
99.698455 45.883839 25.000439
91.323021 3.217024 30.421673
96.012970 24.313988 27.430678
45.504382 6.444960 29.410700
47.189257 11.621443 34.727241
88.395444 44.693580 28.316214
52.022463 30.131685 27.257550
41.924783 41.159280 36.657010
86.623984 47.122228 31.029814
95.073906 16.764753 35.834165
21.533026 65.655142 30.092834
44.807222 47.095088 40.193410
45.990046 17.991457 39.015926
30.335282 55.577241 40.700948
9.918630 68.664312 32.523519
1.726504 2.862027 35.093930
57.214901 54.684450 28.378346
44.382987 56.343703 35.406081
96.967211 34.421665 32.389345
82.214357 59.920357 35.794967
36.364324 55.998301 27.046729
50.308915 88.035811 38.195174
32.891343 89.176126 29.773028
34.716625 50.510220 33.702439
13.545882 56.154936 29.617023
61.860373 10.480436 39.591265
18.931644 1.709594 32.455736
54.689524 1.106188 26.973208
73.828950 23.573296 36.070026
15.175078 39.702869 39.417489
45.181123 95.211742 31.113909
30.287608 18.491043 43.156257
96.286392 45.287007 27.459635
97.306895 6.676345 35.647336
93.246193 29.923692 26.871812
79.222134 40.890871 29.735574
89.613887 74.306351 37.889817
39.963090 11.335210 33.203851
30.071790 53.440969 37.977266
21.532278 68.577017 41.103616
16.881789 17.889402 28.801977
95.523744 58.218573 25.083211
14.813338 41.903486 37.727220
44.956325 80.856333 38.979385
76.186254 75.697412 38.427397
51.491972 23.372453 36.234887
98.005125 8.019177 43.668640
83.590814 23.753228 29.057216
70.736297 15.501403 41.165644
9.917092 33.990950 31.764399
26.836194 11.676067 36.596766
21.795292 72.139169 43.445640
59.841290 28.887560 40.623278
3.593054 17.891301 36.205152
3.203578 52.812228 33.729020
97.816935 86.242890 37.337246
34.417203 68.969481 41.023983
85.220530 31.655516 25.934229
81.807338 73.369902 41.690562
93.760447 76.096779 41.708716
87.340066 63.886215 36.572201
22.092228 30.733953 34.106653
80.427418 50.231213 25.549895
43.514270 47.800711 33.250068
34.224152 6.502655 41.521090
35.276070 91.531113 42.056928
4.411070 30.980345 36.145121
11.837039 45.333987 31.713262
86.762108 42.404940 30.768314
73.599070 2.030944 40.685855
44.885095 36.917781 29.970974
85.514824 20.247950 27.135547
12.357763 73.321597 38.757827
38.159892 34.572192 27.935623
86.552532 4.612436 32.142638
81.156319 90.393615 42.223444
88.394915 85.956658 42.017210
82.571948 93.885271 36.407020
76.530671 47.959049 40.312596
35.064991 59.797418 40.281902
11.095881 42.990890 35.420791
13.014283 57.546528 31.218949
87.356032 68.245526 29.745927
50.916806 48.040487 30.947265
29.065694 28.202100 37.742985
7.498105 19.274762 42.269474
24.092517 29.079674 28.321828
21.348631 99.485756 27.053123
13.775920 89.615957 38.173835
44.554634 7.786549 28.349034
51.749458 28.513679 30.805828
91.499806 95.274322 27.056746
8.565780 56.256006 28.601642
39.938591 6.640070 31.631188
87.005487 21.428138 34.126547
28.439673 90.654053 34.236881
29.968880 78.912861 34.900125
58.033198 9.483187 25.290654
97.757922 71.545661 41.340912
77.037388 79.316950 42.702037
62.170296 51.356390 28.278577
53.961400 92.610381 29.775466
59.793098 29.546996 35.922887
46.951860 96.980179 39.858082
15.892393 73.762262 32.502766
90.103628 36.132435 39.719223
93.362060 50.397052 35.655089
45.760825 71.346037 34.434921
32.425337 47.851369 41.879676
15.517401 0.597654 28.777621
78.053171 88.447381 42.007435
63.699299 31.906719 25.023084
24.235158 73.170608 35.907290
97.996893 63.609343 34.512995
48.128905 60.064486 35.660405
59.634050 93.174101 41.225394
37.027281 39.846268 37.002830
85.645730 80.592795 38.242248
44.840328 84.155001 30.688318
85.377848 29.765586 38.836215
49.990138 11.759353 29.189943
92.101714 38.025007 43.519462
80.847558 88.513497 30.570175
48.651724 39.844542 33.919263
85.377401 18.554335 25.081406
5.068000 77.902816 27.313492
49.269124 90.843379 28.735030
30.661738 47.185479 40.554501
25.827858 8.216367 29.339938
37.326003 26.463978 25.118223
10.998136 42.944514 35.965807
28.419157 74.247516 37.825836
69.980820 28.593307 34.377734
15.891139 3.633466 41.008557
11.911511 93.192472 40.874633
86.868593 29.373225 35.725200
54.333010 38.948601 30.456270
12.363979 39.587891 33.534124
0.844820 42.582062 34.389221
44.275592 54.862437 40.473408
89.293483 65.096788 33.102187
77.033490 56.433856 35.323510
45.252525 85.093212 27.322063
16.674701 85.410082 39.849575
11.347876 29.535409 41.422001
9.906149 39.939111 28.546975
29.936261 71.221905 39.924149
29.969969 47.886431 31.062212
95.561702 47.773087 35.456370
7.426592 65.786203 37.203374
9.095374 89.778516 39.896386
12.137283 8.678270 38.290107
81.133928 56.451504 34.818470
9.539823 35.137372 41.054645