22.515684 91.573607 26.850773
24.341085 38.714252 41.665173
98.565594 59.570689 42.778888
25.084123 27.251408 26.514610
16.010486 99.265770 30.826885
79.828564 54.703393 28.244439
21.145226 31.657195 35.803326
17.374139 8.811652 41.266492
66.837180 15.884654 41.260625
40.751446 73.957716 32.553159
10.101517 71.027109 38.591357
9.417816 92.897298 30.574154
26.886391 97.389107 37.380364
2.481059 73.174200 34.578487
92.538424 46.845035 27.252584
97.761621 30.573786 27.728544
54.881845 19.237466 42.859223
79.342887 60.264326 34.702505
35.801283 39.665271 29.214961
31.272937 70.762724 43.565844
55.218217 71.576347 36.278262
39.451955 31.863870 36.096239
51.669513 69.615005 37.396403
22.645906 13.135743 37.814602
74.245391 37.575886 25.818917
54.646399 41.322090 29.926928
25.589479 18.626483 43.227977
25.502093 49.864772 32.163014
45.424155 40.474663 43.473938
17.454821 64.119440 37.433224
79.477444 84.394755 28.893632
67.454025 43.974964 31.894504
78.137117 94.672195 39.372078
43.043335 87.942162 38.067892
2.432900 64.744654 38.683674
46.271364 66.509792 29.401865
21.336077 48.161856 41.295742
53.598977 66.829506 37.888698
15.171307 33.498566 36.058195
50.584492 80.403875 27.010909
27.902624 16.486166 26.956513
36.572551 6.406866 40.370455
56.284049 46.391870 35.843211
25.250675 89.059828 35.487734
12.472523 79.288983 31.883998
39.593855 71.779672 28.000748
57.197886 61.177313 26.541786
31.850007 14.317380 25.302541
42.642866 10.084170 25.206218
50.324414 30.899007 32.518373
79.920522 92.565657 37.049500
86.147809 62.415665 36.402166
97.090903 72.259360 38.893835
66.504682 28.899360 25.235303
16.812264 88.466900 31.091453
42.213613 42.013075 38.055362
90.029995 89.763987 38.281536
40.311083 85.786269 33.841645
15.593804 77.997572 40.260182
49.556217 14.397949 43.065777
2.861799 28.688770 39.200320
82.158500 47.640701 40.865850
0.019069 9.470916 42.917818
73.981201 96.223864 28.573358
47.714133 81.491418 40.959935
90.471667 50.868934 36.019550
90.678612 81.107129 38.363736
62.930665 89.276453 43.733052
32.201472 14.097511 26.516154
67.248941 7.357145 41.156570
50.554666 59.634648 32.955340
93.977489 85.979866 33.204405
65.044245 47.154485 35.903077
58.903652 55.749821 37.487083
0.543420 61.818561 25.578194
75.452599 83.753158 34.716735
49.213079 95.948534 37.840094
68.100415 18.146452 28.316695
33.068474 95.653127 37.352010
73.456404 66.238126 42.946179
80.636682 1.045093 35.729747
43.697137 45.832438 35.061097
38.688799 25.144858 36.556178
99.169892 2.069490 39.049367
7.130326 53.367357 35.037366
63.199228 84.668515 38.663192
9.444633 59.098538 38.800867
2.422872 81.691749 40.926642
74.349375 17.104232 42.892042
29.051269 52.367388 41.215105
75.014362 83.447711 38.000012
82.572924 16.676072 29.163711
84.078792 65.800485 39.285538
73.336522 37.367919 25.074350
25.509841 53.524655 26.726578
89.633158 25.868396 38.109371
27.650881 98.660262 29.259055
42.570962 45.906616 33.968375
21.716132 43.124908 31.659238
63.546407 86.697647 40.670355
30.221637 84.293496 31.418970
34.513379 37.688050 28.657993
43.069894 25.350484 40.794943
58.340109 53.668423 38.550728
76.015378 8.086475 41.270547
60.049099 75.331338 40.890947
44.058971 75.612289 35.757748
99.609785 75.653502 28.025510
27.597508 75.602959 32.725806
38.628608 2.515086 40.743935
43.344070 30.224852 37.846997
1.229274 66.748810 33.528533
65.273315 10.411794 40.713948
47.668253 87.830548 25.100959
17.428229 22.383899 35.368824
16.022586 16.592066 25.954671
77.094446 90.975433 41.554940
27.261666 22.052473 33.457681
54.371735 9.246557 36.629458
36.993772 47.819179 32.488139
66.702569 74.938531 29.993006
3.366324 49.419277 31.483065
11.263064 13.731868 34.684480
5.510073 93.471795 43.383646
19.253404 19.256537 37.723624
32.419639 61.988995 39.196445
11.649416 27.612705 40.626891
69.427187 53.330617 42.728650
95.355621 54.799479 27.260171
74.225313 12.212655 27.763378
31.809153 94.527299 26.084797
60.327648 61.158412 37.709813
6.500875 91.170342 25.243436
87.946418 78.766680 36.754842
95.857496 19.433751 28.332250
41.767638 65.726270 38.074677
21.274581 15.739208 35.209263
83.965206 6.662558 28.455527
63.967038 19.788128 40.970949
41.350498 53.362758 34.673703
65.947090 9.058778 42.085141
31.947973 38.414265 43.186311
61.964508 54.558896 34.940703
36.917587 56.881199 31.557795
50.474880 32.438683 40.519156
44.441297 48.080725 39.473217
87.731662 65.758967 29.632614
95.862797 34.597883 40.776653
76.141730 3.327304 28.609497
96.630516 97.699753 33.722512
70.434494 58.548281 37.754702
46.283750 48.545454 43.151335
0.519319 48.643233 26.230679
89.162126 39.955395 29.668126
80.789833 49.433105 27.475153
59.505820 91.533627 41.055385
2.884478 57.702582 40.278928
27.153319 41.580672 42.603978
26.799361 74.210599 25.626225
51.441812 15.318948 38.132620
91.925942 18.363747 34.604671
25.418378 91.717062 28.590728
12.207314 38.378596 28.768089
42.793153 0.550541 34.149298
97.192479 28.294296 39.436171
41.330916 61.736258 42.711586
51.862886 74.946192 38.773076
60.035623 16.328989 29.680277
80.300051 71.890532 39.101949
59.099776 3.837297 39.646468
14.857323 57.600757 25.366642
69.253841 26.528087 33.769805
24.997662 67.189618 36.465937
56.994910 76.677671 30.186117
98.543780 10.684921 27.409132
92.064897 92.806850 37.752936
90.072332 85.493531 36.999665
85.810267 50.502130 35.077647
77.366428 48.673265 36.169299
69.615647 88.434858 32.978407
56.429067 50.006380 35.579541
91.905447 56.738753 37.203309
93.696942 84.299742 37.322801
95.704551 95.531882 31.469877
44.430549 33.775673 35.335032
69.634094 28.847405 33.866963
90.422924 73.751059 37.410321
93.789264 60.376816 43.684084
43.062134 34.863265 39.311937
81.062745 32.519025 31.803576
90.485964 99.052672 41.976488
75.088829 25.941413 27.384170
75.725478 32.958252 25.161724
46.262328 81.915789 41.581975
68.922672 22.428975 42.918346
76.170567 92.512789 36.321043
70.504630 18.077619 39.660338
77.393639 49.616716 31.289838
38.964284 43.102562 34.996356
43.568303 25.867901 29.849415
23.906338 69.383125 27.111345
29.030946 46.346106 42.212710
11.217401 35.854798 36.278931
57.151256 7.795192 28.043663
32.845541 84.994243 25.698322
53.743471 94.705105 31.120821
93.272433 39.861644 27.894267
70.369488 92.207944 33.051450
50.007749 82.418482 43.283230
65.719135 19.847116 42.333757
17.719736 84.387243 43.154177
55.135085 47.799317 42.900862
20.956638 57.845606 30.697605
47.640995 7.281692 36.502177
70.469330 2.912386 26.251381
57.583152 14.936077 32.709804
12.516054 21.669937 30.440178
0.059197 11.509995 30.678628
61.011442 17.230453 42.461861
38.102791 14.933713 38.787976
99.530597 92.145210 29.734193
43.829659 87.817549 37.412258
22.029718 97.266891 28.886643
83.157472 45.489717 41.565881
45.184797 75.967097 38.365931
67.462076 61.249759 25.176369
40.638791 74.645549 34.565973
18.539379 54.180711 35.522441
5.511533 45.663977 42.159847
50.707431 49.591225 32.854828
94.393027 52.436910 37.071935
25.904670 8.380922 37.553660
12.188962 54.982276 33.452725
88.328230 98.596123 36.646172
19.467953 96.067020 40.632737
84.887788 87.869143 34.608558
13.185908 82.560910 30.028520
64.330601 19.025933 41.153784
14.791022 22.146173 41.684685
1.513347 70.687862 40.686607
0.249755 60.840662 30.636946
46.846769 5.206591 38.142264
68.778506 9.997901 36.724033
61.698534 16.093020 27.596870
83.259873 62.440273 27.902782
70.164869 69.109086 28.634009
67.643128 15.852903 40.158196
74.120770 55.916450 36.192329
79.003494 30.101474 30.054502
97.851295 68.449568 26.381232
36.636313 17.235033 35.136088
25.625384 33.497739 35.137604
96.778072 82.497886 40.557829
56.534182 10.408497 33.164915
49.749116 82.863937 36.372090
15.869992 66.066700 39.569064
12.447679 82.056895 39.259926
73.662038 13.791518 43.171514
7.502963 64.687140 26.394666
58.559356 45.072944 40.519254
76.627325 92.057164 42.822326
15.401434 4.625426 29.493917
49.297586 81.368857 42.046761
33.827974 42.780870 39.972462
10.028215 79.857286 32.489853
46.476108 11.108430 31.711161
19.440188 12.903647 29.281829
64.823495 14.135874 36.161219
48.305148 73.696938 27.975099
68.242555 19.103733 36.702919
3.733348 45.942771 42.071198
10.716711 85.172716 41.584066
90.022125 38.415517 30.713664
47.416845 27.660897 33.081156
68.209916 15.602908 33.878163
68.043392 43.584911 42.646092
38.729840 37.942040 38.200221
19.288382 76.891431 39.808770
92.048159 30.339734 31.485757
10.840733 37.001881 37.076400
7.595407 34.480091 29.565689
98.451047 38.429571 39.807257
76.671004 81.037055 33.987918
83.969774 11.331277 37.219893
53.261784 13.339816 26.426956
48.210273 70.627508 26.790339
92.460275 97.509357 35.904025
29.059126 50.574506 31.382415
67.491568 37.683611 40.349996
33.346562 76.887922 31.285998
59.725831 49.131829 36.865166
53.197796 27.263564 28.592006
11.719381 85.814284 31.527786
67.083402 18.310128 31.490222
52.889998 17.853139 37.825479
96.755120 46.525528 41.564169
3.210749 99.032772 34.758758
11.820584 99.403555 32.839319
75.576581 4.818795 28.337200
73.874872 56.623356 43.675271
61.792506 19.421095 36.637592
45.847764 47.592658 41.771147
47.412056 14.253817 28.170237
11.260184 37.444818 41.294286
7.072827 45.581014 31.251592
26.448226 63.279405 39.232193
23.027410 48.198699 26.785022
31.116262 51.890235 39.622075
68.380368 20.752828 35.473911
40.997395 67.126358 25.765832
47.194208 55.766885 32.736148
60.513954 53.553200 37.921381
44.233032 43.141199 39.865122
29.402623 33.541905 42.127017
44.290870 83.998037 38.148463
24.576690 45.297894 25.311630
47.430238 68.187457 29.562259
42.165193 92.528646 29.410757
60.245647 99.048421 40.871155
36.430135 39.356892 43.221431
94.260829 3.939424 33.009354
7.008107 39.293142 35.067404
79.262315 94.836542 34.418758
48.122319 16.109536 42.729134
7.434836 23.592214 38.211524
24.778309 6.184200 38.989364
27.645530 94.284235 36.066198
7.954393 10.817650 30.385745
64.131158 25.012589 26.196136
98.192414 54.296728 25.388835
27.294710 26.202871 36.566301
75.602778 74.219476 41.732620
55.802917 71.360512 43.475204
7.569035 17.716542 42.130650
20.994538 54.344064 35.892990
2.411529 53.774902 39.932751
0.185247 30.247667 38.744947
51.000723 18.134422 36.893421
61.297178 25.315734 32.894144
94.282547 13.783869 35.429929
81.079153 13.921021 32.389075
30.690755 33.114136 32.081966
81.816012 85.059204 33.378475
22.164306 24.449857 28.865441
97.304808 77.509586 25.580796
8.861163 83.646121 42.581278
42.078517 69.881537 34.024327
16.455903 65.097950 42.549632
99.218977 24.098372 42.628879
15.568946 93.138712 30.858859