27.868660 45.302318 38.281331
38.361331 47.479847 30.602984
77.874769 45.922281 30.235546
13.340140 9.440583 34.400027
96.730066 33.191002 41.431329
18.156859 96.288264 41.114440
14.793202 85.716465 43.619408
37.580224 52.786363 28.080063
68.954978 65.926099 39.231258
16.376906 58.493946 26.357558
7.573352 83.255217 31.007608
41.816907 23.663164 38.152019
4.432171 83.289102 42.592204
68.721003 23.727993 42.264672
20.738213 71.646987 36.890580
84.469129 73.169998 29.319081
52.358168 24.648670 41.249451
23.443021 38.497797 32.898844
78.713398 87.719301 26.809764
93.980732 27.125314 28.049732
54.637635 65.424554 32.737568
12.936490 15.289485 34.279260
11.271702 95.951684 37.832402
91.228949 0.333249 35.943963
34.226987 91.113264 35.287046
43.671762 33.764110 30.001445
56.381712 46.728494 27.473604
58.042801 49.848319 43.391628
1.252116 44.630146 28.804588
58.321386 50.119795 36.408413
31.839887 79.697465 30.032020
64.698559 72.914551 34.092381
73.449153 3.376812 43.385478
20.284229 43.063762 32.512591
92.759918 40.920577 35.987031
72.781523 72.033711 33.971179
46.569249 97.247613 27.658881
88.356883 53.239703 40.342091
65.855491 6.044195 34.425523
59.492118 14.015733 43.544171
51.528629 35.128593 38.689784
22.320570 9.002225 42.413137
41.167535 88.058814 38.161180
55.255035 60.602335 39.256863
99.818540 86.961110 41.011008
15.228140 35.443311 37.461411
41.089598 36.223553 41.692710
38.054330 49.755754 29.922297
94.043218 15.443256 38.886049
35.247257 59.405275 32.481053
14.053822 11.042285 26.805723
7.395654 56.436750 34.560649
40.933453 4.671190 30.897276
17.004240 75.938668 38.514503
6.544944 88.309365 41.855861
55.701305 91.625701 28.784787
18.476753 24.328118 30.369576
63.294000 83.436387 30.644762
79.198768 98.268860 43.106781
33.288471 23.683430 30.261687
4.241219 94.597766 25.134708
74.353397 60.552529 30.937784
68.615395 67.286201 31.699753
18.861292 38.055360 40.360473
17.488839 38.640661 27.276263
32.908929 95.124788 41.346736
83.936044 5.547996 42.912599
98.954272 96.858860 25.850830
63.355017 7.819158 29.643833
11.930815 71.187072 39.835641
26.863951 89.232390 28.985815
43.075160 13.105929 32.039771
43.355105 11.440323 42.984650
82.195892 31.471910 25.112135
21.693288 97.900570 29.942162
58.413720 78.050970 25.279984
41.217855 57.147607 27.970969
63.607690 30.971176 32.730904
65.405936 55.821734 26.145234
30.318267 15.904424 28.215707
3.049267 96.995747 34.992497
47.692648 53.404415 30.845020
40.510014 69.383512 41.776793
59.702035 22.670330 40.885559
4.083008 64.380051 40.544696
17.123171 99.113482 25.543528
80.576915 40.165848 28.639087
32.727121 38.673594 42.208555
75.819203 4.121661 26.923784
12.538005 9.415490 30.328489
75.159682 28.576521 28.242768
87.432068 94.210438 25.920680
39.619756 88.561042 42.239705
36.373432 55.306531 26.646545
72.825869 70.762719 25.519721
76.119811 50.852520 43.551698
97.572242 66.828273 30.202786
13.667963 36.859310 36.065065
63.521947 77.359104 43.724694
4.862807 0.004530 38.477792
31.590507 79.126309 30.237574
97.205168 94.512125 26.956746
98.977654 71.216052 42.259522
50.633945 36.768963 33.069577
52.077881 27.557671 28.777995
11.005581 57.557456 31.570713
36.159812 86.793207 30.985224
80.737593 96.747168 26.419227
45.676644 67.444252 38.090826
72.737527 97.759861 39.930662
93.540381 73.672313 38.772760
99.588632 52.235169 40.931705
70.923335 82.702370 34.711826
85.746265 64.047468 32.647424
66.494004 15.765148 41.748887
75.300271 69.019752 39.580426
77.499901 30.114496 34.276539
63.384889 7.492767 26.569909
8.913275 24.566005 37.969486
47.407691 39.765729 41.609313
27.818389 27.663919 37.999238
19.062624 52.494761 39.666441
83.477115 13.015247 35.777435
32.047186 98.987945 33.647456
32.071695 88.306508 40.418114
41.951383 35.119510 30.957146
67.190153 0.290733 31.815088
3.593786 60.829691 43.298978
38.595142 16.811897 27.482656
20.046769 68.624574 30.317962
33.442973 55.350905 36.545861
21.334603 54.742260 37.045791
99.656395 29.863231 38.374576
43.602528 27.079488 43.435722
39.741933 48.428874 39.092870
93.140410 98.929656 28.878759
52.494620 33.248127 31.831558
65.633090 78.579902 38.277222
30.218216 33.018793 28.943689
83.228943 43.809311 40.054724
96.860959 37.443016 25.999957
38.600695 81.905440 43.747122
6.214284 57.776189 30.980469
85.987140 9.691083 27.923119
61.712332 41.300277 42.386234
45.262822 57.493450 39.170159
89.570457 18.358109 26.746524
60.865601 27.692442 32.113950
38.511652 78.188871 36.117794
75.370216 32.289714 35.502793
83.747928 22.244259 28.580396
71.693475 85.884469 26.293682
80.532165 75.296528 32.189819
75.300935 70.416557 31.156981
92.993589 20.821539 25.609781
33.245689 33.252223 43.507452
49.969060 55.023652 37.531617
4.825490 56.711324 29.066273
86.220096 44.605397 43.086634
53.474260 34.345267 35.607053
50.126333 98.916827 38.135868
81.167871 76.992508 31.752421
76.620034 69.526798 28.810168
13.153035 95.585537 32.210274
56.069354 90.939143 30.354060
78.776632 40.011585 34.625957
38.963689 20.212403 26.760461
55.066331 18.299816 33.738487
38.899584 41.921999 43.004209
99.768029 7.026679 40.122765
78.027621 84.538891 28.080671
71.718106 21.551055 42.103734
29.843933 99.411689 36.486832
60.943086 84.427118 42.289011
44.306501 36.422197 42.446497
73.318908 95.013516 29.281490
6.843058 92.269858 26.605075
46.179175 37.648965 36.521956
42.694196 37.691027 37.075556
1.565499 75.170227 35.540040
43.255240 8.827967 43.092699
96.393824 4.397810 33.200891
82.163121 22.349811 25.889144
83.790100 15.631644 25.209279
85.876131 91.676194 30.891351
49.023600 6.875316 40.623233
78.047394 45.019543 28.426923
69.950681 45.559262 29.882760
68.805019 41.864267 39.243491
36.685475 72.363959 34.395014
3.349214 33.532302 36.989655
80.459705 69.108722 29.069453
83.867898 29.547545 35.791668
52.898393 59.060837 29.617460
10.003074 35.411658 42.200868
44.977818 1.325320 42.481113
25.183098 5.556381 35.659588
33.065579 74.022951 38.359397
24.516157 12.754767 40.132701
62.988387 57.789702 43.451017
98.651192 50.106360 31.082117
90.117000 96.259834 31.263419
52.135275 98.658662 25.545991
93.923177 35.947051 28.972399
32.586156 23.484705 35.339009
15.036870 26.277110 41.355815
50.397329 33.600460 39.222081
66.150380 9.816318 35.723475
38.114764 95.330004 25.678781
18.293850 51.624137 34.095267
82.711830 88.109999 43.735485
88.947167 48.895537 38.338266
67.141137 47.889240 34.272258
23.821111 77.404087 36.444811
34.895291 47.838993 40.142693
7.539558 2.061514 37.338826
3.587660 67.306201 26.411191
49.454187 74.152261 36.130918
96.060552 37.391411 41.617627
35.382081 20.832711 29.373107
1.033144 83.273426 29.836494
92.630353 54.724576 31.540219
75.277188 14.657837 40.991556
28.381667 26.118859 37.670912
2.167145 65.855706 32.808363
31.384388 9.468624 38.441005
34.156918 37.379579 36.954143
0.490765 75.045604 29.996961
36.635376 74.193418 31.839938
40.021222 18.259741 30.110136
94.863235 70.837343 28.774290
92.561800 4.322010 33.993509
93.137222 42.517363 32.441397
75.894885 98.820218 28.200350
66.643617 43.237426 29.669944
53.624883 77.256483 39.472603
91.607050 65.849772 28.597643
72.578775 11.754806 29.494569
60.555890 12.239626 35.810089
35.728489 22.888100 40.677401
42.985680 36.235378 29.107561
38.711796 76.507448 41.386667
76.434308 67.600083 42.241918
59.981221 55.971497 32.018619
4.255820 39.131012 25.630057
34.619184 49.011763 41.196381
31.672741 14.937361 34.819557
8.968668 2.250576 27.633190
14.028135 85.896552 38.405434
97.177278 29.972565 33.401620
63.658665 29.890811 37.133065
31.107200 47.780901 25.557970
70.608651 63.342971 25.793526
36.767527 56.623521 41.601269
57.321185 28.690902 41.106516
73.885616 80.100216 38.417323
61.223080 25.464917 27.448507
56.979237 39.731076 28.074963
93.871265 88.697321 25.055113
92.879037 71.514731 39.180963
2.497629 74.552054 25.497573
98.211139 51.593202 42.993019
91.163889 82.477569 36.640108
49.388637 26.268874 38.363315
17.602594 81.520184 26.632689
84.077901 53.744303 42.475841
98.773208 40.909519 36.115898
77.076479 28.221737 37.656836
65.758288 82.760121 27.787935
85.176830 74.480207 41.502396
71.301221 24.015897 39.489340
27.087265 59.433059 29.483994
88.761017 66.836047 40.021292
98.839709 56.506510 29.294238
98.825645 93.168755 35.200817
21.350089 78.922675 34.478077
63.150328 31.541998 30.959753
17.550169 78.941737 38.833751
95.885001 3.412151 29.243668
73.026967 54.679294 28.067923
95.431817 58.808970 40.823118
36.997415 71.709540 31.059214
29.460894 7.682417 28.505100
54.456482 53.560592 37.349316
35.879551 20.964603 34.951670
5.061131 80.939761 27.921030
30.942825 12.166664 29.925141
15.149172 23.234591 26.488278
56.280216 37.240563 27.060160
41.050920 7.901571 27.352081
73.787558 27.281548 36.650266
38.418619 17.865243 38.389981
43.681277 49.838697 41.916973
92.016041 1.844218 31.007570
82.013647 91.749880 38.582975
48.430853 46.869708 30.848909
42.032524 68.542001 42.391611
42.850237 18.181562 27.996984
83.558262 69.175723 32.803790
61.599539 0.772082 26.926572
11.982774 46.974459 40.242745
3.456834 45.957569 29.014236
47.479406 85.175579 29.880912
19.674625 36.743302 26.620886
45.905277 19.178908 30.055603
4.199062 90.722054 28.910123
25.025976 2.373061 39.541847
87.899638 92.267480 30.187280
77.442660 18.135417 39.761800
81.883804 82.475493 26.290627
72.618077 16.941437 41.058380
98.131545 31.510228 30.276383
42.368634 45.371552 43.340890
50.072300 79.092156 27.504457
89.261305 90.314516 33.821277
36.737740 81.809337 39.090336
43.044866 92.639874 34.372975
39.763907 61.022345 41.632850
87.006383 15.550581 25.239313
28.274480 11.913331 31.228181
6.938675 86.508270 39.526851
77.418798 20.574880 29.093100
12.009400 9.451386 38.956420
34.928962 99.971854 37.106291
45.445991 2.485963 32.280946
2.798181 29.411048 42.459547
68.847964 7.009459 29.049550
10.844574 10.832777 30.425132
82.817107 61.723711 30.181477
13.081096 6.367323 42.103744
10.175523 72.804249 36.192106
45.712487 36.367542 33.610142
98.380208 64.758340 40.648217
27.077975 76.823428 26.091304
8.837110 10.575859 31.484318
39.045093 16.826312 38.955003
53.662994 17.249832 37.297196
11.989990 98.677134 32.255945
58.061615 24.184685 37.620854
33.151849 68.006062 28.160612
42.160258 39.061471 29.472770
71.355262 31.717557 33.958354
67.388296 38.975296 35.487824
99.467085 2.642279 37.568600
94.033669 33.766220 29.602037
55.664125 89.222478 32.133997
21.192274 36.794671 25.494339
86.523339 73.380442 35.807591
40.656635 91.829947 26.173720
20.043679 76.622301 42.329670