74.179480 34.157733 31.686175
42.747495 82.331577 36.769004
27.200669 83.173136 31.390705
24.622731 69.570822 37.020643
25.736224 52.146613 35.050877
92.801616 10.242252 38.583849
51.059291 28.008649 32.499384
87.326725 16.524704 37.804460
77.684760 67.955314 26.840783
50.014932 60.211044 26.092734
41.747686 2.120746 28.235500
23.916340 21.400638 40.096199
60.916303 17.767301 28.647358
6.853757 45.285758 28.643333
94.527325 64.949610 35.899764
53.533087 65.099982 27.642768
5.987926 89.567819 43.378324
26.919652 52.732273 43.284875
35.348696 71.253761 27.523411
90.931687 16.566389 28.260829
50.501766 29.317683 40.052918
96.664337 29.289742 33.376300
34.260037 10.665448 32.949439
45.502120 19.013319 30.408982
64.849095 51.387797 31.587165
64.065656 10.042606 31.732991
96.312250 61.422877 39.950536
9.159235 4.939754 33.136213
78.920432 79.093513 40.776042
0.453222 13.937920 26.843433
14.572645 4.306318 43.029668
18.258501 49.205648 35.000916
17.971940 4.941082 38.378783
29.967852 52.227363 26.557508
69.769493 28.369215 35.493718
38.061086 24.708151 31.945175
89.655831 65.538773 41.254065
96.968833 5.848046 27.389027
43.802810 7.207541 35.591545
78.633442 59.537681 38.638965
23.128954 48.803222 36.588679
82.047907 77.493550 30.751096
51.181493 13.587410 28.560703
11.320693 40.113033 36.821824
18.021230 16.964911 26.251560
54.490385 40.182577 30.102212
89.249610 37.491552 42.090772
90.823782 9.960586 27.738612
43.346115 40.163285 33.656115
85.803218 54.201362 30.866988
98.866183 55.150657 42.183662
97.683461 19.976132 40.638297
45.770607 52.431060 39.667056
35.427791 68.228698 37.808899
68.655094 4.941474 39.646099
31.046011 61.044063 28.466330
30.718720 34.847062 41.557043
99.175769 49.507204 26.282189
61.776271 63.092865 38.756616
19.289632 20.049544 42.359342
45.171003 42.991467 34.266773
89.216603 72.840185 30.419900
51.048680 49.523354 39.989806
84.521649 5.758207 27.536700
12.584020 26.269688 37.073221
25.981196 27.840449 39.857610
38.431113 70.801927 28.737766
38.346668 9.365370 29.488312
7.399752 57.328878 26.251815
46.633449 18.320484 33.149169
2.161664 38.786278 41.239830
26.621059 83.528078 42.682404
99.827295 60.624884 30.078307
62.518199 34.859067 31.023277
79.666132 39.783664 38.886451
9.779896 37.882973 37.622036
24.799828 44.512904 27.170590
44.525964 53.513347 26.749914
48.375366 26.888013 30.424083
99.454810 14.374660 36.821613
28.359487 25.540223 43.353686
26.977253 11.175085 30.653370
37.431781 77.071438 29.426732
4.128909 73.305827 33.972440
19.084443 16.149235 30.077097
66.962900 12.670888 30.184841
42.919143 59.244755 41.596467
23.769815 66.626136 41.036678
94.854645 33.097137 41.504600
89.565828 17.440567 37.493381
83.539053 27.230692 40.002502
91.824838 12.856442 42.677962
80.581301 95.122996 27.232392
80.882258 8.853728 25.338839
38.904244 13.753982 39.010650
62.762308 85.125095 41.730758
88.218376 82.309501 31.932916
18.764574 98.863736 38.003316
40.695116 17.742688 31.759588
21.617807 56.485513 40.240241
23.182103 95.697330 36.704407
79.866739 69.146767 29.868080
0.433177 48.794505 36.133288
61.545976 8.239468 30.352983
29.664983 89.149564 26.821944
19.881528 53.791184 38.168635
23.062025 32.657363 30.468484
51.091020 46.135375 33.774810
2.785008 98.800523 37.825021
59.171858 8.428465 40.485683
52.382309 77.228341 31.470292
54.489978 76.919238 27.947593
33.624126 75.959052 43.733014
71.471641 1.277240 30.538050
89.570004 70.799441 25.943886
87.805503 89.965268 33.148495
76.100971 46.971929 26.509246
5.987818 44.444021 35.385692
59.508143 17.094087 25.917332
86.468754 38.882274 40.574180
64.838316 67.835578 31.238907
77.586533 52.539069 29.469532
14.674415 86.996304 38.776585
62.290428 91.790720 25.156108
30.106993 63.820886 30.425259
11.186533 56.791720 39.001448
24.402857 75.204776 42.029248
90.429129 99.410145 27.612167
14.668502 49.156221 35.318020
23.745468 15.824169 25.289426
25.939902 60.005690 25.422707
99.722452 12.785482 42.645764
63.642579 41.204852 40.231848
98.523829 64.932533 34.857444
20.894657 36.789230 35.334256
13.287044 12.942173 26.016072
64.724903 35.320047 35.377645
43.302280 45.339387 38.251524
96.405457 22.702849 30.958016
36.711507 23.834578 28.266992
46.615766 0.535146 38.592247
7.913887 13.246995 25.912314
87.043496 2.368007 25.282417
44.365303 74.421486 39.674909
45.981322 19.609338 38.641056
53.003920 38.502139 34.792939
74.668829 41.769624 34.742307
27.062105 27.278068 38.099991
9.631348 31.622162 27.063554
10.019173 87.253027 32.614863
24.527104 99.265478 28.477879
10.621325 0.200064 38.490563
87.515147 78.101988 37.779877
61.547281 77.772336 26.675727
66.344120 3.481277 30.909026
90.493323 52.834605 26.362944
46.792462 59.876267 37.104564
85.618869 82.975720 29.759812
97.544396 13.382105 34.984094
11.202547 68.972626 28.579622
24.863746 62.899215 38.640544
6.260316 39.230202 33.132537
86.302291 6.416980 42.041433
31.024203 11.511096 35.006219
88.416618 78.054020 36.092814
41.452881 66.120163 41.068420
53.508570 6.811164 41.556400
19.761909 90.143532 26.596375
51.131400 9.649531 43.180266
5.413542 27.870404 43.048081
88.270942 21.906832 35.710026
55.020552 60.328106 34.557592
71.885398 5.537382 37.035095
28.424315 97.578162 31.571025
84.874696 3.878821 31.465513
88.569872 16.298374 26.369934
94.086633 11.541807 30.384397
91.142666 46.265597 32.872109
57.092514 13.844108 35.085587
10.363569 36.338320 28.379863
71.035972 3.843247 31.370829
11.780237 44.896246 38.230495
33.859616 8.476283 29.604190
75.827861 35.756340 34.831951
61.233034 72.824862 27.714286
69.423736 78.347238 35.782325
13.597196 57.421749 31.373041
42.053377 21.748190 41.737578
6.772904 36.382056 29.609427
30.607070 42.795210 37.021757
99.124427 97.661724 27.756328
49.409580 33.101096 34.199816
7.450780 31.978153 39.181213
71.048147 50.536234 34.933496
16.409058 54.869499 42.017678
7.566006 98.255318 31.234560
98.756068 98.265901 42.467491
27.751595 30.825013 42.257026
49.124042 55.349925 28.173968
44.302730 44.919519 33.406196
78.880295 99.559495 29.675606
92.348880 8.048787 34.887525
60.531197 42.359550 39.224347
98.416220 21.298451 31.695060
58.936145 33.604131 34.827419
87.050762 24.369788 38.799965
99.496862 95.653591 30.741955
67.315984 43.743754 33.853215
94.645493 28.701301 39.779020
73.400559 15.448058 35.984395
54.315610 82.730223 37.618192
97.462863 15.620998 33.197297
79.883366 42.955545 28.869711
5.931617 27.194959 36.893231
24.411665 20.216762 40.493425
82.186421 76.983134 41.594640
13.349088 67.702540 25.867707
5.071227 54.676275 29.579718
81.082345 96.555036 41.600907
74.157407 62.191111 32.604196
3.557313 77.521774 29.830891
35.732745 55.119027 39.147513
29.921253 57.668453 34.421493
13.593008 87.844545 36.556663
57.877449 63.926547 40.985991
98.925404 6.450991 29.266375
63.566491 32.953572 37.800745
57.154510 73.213860 26.782898
38.719391 62.757574 35.650837
94.864501 28.771300 41.167917
79.271889 90.822211 38.145535
78.764102 51.994007 39.123505
21.121690 32.824715 37.666723
82.103511 0.426134 42.060116
36.792054 16.196734 42.377348
47.559863 94.149452 39.934757
10.008170 69.301960 37.548556
90.521790 79.212429 35.778861
87.963159 15.436941 34.070070
57.008868 50.793654 38.710785
99.429975 9.190068 30.028856
38.417569 13.078892 42.793960
94.970926 19.587620 25.076108
41.898233 73.768403 26.315053
17.648619 15.722373 28.370222
50.967703 51.605341 43.159359
36.460354 34.964229 31.126362
43.504937 89.855326 34.271392
80.854328 51.214551 25.681797
10.010429 30.996506 40.791611
56.183627 75.804165 36.575175
72.817906 15.399260 37.485954
56.651510 80.050824 36.605301
16.586707 44.926808 37.285188
26.800656 94.661461 35.205818
66.657531 2.215907 43.472978
64.976133 19.981975 42.584852
77.796982 69.976131 29.721436
50.759303 34.362133 43.147318
65.485912 58.927967 43.110750
89.446757 8.566419 31.824058
95.735762 54.049127 38.173873
96.181690 45.219060 28.159860
73.869138 95.410127 41.484627
60.751623 49.212352 27.264463
27.843121 54.491757 42.370703
4.774232 44.090477 29.251603
0.121804 18.512943 29.717395
57.724753 88.883337 34.730733
28.786792 72.801590 36.899402
98.705257 22.312152 33.604643
45.935597 45.868809 38.374222
93.224093 89.834809 36.404172
22.714241 24.006073 42.862880
78.244088 69.421996 31.958888
39.643130 35.844415 40.180236
80.210535 87.051921 42.909062
38.146117 75.115502 32.254327
84.432679 4.556291 43.667407
38.091440 97.795615 31.756868
49.150272 22.262603 35.837537
51.349293 22.514421 29.444909
76.127861 81.269877 39.893307
74.141917 70.178768 37.379990
25.241625 81.813115 34.615806
71.210894 34.584511 29.567666
56.517873 63.167893 36.496127
58.556588 13.255068 26.776274
30.937981 21.922507 29.214919
68.507754 24.834165 39.548051
96.779663 90.461911 31.847401
3.993446 60.883010 28.842059
15.133824 92.567885 36.132712
24.366276 53.615502 39.924663
11.698554 25.915748 41.869805
47.428751 36.085629 34.055178
60.358937 62.097144 25.778381
45.643339 15.367336 41.694174
41.382753 18.643292 37.176276
79.004613 0.640763 37.813414
0.728217 23.000121 37.367964
46.353431 50.517084 42.692411
92.474184 20.910298 33.988571
6.915981 15.327385 42.311548
63.727649 81.989760 36.663684
95.041212 57.302640 40.864166
22.942714 57.552180 37.629777
4.935270 56.875739 42.082394
49.381317 22.996431 32.879013
71.683068 14.050403 29.226777
7.801478 83.278444 37.018111
48.778260 87.209088 25.470128
90.773703 92.071801 34.901255
14.397686 61.477949 33.177182
94.747800 16.197726 29.063191
96.884465 18.426895 30.439745
14.827629 21.170170 37.092688
53.977030 81.832019 43.509145
2.835387 46.640430 35.154482
86.269577 70.948640 37.635887
8.417112 54.480531 43.335084
69.176664 94.602492 37.056036
96.691636 95.422170 37.286330
29.065089 16.944890 34.918911
58.605327 20.790636 36.453826
6.055818 81.385568 41.433802
45.932914 92.016135 25.835234
39.868371 43.046715 27.949087
13.740707 60.243714 33.498271
79.484359 67.577931 28.584248
77.922373 24.514614 31.113420
15.789155 8.259091 38.789465
33.960507 51.885096 37.357340
15.433092 39.374865 32.671644
33.394268 20.450207 40.847959
59.000565 41.073669 35.786862
54.357344 5.925860 42.457616
45.826700 44.074357 27.587567
2.556995 65.412356 27.919546
95.038599 76.776054 29.594299
50.089961 36.445412 43.240262
83.915977 75.227010 31.335155
95.050539 48.149648 26.516100
42.952778 65.849874 33.567784
10.057029 81.173949 39.843337
92.396221 94.684471 41.575396
4.413031 21.168527 33.958293
36.336161 11.077936 36.525939
20.306371 79.504310 32.366496
30.773435 28.298340 26.808100