91.707038 62.968252 29.545407
20.659038 70.485616 25.722207
71.008735 45.881072 26.673949
78.402747 20.097943 36.036438
35.423546 60.510176 37.788352
44.305861 56.236327 40.160276
56.507346 57.743214 40.739801
1.780662 35.091797 28.310058
29.209306 39.578279 37.509699
92.742553 91.167272 39.711596
73.807687 91.552616 39.456886
47.550076 13.948846 30.772617
40.620613 95.296560 25.545784
29.074109 41.352169 39.808618
34.107198 66.079052 29.718250
12.912199 23.639758 40.167232
1.130336 60.815348 35.461617
91.189739 61.058657 38.245070
48.256773 92.473256 25.818970
57.864552 7.700262 43.198922
49.863772 71.646236 32.422887
7.194993 71.338008 42.783777
74.444553 27.286957 29.903657
57.919348 60.783694 35.196808
4.296405 46.605738 27.892645
92.262525 51.462657 34.548315
42.090998 45.143515 27.028108
14.342524 63.319920 33.243768
46.239924 89.702147 41.095456
16.139108 24.999521 35.049173
76.183271 18.560490 29.958566
97.779383 54.549298 36.748140
19.668148 59.446380 33.745729
92.882957 24.614793 29.029673
15.891127 13.563303 37.123855
11.940629 60.580425 34.433684
84.980914 96.122054 38.019661
69.749221 23.569168 29.876416
89.743765 15.406900 33.556888
1.236756 6.868306 42.125921
32.304144 24.027846 27.538417
34.690081 42.769269 27.684741
53.396262 21.971815 38.199841
26.219520 5.081417 30.399038
68.061168 13.556673 43.118407
81.675193 50.402290 31.148736
73.249443 64.120003 31.315930
98.786214 94.224186 40.614871
83.477738 16.336290 31.071088
88.132299 16.448006 33.824698
57.401482 17.677397 27.708586
27.056945 88.190398 35.758261
70.953510 33.417465 43.689046
85.950973 48.947770 27.604828
44.323494 43.853957 39.734304
74.411525 12.256376 41.480231
14.345363 89.616694 27.933215
82.209702 54.815452 42.352852
0.554503 60.864161 42.060066
24.226303 51.103824 27.873266
39.771297 76.881698 43.169523
88.040463 87.377713 28.011860
32.412521 62.315665 25.048266
10.663375 20.805131 33.178989
92.749470 80.361290 25.161515
55.470325 45.335825 28.357537
51.058709 3.188325 41.069925
21.644569 3.519145 39.265869
87.255186 13.274715 37.709640
86.881579 83.785775 33.157641
24.177098 32.501388 28.754326
28.094207 24.863277 36.361322
9.655335 38.178922 36.141461
45.495055 3.538901 43.168495
40.301246 35.154273 26.207902
99.963191 46.002173 32.508653
27.131312 22.246985 31.132300
22.219657 52.027299 30.521403
73.619114 76.963184 27.270927
76.473825 92.602133 36.833158
65.879312 70.921689 33.741905
44.872313 32.802417 29.837748
95.314301 50.615334 32.490475
39.645207 37.444027 28.513792
67.115200 34.507293 39.784051
93.000731 75.525169 30.394879
49.241180 76.720510 41.610678
0.423631 63.880623 26.738020
75.152136 24.706805 31.024139
98.140458 12.451950 33.955083
43.504708 46.491758 32.900686
41.250985 7.465017 30.833185
83.394586 83.888754 35.967157
20.683265 82.788161 37.492561
85.318155 27.752172 42.760745
1.150518 62.266111 28.876484
25.652244 69.290479 28.449674
84.434454 86.867010 35.328077
53.467906 99.260066 30.345455
47.446198 40.149730 38.521532
45.713977 96.272704 34.798425
10.235001 64.421643 25.556178
27.563751 59.777477 36.794848
95.322045 4.244463 36.996214
90.898878 65.294497 38.160595
9.745653 3.030571 32.742582
83.875343 13.749627 43.104739
16.739630 96.587565 30.237666
49.915540 70.268302 42.852694
62.171400 24.205903 29.224511
57.904133 9.044176 39.791946
39.767157 70.264765 37.677584
30.937671 96.184281 42.505209
45.400562 81.907969 30.420001
98.058079 26.200255 33.612230
16.537020 82.809533 28.668691
81.685330 10.034691 27.228530
14.014019 9.977049 36.837882
84.925625 77.966500 31.290020
78.421354 82.464009 39.491174
83.106175 1.965289 39.304841
87.128104 30.591792 35.329074
46.909731 46.912112 26.457878
48.560611 26.087534 25.027227
79.657985 84.090353 32.407990
56.342588 33.926401 32.410451
15.824446 79.006702 29.596878
1.697988 81.019482 43.568040
97.843648 45.543762 41.692382
18.306508 37.109085 36.380546
95.147153 36.667201 32.817683
53.109699 3.850015 27.258383
67.021668 4.497378 29.414089
27.975815 74.847208 32.178704
43.620896 50.360946 33.262240
8.911872 73.622512 36.010750
60.799330 92.516367 33.068385
97.376237 12.941655 34.512611
2.457316 22.199035 31.696327
91.814419 44.460483 42.057168
66.726018 89.154145 43.231952
75.595837 6.623646 32.201568
78.896257 19.090564 26.321705
88.937471 71.970418 37.383452
22.233828 37.895516 41.753696
93.352834 68.046996 30.559919
85.976294 79.316673 34.697076
95.596059 89.965777 42.389439
55.570580 45.875967 36.635173
60.898310 60.206624 41.140650
41.223477 44.451367 41.019926
38.536933 72.609222 29.484236
61.921277 30.015249 39.242752
22.993973 0.242493 42.623214
65.724815 35.023593 31.151141
7.280204 76.677102 35.760771
3.656340 16.128536 43.212082
80.946766 80.482665 32.116175
53.560777 12.770751 28.607597
24.461724 91.050094 39.049837
87.892487 49.172863 37.516869
28.256550 94.319528 27.678863
9.083544 39.005897 40.856774
70.973235 80.770530 39.973701
11.110541 12.629029 33.746680
38.553954 49.503974 38.578822
83.338186 85.506958 42.295803
1.447003 65.991782 31.313124
49.380381 27.235527 43.132725
89.033600 73.733901 41.941329
50.469586 92.757439 40.162992
25.812304 11.701235 42.554205
0.091241 85.846546 40.043403
79.070841 33.498349 25.413238
69.252336 95.538739 28.301245
63.334815 18.895346 32.064462
66.250518 85.410939 28.737168
46.305024 41.454100 33.268044
23.398362 57.458546 32.046227
35.586896 69.035276 36.889112
49.109060 80.772866 26.769321
18.789121 40.129743 33.902007
5.783234 38.983013 37.700222
29.177835 15.676909 40.049328
31.489428 87.711725 34.112732
37.371874 84.608577 26.007517
39.951839 90.081934 28.348224
1.257101 9.768273 32.101877
4.973385 3.370146 41.824028
3.201700 37.767426 33.518502
48.683969 59.777485 25.393065
63.663838 55.589539 41.118027
29.500068 12.655242 39.284450
53.329264 7.316677 33.894570
35.946531 33.900270 28.543271
18.173461 47.454943 37.536631
40.649915 82.344911 32.309651
88.414143 83.227716 40.331983
44.505802 91.255034 32.851570
53.018482 33.655463 37.442123
93.689187 32.699639 26.899401
0.980379 76.297815 25.085505
41.494954 9.338625 38.853041
62.864295 5.145947 36.221737
75.731453 77.712409 36.686934
30.649659 95.230978 43.686283
72.173618 83.540082 42.841618
97.967855 96.668449 34.583103
21.447004 11.962303 29.078165
4.114407 85.102134 36.196268
14.148402 56.454140 33.713298
52.569886 72.174846 34.849695
40.489265 60.540553 35.804054
77.218400 50.586591 30.008097
63.672376 79.596456 40.887288
25.188427 82.587053 29.919135
46.842083 64.861552 39.760973
63.737102 92.058620 26.020657
73.466482 45.171323 34.084144
27.726436 16.237420 36.285693
73.598814 30.127572 36.195674
9.161519 78.907822 43.316167
24.649037 58.068052 34.424026
54.992439 72.631694 29.451015
25.666299 62.137080 39.458254
67.784537 55.772100 40.629385
45.876513 23.828046 43.636529
25.715648 60.851417 37.777633
94.868447 36.072648 38.315758
36.422272 92.555832 35.387613
68.263291 13.165974 26.257602
37.059716 70.811192 27.083489
10.932547 64.183354 42.021162
16.426650 95.558353 42.560092
8.691658 18.052424 37.017552
19.618065 34.838559 26.868530
31.137783 36.279658 35.628839
33.109519 61.055241 28.268277
75.071568 70.668409 29.504043
69.969590 1.798199 29.747817
45.497457 53.432531 36.375834
83.640578 21.901134 32.593860
7.922081 8.850346 27.460716
13.818384 71.378852 37.352691
39.261830 79.871972 29.060443
71.681415 55.546951 40.185449
22.852573 48.864689 42.961791
46.948667 85.007010 38.496189
22.201147 53.936195 25.152699
27.769078 50.129433 42.955141
33.217102 98.303069 25.012867
63.453177 20.341898 40.943007
88.533458 86.985339 37.320897
70.423278 16.384822 33.643936
42.167406 89.338461 35.957833
66.921708 41.671753 43.656614
94.730115 83.822615 34.335415
72.879550 86.359840 39.390957
52.036403 41.836190 39.228041
45.822686 12.854253 36.361652
56.900593 3.706678 37.425448
56.918822 48.580865 41.326959
90.490851 62.767921 41.301451
52.676142 25.559212 27.856035
70.225961 0.801145 25.340957
64.620284 26.985378 35.504654
75.922751 19.307344 35.651741
58.583286 30.374236 26.432243
57.725244 88.133690 42.653945
50.372425 55.828441 41.979659
97.930918 29.686142 25.444666
62.730466 14.956968 32.156434
86.617148 7.484813 31.831322
17.671518 19.785693 29.882543
75.262610 3.644472 37.900439
46.908097 27.028829 28.441804
78.205651 15.584555 33.314030
93.577477 75.483164 36.805911
83.076481 43.948917 39.268450
28.304993 32.178215 27.215811
27.854297 64.753093 41.456981
99.993209 62.992172 32.279841
42.443604 37.013101 41.646015
6.314411 81.359400 31.682026
21.477503 54.131280 28.136355
75.489706 6.595743 38.443358
34.754236 61.437273 34.002602
36.959478 27.847221 32.637120
23.198603 38.567515 43.115830
86.127719 33.791853 30.815584
60.746123 15.716170 35.860767
3.803927 65.229427 41.531538
98.324345 55.472355 28.152190
47.233059 59.171357 27.245016
19.537759 94.988592 29.045039
58.979571 14.225931 40.126962
53.611186 58.812050 42.457372
81.155321 9.127596 26.927184
91.212214 11.439521 38.160501
67.243073 94.921527 37.446108
21.095820 67.860376 40.938733
23.017859 74.072331 37.408634
63.878146 34.771474 34.311358
38.161599 53.672576 42.121780
78.185948 40.475588 30.392254
67.913255 2.214030 37.082712
88.593085 16.724514 31.943630
95.582944 34.629605 31.915111
21.803806 81.869866 34.981354
58.228086 28.572014 38.449955
84.563893 7.480179 33.230802
66.469281 25.881990 32.647340
50.593572 84.849342 35.058400
7.563793 91.326968 36.027419
83.228823 93.888123 35.832844
72.256692 67.877693 43.225983
23.577017 41.261542 26.759879
24.367628 10.458058 26.393635
22.301308 29.405535 29.323342
30.850994 93.450651 33.154839
15.316799 43.817617 30.623902
13.788316 38.683828 39.921881
24.109748 16.402864 36.944075
0.403243 66.097318 39.928612
97.263116 22.226700 34.376017
92.745816 45.447808 40.935752
13.168475 1.487947 42.970268
44.913481 32.257286 27.463910
55.241835 3.542113 39.448405
57.961558 73.904670 26.145691
2.347550 52.134775 40.809627
88.843094 42.555962 36.709488
40.792927 9.370852 35.686132
19.689125 20.724734 32.324518
23.771941 87.025838 42.926844
40.257397 4.648432 25.545692
80.324504 16.296238 25.185667
17.529038 80.394241 38.707493
91.059965 74.123487 30.236106
19.989996 10.267614 37.173091
6.040365 95.396836 37.698019
83.904547 32.923197 39.674299
45.714908 4.163510 26.524799
64.604867 85.924052 34.362031
46.349462 75.676753 37.956432
42.262325 17.679431 29.707308
51.840524 17.248498 27.556146
22.657160 89.063190 30.420759
35.554404 75.648531 36.361514
83.751835 73.204831 27.539515