84.805354 66.217360 32.455067
73.307107 15.395095 29.090894
37.365315 33.807160 27.352466
63.765860 28.944907 38.757607
92.447077 49.077849 33.587893
30.747613 97.357652 40.485753
34.803338 73.419099 36.959764
8.510446 60.863151 35.376237
79.721998 46.617718 32.738231
4.342771 19.835157 36.061206
86.526524 13.092991 36.605658
78.116243 61.103213 34.360050
15.394270 66.941021 39.090197
91.902351 18.005970 33.397258
90.317595 74.569506 35.176593
54.887390 24.294371 28.068224
70.293696 13.798657 29.313753
59.918032 96.204577 35.295251
83.650262 75.591111 29.098103
93.083504 18.267877 41.850333
54.998956 9.069414 43.301609
47.848150 6.242326 33.124465
41.784579 48.753440 35.751990
71.453933 88.281524 39.103224
5.240721 47.587426 43.635257
29.803653 39.381417 43.261347
21.891368 50.056059 35.064340
50.725362 40.605172 38.228084
69.825830 44.153082 43.365399
38.629543 99.879117 29.556251
78.238120 92.789148 29.177967
53.328492 19.183559 35.779895
63.286667 48.075551 31.750996
2.215106 20.930549 29.296841
27.775325 28.393298 40.678267
97.937153 47.048023 26.288250
21.314710 5.851653 31.120257
68.725572 38.420676 30.683639
56.497867 70.426166 31.474327
62.548787 15.885490 42.808059
6.692529 20.970931 36.271185
60.406348 91.847559 42.641391
90.065350 59.932557 39.536950
82.921574 87.135076 40.339580
71.147253 8.146670 39.913282
33.899928 3.542157 39.522571
20.763312 3.886661 33.731938
36.348686 79.900537 34.912893
76.496809 39.583171 35.565606
56.260208 60.524838 27.858888
12.624389 99.298298 27.114690
84.609385 74.310235 34.742775
61.624441 67.049806 37.281368
18.599206 91.945613 36.429700
64.634098 0.766549 28.477734
80.924560 76.897456 38.921275
53.487450 3.223712 27.810818
6.136454 49.893446 31.883257
63.296630 46.757653 30.413478
77.315574 81.632302 39.868609
48.484006 12.854653 33.433698
30.563685 50.523096 38.652150
85.740136 97.822225 40.787751
79.153087 56.800779 28.323025
24.639442 4.955266 27.976428
9.885889 85.933842 28.736825
21.278067 92.656961 37.321935
29.709407 9.069373 26.718633
50.040723 64.655435 33.537964
98.814691 61.442615 32.627247
37.066881 42.506779 30.035768
34.788931 27.977857 42.829158
22.163160 47.371966 42.613992
73.540114 50.393328 25.624207
84.604003 93.891037 36.878100
54.279158 2.405328 41.614077
68.510019 30.683730 42.314299
38.757585 62.892686 25.281469
41.805292 63.337798 35.743027
87.256447 1.195455 37.615203
37.511285 43.182055 39.717145
92.071227 74.926179 37.797374
85.668566 79.738334 35.999681
70.159855 88.009183 34.677325
73.097461 28.939893 27.198987
81.787972 60.230564 39.003742
97.816511 83.526236 43.539592
86.930383 90.350680 39.339883
41.585557 34.219545 33.991992
73.887684 27.759780 29.918011
74.950471 4.761317 36.624882
9.552988 81.895819 35.189557
97.968065 3.725625 32.607752
18.746240 29.959734 27.196372
63.662005 52.731384 32.185490
1.678253 6.803640 42.573514
3.238097 53.268545 30.408586
33.778007 54.594224 32.987355
65.500012 35.001322 28.581533
31.537447 78.979418 31.538104
50.572712 39.150483 25.698565
41.284715 15.732627 36.878163
30.799300 88.551272 30.953358
28.070436 82.459352 42.735625
35.457219 80.513692 31.252650
55.995417 21.814706 28.339789
63.700555 72.154734 36.811286
97.907970 66.507967 33.702425
44.152449 91.940236 42.527335
22.262241 13.802870 32.706615
18.913715 66.447632 37.647694
11.042317 98.710344 31.956995
13.781151 56.981203 29.057976
40.151983 77.030099 37.933197
24.948118 72.001154 29.829598
5.350508 50.142482 37.640015
43.011575 22.143834 43.576732
29.511820 67.793931 41.083791
31.799784 71.503937 43.109407
12.098077 57.053749 35.140875
89.392415 53.093593 33.306844
47.870253 1.942923 27.625069
36.918960 89.306915 28.315206
4.730894 80.003732 40.508882
50.443541 5.688090 37.411502
57.010439 71.357328 27.676029
34.367866 18.693206 25.309828
61.519113 50.697687 33.513293
29.138631 60.340750 31.773701
66.608970 96.029689 32.525615
62.791257 26.336002 42.598360
71.636185 63.641093 37.698594
39.225676 75.691424 35.534303
71.671335 38.425425 32.800594
25.988252 2.417950 40.948656
50.531751 91.552278 40.626330
94.175555 29.005173 43.095999
63.086523 57.039692 28.705324
77.467173 83.285036 27.726685
81.591566 14.019895 29.356530
33.113086 16.091947 35.190007
30.569338 20.304023 26.783741
61.010123 94.483922 39.436744
81.521043 78.004195 31.208210
43.136264 29.132909 38.902179
71.367600 90.672683 27.163790
23.711580 52.264321 35.688167
14.688064 58.031981 39.893217
7.804775 37.400755 32.524027
46.009519 47.150362 38.130202
58.034726 20.426900 29.679601
74.819602 22.690542 34.517590
63.921967 40.589853 34.677232
3.910500 82.452440 26.855868
67.010648 12.750732 26.738141
48.384352 54.389508 32.256043
50.430852 0.085491 41.875912
51.082107 12.480089 42.233971
54.659317 24.805159 41.012149
31.722832 53.677712 43.032132
73.353143 8.024077 37.561549
98.847930 41.896106 26.465558
93.753088 76.243026 32.126483
85.826588 52.546837 25.573553
50.368287 13.000280 37.983502
29.379012 33.977753 42.182126
85.492411 85.285521 27.693199
17.778896 6.226230 41.026185
53.143858 5.493402 31.177503
57.574346 27.025653 28.748278
77.380670 71.416961 31.713637
19.819265 42.292287 29.621961
6.174953 34.661695 41.825690
79.389313 8.335543 38.760676
36.211327 44.327066 28.163187
75.389447 56.813385 34.335378
38.855369 81.645140 33.565667
24.824600 94.103341 29.298634
82.342661 8.604339 29.963722
81.782561 49.901361 29.962820
22.819276 15.316909 35.950544
76.418418 20.146820 38.062551
43.527742 4.785694 38.375548
99.717612 4.215496 32.639219
70.754388 70.762969 32.646211
77.439321 84.863913 26.175570
16.486103 6.861991 30.569383
95.961556 66.172257 39.504935
56.856532 17.669569 40.452206
24.357775 46.345212 30.215076
30.385180 80.915471 34.260693
55.522335 62.759495 43.446606
4.234649 57.406720 39.902067
12.362924 27.977366 26.366060
83.835214 79.384502 43.304294
10.727411 4.740477 34.969315
69.519054 68.572962 30.286193
66.578472 92.020650 43.329726
50.318321 8.059258 25.221203
47.118971 82.262331 38.264102
93.994817 5.264458 33.405706
17.397560 39.230978 27.012320
2.025898 30.096539 27.747186
44.575266 70.680992 29.882382
31.450701 95.090574 25.194011
73.851620 18.305254 31.437765
96.646732 55.642316 37.667895
97.973387 23.144788 32.337851
79.158397 4.218668 33.709179
2.202986 45.281506 26.171336
83.082831 84.647549 42.492450
91.541501 54.198437 31.024846
16.202363 9.666472 29.863018
99.326842 37.832162 39.953454
71.003104 33.471507 39.416988
31.940511 56.808339 41.194951
40.642346 12.669011 29.425357
14.710147 75.637356 39.978769
42.934379 56.382582 26.306917
3.569904 17.502190 43.383538
74.972356 1.607373 37.549799
84.923800 41.591703 26.427929
68.119604 97.457852 37.470399
37.629796 10.018790 36.108031
29.317685 47.602156 29.040897
11.431609 44.290097 33.776072
41.443156 17.869589 27.105702
27.044912 58.015764 37.912490
61.650690 78.486252 41.323365
45.835543 47.520011 38.583121
9.012373 7.127515 29.561671
35.903960 85.711831 27.489261
85.773096 17.495420 36.434057
26.346523 80.261337 33.193217
60.895547 84.553288 31.369179
97.209825 65.005445 41.185138
3.979057 20.706180 42.401574
24.829822 48.340436 42.580582
89.204341 42.830005 35.397416
77.577294 44.468179 36.450228
96.022062 77.113643 38.194988
40.716015 4.996300 30.118828
76.083776 10.235769 40.548629
0.088835 66.820055 26.446763
12.502716 77.912813 35.458991
90.081280 54.729278 31.521584
26.378450 11.341165 31.744209
19.149183 81.876992 26.217152
61.978141 19.613289 42.717801
30.016395 65.665510 26.500653
53.720980 34.604635 35.202031
81.966469 67.859030 35.286129
49.840579 27.821054 27.005203
75.316413 71.292070 25.617168
37.240528 40.511915 39.599086
62.612341 33.448826 36.603954
51.780213 88.440997 30.020622
12.459673 65.903266 40.730643
31.467871 54.936866 34.049485
13.538056 74.822507 34.826765
60.272330 92.905979 35.399654
88.886158 13.196697 25.596213
80.438226 80.612040 28.383106
52.522045 80.767440 40.621767
27.979680 55.852371 36.506424
84.325648 79.499533 42.400059
24.156169 6.565292 35.437784
13.284729 58.171416 25.484364
29.224004 13.619959 36.484163
68.983060 87.726797 28.472539
98.069500 39.549644 27.257601
89.234827 82.309719 30.880491
43.224108 13.427753 39.218468
50.249627 77.108927 29.989788
1.943334 51.300918 35.638605
99.025860 79.841499 27.904549
41.953262 51.542162 27.848932
48.368437 18.129006 29.357751
76.179433 32.081385 41.325054
68.614730 64.544747 33.375323
87.789361 35.841538 39.744911
51.196043 39.553664 30.317022
59.532060 24.142136 28.325220
78.379899 3.073362 29.464382
14.973496 62.915594 33.522193
88.997373 95.871794 38.377158
4.802293 28.097283 32.125963
62.564462 8.427858 25.088321
5.432852 95.720320 27.794582
82.299307 47.693929 26.450633
25.067389 19.950989 43.106715
47.229647 69.730941 34.860488
96.919884 76.410302 41.110049
64.374242 17.366875 36.923418
54.552463 11.117912 41.634724
4.780901 33.408497 27.419200
90.684694 72.676085 41.864718
3.998487 84.968844 38.103888
66.152505 0.039886 28.314263
27.369608 31.450370 37.243262
99.851260 43.022071 35.251791
79.389255 33.089283 34.766316
31.994641 78.381857 35.044230
26.178319 89.283377 25.324881
84.112581 99.786167 25.910216
82.509580 47.378918 43.746056
34.770319 40.718450 27.288966
3.525585 55.333276 34.016909
77.709346 5.175291 35.834069
57.406840 47.119203 40.097727
92.107645 76.360083 31.107014
58.076169 98.536814 33.456884
48.609327 76.759030 30.556791
41.493171 18.563783 40.157707
16.089278 6.123728 40.775528
36.804601 23.751600 39.356438
19.417554 84.922870 39.752720
9.513885 17.695959 38.199359
15.779591 51.364292 41.334505
10.628337 38.344289 38.925611
2.238258 27.264069 28.020188
81.356676 73.044330 43.222971
23.950544 28.307066 30.009007
71.374011 38.343595 28.300839
40.479304 29.068822 26.218907
51.360845 17.678177 32.830465
73.111272 59.764990 36.619100
3.041606 86.945841 25.390561
20.408325 26.865855 43.641169
77.648923 6.896895 32.529463
24.753060 59.041401 25.812714
65.536454 35.904977 26.743336
3.646828 60.223997 41.993317
56.429608 76.304315 32.981995
15.717586 27.232473 25.351487
23.588973 20.887590 38.781047
22.880294 23.426399 29.098258
67.739425 69.302306 33.152956
21.396553 95.097528 39.612636
1.924365 73.447799 27.948776
64.268412 73.714110 39.856086
35.098916 74.327230 35.612100
82.778506 34.217424 41.012425
10.373625 58.634382 36.836178
85.558531 87.765209 39.737759
99.192889 33.712662 27.488039
16.272567 33.633616 40.108166
43.848447 30.188383 43.331296
40.503043 49.097697 38.259768
51.245623 86.208516 34.611922