45.246572 32.473253 35.732302
32.132213 82.992011 40.935237
40.565255 54.314448 40.796921
73.336462 93.604804 28.955014
5.922703 68.507967 29.419072
31.052348 43.168920 25.404815
8.734718 15.680315 36.937266
29.074259 65.032012 31.958418
96.576146 49.504409 39.586014
63.053734 44.814653 36.236791
67.216576 15.025249 35.857487
53.353123 90.506392 27.990180
17.365044 18.044465 29.193189
36.060925 45.511186 35.036854
39.193904 39.680768 36.166489
45.292260 66.677576 39.741225
28.025278 73.918802 26.768381
5.384917 85.697695 25.633078
8.998601 35.703459 34.805265
58.763454 52.349479 36.133963
57.240787 7.561136 30.395144
88.211028 91.694002 25.822823
47.593850 91.477682 25.944691
83.177581 6.554406 26.151365
63.849221 31.290737 34.034855
26.377994 29.830011 26.978975
73.579534 8.029410 35.391083
54.493291 10.403097 35.760199
90.317492 14.688113 26.692580
30.104023 12.045820 35.995323
93.758855 80.400387 33.563269
31.267584 45.910992 33.865827
8.656278 68.681114 28.099193
66.580554 85.116367 28.690961
53.098058 17.318379 36.230333
98.507910 50.546486 39.266862
9.072983 73.197713 35.610683
10.386743 37.349302 41.111724
71.580800 25.046239 30.513885
92.843721 64.694386 33.301897
24.969556 75.116664 31.878136
29.589314 79.249647 31.822091
40.099753 73.307138 29.531060
6.750664 56.121494 41.999665
56.806585 7.430428 39.884055
76.621620 15.298617 30.637342
2.841412 42.704485 30.510006
51.248727 16.640108 29.310097
45.498724 59.331265 27.667706
38.720975 44.975821 37.996704
85.191792 48.534250 38.894573
8.167889 24.224861 39.809000
22.646347 58.909029 37.354874
38.597903 39.469537 30.224547
2.847712 64.215058 33.079656
60.479057 19.385621 40.190636
72.136564 96.640737 35.034995
59.242876 90.022665 39.728754
62.873088 44.819986 35.598606
98.133799 70.887244 35.282070
91.361230 97.415791 40.502180
19.386831 37.545801 43.189476
45.856835 56.150233 39.440881
62.812404 13.120525 38.894277
5.439168 36.945010 34.946710
29.993662 14.034290 30.556896
65.332553 51.078956 35.612993
17.806589 61.530024 27.069084
4.276645 20.443668 36.021171
60.540290 59.920287 28.475302
76.864802 36.080721 37.774818
4.030951 10.781435 42.177823
97.755578 44.664514 33.300946
68.878952 43.914098 36.255325
52.182107 96.199840 39.622914
62.381272 94.469979 29.740775
78.046880 37.197355 33.239068
34.803852 8.468530 42.277452
88.437172 69.529707 28.546545
73.763364 78.232848 29.998545
64.020902 25.021723 40.618918
61.825919 45.743989 29.936370
45.282571 72.131110 41.382422
85.161556 8.947583 40.184633
10.375201 91.037565 33.769933
68.792988 57.976762 39.716681
27.416668 8.997637 38.318921
97.278323 73.261419 43.021708
16.406295 18.781024 40.904240
38.283039 28.309610 34.353335
11.912818 20.361980 27.960753
37.829263 0.899497 38.842314
22.498689 19.630419 34.948324
87.195401 66.010892 32.824083
95.203584 22.507789 26.144418
65.846261 93.831040 28.614774
82.114122 81.347682 31.619108
70.267087 53.012638 42.186443
79.763270 76.022108 27.461438
85.860052 59.538749 33.053509
90.865396 26.322645 36.715141
98.783123 47.590111 28.818074
35.303596 26.605445 33.298374
99.239397 39.734912 26.396894
32.831229 7.481560 40.311175
16.755650 17.947089 41.768418
85.387572 23.191353 33.126498
21.766063 6.445891 31.225180
59.273065 18.456985 26.308225
26.323622 96.540399 36.979019
54.578255 21.704057 32.356430
3.925510 91.399597 37.891359
36.960192 72.518454 37.390209
34.821560 26.727249 27.819572
30.477795 42.810321 33.579755
81.863056 74.301803 37.117006
31.573544 89.214177 29.379600
19.451789 18.768722 33.292185
28.451131 96.746603 26.953541
75.273820 58.768852 33.865331
76.409793 74.121057 42.238948
96.515575 68.576459 35.349069
63.724361 25.290930 38.060739
48.526708 82.497098 37.768421
33.285372 60.516401 28.233568
42.380385 60.459117 25.240536
70.357488 39.808097 34.873856
30.708631 54.892490 34.863093
41.960112 44.927196 43.710689
92.343920 58.658711 34.418444
16.686779 81.956179 40.620526
44.310071 41.958876 36.202358
14.135392 7.124564 28.009711
83.294668 0.971721 33.444465
43.018557 62.214274 38.669484
75.083840 48.450030 27.040429
26.603250 64.448532 25.457227
79.105253 85.282782 41.904922
66.482974 62.277965 43.077370
5.761560 51.974368 31.123954
7.582504 65.428479 31.344857
88.632920 37.976889 38.672267
43.982488 52.886149 38.712597
42.501361 15.686284 36.200561
9.832346 93.720693 33.944534
23.348921 51.185594 37.027295
91.849148 71.325586 36.242745
84.394166 26.322271 31.107781
69.075891 62.511245 29.846103
3.322771 83.915641 32.931353
50.638560 94.369851 31.145137
89.612233 22.828121 34.850840
80.665060 61.935913 35.112154
87.463061 41.870540 34.014834
45.275971 19.461884 36.221740
91.363474 61.977564 26.274060
68.297307 78.893856 40.262733
16.039710 56.975373 38.318444
55.959254 60.712356 38.990656
23.795621 90.785685 41.529869
12.433116 65.279971 27.789907
41.516255 34.137470 32.465173
34.098765 39.845605 30.159603
46.964045 13.571582 27.742028
15.854554 83.233686 43.583982
77.983117 73.467182 40.975463
91.707901 15.080247 31.624248
79.510870 85.598271 31.965942
19.877077 87.903550 36.780410
9.965865 81.704921 33.617534
29.508142 40.854443 28.575106
57.531850 47.287379 31.628088
34.411939 64.575315 36.216102
96.195429 56.255180 28.192426
71.451751 52.682401 40.133678
5.393783 62.564358 35.811734
57.618035 93.671556 37.341390
70.913927 62.062800 38.089270
66.632300 53.435949 25.020445
88.500637 2.590120 37.587024
82.515256 53.984241 39.767705
84.120287 33.977872 27.974874
32.507770 62.358738 39.390923
27.558530 24.770695 25.525062
64.056613 78.859625 29.752558
87.645830 4.875867 42.175506
56.150551 40.924944 30.587149
45.053091 39.285334 34.345330
20.711509 50.700850 40.605775
87.337864 3.776533 26.965939
48.563782 84.918735 28.900389
80.108501 55.752277 31.625971
9.284812 43.380034 35.335725
63.232292 64.579565 41.979654
49.290786 2.295361 34.934977
96.722332 51.753267 29.419793
43.716280 73.366242 34.689771
73.576884 34.285011 35.138058
88.520280 84.805895 34.807857
2.921105 31.576699 30.187251
32.384160 81.894701 28.029043
96.756396 0.928953 40.649853
57.387767 52.954697 30.831223
22.722795 64.284753 33.453840
52.202256 58.047172 40.569600
36.807851 36.926263 36.824296
38.485990 3.725386 42.808461
15.057924 47.787226 30.874745
40.031555 53.403940 37.629463
44.332379 43.920743 37.640642
62.264656 59.127849 32.763064
64.411874 54.740182 32.195195
84.594963 55.788933 33.003944
47.664686 83.515558 33.181289
43.860331 77.607004 32.670660
81.673274 18.988436 41.982863
7.982672 54.338404 29.130300
86.314020 79.404929 43.029017
28.190438 16.733236 37.154466
55.025962 82.783997 41.472352
10.142926 72.560560 36.040542
86.535923 46.235670 35.853323
69.841262 61.195778 27.842285
80.785884 24.201809 42.463160
66.264042 99.210804 43.117108
77.245402 26.023799 40.338086
65.735790 14.518692 26.357601
14.953036 59.425307 27.422240
27.682468 4.392446 27.774339
90.930342 44.976457 32.246848
83.806289 30.401337 40.210035
66.552826 84.901176 43.247105
58.504222 21.945405 35.127288
78.421327 39.684953 37.467680
83.543011 67.494561 41.991081
13.622028 55.729194 42.534442
21.388736 39.095711 26.598283
26.074648 28.645675 32.301937
19.697763 81.745166 43.196256
98.282837 77.606789 34.414625
75.548011 74.240690 31.970945
94.505052 52.719027 32.685167
77.053418 36.503634 33.450606
24.190298 25.253614 35.452204
51.929591 41.036855 43.708029
99.104122 4.766258 32.670325
72.605053 55.755321 26.515340
60.870691 23.641302 29.071144
93.619317 66.457717 36.623073
15.964228 85.766997 39.677756
67.606441 42.373236 40.914857
50.391068 35.976234 29.724564
87.727725 69.768032 25.730965
31.707402 74.821729 36.148028
64.560651 17.318419 35.416581
64.305879 71.520105 36.723169
5.497182 71.161305 36.376166
81.004387 60.656706 34.102999
80.653374 20.849758 34.422287
72.652966 56.738768 33.590577
79.076457 89.050717 36.842176
75.618645 4.359157 33.646651
15.207119 11.112092 40.269113
58.112082 83.799945 36.392625
2.820874 49.679517 41.230578
83.120493 27.751702 27.845001
13.549398 17.073420 36.254709
84.358467 23.321834 34.866602
85.879888 91.778757 33.842727
25.688876 3.503273 40.121769
37.346887 6.793012 30.017793
27.543809 4.452936 43.268892
88.595655 56.899164 32.880572
31.777052 62.920746 35.249538
12.700027 57.624717 34.608298
49.387882 45.491388 25.792264
82.642981 98.619887 41.244450
5.255573 4.444186 42.373488
20.142354 53.917650 34.783575
63.173031 0.376033 25.301474
67.766719 14.129485 34.767714
18.587525 50.337147 40.815665
34.911352 87.961153 38.622460
53.228877 68.089819 34.020363
99.155642 34.942540 41.888340
24.067050 98.994344 42.862659
77.170415 69.656562 32.551592
74.419671 4.981671 41.814463
53.898720 29.396974 26.158081
17.454940 53.312980 28.649693
32.547860 91.094468 42.961979
57.955649 49.284862 32.642385
86.089229 66.291132 37.317502
20.586795 9.955500 25.992996
83.458787 91.453037 33.392798
16.952606 78.958150 37.285215
87.647671 69.801535 35.259105
26.645235 10.913069 31.431080
79.519293 74.530492 40.087569
78.998615 23.121007 36.230648
13.864593 76.502663 32.065491
61.764056 29.170614 31.135274
3.564859 9.939868 30.941423
59.992070 47.594724 32.348168
16.289448 3.162842 39.264231
19.484763 59.612075 32.516510
76.472206 94.601017 28.260481
89.063698 56.267973 33.281980
9.008880 11.583799 28.665177
15.815030 49.289797 29.358809
13.067047 62.568302 26.032943
10.735239 57.989180 32.944426
6.923313 43.558706 26.582339
76.693584 57.633671 25.130339
84.815839 30.821467 29.395227
40.491209 98.627175 42.235921
49.602461 28.677893 26.013788
11.465411 74.499685 31.937125
71.672516 14.830287 40.404682
67.488338 66.124255 30.685838
73.435948 82.866561 25.141447
16.830655 60.848020 29.649286
9.009159 95.922630 38.251832
19.408962 47.159090 41.250772
75.689522 2.040248 34.464577
51.407050 95.509241 39.792415
76.788191 30.761796 33.000839
8.177602 91.220916 36.217574
55.217757 76.595740 43.081014
68.640866 57.294619 38.773671
85.827808 19.718709 36.690812
96.568591 20.935314 37.814585
94.205280 13.118239 41.577419
2.131335 21.766633 38.043371
83.422976 72.296771 40.530869
45.326951 9.799091 30.418511
48.287155 32.458865 39.476157
81.435435 25.267115 37.565307
8.261238 31.428062 38.670413
2.877559 27.385547 27.322542
60.800280 36.331497 29.473859
54.864300 51.721189 35.581318
51.225513 69.531288 43.077808
81.105868 4.204227 34.514121
19.955768 92.760686 41.276534
89.117683 60.275725 37.016681
20.509468 75.089572 25.757801
70.438144 57.261769 26.430909
23.195039 64.114779 25.786844
76.040812 35.404691 32.023671