49.030384 99.175988 26.542977
32.838077 91.844695 29.523372
76.481109 87.813644 42.779040
64.110991 36.449677 35.407959
91.989976 14.642420 41.469518
63.440227 62.340209 36.457331
0.489117 83.195051 25.890091
69.564713 58.667001 41.627462
93.792429 95.245956 28.036814
71.487598 75.771719 39.364726
36.851444 81.889187 38.053381
25.991109 33.493985 39.070328
70.314053 35.223214 39.957339
81.979797 15.039834 28.354763
28.929427 46.579848 37.754797
93.829908 88.813450 35.728844
74.261640 78.247128 42.118265
97.767152 14.783116 39.922956
21.349788 70.410641 31.352938
76.025177 94.559772 33.231098
34.470741 1.136674 41.112021
13.399069 39.550657 30.474909
26.565269 3.755872 30.873731
87.056940 22.796927 30.225235
81.351858 13.283069 41.529552
20.922439 0.324170 29.083208
73.052186 21.515156 25.157159
82.614066 59.351390 27.504724
20.197358 86.575397 30.832802
36.208558 44.630718 31.917951
43.471471 44.058671 25.321955
49.064113 34.592286 35.365917
79.628213 22.041109 41.812567
5.393872 47.723257 36.093793
91.833476 11.918568 29.019894
37.717847 87.230047 25.550212
2.392014 10.401449 38.644776
93.823676 80.291885 31.262754
4.326213 67.511382 29.587572
83.748873 49.304716 30.164968
25.309526 50.158759 36.370324
60.169915 76.348529 34.339654
78.380669 30.643911 31.244302
99.145636 50.673823 37.468237
39.172273 1.897158 36.341863
10.684484 52.201300 37.921890
10.374000 9.488545 39.872082
21.838956 30.561507 25.135796
83.883030 82.012153 25.576958
67.193783 67.720000 30.412675
38.599252 16.658345 34.581427
77.778846 87.954709 26.595618
10.459635 85.793803 31.548673
13.893677 54.984192 41.580847
41.583100 35.729274 41.279590
56.124211 15.761127 33.261332
87.244578 71.709540 29.856215
3.213286 77.516177 34.321616
45.576063 2.626388 41.829134
0.274741 32.892643 35.125833
28.580426 49.702156 33.523263
53.296496 77.504339 34.429129
94.209621 39.522702 35.455321
7.616075 40.714585 40.173470
35.840704 22.474816 26.952907
70.048681 63.812319 31.151986
94.049999 13.550802 32.891298
93.430458 52.484754 25.487989
85.830534 22.560106 25.941165
20.206741 51.640735 25.426462
16.669881 56.148049 34.581659
15.642592 23.372943 40.242131
27.675302 51.771214 30.850143
51.612559 31.148842 38.342695
96.840898 67.618372 43.365901
18.037598 42.545224 28.197040
91.297056 75.542087 37.963618
44.917035 24.818096 38.789291
80.364587 17.512908 37.371446
29.283891 16.666373 26.279041
74.993615 63.569123 38.318150
52.320389 73.724629 31.074672
8.525032 5.269870 39.628504
72.021619 80.460767 35.682980
78.679185 24.438479 35.302881
31.006063 39.341564 34.447353
87.463309 58.445257 37.148795
63.165717 12.911662 32.049159
33.160365 59.217095 34.008215
15.361925 72.950938 41.731532
95.365040 32.332260 37.612328
12.376128 95.070940 34.555464
91.255608 84.861737 34.074541
24.394167 11.187428 37.755397
78.893404 28.542141 41.052421
96.286907 13.850242 39.620857
85.179609 28.270616 37.244909
74.631346 51.759965 28.523966
94.412067 41.671858 29.762977
71.915371 39.543656 32.248700
97.229630 76.886798 41.442421
34.935902 3.964742 33.680289
2.775011 78.254541 40.901912
61.035581 23.537443 43.344673
71.162386 15.676001 43.218232
3.509457 99.341532 43.722917
74.472625 34.922420 31.220176
37.210848 2.219320 26.004841
23.942674 74.007157 32.330665
86.489818 49.729231 30.910219
67.430819 85.092728 29.246460
68.254275 68.209805 35.134299
68.935872 0.007923 35.456361
20.952616 29.618129 28.644658
28.663728 65.378490 29.754249
53.248199 75.319044 34.156588
82.071378 39.568649 41.495619
80.339851 69.693497 42.963017
63.848866 9.814092 42.223806
39.051317 49.431914 28.796418
6.535314 90.999767 36.756788
71.957824 8.710663 25.255856
11.225738 27.481136 34.627668
57.185779 40.308156 31.460182
68.380738 77.067399 43.355591
57.494370 51.788974 36.182536
50.335092 15.284163 32.750456
39.359153 42.307741 42.530313
50.285800 99.675827 35.221412
99.184917 16.808000 25.635297
59.058140 18.751919 31.899477
92.658690 91.565327 25.727202
49.223881 27.662777 26.791250
52.046320 13.488122 25.854354
29.454975 30.110481 29.423804
63.744644 16.342610 36.143658
10.731012 40.834126 25.818771
8.463317 71.499369 42.372638
83.900045 48.519865 27.638832
36.837063 12.584504 34.837664
7.419965 54.061176 40.927420
15.823248 53.196424 27.182593
88.623152 82.416893 41.192884
78.867456 2.219857 33.709833
29.574294 3.141302 29.159620
99.968586 73.195999 28.093655
64.351713 48.718351 33.909693
79.161952 62.705235 36.195416
16.473976 45.326689 35.593991
65.960522 3.416472 29.771742
67.677549 21.932810 37.489211
65.149142 97.245421 30.797389
61.745708 59.193484 35.494434
13.618489 53.416223 32.922205
38.138246 84.016806 43.114945
19.317419 39.560703 30.286656
17.125591 59.593495 37.558586
89.839941 1.692971 35.034562
4.668081 88.343020 43.031797
73.230784 38.237421 37.229128
64.371948 31.374855 41.401640
85.447615 42.549027 40.758002
40.381667 95.837386 34.144993
61.717012 82.344335 33.449613
15.979061 0.233291 28.066545
92.509107 83.019179 40.847917
62.487262 83.399711 42.819660
4.530760 8.526492 33.451356
85.729073 99.693216 30.428739
1.380083 83.767397 32.871841
45.620869 39.545054 33.895680
24.961792 17.693740 31.561864
74.833595 55.359760 33.807802
42.535075 97.802771 30.146961
78.659006 90.437374 32.270832
76.550624 48.820917 41.395226
51.116567 82.788015 30.906258
58.865112 21.811497 32.156074
97.939639 3.887088 26.379688
2.395662 72.503356 39.224212
69.037196 63.659807 41.512392
27.882610 70.437693 39.989594
46.674246 90.237270 41.982609
21.646318 59.077255 40.905412
3.450742 45.692738 36.245660
35.269014 98.187555 28.823935
15.935839 74.120951 37.694749
55.833438 81.216009 31.626933
83.391772 68.877806 25.932410
65.994949 37.291776 43.320277
12.147608 0.301746 33.874587
97.149467 90.458845 40.696490
7.306404 69.487112 25.703870
93.669298 18.072547 33.896267
55.180518 36.986637 27.318817
12.832671 24.589548 38.994717
0.293540 38.283961 35.325765
16.113233 89.245884 40.931226
8.143874 62.778209 40.553003
83.405648 60.739107 32.467559
70.587312 20.969377 34.418562
89.891945 64.367307 26.350129
60.407366 89.620923 34.895861
97.796021 49.843925 27.635645
19.924181 1.495884 41.181060
34.228568 27.116698 35.625801
27.024291 77.803351 26.901325
90.875367 84.738894 41.776045
51.082261 9.557427 36.455952
73.067033 48.434367 30.351024
57.907419 72.201522 30.187865
88.384338 23.990371 36.299961
96.744798 83.403014 36.865074
27.948318 80.906001 35.159446
86.714164 53.267056 40.019520
93.878287 34.849323 27.129464
76.178379 41.316094 28.921961
50.080331 37.573876 38.461253
12.578020 94.856020 42.675295
15.258018 44.683100 36.695489
95.344743 96.413280 26.326872
17.269811 4.512667 41.475948
3.586417 52.023837 40.592589
41.915205 45.996366 29.421466
66.777233 92.339400 34.202977
50.321401 66.186882 34.115556
86.220979 65.177856 39.219369
69.273979 29.825408 31.089303
19.786617 97.718192 36.460104
90.265640 55.144851 33.250104
4.504268 99.136773 25.198261
6.829568 31.766924 30.774987
32.690068 99.221940 31.201152
83.729080 14.165906 34.146850
6.933345 22.336223 29.201724
23.242155 85.630591 40.842056
80.198236 57.495861 41.719754
8.226736 89.263292 43.395855
31.549998 27.254171 35.138859
88.975436 49.038516 29.459639
46.827802 58.375036 40.347812
42.988786 9.523269 42.768615
34.182470 41.430266 26.952709
26.216013 27.990189 27.037238
45.231541 12.414396 33.066935
70.303013 25.245210 43.489642
49.405240 69.361446 41.836390
75.592754 27.498395 31.718222
56.844898 29.905942 41.815610
99.670300 34.879227 39.458849
15.348134 2.559485 40.898325
84.342577 15.727233 25.114385
85.150109 27.798785 41.715980
68.616470 6.371823 35.481178
98.125926 36.351702 32.560762
37.381101 95.193594 35.108292
53.287977 74.486181 27.609010
47.304280 56.536867 41.746665
51.353449 97.806385 31.257271
88.588959 68.167863 31.626775
82.755487 0.471592 42.037856
75.928719 75.111605 32.125307
3.692072 26.331155 28.872038
6.843314 96.126022 26.044829
23.617322 95.509792 29.667248
15.347797 23.820758 39.972340
84.909759 43.733492 33.463377
57.207384 95.225417 38.901178
12.316670 86.917701 37.001239
56.483817 58.694133 40.473302
57.592037 44.214594 31.051074
33.340311 10.917478 39.966656
13.801606 41.140348 38.773689
10.084670 29.542898 35.542561
8.614041 17.073094 29.332790
11.959627 70.884739 42.342130
33.090302 97.631431 42.771794
43.531662 71.051976 30.101156
69.014940 64.628638 35.628238
13.460614 95.825202 42.911404
91.316993 57.409344 36.341525
48.289125 63.673468 36.402890
50.535401 56.519899 30.323987
69.488048 38.800006 26.251338
54.101384 74.851588 34.374753
58.342709 8.844662 35.864830
22.025372 68.106600 37.058588
85.380427 32.700559 41.907163
48.879195 44.488969 40.160773
14.883352 33.314561 31.143897
8.017435 68.808112 34.035464
11.223171 10.278553 40.573626
45.118287 43.141096 33.930427
0.600587 22.303723 29.187138
53.582308 30.943082 35.885567
98.096968 13.973527 26.869743
42.989590 83.399005 37.387652
93.687844 34.547947 25.730682
6.659173 93.574603 40.792303
31.924860 47.112041 35.174289
74.235768 15.000697 26.448380
31.611467 70.646362 25.600630
85.519733 2.110894 31.210703
51.496805 18.446086 36.221341
60.023602 73.785670 33.340464
84.819031 33.178927 25.813543
46.951547 99.383073 40.060196
33.939071 29.792921 27.228328
93.712530 20.165765 25.024432
35.868200 16.844148 41.224508
36.985248 70.910964 25.766534
44.421300 29.043677 38.868771
70.764477 53.858742 26.712341
77.466748 78.638419 37.211837
45.132701 48.453639 26.160897
35.111894 58.327346 36.692709
7.536084 59.016853 25.595533
40.386251 50.174545 27.253715
80.867515 41.254009 33.690273
29.899631 25.602143 31.613553
80.633205 50.241061 38.339782
1.878145 37.971292 29.220076
43.769626 4.599871 37.401554
12.234172 27.292675 31.153030
14.162085 52.643654 34.537384
35.143213 76.365694 39.600816
76.045202 60.842608 35.211760
1.615247 93.320713 29.491077
86.094994 58.177556 30.038847
27.551141 54.370658 25.832648
53.071220 60.945342 30.213153
21.007446 35.472895 32.380556
26.586962 42.069244 36.006796
29.027792 84.907040 26.842837
4.133855 67.894629 36.031366
7.181034 19.469421 30.735225
74.641094 42.423827 29.405944
23.501385 90.303040 33.572322
4.057651 24.532044 27.469463
63.255256 98.557123 26.692612
35.935971 91.156199 39.709943
28.273094 51.636954 38.341825
93.745075 44.529971 30.915858
56.394837 41.464083 29.749631
58.763696 25.573044 30.377063
41.617692 0.486413 33.173401
94.589163 40.303077 37.038738
62.535564 68.917517 29.132023
99.602797 99.871135 41.098154
70.008768 24.452590 32.237417