91.170256 23.280468 29.863884
3.662928 58.448749 43.264035
20.725043 87.715006 26.244032
42.764365 22.664018 40.091190
19.653278 7.297579 41.154235
90.295264 81.483287 42.711283
96.788747 67.974329 39.519103
76.487854 73.133108 36.425253
8.427352 35.149312 28.780007
68.383796 3.075088 39.206897
83.953396 36.776232 28.761458
45.060960 14.960567 29.130956
33.298124 60.072504 30.628477
0.954096 12.030160 42.430777
1.471165 38.168665 29.022863
57.762877 62.917066 27.637519
8.618130 6.915263 40.119314
64.068322 38.882896 31.454455
54.638441 73.586945 39.839336
45.965680 98.371426 30.783838
25.007413 1.477844 25.996167
86.727176 45.082168 40.303457
55.994249 3.656657 26.901618
56.408752 9.250546 28.656257
20.935313 18.384860 28.139807
7.860350 97.496152 36.984766
34.213470 81.291204 35.591887
78.654571 41.369149 42.584098
66.078397 98.925626 38.725799
83.243335 62.243216 26.832886
62.041811 61.540270 26.916671
20.584627 84.660209 26.019928
21.117207 22.238655 28.374963
64.020646 40.741793 41.862753
21.668347 71.675932 27.530193
18.708202 15.986154 40.649192
89.425593 72.466403 34.185702
89.879028 41.442150 33.267732
31.805653 83.092769 27.077778
86.845366 16.754512 31.126422
83.730906 72.128973 35.829037
83.168107 22.270903 38.125418
12.950800 87.491451 34.704248
11.380781 49.804254 32.827122
21.490451 33.405679 37.836287
3.950118 14.126077 41.973233
3.818113 47.629797 36.982539
6.043898 43.273883 40.665260
98.988824 12.934824 38.011840
14.891502 81.662529 41.326429
79.895243 0.244448 34.570978
59.615054 98.525874 33.102089
72.472386 53.827194 32.618110
39.717382 39.943633 42.203782
23.137080 50.094912 31.797183
88.523056 28.300540 36.395189
21.117994 62.407358 29.949919
74.438403 80.515434 33.876873
60.659269 89.280645 33.799583
51.224163 89.683868 35.339462
52.550295 65.486094 26.583671
73.289701 81.454599 36.634608
54.773964 63.554722 36.609141
79.264327 95.412337 39.725736
67.450382 34.175790 36.522846
86.488516 27.195835 38.368936
80.522033 9.780679 28.345559
30.599436 41.901739 41.768765
7.212444 41.948271 36.982377
2.156786 96.624854 30.378725
14.889217 23.194225 33.435570
28.317202 40.557783 27.466822
60.622156 10.438532 30.123750
13.560959 34.018462 43.208489
49.637498 73.901274 39.154780
28.183604 41.094911 26.155256
40.485114 71.729845 30.914858
73.963487 2.032485 25.959195
47.780239 75.338022 30.169744
72.963651 96.405243 31.894298
42.912725 86.260394 30.798055
63.403118 74.687498 38.260304
45.262588 32.158373 27.662898
49.710347 19.677816 33.125224
70.139421 70.411578 25.747127
3.241711 81.110381 36.295788
15.743534 64.050440 37.607510
50.361208 54.556337 36.358664
51.319635 11.151108 30.080439
5.071921 45.737514 33.330677
2.529208 44.933993 38.116498
77.002099 94.995777 27.664791
32.911364 31.561989 40.141319
16.258451 87.728582 36.620898
32.576895 81.116816 36.634674
3.200091 26.710205 29.041247
55.178715 3.971998 36.169529
91.488856 22.801548 37.733469
71.545674 17.987220 36.516046
24.350902 85.818429 43.355544
90.144847 11.717893 38.312252
39.704067 77.420605 36.182006
33.129134 13.390844 39.124377
8.655804 58.416269 28.157835
95.756959 77.038520 30.439969
12.432087 1.842757 28.630487
17.015295 88.308645 36.964889
50.777439 87.270675 31.092590
55.705741 50.402580 27.707652
91.851079 68.361830 27.930159
85.416241 14.963553 36.797707
16.963867 84.456654 28.450555
77.752721 96.496520 27.374918
14.443261 63.769414 31.846503
47.448015 61.121947 38.514962
91.790001 73.464175 40.327025
66.308455 94.305172 38.764242
70.293074 89.939715 30.888536
0.560587 68.160152 35.672844
46.074337 20.314570 30.268891
34.120839 12.818870 33.645763
85.768116 24.966684 30.790232
65.222751 16.701543 28.763641
42.244596 55.579918 43.680482
58.037603 23.793192 29.048557
89.603951 98.920695 34.451359
92.765761 99.470525 28.623116
98.207109 46.518955 27.851927
82.585895 79.344074 32.424407
3.521735 38.507736 38.095862
49.715105 35.023362 32.039188
5.120210 70.890102 31.519545
97.423243 50.211730 28.545823
26.742639 39.160344 37.368503
39.401580 49.444636 33.384893
51.727364 74.043112 28.824929
64.025250 91.153360 33.353012
93.741780 64.169555 29.129861
96.765497 58.765992 41.077153
38.745280 0.015901 32.701703
45.844657 93.428574 30.673232
55.368475 20.006204 31.238886
61.292206 37.026876 36.371798
93.897626 38.520689 36.514886
4.512493 93.208287 39.587061
93.443450 22.764766 35.977213
43.277465 97.479735 36.810645
61.928045 9.141057 42.751147
64.324045 29.531431 26.898281
18.313707 64.466664 32.194636
74.836336 64.591899 30.487358
81.245556 38.139011 38.846395
6.141077 60.677337 41.642499
7.094350 51.969377 27.996891
68.951147 28.112395 35.753003
70.941868 18.711796 40.219177
19.298938 30.895600 32.179735
35.104937 23.267701 40.799694
26.635581 41.135127 32.152826
90.804905 47.711805 38.012287
89.896087 38.084705 36.578201
60.283370 71.808329 27.893284
27.197635 2.608513 36.063883
54.190128 81.221321 40.169819
7.503085 0.527674 28.087352
55.590561 12.498252 28.732021
21.771715 6.826148 34.808721
36.891862 39.417863 39.199427
20.013173 50.517287 34.504989
76.012228 65.078229 39.100113
98.098252 83.551323 38.511250
69.282753 71.937515 36.772826
50.029037 20.120942 32.219455
37.853749 29.066524 40.756736
28.519819 49.635002 32.789220
91.775068 91.100865 36.861899
46.809799 72.713553 38.067771
34.968142 24.220571 30.170260
28.529437 77.028786 39.150517
61.368581 58.507769 29.133358
63.210930 95.295028 40.899699
60.955489 6.131080 34.915915
40.482180 38.096365 43.597303
76.129526 9.922811 27.135836
23.359527 71.110168 41.899312
12.707339 94.062366 26.479213
18.794432 28.897885 27.751912
48.781034 64.545222 39.375361
33.153009 55.700618 37.851112
38.481521 84.125518 40.359132
22.327260 51.778555 25.468218
2.617825 30.340653 39.221671
49.306646 90.809456 39.719766
24.331607 20.601883 31.794762
91.017064 17.520274 40.639414
67.966732 66.021973 31.559724
17.951067 42.826246 34.923411
46.227076 36.037076 25.031589
6.971472 70.187091 31.850918
24.207637 85.330717 40.263927
13.466983 18.036033 37.781240
9.572970 96.702353 29.771088
31.529985 46.058749 30.349143
0.676760 6.475201 25.772179
85.884902 27.553188 27.820132
24.471915 83.938429 37.435606
24.296115 59.934079 40.551498
57.702780 25.802325 36.187322
19.028000 53.884680 28.195814
40.007639 24.279315 42.118384
40.510900 85.322532 39.259849
44.054453 13.378054 28.306419
70.022569 20.865109 33.613712
97.499640 23.868058 34.344840
7.477853 30.633127 30.187965
24.415604 54.901921 31.426992
50.926600 32.990210 35.365085
20.992354 33.746524 28.135662
38.363031 40.754527 36.264989
88.929247 38.554965 42.014284
57.396306 29.141969 34.486888
49.823032 14.686930 25.882283
86.123452 66.372741 32.084708
78.003367 36.223722 26.459158
52.120797 25.129716 40.310584
52.519691 56.959919 35.913234
68.203773 4.515816 38.234956
30.778835 20.651491 37.412702
33.262453 39.490518 30.563596
41.620772 28.473102 30.047628
12.180567 17.740118 34.582467
13.654193 85.825382 35.319910
46.183808 39.499539 28.958954
9.274864 24.986153 34.152530
41.362819 4.724462 36.403792
19.491659 12.179765 39.326940
98.219579 86.086929 41.966330
38.084508 82.374815 36.897043
2.696786 2.838397 39.878607
27.179655 16.495243 31.436987
21.911039 83.063787 40.855997
43.922272 88.243522 32.631993
98.903329 90.573231 42.269258
25.773731 25.578399 36.804882
72.558488 16.176497 30.580834
31.316220 9.308618 35.700296
47.390284 2.067592 28.327211
33.366015 88.324514 43.423035
81.152781 81.338837 42.549708
36.702833 33.832590 34.191236
53.151980 30.454212 32.724311
87.641844 86.466062 31.746793
34.364112 23.842038 41.658786
57.442010 83.361833 34.221224
54.623338 77.307333 25.019704
78.725479 29.222724 38.251321
48.709937 10.316067 36.785845
29.735311 13.141279 35.352284
55.217573 16.750371 35.015124
96.347574 13.793135 27.850371
49.294475 28.359001 38.398821
49.569855 14.762930 26.318439
67.558614 16.959167 33.988737
33.576928 63.525954 33.771566
23.954025 2.266106 35.310251
81.571730 83.665828 39.241639
36.866497 86.290849 37.827449
82.281032 94.016374 36.737245
28.567348 23.275954 43.336400
92.541648 74.515798 42.377078
40.978334 74.848594 42.273858
68.912860 50.612790 30.188021
5.725646 99.925291 42.371644
71.464001 46.285418 29.312410
59.843746 9.239761 39.319047
99.287008 56.127637 34.358789
8.027067 32.765327 42.996720
11.204780 22.109471 29.068748
60.648463 65.340286 35.102352
90.805083 50.591397 28.210183
76.581641 44.054283 40.908103
95.813344 24.850439 29.251818
33.892400 13.466181 27.642854
83.540914 3.804860 42.531921
9.121039 23.735430 25.490097
42.399826 12.994857 39.597689
28.378591 27.339277 41.361253
10.963343 28.616108 42.239806
19.386061 54.304175 25.005227
39.836700 94.169167 37.304405
87.182403 75.598927 26.530656
84.697010 71.098959 34.634555
50.843026 39.730423 39.944379
30.499061 92.260621 38.876638
85.649641 41.823276 34.216712
23.648054 71.655515 26.968062
90.864844 37.390092 37.671718
94.142898 54.273788 35.270496
98.853288 58.665761 27.080815
52.486705 36.625484 28.145178
23.793207 21.691192 28.874442
19.939503 91.393493 33.280405
16.570289 68.074884 38.018034
62.934325 23.998098 30.121805
27.425476 83.795316 35.455296
57.245348 77.568748 35.517208
94.632121 84.838796 40.401865
90.720693 10.181460 40.050166
9.074761 47.868708 34.442184
70.323311 63.932330 41.523566
11.394170 90.402495 37.475657
82.516020 30.057891 30.469995
65.617775 65.911621 41.523029
33.513224 18.520008 29.220611
85.309939 31.044312 33.882555
37.148250 64.602294 35.167970
26.478922 93.078305 26.293549
35.271864 6.006333 25.169007
82.471697 12.348481 41.648834
7.956198 63.025525 40.448143
11.993215 18.378874 42.040535
87.482313 93.418768 37.292578
64.033240 23.485565 33.601907
31.560407 32.611842 31.162234
66.444826 55.927728 26.093300
0.453020 33.545865 40.758219
32.512486 54.045993 41.620891
6.215766 81.183769 36.170194
76.090805 33.606424 35.122806
53.130820 55.962302 39.646476
94.955136 43.423754 25.702207
49.765783 74.235432 32.650287
55.062671 84.935667 29.970350
69.030550 81.242322 38.780223
6.365244 56.388475 43.669490
58.926655 15.313004 38.348916
29.724007 49.071463 42.123149
97.321262 36.329068 31.240045
3.760018 51.015341 25.271904
61.183132 2.855740 29.009088
97.935560 70.956970 32.174916
30.931635 97.941050 33.380874
24.018420 72.304489 28.366802
73.686061 9.119878 28.302778
66.674048 28.623585 31.436455
11.517439 16.775911 39.674732
67.712699 22.098673 31.040008
15.472650 44.584539 37.721972
14.469123 97.419824 41.108244
57.828850 20.458804 39.799914