71.930511 99.232912 25.646947
9.008480 90.824838 29.014400
75.440409 45.579925 28.377162
17.567925 38.732052 29.172912
21.133598 72.751861 40.262360
25.612901 34.530721 26.257267
28.402873 37.033025 42.626729
72.087589 5.493165 38.232289
85.746800 95.277274 43.419095
82.659460 59.524365 26.403204
68.652095 71.232873 40.548204
31.564431 54.367575 28.875418
42.282571 27.931532 34.325316
74.740484 26.732871 30.511057
58.960662 95.738419 43.507782
62.616658 80.771368 27.883228
75.389161 40.022357 30.757432
46.045910 45.285084 35.860616
90.174159 94.690372 38.192332
29.258991 96.725568 30.643572
27.505380 86.768417 32.399257
3.793223 64.927941 33.828539
55.468524 77.817328 43.385195
39.162004 58.530823 28.361038
82.696473 48.668810 40.420063
36.624616 54.304042 31.664092
16.663089 33.272137 38.286464
24.734866 31.148211 40.372983
35.762483 64.837604 38.878486
53.254745 60.419066 32.391340
22.327186 23.564607 42.737273
51.858881 43.195723 26.705986
20.190731 27.197237 38.802012
0.544403 81.319609 38.333024
67.862712 11.123461 30.463325
45.726650 79.507361 38.357140
90.974654 45.716767 31.190849
23.861216 79.951743 39.550022
74.577499 45.918098 36.805724
69.088631 81.298564 31.739835
77.245843 51.508451 29.326039
4.561972 15.243916 34.460034
27.754184 57.637208 35.603086
33.119144 11.216147 41.439287
73.683795 3.295642 40.490902
7.815979 97.428201 37.314553
30.919832 38.197708 29.625236
45.391907 45.866902 39.933189
82.002221 60.783776 34.718197
28.199406 19.257146 37.664335
75.995692 36.772028 36.873102
72.807494 56.106773 27.010632
25.049578 24.077960 25.437527
79.037723 82.522748 25.501448
67.109183 65.828137 41.721343
43.008161 61.297867 32.090775
68.909899 78.006282 40.479610
60.841286 71.460603 35.272107
56.470769 29.044647 35.177371
1.404033 14.559348 35.248427
16.771492 9.102517 25.361006
26.810252 99.610500 38.509336
63.114154 75.216167 40.075047
64.423830 8.233577 31.362026
30.258784 16.756441 40.798257
8.453610 93.087159 32.686446
49.106223 6.427182 29.443710
33.463094 99.191004 38.669280
2.855152 78.956307 26.847411
24.863791 71.989394 28.880353
43.551107 87.001484 40.199498
99.344262 62.399202 37.516409
49.913034 83.462695 27.113122
98.546022 23.406020 28.387098
54.201449 17.286597 38.169033
53.158190 30.668506 27.443880
93.748936 40.946788 40.374889
78.779687 75.724254 41.387784
79.977052 95.215993 36.351035
61.082509 57.732184 36.457694
67.108865 79.074934 32.767621
17.228944 28.501086 40.831523
77.529407 43.174939 42.633432
41.152786 64.349212 41.577895
46.581212 93.298961 32.918481
13.191692 50.882901 40.454179
39.661993 23.019129 33.526427
2.059692 71.247335 36.459100
26.171771 53.316016 40.034735
18.059892 64.488440 38.719589
5.127630 60.371266 27.846679
12.955878 80.965352 26.929391
46.422603 76.268990 27.976509
82.162137 17.800078 35.713123
8.170374 8.412713 36.058500
58.710043 66.511729 29.208103
56.944124 30.134776 38.474768
72.247346 13.922236 42.340718
9.627648 56.237902 30.901913
75.558624 81.062191 40.328452
52.078208 29.918611 35.658111
97.901998 22.310503 34.344131
9.677739 37.072717 26.610536
81.252458 78.386194 35.361118
48.662701 98.283149 39.901925
87.213532 71.126337 30.579446
10.466948 90.246189 38.078266
52.317089 33.584401 27.193967
95.997417 22.872620 35.090608
51.542140 73.663660 26.706584
4.281106 57.222497 32.402201
42.921884 52.546157 30.645878
91.862972 96.502358 42.369508
19.192130 8.304280 37.537606
37.112360 35.054885 39.414348
8.815087 24.608704 43.561871
19.296777 72.686110 38.733213
65.230143 27.518765 30.930740
43.667486 20.639171 35.127518
40.548494 18.682201 40.544071
41.189696 65.731095 42.301670
0.125211 15.765126 34.049938
74.047785 53.622041 41.714025
59.536199 58.722943 37.763438
60.670485 64.018195 30.259614
44.616161 67.919314 30.490793
51.642350 21.145086 32.012523
2.133830 41.172605 41.415546
87.140606 97.931647 42.722397
62.588578 49.164794 43.332842
63.196568 41.078786 42.057672
82.385735 16.442471 31.602216
43.884382 11.970478 37.303460
95.589708 77.332007 35.776874
20.603071 87.521618 42.870765
79.307159 93.243503 34.479612
95.703968 75.589553 37.687788
27.030329 81.334861 31.393860
29.685581 81.403006 28.938587
23.623801 81.622115 30.330655
58.169393 18.185165 39.163479
20.248480 64.741672 42.985336
6.605753 83.825676 35.163272
95.872133 33.654779 31.829689
93.526860 15.120568 43.322155
29.509861 8.832756 34.033983
95.165457 67.445254 28.855392
3.995657 1.435872 36.244104
33.605478 95.197823 43.388539
75.884319 18.884352 33.595841
61.399873 99.998552 43.181914
31.455195 62.301423 32.106934
97.385006 88.808637 34.002930
21.374556 40.104167 29.307476
8.803011 78.056585 32.275381
58.610874 22.347128 28.486480
13.218027 46.303838 33.537588
81.463942 4.222740 31.099861
0.236271 51.739853 30.583664
43.680543 7.227814 29.635597
33.764527 32.117102 39.041958
45.831624 72.156656 43.476509
11.724344 51.396771 41.934114
23.161000 33.628497 38.957302
31.503482 35.467921 41.664688
49.193956 24.900169 36.701980
76.220271 38.614489 26.862548
79.407441 88.967807 34.237563
3.618329 82.304196 30.327035
72.716937 19.850863 28.889797
36.115641 1.724150 33.306573
26.808955 1.803747 40.942365
46.595543 67.569964 38.629688
64.316407 30.424794 40.306636
51.648504 14.471890 30.535009
42.933609 75.877254 40.235373
80.820558 50.965428 38.061697
43.967511 78.372370 39.084090
76.208728 55.240610 39.208154
72.933087 43.919158 29.470909
11.628101 42.613290 26.450637
10.337263 0.138561 41.445916
65.581850 44.436804 34.501890
82.119150 89.567178 27.279647
55.249521 89.383009 38.088413
4.964346 5.379205 28.537054
38.019570 19.642295 25.363056
31.193454 76.937670 31.404825
49.307771 72.542382 33.531656
28.890298 84.084262 41.563546
56.605890 59.398728 42.963708
0.918894 75.162227 31.365579
95.883168 83.171632 33.982279
33.981043 28.775451 29.470747
88.166615 81.885012 42.234321
3.758751 0.370071 33.575355
51.491896 6.631818 26.537658
70.356372 35.293188 35.181356
37.036477 37.854736 34.097306
94.537380 87.182858 39.363842
53.440510 21.976433 37.557961
12.071779 53.528598 35.477234
36.755774 66.931404 30.501541
0.228283 70.305662 25.931688
41.973834 29.180796 35.976885
18.897185 32.051630 34.647563
7.795815 4.015575 37.046608
22.279233 92.438439 25.768575
25.063960 40.675152 43.229466
19.448174 61.924656 30.512003
83.424620 14.817018 29.126126
12.964497 68.418694 40.070386
88.466217 13.248886 32.866637
65.696766 45.962391 27.027938
22.933383 43.984424 42.876665
19.622668 22.202667 33.797439
57.576827 41.119903 42.378100
79.259792 93.583908 29.705621
61.947987 70.649501 33.299151
53.606118 14.878142 32.536485
17.096667 68.402559 32.215910
96.571292 4.763760 25.634157
90.703896 2.129088 37.657163
72.437618 13.969321 34.214828
44.975584 38.443043 43.732608
23.904854 22.174837 38.869728
63.662746 28.110716 29.014568
77.909564 1.956074 25.281510
93.417134 86.718268 32.228858
98.491760 17.654984 38.222358
78.064570 74.942554 29.052026
29.331728 13.259985 25.169430
67.972910 79.005808 40.875010
32.021727 91.584467 37.358545
35.615269 63.269062 35.492102
61.172351 64.237534 35.342761
94.891079 34.253962 32.441157
30.025681 33.519172 33.561537
22.642584 23.763247 40.508512
92.074222 64.258108 32.785235
33.630273 5.519531 38.799030
42.917975 17.966995 34.218570
0.375157 42.649306 30.942775
73.426452 31.569110 42.697854
27.796021 69.985374 37.993661
96.816714 77.620647 35.101212
69.868354 64.545506 33.520042
11.734611 0.173805 30.279710
70.483019 41.117724 35.271733
67.075849 85.760649 30.287125
80.498406 37.335260 26.936135
98.895730 29.559760 26.529121
82.273253 45.650732 34.842473
4.873354 49.633162 39.900075
44.257418 13.545922 37.865055
64.186436 57.795108 34.885636
74.701617 90.798198 26.514013
31.504536 3.575683 37.476293
68.489132 2.068680 35.216945
68.807073 64.226498 34.679361
33.208994 51.155875 30.701083
62.329024 34.569348 26.858148
63.035406 2.160993 39.387921
91.313191 43.818166 39.318494
15.294679 80.622470 28.840045
26.784675 21.647698 36.643224
94.813790 36.663487 41.016729
45.828017 96.950322 27.038354
6.035596 31.013397 31.631926
19.629250 72.255986 39.194705
46.387349 42.149173 35.725795
5.375174 32.804346 35.263393
10.678494 40.786736 33.548560
76.453620 90.942617 32.977735
4.442575 38.852735 41.828143
32.316816 55.071158 30.778966
83.683621 0.447015 28.654566
10.478701 67.959846 40.016728
85.230494 45.619599 34.127692
52.621297 76.546903 29.248663
66.100375 73.995345 32.466338
74.434473 75.885483 39.454793
54.328818 66.382450 31.358488
16.327561 42.742513 28.998822
68.160797 4.805568 31.429032
13.947993 62.590644 25.279861
56.771333 23.817050 37.527435
79.075229 70.049664 38.056126
51.387537 81.796254 37.096721
44.341958 27.640479 35.089064
30.756972 32.767266 40.132291
63.619542 69.508414 27.919304
16.890502 95.812236 42.009781
37.451010 69.556239 37.598334
93.812429 73.396831 30.390687
24.401023 57.287779 38.329926
3.834835 40.242739 40.864951
52.143950 21.780817 43.245210
66.329223 52.703623 32.201666
48.725377 81.458547 43.259322
73.922884 2.295116 28.412390
94.783226 69.145022 26.610692
19.334264 98.901535 31.997900
83.199776 21.591927 28.123452
88.107511 37.751907 27.803157
2.331653 14.544383 42.233237
10.820231 20.150712 42.190016
63.306231 81.072202 41.854164
96.875741 56.859995 42.439977
80.033582 90.318632 35.235866
47.715081 18.023919 29.199750
15.649065 58.175564 38.992442
0.944293 9.967663 31.753282
94.612001 49.802443 30.416458
41.077175 46.200385 36.661875
75.642919 81.880153 38.376486
22.747323 34.355146 26.254577
93.840696 3.743171 34.426025
34.255915 24.923529 34.086536
7.122988 37.137480 41.467278
54.759043 14.007560 39.066904
45.532269 20.336762 32.448880
83.917812 60.423273 37.971902
65.851536 73.498277 28.752295
75.492368 44.520139 31.694118
62.927942 23.838975 27.700005
15.509975 37.983392 28.221374
74.216870 46.956959 36.568554
49.692313 9.394440 42.954321
89.268593 24.735368 30.244160
35.377507 41.538829 31.050702
72.530232 30.895448 25.394706
19.904789 46.913799 35.484170
0.453134 69.536020 28.423824
3.381790 94.749013 34.273886
16.460271 98.792075 39.432484
76.769732 83.686217 25.222096
49.388452 47.042945 26.621972
33.734774 3.264981 43.439456
55.388240 69.415285 39.954825
98.605046 17.447049 30.674537
45.380205 21.450231 26.966772
42.545482 29.675366 32.904216
82.899476 81.081567 36.901778
13.844931 79.536332 37.422032
79.130565 94.787219 41.148253
40.726012 8.642818 41.673618
64.834410 11.040329 26.295226
60.589915 10.956691 28.683021
63.893703 18.799052 43.246251