91.695111 47.226462 26.456655
52.397095 38.850053 43.062691
76.418811 59.677972 34.678043
54.062173 81.554481 36.785166
41.130534 41.990058 33.629750
67.026105 47.436073 29.306669
68.470302 67.446838 36.906367
9.304258 46.887971 42.945095
64.799201 62.242309 39.594172
5.472978 90.417829 41.886920
82.234654 76.746795 26.239024
64.687252 14.921028 28.902974
50.526483 29.387710 39.483350
8.530355 12.818369 38.685369
49.115385 80.812516 29.056565
34.337104 93.979376 31.562116
3.591544 67.419730 25.157001
22.734500 4.355785 41.674541
41.530239 78.263916 31.255414
88.198341 35.664387 29.055399
6.968284 58.984330 29.618843
71.439107 37.815077 33.567865
3.647868 70.697337 37.328124
27.511877 6.908978 43.665693
14.053437 37.967837 26.577987
53.275919 12.773836 39.464886
14.291198 44.170096 34.313519
30.145891 85.513447 35.722281
40.915247 89.646321 34.297379
67.516096 56.322740 32.877217
18.282844 89.161742 33.410517
50.011301 65.502041 43.534515
92.887164 24.634618 37.570636
20.338918 44.371510 36.879649
20.924364 11.366703 36.575575
96.484996 31.044298 29.910596
85.801278 53.386430 31.750766
89.467474 40.116557 38.952299
17.452634 81.137288 27.416790
11.784990 46.085545 32.519358
66.613619 99.814260 37.895808
10.323848 78.745408 26.489849
78.139343 73.187509 40.711057
72.133806 8.123394 25.848672
55.351088 88.826518 36.715264
29.336895 39.303879 37.472932
67.019627 19.100299 41.177879
18.954622 28.605490 38.800186
63.192277 23.194516 38.422246
93.145873 22.387539 39.335205
73.162308 12.598426 31.682797
90.046592 88.230536 30.977331
4.386865 38.586796 36.308585
49.617874 93.192717 41.959061
68.791241 66.848665 25.037155
63.624231 89.104172 34.686124
65.620991 8.337117 25.358281
28.190841 27.071366 41.296825
58.494047 79.339003 41.418574
96.036607 21.189293 36.784303
32.949328 4.436025 28.891134
26.468104 30.308578 28.444450
99.643213 40.481140 38.886397
73.825513 57.468640 33.981542
94.748969 21.329912 34.864364
72.823778 73.012245 29.271250
3.889907 71.271377 33.702984
25.768698 62.578042 34.391799
10.640240 76.003009 27.336705
43.744756 58.786462 30.844285
36.809163 29.251727 38.041509
82.825253 51.297552 35.212504
30.324945 57.018807 27.312687
72.568937 23.156854 25.804067
17.435521 24.070754 39.320935
29.366030 53.539716 25.511231
87.777789 50.867996 40.789175
11.235094 67.654395 33.439285
35.203938 7.338263 30.799275
97.517698 88.367692 29.909903
97.744614 90.619939 35.770361
26.961946 25.174434 41.597566
10.680623 10.539550 43.510000
64.338421 92.580069 30.242228
1.373287 36.472998 27.970827
0.088523 93.344473 34.252501
81.332646 45.534662 37.064914
67.727839 24.740914 35.463998
67.257122 97.517585 39.820314
92.105377 19.403803 37.033806
6.605450 71.555179 42.892210
96.328337 12.604291 42.975617
37.923994 46.560176 40.179064
10.152877 79.702046 34.932913
76.746075 44.545778 42.374277
0.526448 32.482608 36.800405
72.032861 86.473122 32.178583
95.644435 82.948762 42.399371
74.371549 81.360890 37.267829
62.366739 48.825220 28.214150
5.421529 47.940715 41.280131
8.955434 40.890410 29.736390
95.304154 84.281351 32.299173
65.575384 86.387890 25.012091
96.091865 27.066993 29.590504
64.851404 27.579393 25.048795
47.417432 0.150614 40.796684
81.322820 20.060274 33.411158
46.360559 26.989944 36.894410
70.048132 20.548730 30.456534
0.187999 8.086792 30.532362
3.073064 9.386155 39.597182
43.710153 12.777098 33.593743
58.118188 92.797354 40.379739
37.101624 69.909375 39.958559
66.040473 66.302786 42.595888
14.909896 66.905879 27.237275
33.054399 80.363057 43.048601
16.094892 66.008712 25.171670
25.451857 86.263771 39.751738
13.636020 87.288584 40.440288
61.883438 90.026312 31.331044
25.875170 96.417625 26.267616
19.802944 43.818949 30.776396
75.631955 14.168944 27.540411
95.575034 25.350336 42.694814
26.839911 22.188419 31.646195
62.657846 14.190138 41.450306
15.681148 25.538308 40.640841
93.856521 32.129234 28.719153
98.472485 0.010415 29.563379
59.679352 47.881501 26.111427
59.561295 68.694122 31.287229
10.054106 52.941554 42.716275
52.182059 31.043751 38.892266
1.195626 59.297944 39.144807
83.064802 70.768135 31.167879
50.128515 76.093392 29.737960
72.204926 94.717223 29.352803
63.742803 80.882586 34.687582
84.909084 39.992471 40.925858
24.585811 99.126372 39.188923
9.427150 95.015871 35.888142
57.964288 26.334919 40.913893
51.524396 1.669551 30.175698
37.221132 28.290200 29.198395
96.901564 61.174178 28.502215
49.018724 36.197981 26.745418
15.510046 91.557977 33.504150
8.042794 3.138447 27.997147
9.848997 65.001733 43.305304
22.911832 11.235364 28.864975
66.214618 90.233206 43.446558
25.332850 26.270639 40.765215
41.189445 38.148760 29.454487
91.615274 60.318011 36.308975
32.249292 50.601836 30.825268
66.328345 45.648799 26.026915
23.040454 70.571493 32.551961
51.334380 70.424570 32.529913
53.786113 59.993945 38.693302
14.861053 62.187668 34.628615
60.978573 80.859273 32.592302
81.569999 71.696406 32.905954
65.662811 23.863637 36.966096
33.450338 50.425556 34.884919
29.441289 49.948515 31.088615
64.128551 98.136640 35.306991
80.636414 7.029572 32.125969
65.727851 66.447191 29.950208
97.455542 62.940241 38.419580
94.874786 74.320261 43.607379
71.173455 76.408806 41.060511
62.177915 7.963193 32.937270
86.496176 72.266476 39.714536
19.128001 63.345903 43.144372
44.916427 26.571603 41.599872
12.678130 29.386976 28.718835
5.137683 70.626310 41.964584
84.430905 32.500817 32.477706
56.256146 31.941498 38.710358
76.308132 46.245799 32.201996
33.484363 91.355425 43.403833
84.342313 26.153591 38.563617
59.113849 24.565738 37.486576
10.650935 59.984313 32.083586
49.737446 34.541494 35.446206
38.089985 3.191941 41.280928
31.249921 48.221280 37.705856
98.281967 29.404929 34.693500
66.710857 89.809026 34.306272
99.624803 79.208184 26.112053
98.593515 34.566160 39.225508
66.288862 89.337662 29.472602
92.558378 55.706078 40.992872
17.401462 12.742641 32.991550
21.950593 2.302596 29.805029
95.471827 37.456502 41.119190
67.807814 56.193858 29.898920
78.564665 55.854951 29.145182
96.966103 29.320587 28.245862
61.199556 4.023128 27.659895
21.164958 90.944242 43.661857
84.517839 80.580321 26.107366
48.241694 39.011415 43.166476
14.966351 76.317490 30.281216
75.869900 39.313072 34.671527
5.013087 85.834365 38.244561
38.960344 35.271413 36.116244
40.507298 46.415486 35.485147
74.637743 55.879414 41.883296
98.031560 70.287690 27.563236
79.013704 85.448655 30.879637
11.972197 71.693821 33.032892
17.031362 55.798639 34.742857
77.297662 57.460751 35.494276
64.427755 60.053981 32.163412
14.801146 58.955764 27.252884
30.879622 99.995334 39.076435
68.572651 59.698468 25.247613
6.083452 3.509924 40.572336
24.306805 36.105402 34.677020
68.549403 4.009804 40.066380
49.267050 19.375834 37.229366
39.502379 66.282968 32.825450
90.568294 42.127553 34.121504
39.412279 66.458709 25.765706
0.634195 77.861832 30.271789
6.208386 9.836629 31.829185
5.093236 37.045943 33.898716
8.541102 49.077535 34.380793
87.528845 60.287061 34.601815
33.926994 48.248828 37.718838
43.209818 50.274487 35.552598
43.265715 49.109687 40.619092
33.270720 18.907538 37.828491
21.892811 67.404074 42.049174
96.105081 81.403815 37.165796
30.288066 18.120039 35.812058
49.466464 77.291137 28.634027
21.124955 55.286710 26.100949
19.390249 85.141492 26.618769
19.490134 78.589354 33.974311
3.842830 30.501579 40.397472
94.319668 36.354805 38.324274
13.368737 80.025029 26.843200
72.013277 58.263906 39.615071
92.803825 60.251804 29.137019
82.716097 98.237788 25.947321
68.732565 33.548011 38.308086
60.002564 53.765167 33.990268
8.560235 49.181883 36.585279
20.443605 63.097729 41.595447
64.970689 6.491886 40.178299
93.663499 64.980688 33.888436
38.126764 97.892110 40.866639
69.556039 61.298631 28.572191
63.510745 7.409453 26.049272
19.802403 47.807196 30.227598
3.212220 91.595882 30.643760
70.079564 20.280562 31.281261
65.797249 22.493172 32.017366
11.549262 53.271634 43.649913
84.344746 72.376459 28.825458
56.466836 89.066642 26.706720
76.996085 8.186156 26.546934
57.870545 24.456208 42.183697
9.940965 72.156182 38.998871
25.301482 71.923526 39.392883
59.270245 60.503420 27.054908
70.929927 57.650960 42.495547
72.330213 76.445345 39.261131
78.120608 93.317993 29.915521
37.896254 7.755321 26.123569
38.914967 97.171914 33.693141
6.929010 77.004598 30.564719
20.498751 50.884941 35.471358
49.518252 79.561182 37.740937
25.018449 5.265919 37.030274
47.522633 58.602853 43.073357
82.469578 1.939880 33.316195
51.429255 45.314230 38.028996
28.624332 3.455088 30.672325
54.295065 25.616558 36.250730
26.007157 60.640749 32.967768
76.523227 36.015008 30.554790
76.882044 82.374192 39.553862
22.225928 56.333556 27.710948
35.113366 87.395455 30.689276
9.568761 82.720102 37.514588
55.646130 25.189489 38.515399
11.277817 82.211700 36.449508
73.665352 49.856614 31.653033
33.625113 1.809725 34.283520
47.624076 96.197959 27.013136
4.999244 31.983796 31.014792
10.362337 33.524882 35.530579
62.100464 7.389204 28.467226
7.818789 36.533464 26.738161
25.504619 9.745172 31.289297
79.566732 10.495468 33.321094
47.341961 58.970432 36.986771
77.063477 71.618129 41.530943
62.168881 7.974201 38.656037
67.986896 0.136305 37.094456
11.217838 71.371778 34.050172
41.469578 8.218517 31.130440
77.632465 83.172244 34.812106
16.932028 98.691230 42.900722
27.107237 37.582398 29.083451
24.006564 58.833998 29.206513
12.151217 54.398081 25.212465
67.893677 44.297225 40.897838
46.019690 46.617314 38.451154
63.015601 49.419098 28.443879
44.257805 29.784057 36.913700
99.521840 28.744036 30.955835
17.152583 69.178424 42.056240
7.286539 98.356385 42.034789
44.001429 78.336166 32.988218
36.578066 98.503471 30.606609
95.342771 43.667973 29.657045
78.775683 79.432356 42.398295
13.083083 75.432682 40.026906
4.892603 29.508383 26.264173
79.979109 69.208047 40.053260
65.541987 55.298204 31.265092
60.501494 4.023146 35.189149
87.650505 4.993102 41.013810
1.369710 97.148465 35.202378
29.920960 49.200036 27.295192
87.219742 17.922107 39.215897
1.380844 31.968583 32.554918
76.260844 3.829360 43.135873
98.477696 97.516926 33.484782
67.786623 12.296502 38.098810
54.565907 5.318772 26.887319
64.574525 24.452024 33.337880
17.602197 37.861396 26.293702
10.829019 73.347073 36.005526
36.233189 31.698950 25.005382
98.165461 10.427481 32.029949
75.299118 27.874630 39.708299
32.232679 67.736786 34.697335
98.749800 30.992372 29.006568
52.860503 78.714777 29.639301
34.284122 72.907340 33.942529
67.494934 60.222593 36.326225
83.595601 76.213710 31.241831
36.662328 57.198226 32.804539