89.731456 53.578346 43.745171
75.121217 62.845063 30.065280
38.193343 36.916625 34.569407
23.346468 17.947081 35.314324
95.867522 10.732145 38.528523
3.833274 16.693445 27.873714
61.067184 85.979529 34.256025
10.768025 4.082276 35.029877
37.592108 41.028008 43.324207
47.268330 22.004295 30.022989
39.894414 30.166982 32.072364
67.040485 8.071959 31.630575
96.031533 42.943803 36.075135
21.052534 55.036380 25.345802
22.470736 95.785197 42.790071
98.604766 7.556777 32.742525
89.110838 6.727533 30.467249
59.919007 26.416218 42.634277
2.510911 6.964920 34.301314
14.878344 89.385156 29.579704
72.962005 78.565056 37.613179
24.575442 41.231387 30.711331
1.879491 98.179651 36.532599
47.918142 37.625718 42.238282
57.392193 90.433627 34.382991
95.293067 19.260189 30.082826
6.766605 20.664657 30.136632
79.625700 64.494242 30.994771
95.644305 81.600316 36.959536
83.677326 40.677390 28.446793
97.315046 19.405898 31.288545
8.576540 99.593354 25.467344
12.795348 64.994297 37.876385
82.956786 43.616754 29.432386
10.459233 48.340530 28.338059
48.016503 7.948234 26.926143
76.107794 40.360554 34.988443
61.655483 93.485830 28.461598
76.302793 7.846186 30.716557
14.942502 67.012510 32.242489
42.051604 54.532471 28.528757
6.808489 13.367384 43.120144
12.402881 85.440835 39.773372
55.354972 64.893433 37.809827
59.507763 43.760028 35.030064
78.686442 90.625106 39.215382
66.631093 63.840090 26.940624
13.946161 87.400081 42.888308
1.259796 77.885905 42.850029
24.734201 13.957903 34.648346
61.894570 37.723833 38.058632
22.376487 93.027436 42.482672
17.314438 98.522814 43.442810
29.805458 90.546925 40.984956
3.924232 2.125192 43.515970
67.697153 5.517169 27.177151
77.598712 52.170418 31.782733
86.462120 48.125469 36.111215
54.773508 39.336891 30.675517
36.412940 74.452116 28.978447
97.398107 65.120944 40.520677
1.338631 89.056940 42.817838
34.537865 0.507864 28.343692
39.758391 45.205969 33.949439
36.348366 41.842552 32.012230
26.506256 40.837853 27.057955
5.109874 1.968797 28.436331
99.476567 56.572077 42.103223
55.079645 92.398672 28.126385
87.554020 57.782188 36.087902
73.819110 31.865778 38.599271
89.421540 45.701415 34.017065
86.662529 52.230273 39.357948
71.091627 1.485462 38.669907
92.177587 70.528282 33.155159
91.201001 75.514912 40.809764
44.840713 50.559956 40.045435
51.556922 41.716589 38.912295
51.752672 61.116259 36.406107
87.636824 89.978678 32.574068
95.286917 27.494311 39.994221
75.562854 98.859445 36.451146
20.656883 37.476948 25.302881
73.954251 93.251973 35.705518
38.538700 21.950975 42.960942
79.510972 98.828521 27.724945
49.289090 94.246736 36.655769
72.627646 86.228098 31.839876
72.436729 39.076824 35.286478
38.965805 53.628719 43.576461
14.096863 41.700864 31.746434
82.817804 48.265794 28.063618
61.648737 93.872472 31.922195
83.700379 58.582558 27.274161
78.473592 18.975327 29.577243
40.171077 99.275980 26.866469
28.387857 80.050521 42.917531
89.826440 20.253436 42.053460
18.709770 38.705051 38.594739
26.512593 7.209019 34.022168
19.148512 22.773103 26.636199
12.656575 58.990924 37.177689
21.564477 75.052227 37.152761
91.524510 22.244299 31.167065
57.810537 0.412803 31.795378
36.555684 49.063901 30.373016
74.932073 25.562884 42.218965
43.275199 37.810334 38.060996
53.213030 21.320527 36.077773
59.198713 76.950915 38.518077
78.590961 72.360640 27.793382
77.891661 7.208587 30.510475
50.429154 92.424126 39.205073
4.964074 55.844252 30.278687
6.473393 22.754352 28.311262
62.805262 21.071005 33.667096
26.959208 13.973562 40.920457
30.140211 35.011706 27.832483
31.651924 60.713737 42.717757
56.370339 8.007368 38.246598
2.248435 98.964676 32.055031
73.562003 94.643774 36.951743
23.244827 98.829230 29.694063
11.443723 85.779085 34.331904
43.421338 23.354964 43.273789
37.273852 97.833676 25.285652
73.867792 74.755124 40.565238
9.847740 48.101937 33.693396
89.680987 3.093819 33.171083
72.952996 40.289908 30.710519
49.348129 69.708725 36.703714
63.139147 74.725086 31.981450
89.480905 61.393341 40.792439
57.186893 12.753368 26.337478
57.432090 33.920442 25.401594
3.537323 82.722891 29.589387
39.879114 76.572681 38.445647
52.442699 14.831164 43.191470
81.653349 4.240542 32.840707
86.022823 45.010546 37.674129
59.994932 74.899913 27.050888
90.734341 93.124767 33.244453
88.979136 84.010596 41.695554
75.864216 90.129697 32.298255
66.978883 14.718898 34.318375
71.033393 90.605809 41.024982
76.164511 42.044766 27.125750
10.403627 75.273370 28.250705
76.337325 29.524087 28.929144
62.112733 93.587000 38.479454
47.506226 51.578673 34.137372
35.692829 86.638853 29.140026
28.908382 60.185043 36.954675
88.516973 36.440378 41.722810
9.108411 60.642552 35.414464
43.909999 41.220806 42.875167
9.940322 54.821993 42.793657
65.467765 21.877806 32.359695
20.977325 40.156020 30.278676
57.265820 77.412808 36.143114
11.481813 72.406665 43.247294
6.311501 3.304903 37.854832
67.374705 63.886182 27.430516
26.541927 0.979600 39.933897
71.270316 76.534312 43.407535
8.058162 21.039087 39.128774
73.768133 32.581104 34.698094
61.421952 99.080030 41.044378
12.870787 34.034534 40.268346
61.853962 59.920941 43.541850
10.938838 19.333850 27.858652
44.115635 70.479453 30.954946
50.600748 28.261788 40.169126
39.859557 90.911093 25.308697
64.643941 65.420739 25.886175
96.951541 97.003432 37.783286
33.055231 83.726889 30.770803
88.992725 70.608438 30.732023
81.086539 48.712632 40.827247
68.627744 61.727140 43.116698
81.486793 24.961220 37.138977
22.510426 24.072363 35.231179
28.177389 95.921697 36.404234
18.453951 31.547630 28.775748
15.618673 26.491661 41.672263
66.370653 37.365700 26.587724
71.913710 9.149817 41.342606
42.019955 10.044828 27.878214
38.938292 52.333991 27.507829
1.135907 45.933054 37.750091
79.500587 7.457840 37.982343
77.429187 24.258889 25.051488
51.996059 13.470157 41.516590
10.227614 71.185533 36.103303
74.080066 25.796252 35.520380
5.619842 55.994561 33.862182
82.967625 80.384187 33.674180
98.396342 18.908866 42.978436
66.080954 87.485838 39.788883
55.957740 10.561526 26.549174
50.001719 60.233899 41.309838
15.115850 68.520595 34.001780
93.154832 50.537856 42.285533
73.159482 52.903169 42.770334
16.606106 69.342218 41.111735
91.465759 95.363758 38.631030
88.556807 7.980373 42.016275
79.929182 3.590561 41.083147
57.210799 89.750371 31.572464
43.372415 40.716577 28.126271
12.126453 34.304987 25.148183
43.781780 99.774131 30.246763
5.500512 58.450324 43.094205
99.364414 54.695639 30.694399
18.395485 80.838272 36.268071
9.269785 62.691873 37.700741
41.576493 33.600173 31.627322
89.184362 82.060594 27.053711
44.469618 76.437066 33.035496
62.317231 36.363515 38.688090
45.446415 3.592700 39.909897
2.960933 0.526451 30.119110
37.346002 87.240650 32.325991
67.046960 97.749246 25.043694
95.508135 85.977031 33.614247
0.004655 14.607201 37.522900
45.181839 16.986032 26.936075
22.253977 95.369729 36.840155
2.747938 72.437407 32.999262
97.889547 53.320760 35.209564
36.491778 99.261333 34.128920
90.243639 66.723455 29.446823
2.322321 63.114855 42.944665
3.601152 51.887799 28.445897
33.836900 52.364894 25.753548
16.113739 57.400564 43.148268
19.043722 20.511517 38.462689
5.518228 61.372674 40.841396
2.343716 89.264678 31.212487
56.864131 36.481407 32.283013
19.606176 15.456166 25.370030
10.771610 24.269200 34.025805
91.228045 82.706498 28.666997
96.318293 14.443593 26.564810
53.102632 2.521999 41.447206
61.217794 62.433081 36.612363
73.291432 23.470450 36.861164
86.919297 25.761445 25.974787
2.950145 30.092478 30.204657
73.990083 29.820209 34.885069
82.014123 70.120576 37.730755
44.621556 75.101305 34.379987
76.758500 38.074642 25.952174
5.135357 31.110833 27.442433
95.163337 35.786377 40.365352
46.578895 96.735344 36.906876
90.977350 71.439859 30.962379
20.236659 68.210633 36.723949
72.171073 17.790333 32.369137
4.124118 63.020711 41.330337
70.557876 65.024362 38.881887
23.813364 84.229374 26.208652
61.017078 84.756630 34.370050
75.649598 69.050667 32.319091
65.263872 39.985509 43.090947
67.751549 63.940309 36.217862
28.465585 9.609862 26.260823
94.072128 53.363672 28.983969
25.250958 29.003855 33.124317
28.202062 91.537474 30.586224
83.465309 55.069711 42.965340
98.930795 23.836117 35.140164
14.857514 57.572851 25.008430
28.832368 95.936072 34.295278
14.614492 23.765903 40.492803
76.105780 4.248891 35.785506
42.786512 14.602302 25.994449
24.330226 47.467450 30.697228
53.500454 37.997190 38.804155
16.846498 0.250041 35.539596
62.604789 68.095223 41.465424
52.197558 26.510570 39.965222
38.556329 46.226553 42.498211
81.195673 35.051078 36.323075
7.241878 54.973209 41.970055
63.942224 5.646112 39.733838
27.568970 64.410481 25.480629
22.848560 0.186229 38.727402
21.965056 43.493674 27.648229
47.010977 39.405331 39.565251
13.681347 39.264428 37.401054
31.609591 91.815736 33.472392
70.792640 60.118951 31.017508
47.585049 74.930200 43.480614
70.651516 88.104741 31.966312
15.812520 17.210692 31.762897
55.728441 29.088375 35.851072
18.890899 59.721190 41.440233
21.133797 80.103087 29.069755
80.533909 85.624338 43.667519
10.554302 17.106662 27.037105
38.239456 7.586134 41.320180
38.753897 29.291347 40.507246
86.781303 76.319414 37.131488
75.053318 89.343385 41.060933
39.523592 67.457731 40.275535
73.595907 58.666259 42.382225
4.355841 43.660958 32.215048
82.047343 80.312525 33.541349
95.495164 66.649089 34.986804
32.296301 67.513448 42.642358
88.773095 82.912986 41.046686
30.308270 66.210550 37.038000
10.127921 29.501892 37.904289
17.029876 60.777173 39.301546
17.714632 97.075373 37.537364
11.521411 82.783510 26.058035
12.279098 1.317904 42.040529
30.347721 80.697767 42.797703
36.149009 67.589538 41.430521
83.305945 42.528974 33.045202
92.770354 73.345413 36.143495
60.550903 89.997810 28.656685
49.505689 45.265671 32.381618
69.928566 28.988807 30.788553
46.631055 16.339690 33.835896
11.011591 54.948720 30.697522
86.991195 46.636707 38.295626
6.185178 29.146228 37.676584
14.860460 57.569228 36.140979
66.763530 16.348830 33.855655
35.674027 33.651247 39.248353
68.036227 23.163220 37.712776
38.328466 48.017571 30.044701
80.169461 60.704778 28.049246
56.996311 69.998966 34.821708
27.319411 69.142773 39.379203
39.155472 84.501332 29.998349
35.121040 24.476827 27.799417
7.983842 71.145817 29.754215
58.045948 85.229912 30.020039
87.367132 34.766008 37.421189
84.104934 53.779597 42.786928
53.652124 16.704448 36.083477
97.944492 30.451140 36.708914
86.279317 24.053425 43.074527
91.741449 38.279846 41.741769
76.440207 60.990042 30.131107
46.825044 56.126569 26.122587
81.359803 89.222944 37.534203