33.928475 12.655057 36.641094
23.196807 45.413239 32.926534
46.446506 16.528787 37.908092
47.076582 88.107840 39.240053
57.130017 58.673917 37.288631
77.864656 75.380789 28.339978
43.998234 67.269049 30.267630
41.226691 83.478297 42.443377
45.711454 34.432034 28.483170
9.297913 98.467150 27.342826
44.540419 79.881024 33.761473
13.453371 46.092203 33.593104
53.650464 2.792551 28.781642
25.195001 22.546281 41.808970
84.000510 34.800184 40.570191
1.858412 85.397466 27.578083
96.120884 15.027154 30.852801
79.347296 14.790980 32.392090
67.610566 62.757613 41.708761
0.969299 94.492221 29.443019
25.529417 88.397438 35.879751
36.172981 21.481337 42.161740
35.572366 92.438817 36.823325
32.992691 54.752890 34.613501
82.162231 62.262093 41.465389
64.144234 44.796151 38.470581
91.026902 31.581378 38.185692
11.570378 70.885616 34.386748
67.108659 90.916483 25.234339
57.391003 94.281026 39.107526
4.854812 12.397320 32.023723
96.491317 64.793729 36.982033
44.748202 0.108122 25.093241
90.128908 99.530476 37.038365
87.087159 59.598182 37.617991
89.371770 86.832447 42.167737
72.628625 86.289044 40.513677
30.457254 8.212210 38.587135
55.772886 20.216556 25.824716
19.589478 53.981774 30.087884
68.132632 23.487162 29.117930
40.273173 67.757974 41.982680
35.010492 35.196559 33.527479
32.234142 41.107462 39.211430
91.989722 84.744064 28.728071
69.852667 50.887379 27.890967
35.735005 41.690619 42.848255
74.644953 79.108522 40.213609
13.544409 51.088133 35.037756
64.282466 49.764302 37.514089
95.388725 98.707840 41.179035
36.629768 9.929394 26.731830
50.266201 84.229907 36.455033
6.519919 90.093306 32.209542
7.575823 55.972329 28.061798
46.980297 95.884089 42.546245
23.659364 73.382073 32.804795
73.141518 16.962293 42.800139
17.554482 56.652835 40.943923
81.968177 69.964673 31.139033
10.308691 15.245532 31.220189
0.758033 16.713606 34.135730
63.358996 50.804478 41.189711
63.909359 63.632844 38.258932
21.347939 58.318647 31.785705
25.206229 72.265698 42.126592
29.386623 76.236615 37.277589
0.876325 73.221455 28.963512
2.598024 38.808296 31.888139
67.297450 91.046302 41.633810
62.526682 53.588997 35.257725
22.528317 65.922583 38.906018
86.488251 27.150378 28.901916
10.236217 55.417486 30.437929
56.315363 87.467625 39.705431
3.371127 44.301402 27.424793
11.301009 30.428723 36.887911
77.805662 86.707290 35.512475
72.443197 9.960347 28.221325
37.892114 82.610654 25.735696
32.600245 20.136484 30.825682
32.827204 23.099889 32.420225
81.191764 54.889479 27.616043
81.742575 44.922910 31.250414
29.054812 70.408039 26.196926
96.022400 10.940237 28.795681
41.224243 55.008911 32.156309
79.522655 0.463644 28.448008
61.825367 43.687082 37.537772
81.474310 18.827730 38.747435
49.123051 34.811377 28.811272
87.788390 55.540577 37.417626
53.429424 25.896294 34.362021
33.901205 22.365365 28.895728
77.897055 55.856932 37.758980
75.998426 26.533374 26.202211
14.119579 32.460414 37.682107
87.310063 28.811643 31.767424
99.310959 1.349803 42.105245
73.386171 57.694515 38.546892
32.423916 90.114650 39.739920
72.292368 39.072999 29.309623
6.133568 25.029129 29.607369
67.414923 89.163440 25.685284
90.831477 35.002417 34.651209
1.378967 48.808677 28.259603
73.520704 66.084270 35.647631
62.150024 55.204981 29.928889
20.735278 61.918095 37.147819
77.650859 18.242567 27.777840
6.812998 32.979315 37.325911
44.120253 37.168914 31.931099
27.584707 50.783009 30.582746
97.441722 12.739060 41.675037
64.937092 83.577017 43.472910
49.545654 12.592460 36.386769
80.130192 65.175097 40.472049
55.000993 2.071653 26.621421
86.049425 82.445236 43.165863
66.750657 46.349051 27.376627
0.281275 45.503759 35.324870
99.925759 81.952049 38.763784
29.257739 74.796640 30.468449
84.846392 0.017318 28.665271
96.084409 33.078418 31.093439
54.881395 62.655464 41.640072
33.088054 90.466240 32.138828
41.508064 9.940064 43.453380
78.167576 34.584332 38.314533
73.611059 56.138258 39.495766
50.889560 62.006994 35.739287
23.288884 29.424299 27.472592
79.680070 28.106806 38.036714
29.903500 45.108660 36.093231
11.326954 31.386178 25.514230
50.553206 87.370292 43.635534
20.629552 18.431200 26.695479
30.727170 33.562793 27.799163
66.162927 58.514985 26.320724
55.990889 88.840492 29.417641
55.012775 6.377793 29.729030
15.644169 8.624368 40.599665
80.063477 53.239729 35.963915
78.392487 17.740870 43.085274
62.963091 60.882306 43.447739
34.555814 36.242464 38.875643
18.102891 39.402031 35.428621
90.072436 61.917753 39.762743
19.471406 65.357459 38.188821
50.665181 80.934164 33.355327
68.179274 9.770929 33.399571
63.397610 34.611880 28.998126
4.291497 26.210096 33.966259
24.523516 39.761601 28.603369
25.341406 32.486408 25.004312
88.355449 43.009096 39.814246
10.212847 34.730201 37.650743
68.453581 85.797399 36.686352
50.913611 47.654188 33.236155
54.105977 53.198379 35.786245
74.374818 38.448711 28.903959
18.778672 55.796135 27.348234
14.048427 31.676063 38.215670
65.692973 17.719010 38.455604
76.259491 38.763002 34.885422
63.440110 56.511415 39.041629
45.450853 20.688135 39.354623
32.608149 51.059789 25.632669
62.762153 70.655571 41.423343
25.740160 92.681463 29.049216
66.078088 70.085073 40.823527
47.753149 6.124282 42.647209
84.844827 78.043777 32.627170
5.409006 38.224671 30.532261
71.261759 15.459808 40.399344
10.994165 1.693071 37.774101
54.061535 54.518660 36.221890
7.049106 48.205094 40.312804
29.492237 8.418723 40.783278
58.076957 17.294489 37.104449
78.927331 32.237336 42.857509
73.107891 47.770081 25.288658
24.308434 5.642386 26.456629
49.374910 98.655835 34.676627
46.773714 69.120112 33.578967
97.294179 4.586422 33.953308
87.227983 2.517192 36.307204
8.955235 32.527974 40.082748
38.970765 34.991784 32.754487
62.420417 59.945628 28.149179
88.381638 11.908170 28.704918
71.725850 80.525890 29.217338
54.652692 77.657630 31.136900
1.381749 1.254125 39.240516
5.938341 22.275930 25.084219
29.941361 11.900421 40.519798
69.119918 24.114687 29.015046
74.125253 25.559768 34.513615
16.088333 28.116639 37.499978
88.624029 81.561136 28.971747
36.208767 31.009392 29.984384
85.594994 41.855505 31.342039
52.447401 43.818041 31.019944
91.707981 82.978729 26.303269
14.190588 15.557745 29.223184
78.585386 65.923419 26.866614
94.474991 22.240344 32.628172
77.433349 21.905267 43.672729
30.453069 14.545181 43.199679
74.054446 21.680243 40.691006
35.966384 61.540523 28.051766
26.624383 47.810195 30.037030
23.637987 85.319714 38.542769
44.640848 19.338651 27.795445
31.828725 48.481943 33.556926
31.886234 1.162385 30.530297
58.243867 4.128658 25.416642
73.071575 58.445227 37.192159
80.137258 30.615072 32.491756
83.370925 11.934201 40.059818
24.114069 60.571182 42.670443
4.529047 96.369564 39.284796
23.599959 63.317617 27.088633
11.148966 47.980740 34.552616
73.462646 92.198571 28.399621
12.217675 48.465723 27.409856
93.733871 73.061868 42.682267
77.723086 5.689492 42.588826
5.890280 40.837649 43.394118
68.284759 32.778190 34.259867
38.961711 42.823374 37.148601
87.699079 6.210413 28.566691
92.881618 16.723414 35.312919
84.907927 45.327202 31.890572
82.348031 49.067207 33.514044
14.056494 4.517009 26.667447
38.371947 92.522333 33.133659
59.080606 82.824810 32.921740
38.606003 35.402422 35.877442
95.201864 62.443757 43.001698
52.567602 66.425157 36.263101
49.658472 51.981129 28.290944
77.634219 88.091749 38.641013
89.696736 30.399153 32.913262
52.215202 7.207875 32.917024
84.024226 14.577872 31.011820
99.967158 62.533640 40.218397
83.344899 91.906215 35.931165
19.218842 88.870657 31.923042
61.311587 82.044856 42.735344
90.625047 55.958028 38.843105
99.846167 16.772022 38.422212
39.125956 57.809728 33.149767
71.321793 13.823596 30.631291
87.024684 95.482039 37.501041
94.375727 44.985489 28.017343
99.114449 7.607641 38.251756
64.602777 12.146525 27.736617
5.722505 21.701758 31.888984
30.485431 22.332755 39.750845
9.262252 18.050580 26.421487
36.301743 67.549472 40.544813
73.947216 21.907861 41.251415
17.825304 47.885975 34.609390
86.041957 39.384990 34.512572
53.237754 52.777795 36.945953
33.904461 44.812383 28.795089
66.394624 9.708335 32.737621
18.796300 10.008750 29.546730
38.149641 65.037723 29.811879
50.663288 35.297097 41.720894
12.275867 21.137953 27.885811
74.853324 20.929664 34.481137
68.360828 72.623919 28.489834
41.769813 87.140335 27.656423
73.242841 24.831874 27.747701
80.459117 50.294107 25.429776
85.446996 95.465750 26.360936
7.375041 33.278638 37.788892
90.270118 29.444936 37.388649
93.702797 36.255365 40.970344
69.025846 34.518787 34.039889
27.224131 3.682629 27.337692
66.614864 34.028801 32.814383
61.683281 68.929178 26.882196
26.731529 13.306056 34.758670
70.311804 10.974790 37.499167
75.523706 53.803367 36.245322
6.787392 51.655021 40.266232
52.812381 15.179306 35.072251
10.880898 99.216879 31.829634
24.342564 36.836522 26.195567
80.332354 55.980849 41.623676
26.170629 95.579242 42.818066
18.600489 60.796207 37.494946
20.650884 77.973591 38.295440
67.815792 19.126828 27.914359
12.949420 19.230519 33.573534
60.840817 22.898528 31.644922
23.044173 95.586719 42.476378
53.229547 36.312752 35.109816
77.381166 68.372037 42.688431
14.387045 18.615890 28.522468
19.490179 47.250024 43.133778
69.474654 29.621320 34.594209
5.651292 35.858368 37.186329
43.285924 30.256815 34.648054
45.978472 0.601657 40.671890
73.758804 99.468941 40.432355
78.917154 69.813904 40.067431
61.906890 79.296027 29.819625
85.078768 31.566501 41.231735
50.996351 95.875286 29.388548
80.768342 0.157511 34.698020
53.222400 68.010252 41.879206
66.726549 86.069530 34.625409
90.600742 9.805187 37.830292
55.201512 55.946361 40.810856
25.102565 77.829386 35.316523
5.360223 38.663306 37.707416
6.075082 36.761238 38.565906
69.638909 16.051556 38.343021
46.274490 5.313778 26.854668
32.867767 59.207563 43.194085
97.919600 39.479824 37.296806
52.602146 10.436564 39.144213
34.773406 6.402691 30.648844
74.979929 27.485348 35.806367
67.895794 90.968693 32.989842
31.613492 15.997205 38.760942
35.756827 19.579504 42.659347
22.634321 27.682810 39.989064
73.308340 29.079461 30.221269
98.547537 72.882128 32.910853
35.118659 62.809414 41.637200
20.688890 29.441103 38.569633
41.064282 54.404742 38.915705
77.618103 59.219405 29.906891
8.079053 55.342756 32.660473
76.760547 30.453351 40.064491
92.990691 40.117787 33.799264
80.354282 21.429351 40.944984
1.783999 45.247020 28.547363
10.738558 30.759939 26.349107
29.545388 43.910912 34.216397
6.622437 23.924673 38.593511
76.281551 65.916972 40.109041
45.605537 12.175161 28.039246
29.590997 54.553936 26.194326
43.616329 51.849073 35.809429