0.318444 85.352155 38.530686
1.041421 84.929478 42.666903
42.873379 46.432446 29.330334
15.413881 82.037252 35.305941
10.284611 6.990447 33.083618
95.331463 77.640826 26.050023
47.353359 40.231656 39.814961
83.480321 66.162891 34.592366
22.433163 18.566302 40.687565
34.233456 74.642250 29.908935
22.368341 11.527570 25.039718
94.077866 40.006155 36.600022
78.957999 74.852756 42.944129
2.650311 4.316980 41.980125
79.345642 56.652348 37.193813
37.134522 61.953635 40.143238
97.398815 65.289534 38.394577
29.023144 81.991812 40.256784
51.703891 9.048641 32.616770
64.426049 73.477803 39.364813
64.984695 87.510494 40.146570
72.723189 72.920321 27.353934
76.369397 77.564636 30.083960
59.407264 49.656617 28.440111
6.364262 52.068004 41.230575
7.315385 19.490793 41.845221
4.947656 53.333689 26.724869
37.408454 5.723085 36.540137
61.874134 39.229693 30.816294
87.172954 24.062121 34.168011
40.868820 44.817109 42.228626
30.791249 65.383592 33.296081
78.241977 46.603507 29.880751
40.586743 31.934315 28.886176
73.429152 15.708203 32.076251
92.848982 66.513093 31.958022
3.708756 86.769340 37.384589
9.314417 55.670206 42.883296
47.749176 69.104804 27.872504
95.530292 46.641150 41.211628
56.143405 87.702847 30.688570
24.868801 81.387607 39.069690
15.752613 13.539368 36.586099
92.139872 41.594647 42.832210
2.656018 80.628132 41.653206
90.778801 38.243637 41.163973
67.217061 48.310726 29.777564
26.596175 90.489508 35.552044
54.705281 93.898506 43.747470
22.378609 59.023146 37.456510
3.120448 98.799746 36.395543
18.176208 17.032858 31.374332
16.026778 12.242646 40.323800
84.177829 71.314437 35.501898
55.084038 24.027750 35.996207
93.355691 68.128327 35.085680
66.132866 6.099812 40.326922
71.765936 16.337577 25.808509
37.661865 47.523096 30.059441
7.482940 49.939884 39.750894
93.207407 5.625850 36.565435
0.951140 43.208359 42.149734
5.621559 94.875398 37.544778
61.471558 38.103840 27.908112
0.790296 9.782610 34.159374
46.517813 80.580317 29.577054
25.030085 61.108153 34.598400
35.886320 51.650291 31.103187
75.634298 87.813466 42.288911
3.911916 43.495766 32.225152
7.246534 46.102503 33.749831
17.710299 21.371441 33.092769
83.957214 79.643630 36.004524
59.905022 39.534620 30.172840
24.492098 95.684146 35.626922
39.757069 26.035330 33.844973
54.385294 14.971977 33.740110
26.893109 69.923242 39.781148
55.732547 5.809109 32.092060
53.834618 70.669478 39.431631
58.553776 61.312551 35.275075
47.368508 58.750133 28.544121
8.519075 52.662065 27.723167
49.960785 4.575843 37.511113
15.124958 48.087700 34.632676
44.567866 28.751164 42.107199
32.131247 81.185010 39.377580
89.308464 20.308459 38.854093
1.113847 16.200706 35.733521
23.117147 25.485833 29.596461
37.566843 27.547627 37.349546
92.428797 84.456842 39.849378
9.722386 82.987904 35.666713
18.557272 88.394132 43.741019
89.828217 66.874188 28.703352
55.953985 62.144230 29.819782
98.694314 98.023269 38.172166
23.942901 34.867464 36.048770
99.074815 41.739132 41.161045
76.360060 72.420498 37.953950
74.387643 49.783360 41.646793
98.068980 88.616701 27.638201
91.785802 82.663482 36.374562
16.065849 74.995955 37.273491
52.651050 90.460723 25.531793
17.484994 44.537704 27.793055
54.298896 30.944963 28.665411
35.592442 24.977592 34.949430
61.328049 83.212396 29.062968
98.540997 24.767035 25.367995
81.462315 28.434459 31.751916
74.006699 29.475361 41.556499
1.424580 89.179070 37.621410
35.566559 14.541544 26.261030
99.812702 34.986927 34.271389
8.337183 29.332554 40.898311
80.057267 17.506310 41.941643
80.290885 69.482433 26.720205
85.133025 8.612481 34.134284
59.142223 32.676270 42.814995
65.434299 47.096507 25.703455
91.854194 46.420610 34.395772
94.554508 19.029498 26.460728
31.265946 61.068462 37.175681
89.340287 73.397717 38.225542
64.892736 31.195166 35.746125
49.006555 9.844187 38.691104
49.382291 95.354490 37.604222
58.673780 55.663303 36.025530
53.842692 81.556350 30.519496
78.856512 68.855359 36.253569
35.973132 99.384450 37.535388
66.566837 59.843048 32.278804
80.298144 56.714117 35.907595
12.317185 78.029319 31.996226
57.814931 92.116464 41.436456
75.868288 67.764401 32.794488
66.803636 61.002874 42.484603
54.259963 70.355242 38.566047
17.449426 44.841034 39.469648
2.276152 82.323100 40.890328
32.884085 77.140881 33.837269
28.570902 93.141106 32.830365
76.509607 27.367601 38.772069
53.832033 95.456768 39.270112
62.920681 69.928736 35.061531
11.827400 72.312575 42.896235
52.559076 86.211346 30.799717
34.565038 1.945821 29.754804
94.374982 62.528067 30.160758
2.653697 26.105913 36.238081
51.924124 3.830259 35.152128
22.026601 73.911033 41.582820
85.242333 93.497117 35.475657
47.162502 41.284041 42.289565
62.729514 78.859227 39.525691
21.124562 16.502903 41.927702
82.146547 74.082137 31.228095
76.178837 85.567491 41.406020
70.375537 7.168807 42.383649
98.056132 95.200608 32.903124
20.942987 48.115616 40.690853
40.256104 19.013022 28.978989
49.566626 46.237044 33.165311
5.353965 41.065273 43.004914
45.546597 57.638509 41.098196
11.498474 2.516905 36.219208
21.929269 24.181487 43.044224
21.863273 16.365022 27.703010
54.030928 62.020544 35.379387
61.196404 71.984499 33.583084
37.253461 19.850982 33.880331
8.103174 37.142569 39.486729
70.911190 5.967481 33.509690
65.743046 85.334226 36.356364
68.382909 28.905437 29.988787
43.659664 29.094557 41.649612
46.105215 47.722021 25.019917
42.306429 93.532964 40.392057
37.932207 95.850039 42.562922
56.506203 21.866970 38.152785
45.977757 38.686668 30.181408
53.719619 19.192289 36.230616
6.468174 52.211898 42.796792
60.901464 48.733311 35.041561
49.502196 82.513766 40.257326
37.674866 89.163507 35.977377
51.296497 92.600739 28.966956
15.281190 33.705905 32.346844
57.989432 35.197385 39.906377
72.838804 9.673730 29.825688
43.563843 48.538960 43.251852
18.974223 56.892279 27.754487
18.661473 93.989981 25.868127
11.506988 0.761944 38.919328
12.425021 11.365173 31.019316
40.731062 88.516630 29.919657
92.355283 64.056838 37.448531
52.137192 59.278360 32.896962
93.963585 81.923153 26.939319
42.563363 65.515963 36.453747
79.069801 64.314417 25.950735
84.999120 15.975374 42.055836
84.278582 1.983408 30.612427
26.941936 67.042128 26.477691
88.544879 4.633473 29.768669
46.116769 9.609271 39.605678
95.451701 37.412037 36.664258
61.424997 69.134485 35.534667
32.547124 40.412028 41.949801
94.232033 13.923929 31.595816
17.664295 44.048333 39.951281
70.815454 19.385879 42.108557
70.800381 90.766997 41.232028
80.111096 84.862175 25.917681
6.873204 97.802579 35.706990
67.758796 6.231314 29.810377
68.752250 15.317326 36.443832
21.598786 87.631995 29.935149
40.621114 59.066181 34.868216
3.594742 75.931061 37.866598
70.123866 58.040100 37.864360
62.746258 26.912048 34.124221
43.342961 50.224693 33.212143
8.208377 78.780863 38.200603
22.126573 4.901785 40.927437
62.538842 46.166887 28.489522
28.258051 33.016240 37.927303
34.442288 82.289452 41.994293
86.881769 44.978391 25.533556
65.616447 22.269770 28.971845
52.024874 38.285998 35.367749
86.407840 56.674163 28.902714
53.737932 90.271674 33.380420
0.877543 48.773391 25.693416
65.885879 65.294161 37.635245
10.084512 32.362692 25.206380
18.650529 36.569771 27.292779
84.771544 49.752897 39.881429
50.162717 40.737521 29.770826
45.124213 48.389170 32.131979
95.482571 82.290733 32.108370
58.352200 7.047395 25.777024
86.070929 6.441682 28.452740
85.254693 9.821530 30.859021
35.018021 11.290058 31.563465
88.924658 55.981795 30.450617
93.436561 70.083283 33.847784
97.030334 98.809727 28.342303
22.375215 42.219988 34.726115
22.756684 27.975733 34.790282
42.879087 33.557962 39.545539
57.931649 51.137675 40.504815
15.008951 83.643921 35.812601
4.169134 44.453661 34.722245
39.501073 83.007217 26.802215
84.230608 54.517366 33.570104
43.095712 11.905884 26.108953
41.808469 83.471355 41.533625
57.895255 33.915502 31.966250
0.971610 5.900601 32.743680
91.592939 88.994684 41.641651
81.344022 67.519813 42.485745
93.693765 87.053959 28.967885
23.565202 78.604834 32.601805
69.854608 15.934131 26.546245
48.532691 42.757186 33.067114
4.242448 11.602779 31.727598
38.723657 55.386413 43.193904
36.062480 81.522390 27.445506
72.069316 76.628612 39.564175
14.887131 7.123424 37.408994
40.134283 73.165184 43.300991
98.461285 42.879971 26.426771
33.225093 24.783439 34.414836
2.332124 16.630544 30.201477
20.703453 58.752024 43.597030
87.462696 63.671261 30.655810
18.900982 20.100391 41.225861
39.405303 19.792347 25.050390
66.954353 5.747353 29.865074
82.065062 7.649914 40.453159
72.133274 88.841177 30.945564
50.194973 12.710773 41.386032
34.800479 28.339161 26.352620
50.882942 25.014929 31.398818
8.357899 80.005768 32.888474
30.242504 92.882990 31.807023
15.208150 49.753126 37.780115
93.549429 44.168106 31.791038
41.979257 74.506643 37.213229
65.304351 41.039270 36.980443
0.283025 7.234754 30.244325
81.620766 76.850423 27.321818
43.705179 15.091121 43.205937
18.644205 69.780911 34.580456
21.173498 53.572951 39.705126
67.204613 16.641181 28.750440
10.680703 64.880305 27.412913
7.415894 73.782629 37.207758
29.413370 15.370174 37.356976
7.780928 54.954175 33.823303
90.681298 32.081991 30.238163
26.858514 96.956940 34.827669
82.449739 35.524368 31.137453
74.587433 2.753653 42.511639
55.755999 70.506344 40.428230
68.217798 49.608338 39.798928
14.620280 65.228157 31.313147
96.406946 78.586740 34.079098
22.931153 86.279281 32.678554
48.343463 40.244660 38.851392
46.496108 13.946728 40.451172
10.755635 60.876353 32.303917
86.619051 36.763161 32.150539
28.651778 87.753506 29.577105
32.934746 2.322532 31.676193
76.739686 33.515303 30.855465
87.148091 75.351297 37.536415
11.581261 14.518699 38.718962
7.095927 8.913469 36.799475
46.102070 65.042472 34.838337
93.010183 58.450712 35.124793
28.406452 0.533401 28.270761
29.065581 64.846970 36.725678
37.063229 9.300208 35.036206
85.803759 23.003907 34.858950
8.708037 9.597521 32.956356
1.116388 15.374881 43.406479
30.537436 31.892854 34.540353
70.191383 79.300473 32.063784
0.719960 35.415927 27.650791
58.534143 10.418092 36.710529
30.655218 62.782537 39.276459
98.565091 16.502711 33.905963
63.207714 88.271334 28.188193
34.950587 31.462470 25.121866
66.464583 20.436751 33.382277
55.432955 6.413593 38.010625
51.492731 49.707572 27.979439
92.705304 54.169158 37.353176
66.359919 26.734087 36.850524
41.099966 18.974634 37.448459
95.533834 11.770727 39.820631
60.249027 54.098867 25.365248
8.293315 43.563685 42.246297
71.476162 79.685600 36.670541
56.611653 34.817110 28.942525
69.117438 39.553100 37.617440
96.932173 33.178318 29.218688