36.212070 95.543749 33.357286
72.780187 96.704653 29.531181
11.435358 87.083784 43.371028
52.890660 76.055741 30.229727
3.387980 59.986660 27.753906
39.126668 40.750021 35.315178
80.951866 67.724730 40.196723
61.229380 69.126706 32.134530
48.837948 0.148833 25.266213
66.583323 25.525998 42.183875
15.241845 66.822153 34.879152
49.301996 10.982975 26.644526
51.671791 42.527598 40.267222
96.801665 14.167862 39.041746
44.971511 98.992923 28.453084
28.822366 44.839317 36.112277
40.677470 18.589313 31.948233
87.622536 58.992780 26.644718
54.666989 35.409246 31.774142
41.452932 90.116905 42.300535
77.389923 52.043483 32.054003
97.433065 49.014951 37.705694
67.701730 80.391473 26.145038
45.371035 71.238922 30.415653
89.859140 24.371403 31.786292
55.182802 60.284269 34.402570
84.969502 89.322932 39.672998
20.667024 97.331527 25.310127
97.671429 26.907910 31.634925
71.765895 12.843149 42.338190
38.360296 88.912173 29.748357
27.334502 63.303736 37.382588
23.298459 23.279411 35.140067
6.849589 14.986147 25.569033
50.258294 61.923336 31.835429
48.097462 5.546005 38.858216
25.287544 42.710480 38.543781
17.558888 73.886028 39.102905
7.904408 62.496113 40.611682
25.246434 74.148082 28.983602
9.775945 20.122675 43.496629
30.490008 47.948804 37.818510
4.279089 48.502674 25.030290
95.066428 58.201536 34.242088
44.922986 41.261981 28.872909
16.218164 68.904528 42.280078
62.864317 82.551902 36.631903
8.897282 94.016164 40.380177
12.801336 68.086750 25.570260
61.391324 67.702287 40.193662
10.891972 96.604151 27.223735
84.277150 59.177682 41.104389
46.411775 68.713202 25.459746
96.260090 75.334792 39.885922
78.592803 17.398048 32.411542
15.621759 36.398189 42.927051
71.165227 47.479450 36.425611
80.119589 87.428168 40.670154
53.575850 46.845856 28.692649
67.134974 72.868737 43.726015
77.962463 32.101057 28.088000
24.580102 35.587843 31.590075
43.660777 56.675060 34.080032
15.173825 36.653954 27.512152
98.882855 1.525083 40.137215
8.711534 24.162040 39.715822
72.170953 57.571335 37.910807
72.607272 13.366841 34.533089
72.092653 70.095267 29.831946
98.086007 99.719450 27.676901
40.095110 48.932717 28.083721
57.627554 87.394791 26.157996
39.493664 68.180123 33.202380
73.854950 45.546019 41.903150
2.178573 65.206327 31.122009
43.192855 78.428221 39.780728
58.188884 57.967207 36.467111
38.574125 49.227969 27.214130
88.219090 86.752397 35.353375
94.272930 57.919505 27.746102
98.821717 94.633359 35.265360
71.167989 26.861388 25.642196
90.417334 75.926657 35.207371
34.138395 63.768000 37.493545
40.827886 3.689420 25.160992
17.965321 84.377629 26.383244
26.941365 77.957822 31.840347
24.783731 49.822744 42.598151
65.230055 43.901156 40.000550
29.022433 89.539908 39.137482
41.776756 20.761784 41.670861
97.599568 39.670696 37.897430
7.629170 35.438090 32.880185
32.630096 81.226198 41.317206
55.949355 50.227413 29.325882
79.744503 1.964309 39.271269
97.899894 55.993536 25.771211
69.600312 28.012517 39.607846
31.752249 29.460425 43.065424
35.637402 42.929873 28.309560
40.367883 70.217047 36.812906
52.177498 42.465080 37.858116
5.415248 98.352460 32.217047
81.910278 58.001398 37.805484
57.120282 48.309107 39.788891
73.334661 48.434754 33.207850
25.872966 49.324941 42.568400
5.105782 25.065245 33.676912
97.625385 12.548784 33.228563
62.079534 87.155934 34.319109
66.644542 52.692394 36.603365
90.089242 4.640084 35.650384
32.181579 0.477043 26.898108
45.658160 83.229851 37.477958
79.748661 62.105236 29.242205
11.348294 64.186994 29.182904
93.464895 81.368091 34.775595
5.912326 70.693759 39.563199
64.459716 25.094982 41.593200
24.075266 43.781455 35.499130
33.738901 29.841133 40.183505
23.650638 50.159158 38.724072
75.781777 61.231175 30.978129
90.724325 89.382351 43.619905
38.222617 35.773984 29.800466
97.010817 65.988175 39.591367
4.177683 17.341131 39.086730
23.614713 15.405405 38.861430
1.249871 88.658687 32.341136
90.707210 59.762618 33.005783
38.165814 78.964776 28.853474
56.643549 30.913037 25.014768
19.457852 56.306402 42.681132
14.715821 21.235726 39.112080
53.971408 25.149164 41.624346
34.703771 94.572689 38.455728
64.786378 32.384492 32.224701
1.520116 26.144932 40.803300
6.037639 3.435772 30.902468
9.201018 83.557377 33.404944
99.433971 85.724366 41.754748
17.720462 32.020066 39.510746
53.690322 95.789200 26.905393
92.354042 13.242618 37.763383
1.378276 63.020286 25.901667
54.646216 43.280201 26.815018
15.717698 27.664134 37.637159
13.658949 27.572834 28.601181
93.162957 44.815624 35.451711
97.201001 0.034241 39.884882
5.303605 57.609894 35.181941
93.296650 23.531835 37.511226
20.652485 4.052370 32.170543
34.288192 96.734358 43.532946
96.498240 4.726159 34.790906
80.837053 96.597824 40.860043
80.935134 33.519920 33.604588
17.566486 72.161047 43.323735
12.670809 20.189642 34.886694
82.066779 48.091793 34.799411
74.542635 92.530311 36.311491
44.134395 21.336269 40.588605
43.155084 44.667648 35.285709
26.373034 68.683420 43.657684
16.629783 2.611179 43.222965
48.377301 93.235089 34.281269
44.941740 98.080677 28.344209
92.837468 78.613842 30.445785
23.975827 24.229613 37.335522
24.841278 64.305196 39.956808
27.456007 4.259400 25.207768
41.540568 64.751237 35.404503
64.412856 90.509072 31.503581
48.033207 40.004695 38.694637
93.668859 14.599788 27.258420
50.953773 25.391028 37.508862
15.187486 40.319644 39.752344
62.630104 45.760078 36.367149
50.846426 52.138675 39.719908
63.089628 14.572604 37.932665
81.004761 90.101911 35.203348
26.558978 92.767351 35.490147
58.038302 88.872623 35.385894
87.453320 30.008678 41.169624
46.775730 43.652684 38.625852
7.310881 55.733011 32.659662
5.024140 81.351540 26.664225
9.768781 80.847887 32.892712
95.659733 95.570551 36.097111
53.765690 63.099086 28.054970
87.534107 92.571103 33.850605
36.515923 71.443736 34.938913
66.492017 76.614048 26.755733
73.427103 26.853828 33.765308
84.338028 20.075187 36.139525
29.366132 51.093789 34.700202
30.801240 29.286139 31.577681
26.895381 11.045715 28.838215
85.913021 96.076869 37.257119
7.353533 32.648702 30.050080
71.263623 87.454774 38.893134
22.557363 32.951028 31.443696
87.326235 24.663435 39.947133
40.849273 65.673282 30.419205
87.709053 39.066839 26.863283
0.000364 51.658600 40.730228
13.666872 75.096603 41.482576
79.475106 69.482632 29.761962
71.021458 84.784543 43.304211
83.749993 65.779440 36.171191
12.349064 29.572596 35.369000
8.046323 53.809586 43.687030
99.195116 5.189607 28.308881
9.032664 41.499932 36.138268
99.345793 10.162066 34.625088
98.004214 3.069827 35.253869
38.590037 10.283108 36.892679
61.628563 3.041690 32.257828
32.129866 3.108331 41.203642
19.015512 68.423985 33.173510
53.610366 29.457060 25.288242
7.377776 54.920214 41.650084
54.831029 56.418706 34.076240
18.729442 81.080536 38.790799
82.428889 71.840856 42.150800
40.828712 75.000388 32.454087
41.511391 21.768254 38.172662
16.032539 94.660644 31.714273
23.278854 28.674174 36.004000
70.243626 20.626884 35.700972
97.544087 34.472450 37.941086
81.828407 82.905985 39.970009
47.627641 15.419139 27.694078
30.457884 74.188759 30.020610
58.574634 84.625431 25.221573
54.743650 83.361483 42.569813
43.318648 3.000355 41.121081
10.436430 94.634635 39.804386
22.832420 5.287874 31.428475
19.628167 84.209619 25.380745
63.894143 18.430836 41.517359
33.029071 6.498842 26.247354
90.904898 28.916407 28.101585
80.812043 90.976598 27.515850
13.250331 79.731209 33.694277
38.924902 29.476889 43.039077
96.481096 25.572641 33.369177
21.418847 18.433003 41.608304
58.498690 50.166503 40.491889
53.428490 70.882506 38.680781
74.963450 92.808325 26.070816
41.530827 39.617266 29.851497
82.822165 88.876879 42.529101
85.519730 29.265907 27.871607
60.413781 10.298730 42.883215
48.309871 21.119904 27.879969
69.655114 45.444438 25.426920
43.469528 78.492912 27.734006
14.690742 64.087915 41.025268
90.705829 32.658347 42.474949
5.594436 17.101020 31.229457
30.051859 32.445127 36.078318
81.481892 91.098497 34.087537
45.323870 26.564327 37.610668
13.994195 51.829844 34.058728
46.099528 75.751256 38.736516
20.007280 23.730841 36.040044
83.480097 63.628943 29.163362
21.067982 53.796452 37.354646
71.895030 61.995138 39.923295
8.509615 99.856940 30.944966
39.217400 12.440863 35.564242
66.046329 59.398799 29.480329
68.490197 70.963400 26.104849
16.751067 8.707785 43.673225
28.554915 50.631469 29.195788
39.750006 13.401969 38.128127
42.031489 5.417815 33.120373
7.835173 52.962893 37.850141
74.066867 13.731959 32.859589
1.645148 94.416064 36.691419
22.894023 60.410829 40.499707
27.601319 21.014435 31.738807
16.536165 8.711248 34.548861
51.199229 34.116284 41.504965
39.904563 54.795640 26.693159
92.752856 34.251518 41.946520
61.233112 39.378111 35.645265
79.818782 95.096625 32.170369
55.260399 27.121117 35.456295
59.733820 19.501312 28.407485
0.555634 53.580665 33.605206
14.268114 17.925463 26.930541
31.516713 21.865927 43.236409
14.038643 16.543211 33.768550
97.158721 96.928020 37.689300
28.087975 25.019554 34.388358
30.581336 86.917151 36.527104
52.863356 42.702396 30.089091
11.540136 40.761650 29.665843
88.839316 18.012647 30.242115
38.975005 57.537784 29.471859
97.378076 2.997820 32.147071
14.038785 1.297310 34.831359
17.207112 13.211154 32.042379
56.354343 39.096696 33.331309
77.116598 27.446633 30.958573
4.675368 50.544042 38.710070
99.061036 58.140351 27.286168
6.083863 39.352490 33.586539
89.073721 43.711359 27.271949
13.576600 95.132676 28.443552
35.371979 0.940342 40.743021
67.155503 26.572089 40.234237
70.424604 66.706216 40.841878
59.119368 55.419387 25.929329
97.010987 71.575090 28.846124
88.493417 28.965601 28.135479
77.867681 52.502933 32.297439
96.992539 66.086239 35.323984
3.605194 90.742134 39.583426
35.828199 5.488016 43.369802
84.494282 7.997907 34.941691
2.090443 98.357719 39.872661
23.972177 79.087225 31.989520
67.069137 29.019453 27.295586
16.981735 69.278988 27.210507
48.157823 99.914623 42.301420
83.654732 62.716174 30.300682
78.055713 56.232152 29.131854
18.807823 85.978713 42.099171
93.001865 42.662243 28.503439
64.148632 26.052117 41.455544
83.982903 35.520512 41.717433
53.593493 40.516852 35.836974
65.900048 49.620354 40.945974
95.725467 51.109570 28.764944
42.516209 10.369071 42.210984
99.896336 78.964594 43.129496
86.169508 88.122326 41.809576
50.802310 1.376380 31.241856
11.333413 24.094306 40.211253
55.051036 32.540724 28.532119
29.642373 59.865172 31.666557
14.013768 72.783668 27.541524
63.825982 30.422472 33.664292
96.878524 53.981630 32.907852
25.502588 26.124277 27.361744
70.109592 59.298021 34.434994
53.787078 81.463190 37.350536