39.892825 29.632045 26.535638
57.978180 29.224673 42.384686
76.856569 52.211447 26.261495
61.724792 84.907607 38.308147
16.494186 57.579118 33.415836
93.123524 61.953131 29.765143
57.577771 14.737471 32.009457
75.133822 98.375218 34.233394
69.168974 82.022114 30.714660
29.800162 62.466354 39.631424
95.887761 3.876029 34.519718
53.480508 14.860559 38.705207
78.673361 61.273390 29.608182
19.852665 47.666802 39.230860
34.569540 99.247951 39.363195
33.787236 17.870528 30.015707
26.308567 98.949114 40.673843
2.379874 74.525190 26.664385
8.976852 61.892645 43.287763
42.740230 63.035083 37.673244
89.985862 4.305990 39.074850
95.196106 70.019308 29.783479
66.942032 30.164684 29.280682
36.822038 83.644875 27.144982
39.543136 8.905748 42.156433
33.359965 7.818103 30.575021
24.115017 71.176008 33.244262
31.014045 32.752683 36.737498
69.835999 20.074381 38.363294
65.178990 57.054401 28.001363
41.033824 91.550800 35.492848
55.877204 19.058785 28.550256
24.034774 18.742623 28.337305
22.731927 32.531796 41.590499
87.956937 7.106661 38.092925
54.222778 22.050661 33.282788
32.836785 30.587401 32.713308
39.348635 62.744725 27.127466
13.651549 43.557234 32.679815
66.154936 23.160160 26.116256
50.462656 90.068816 35.494658
41.662989 99.929228 32.148518
33.662348 63.290475 32.005990
17.799393 3.179035 37.025840
79.495755 58.514407 30.993475
15.117507 79.568111 42.286432
46.701532 72.785423 41.964869
65.366623 87.549412 30.264557
20.676348 52.752978 34.647471
0.453819 4.363144 38.048672
14.135004 67.011589 42.781677
87.372562 16.591977 43.277257
27.293178 21.942758 32.078509
16.623944 80.461011 37.005870
33.570153 9.711652 26.089560
88.856483 8.654504 26.088188
31.193438 54.499377 29.496480
44.833430 53.123756 27.043586
68.809263 36.373578 43.185436
78.088138 53.634705 26.447253
46.503950 68.858785 37.200777
40.685420 35.266798 40.844580
29.729092 83.271048 39.796477
84.127974 69.052575 27.794749
82.931217 0.359328 37.536103
5.335325 27.997187 31.443922
40.200435 31.965836 38.205257
70.791764 93.086415 42.016592
37.084830 28.850186 40.070176
26.347199 78.014723 37.118622
87.423614 8.913506 29.903729
77.830551 23.646541 34.166584
94.109827 12.246534 27.865784
46.186451 69.678369 38.401131
3.208674 27.554825 32.117123
40.613304 2.250729 42.693131
13.496647 5.434186 33.017018
98.521569 62.970639 27.764858
42.730172 78.314335 29.547081
77.727746 82.913035 25.690951
10.377468 24.399466 30.885827
87.956240 57.936523 31.403843
13.245570 90.125865 42.418849
69.655559 78.486682 29.143181
77.046328 3.995719 38.897967
44.430828 0.865855 42.052331
49.320297 48.862561 26.678300
38.700659 93.947499 42.615859
67.082563 44.543951 31.507701
24.010799 46.074978 31.532289
93.628315 11.735532 31.027292
70.875438 57.542554 36.043402
5.852801 33.083973 35.016715
20.496113 80.530228 25.488675
65.576226 80.799992 35.893162
57.198603 96.055760 25.684754
85.863457 6.514090 28.385749
97.979272 60.190722 43.521337
41.489078 23.813153 42.700393
93.644751 74.801412 29.363803
62.596301 5.062436 30.089437
14.974376 18.449818 40.279399
43.939066 63.567789 36.426671
33.257989 64.020497 25.890443
21.436533 88.123936 27.120144
61.763330 56.053896 34.737935
66.245965 21.180494 35.129100
9.410898 38.723708 40.918637
69.560889 79.886946 41.082622
7.583823 72.155176 40.044332
74.849267 6.568108 41.054550
64.437039 44.076764 43.140994
38.869886 39.903736 26.620833
71.998456 1.770918 30.471629
35.514128 93.277162 34.111026
20.012974 27.910768 43.143083
64.918004 44.983425 39.441003
2.154880 26.227722 27.387622
66.808080 43.187393 42.089064
33.675145 69.138292 25.074540
62.202043 7.393081 27.051549
62.372549 24.135455 42.734990
5.516171 79.495543 34.043790
93.297427 80.800091 27.993729
70.257401 83.812877 38.681320
93.540866 66.538385 33.025092
67.422203 94.260150 37.239057
2.265646 13.952339 30.740102
39.160669 30.690652 27.260422
51.368819 81.279878 36.583404
9.077012 10.876477 25.279186
23.655919 21.965806 40.917118
62.622953 67.333882 39.278321
0.358024 36.983837 34.448997
13.928637 82.137575 43.140667
10.411522 75.771209 28.968519
29.863355 0.204687 29.666413
87.438183 62.231899 38.737013
82.452257 20.675999 32.717504
21.833278 37.494725 25.715597
42.703037 14.051820 41.907292
49.266400 80.903546 27.963824
66.137773 67.231596 36.814095
92.731880 33.322337 41.099922
25.939778 15.979768 35.309753
70.402160 15.752686 30.205372
16.141454 12.229922 33.983232
99.877721 5.066316 37.404777
1.688417 44.922065 32.571733
85.134295 70.476830 37.147157
1.910913 79.456946 32.584592
23.792780 77.324234 39.849326
0.298561 2.162562 33.632453
52.968435 98.669211 27.527707
41.251799 26.578268 25.822507
55.213942 15.275014 28.329938
59.951444 71.968519 31.726280
63.149016 17.291641 42.880215
86.835795 6.419774 31.582046
29.341403 95.907325 36.816200
95.353877 92.402810 41.937083
93.061484 28.993789 30.828521
98.271805 60.968416 33.798176
13.715065 66.701791 31.416021
33.210259 8.559017 41.811668
50.332968 8.757599 31.020235
23.531771 99.696372 27.712264
0.488190 78.831286 43.673475
85.166509 19.487024 32.001489
10.725933 49.894757 41.754930
57.721959 18.567112 41.719377
43.479664 14.913467 36.648304
17.349596 28.305122 31.899939
81.772462 1.360528 31.953724
23.688326 90.712228 40.075468
86.230642 87.306324 38.645227
27.280480 52.354739 25.726924
85.113436 92.580886 27.741426
83.221046 3.771235 32.478434
53.365159 82.919428 41.759655
37.207180 71.409172 27.163121
76.255036 41.159611 42.003449
44.601180 25.443336 33.287395
89.701032 68.926102 37.228134
99.676838 93.093203 40.795215
92.567564 19.377901 36.282728
51.347066 17.725352 27.628916
66.829102 34.474027 40.641619
94.953177 15.144207 29.046338
96.573118 1.156602 36.802209
79.007349 52.616490 39.233466
60.116996 65.150217 35.551922
76.644444 22.661967 36.871728
41.774091 95.128141 34.523740
78.728279 8.658141 40.053361
36.221298 19.012569 34.510376
6.668817 53.988552 41.563144
3.897511 20.706598 38.780646
26.681637 30.279169 41.781644
19.725291 55.826867 38.809344
39.854537 31.926906 42.795240
23.005525 4.264258 32.409115
44.110726 63.453518 35.402474
23.037100 9.491773 41.010511
68.497746 45.937287 33.347095
71.579716 99.040283 41.284414
51.091612 99.319582 26.894002
1.678328 19.081192 28.167142
65.549594 96.724113 40.005422
76.064938 51.655701 41.230538
65.008844 36.647211 35.263421
41.610105 48.440881 42.368124
32.470968 50.336381 36.973588
8.366148 46.328321 34.520183
55.473713 63.292643 41.267415
51.650140 0.831814 39.788010
88.815984 50.877937 27.876848
9.135813 75.012396 34.538383
54.667627 87.485710 32.266728
23.361099 39.742976 29.789135
95.302028 69.490980 37.049905
94.228625 80.100621 35.250349
6.132134 50.675626 35.211456
39.685702 18.685499 28.344645
85.117261 19.649293 31.608774
69.382478 11.059345 30.001869
40.162478 84.357066 42.128085
40.754992 65.182325 37.285838
56.405388 89.382394 31.174502
5.677816 91.384915 35.562933
4.190802 59.207153 43.095030
19.458801 70.811247 35.330355
70.465986 1.100276 31.339260
15.842678 79.415324 25.894442
10.813814 0.176353 38.832288
27.756217 38.005873 30.158810
58.456002 71.596063 37.883111
77.795632 18.990871 25.306901
33.728580 21.587868 36.500410
50.802903 86.668613 41.906600
34.724040 61.090666 33.335150
52.074182 27.058959 33.547315
46.108560 56.963630 41.716754
86.507456 7.063935 28.932603
40.393685 64.255749 34.286856
72.514210 55.304607 34.766608
34.470822 48.852100 28.102500
67.891726 38.616217 41.724338
47.623460 15.300452 40.364234
95.527860 61.006263 31.360148
69.225205 35.522853 29.972294
27.077769 6.267045 37.866570
45.330906 77.817650 31.356276
29.739528 60.161013 37.700270
65.964206 99.451965 25.070363
67.970789 73.388860 36.884227
35.376805 92.047153 29.505736
3.033099 20.432637 39.038688
95.591442 18.090060 28.598056
93.582715 65.658623 36.338172
36.634660 17.240350 34.848284
39.202848 82.397249 41.134204
5.420338 89.359674 25.063237
23.892706 31.652889 26.926836
15.818876 62.334934 35.879320
32.891331 71.922039 26.949369
56.834417 99.362804 39.177642
69.726967 30.534214 40.650113
19.359132 18.257759 36.121539
57.146040 77.557061 40.228973
75.352082 70.503674 32.261626
25.913012 25.396031 27.581462
97.351814 98.994985 33.074423
41.106798 28.821017 42.895782
80.383499 36.874431 30.127157
20.264065 48.225517 39.058795
13.176422 65.568303 31.769183
82.566637 61.964760 38.987826
66.855679 89.969175 40.011069
70.039035 74.428750 40.525290
98.109777 55.846298 37.355635
59.499365 10.902209 40.769106
74.045189 15.085669 39.226089
0.484242 67.884299 42.693860
7.204807 1.196665 25.876136
81.602114 29.204665 29.711432
94.064550 7.578117 37.953578
90.674567 57.897833 30.046086
7.201388 21.191094 30.330100
5.616258 65.331959 31.144342
7.691385 45.359452 28.285633
21.348511 60.392068 30.414352
2.048896 61.298892 32.231209
54.336615 54.828059 25.199042
44.752429 84.024645 42.018849
62.149539 57.203588 38.502162
95.095900 64.619034 30.307755
10.083665 39.953881 26.344038
40.731519 50.572688 31.301571
52.735172 39.284354 27.100543
58.649099 27.701051 40.729135
8.686864 62.203909 41.292388
3.582904 48.659620 37.439550
55.313384 53.470755 30.773957
64.390429 6.075194 39.948492
41.381932 70.654825 31.730476
40.858625 68.562898 41.490861
95.653480 35.057056 26.382074
36.187974 84.803396 35.706985
0.932315 89.945918 34.486564
41.350408 30.511335 38.966887
32.508964 47.688367 33.799632
23.450309 7.940692 37.860720
93.979500 69.575387 42.290530
14.333316 10.401700 34.374692
51.553909 96.869477 33.009850
30.915716 57.129257 38.647156
54.222951 79.066991 25.272788
79.787352 44.459612 33.257752
57.288417 3.744348 38.705488
9.460864 18.608343 34.986989
33.303819 56.426868 37.697962
68.852002 91.756746 40.898744
57.557427 86.326467 27.083522
17.822323 81.049518 31.779986
19.555741 4.474663 28.562339
5.435327 39.687880 26.717089
5.724288 66.806089 25.600157
63.512810 35.045446 29.098711
92.769257 27.599481 33.774456
11.220452 15.283790 38.967308
67.636167 19.856515 35.093286
20.093692 54.137657 26.580470
89.634666 72.842340 32.428446
45.858542 11.867342 31.129418
91.471775 75.420437 41.793308
89.745421 23.798658 32.357540
51.034057 96.773675 34.673054
54.090593 33.482968 36.860498
10.607794 72.125966 36.398832
34.360183 56.907934 32.773117
83.666421 62.994449 33.821654
1.732856 44.548531 32.816802
69.335295 65.624165 38.691728
7.248126 18.818976 37.833519
29.862057 79.928746 36.765179
85.921597 0.760673 34.467794
4.486705 95.310077 32.139515
97.008274 47.525625 38.384485
85.025329 60.494726 39.384634