99.511805 87.973839 26.338803
41.348499 75.984960 37.368053
28.470319 11.403006 33.065177
83.084586 55.322913 43.004834
1.641306 82.817123 35.301162
71.915963 30.470873 43.513265
74.451632 70.404999 26.915873
82.789117 56.732930 36.057783
43.088257 66.704695 42.588827
4.419642 59.518412 36.942375
71.759012 54.298899 33.287989
70.781132 90.771105 35.086686
58.470073 22.017664 34.801401
35.155191 35.156910 38.199769
66.178780 76.679820 25.615100
44.966526 2.215853 37.150230
4.394449 12.332236 30.372815
45.771275 33.758625 25.500563
32.169311 6.544518 28.979406
62.212338 79.087647 35.451480
80.202341 39.697484 34.887174
86.067708 56.046805 33.668363
4.489820 13.133889 40.315468
47.822825 74.409408 33.720119
60.769944 39.199985 42.364560
81.111034 8.850375 42.188237
5.922380 86.818223 39.628715
42.870594 30.226250 26.530264
94.795961 36.059397 31.295497
21.205584 72.391099 40.195023
50.208591 7.176379 27.354079
79.307450 76.521400 34.524535
72.132771 57.711134 36.923652
34.642367 92.559252 26.918401
78.930334 36.452418 33.757896
11.561358 25.256511 27.930264
80.614565 88.013486 38.783919
38.527711 33.286808 30.089421
70.581850 58.794301 28.721400
8.772540 69.401796 38.788609
72.223902 31.003957 29.065766
9.867779 60.652817 42.732445
69.321985 35.302548 25.391926
21.802384 59.012511 28.791100
15.376140 87.714938 31.220447
91.569197 97.120257 41.163096
53.331372 92.518052 33.803667
70.836209 92.895163 35.545240
80.953477 13.707316 29.100223
81.419417 76.829727 32.311129
32.617548 12.928378 37.562133
87.098580 55.007769 36.833238
57.684388 61.772082 37.622690
0.921093 43.499519 37.509018
57.402996 76.948983 26.246400
55.624673 21.291700 31.446396
63.860467 54.743801 41.563642
65.499268 7.934387 41.470558
42.970781 3.264517 38.575346
22.059919 54.760778 29.848774
33.167349 3.562534 41.444966
58.970627 90.448287 42.010314
57.917500 99.802131 43.412621
91.410959 18.332670 34.780400
0.324961 51.615256 36.969784
77.914953 98.274563 34.028463
61.565070 15.141310 35.400873
16.531037 9.656085 30.551788
42.318740 69.097760 40.070175
63.170683 48.365520 31.268153
11.704565 23.075261 27.348992
32.936572 70.956600 27.983448
7.195695 36.724881 33.632888
79.677499 88.321553 30.240070
34.472583 30.195976 36.866376
9.836320 64.942686 32.757789
17.583516 88.557304 36.618716
98.230603 39.357335 43.461345
72.474590 81.358404 41.589551
31.754377 61.212067 25.365875
2.013461 14.208388 29.835800
8.998009 18.554135 35.712758
51.474231 34.550159 29.890600
59.971271 29.609923 29.074893
88.419381 6.195740 38.069748
59.882103 38.369942 27.483863
15.181378 87.008835 31.608825
16.168182 72.134411 36.863246
79.051166 38.272808 29.961603
34.696535 55.280145 35.661009
15.934071 16.539891 32.464810
52.767926 30.329069 37.264479
66.214245 80.557260 25.789761
18.653213 59.225361 38.583879
10.424322 34.268385 32.598153
55.584055 17.511786 31.892996
84.024399 17.952242 25.372400
34.258463 78.790920 25.111907
38.553324 75.284044 33.245411
29.312616 31.876179 38.067014
41.243607 69.700987 25.712702
9.729992 99.276360 38.658145
26.080015 40.935312 40.953465
44.837620 15.591486 28.864802
77.808547 21.515719 26.057730
61.734833 37.160818 29.950160
77.214534 89.420042 43.334161
1.868603 36.164905 25.121768
48.322084 92.225155 25.767779
10.477670 51.877789 33.579373
53.780991 62.850262 34.353992
29.245981 54.535999 38.666771
90.703411 99.841833 30.885270
82.603691 71.344234 26.695468
52.238798 55.601806 38.846096
5.971230 32.027712 27.913732
12.178152 75.408031 38.395292
81.578026 96.776113 40.825484
84.547240 75.244902 38.952079
11.241562 15.857011 29.362344
89.942761 90.581722 32.607705
61.241082 6.875730 33.520159
2.894132 59.583252 35.505705
61.972892 64.856675 40.387021
65.335083 58.713434 28.166932
12.057564 1.011441 35.397848
1.723493 55.056907 25.759565
77.851406 29.062895 38.682798
68.860185 2.270119 27.417688
61.564331 56.210766 38.274573
15.115037 96.440133 29.707424
78.597268 77.016582 29.693987
61.998349 81.765042 27.652676
98.226790 59.250658 34.309323
71.793670 39.805070 38.837132
26.423501 98.550274 34.480591
64.513461 48.496573 30.332850
18.121640 23.356533 30.024597
74.491897 51.867596 27.713502
83.766577 99.043102 26.776801
54.792108 78.564334 41.495034
9.805177 90.513716 32.335994
57.934853 20.515114 31.286763
92.766228 61.738203 26.357300
16.779967 27.128855 30.163329
34.470355 82.557556 31.097056
2.298254 1.337659 30.687914
62.266366 2.599489 28.030286
99.275763 80.319284 36.984454
14.575713 23.933773 25.819027
66.652299 70.124822 29.613813
62.970771 79.419406 36.824068
66.421623 97.185460 27.548057
38.475071 43.185551 31.874677
30.105956 31.273415 31.754311
3.549983 25.706979 25.855933
93.791596 54.174842 41.075072
54.498949 54.532749 35.364555
81.987264 94.129880 36.175590
50.357756 36.660514 29.524521
1.822079 9.668360 31.728565
18.868651 25.616785 26.366221
67.607246 16.465204 42.859297
4.233901 49.315832 30.820715
39.197954 83.954583 43.501915
50.080251 89.498248 39.993252
98.239566 95.346826 27.446816
32.208094 40.076345 25.159617
86.868007 17.040369 39.047172
71.728860 75.031857 38.447459
38.990597 72.582671 42.458727
75.944429 43.791948 35.711388
69.375896 44.447538 41.913046
34.238060 16.860863 28.597188
84.361815 93.843871 39.236848
48.227977 52.638483 30.932788
94.045383 18.662801 39.454444
53.350301 79.703711 36.187732
3.084541 23.968685 32.770500
33.837679 91.774636 42.977871
98.217512 32.475466 41.223385
86.700868 71.267605 42.890630
49.612278 88.200009 39.588001
29.294936 31.626807 27.441551
19.075598 50.625541 25.703508
68.741279 66.576350 37.665550
96.730745 13.218411 26.302755
49.661720 90.852321 27.331324
83.078399 14.409065 30.076101
99.862442 73.263700 41.651027
94.048548 69.176127 27.270415
48.831207 51.598630 29.119715
58.201794 89.023581 41.388606
2.900568 94.398068 34.957750
84.784213 2.242733 40.357450
25.021928 25.357404 40.158061
39.008073 62.964030 31.588544
10.944310 24.261925 34.707322
27.278917 12.972680 35.188507
73.951059 87.771831 27.794195
92.437001 89.446762 35.550673
34.485012 97.349997 38.423428
95.422738 90.876476 38.151946
4.759285 65.779903 34.950256
36.824763 64.972296 38.987984
8.870114 69.159623 43.245887
90.059506 8.221937 37.215862
8.209918 82.900033 36.308238
53.987033 16.379178 26.680858
40.479779 45.536713 40.142800
23.032724 95.384202 31.489624
28.810904 74.446184 33.754324
77.181752 32.745251 35.316754
93.018467 19.728231 36.815808
98.833923 70.720754 38.225978
14.244160 68.220191 39.395694
4.154491 99.837968 30.565028
71.579622 83.586488 25.532051
99.002321 41.628156 27.544131
25.689270 16.837920 37.011848
55.508493 77.000509 35.840632
10.551179 55.315430 25.344119
16.385395 45.688729 38.842273
88.881604 59.115443 27.888790
47.647330 77.897603 43.710807
71.327283 22.289830 28.594632
80.412788 25.815547 42.751178
0.246221 47.414050 25.301590
57.036901 36.471747 39.054331
45.244114 56.715014 34.246293
64.042898 99.253317 31.651099
51.499197 27.754960 36.780274
96.120922 28.288599 39.795570
30.947430 33.303629 43.242163
14.536795 61.501080 36.039993
13.294712 55.244481 42.923856
56.978671 48.863285 36.328997
31.664937 88.136530 28.459509
12.126916 73.135440 41.462673
92.851097 55.902558 29.862877
74.551556 81.568016 32.830950
86.553918 62.401950 34.191125
56.436377 26.887820 27.888506
95.115016 55.779378 42.285985
62.263667 59.801405 31.085798
18.031981 50.237863 38.359880
15.365968 69.284776 32.872755
52.951142 29.341899 29.037600
19.638508 16.855529 34.441961
44.666269 8.607914 40.531177
34.780609 61.695221 34.398256
34.944979 67.437802 27.027203
27.299772 66.020525 25.566664
88.534438 16.307630 25.423284
57.121701 9.788622 40.884366
9.364518 15.325639 39.461026
93.136515 66.638357 25.759513
42.585091 81.737938 29.625483
11.040672 88.278130 38.777469
20.009734 0.259835 34.963618
32.125738 99.867338 27.410485
69.943741 96.355860 26.858509
95.591687 32.822379 28.871114
24.041334 24.641389 28.076335
49.900392 79.710297 39.959338
51.460529 43.113043 25.008746
67.436234 61.785211 41.193814
41.515832 86.659505 43.424426
68.289952 21.792917 35.797848
24.771597 44.749804 28.623749
22.165450 71.625255 37.308375
19.673883 72.344809 43.552607
55.912650 39.438235 36.271790
23.503280 20.545600 32.957885
30.175433 65.397776 34.959615
18.032208 80.787633 25.704380
89.711231 15.663814 39.895504
10.940335 32.873716 30.572484
97.311712 66.448440 41.306529
89.115296 29.522905 34.739479
10.467303 90.603021 28.242054
24.961499 42.163131 29.601860
89.616277 99.076682 41.406621
67.169858 24.064721 27.478759
60.476836 96.709372 41.334780
95.624320 48.157925 34.183318
77.934552 1.547027 29.571833
2.448726 72.297345 31.367813
19.985239 17.084683 40.470161
81.445045 83.142101 30.114001
7.931620 55.968244 41.042419
89.794243 97.028717 30.590162
21.401406 84.061160 36.674029
86.020515 41.763365 38.690051
33.696999 68.359591 34.729189
67.744956 90.214795 29.127600
74.989796 43.640733 35.592175
37.005809 15.068053 28.269117
13.576403 87.672317 36.634296
68.131488 11.024986 26.109257
99.844934 64.373851 37.937448
68.669989 24.309011 35.381074
94.473431 85.918588 40.767031
57.678671 6.732670 28.118182
90.561240 9.970333 38.889180
38.706961 11.323403 41.836686
16.639873 5.174238 35.903741
41.529384 27.506759 35.276822
58.399388 82.411378 39.506370
82.691966 79.409191 25.483913
26.550910 84.353376 27.642846
66.973895 66.454583 35.791817
65.884841 73.539653 27.213171
78.501316 84.701143 43.671043
7.804681 66.620288 25.666826
22.939154 24.300557 25.400386
99.064282 91.751690 42.825772
41.676159 36.871390 41.234459
88.247920 8.323948 38.060271
86.427192 93.651330 42.363650
4.076536 4.305270 34.711608
12.668324 77.756042 27.376359
70.780556 20.981434 37.778432
57.976933 43.720148 38.721529
27.323827 84.735776 37.755144
10.115155 56.228907 38.733500
25.495390 81.658634 33.868203
35.235027 52.950625 37.436074
93.357544 72.298426 38.248269
87.392796 9.266500 37.038882
98.977901 68.966233 26.120908
30.016836 76.258882 42.729111
99.008703 87.915144 42.970496
65.456705 24.808793 42.684518
33.981346 87.891943 30.269631
95.816168 35.330213 35.005302
33.100930 92.698582 26.190635
91.143583 74.095534 32.473244
98.507729 51.587319 31.133676
31.699412 53.434893 29.390943
2.177017 43.215880 32.198946
87.380672 29.528120 39.137171
7.767510 76.163719 33.141888
44.121930 30.371719 28.426086
22.900830 80.498271 43.074432
97.433687 58.928729 41.934368
73.928322 38.636953 39.963151
27.622156 5.433520 34.491660
24.124946 24.107580 37.873402
63.255885 51.956163 27.902685