17.198190 34.153258 26.071610
83.939881 79.552761 43.548412
55.970078 95.888016 41.437042
80.688892 53.733161 32.297542
39.561572 60.158113 28.307000
68.038238 83.778826 43.318553
7.618417 10.666199 41.078903
87.324556 92.617953 33.583051
8.301140 51.870596 42.761113
17.830107 68.775502 40.941547
31.924733 91.326771 39.533940
55.178125 32.837540 33.378431
39.544105 77.888076 42.678806
85.748973 69.017977 34.662381
36.219961 16.618905 28.052208
84.992073 75.034089 29.355580
76.653450 70.190982 25.845208
44.188320 47.283301 27.306228
3.901798 48.812059 41.162592
28.677127 55.133754 28.298531
58.094627 48.429781 43.245010
89.917117 57.507884 29.644927
71.853545 43.350388 36.804759
92.353758 72.640301 41.783285
10.471444 39.603267 25.154374
45.805199 49.482404 33.632734
29.766553 78.842330 30.854977
96.634198 13.728597 35.817578
29.094690 24.856076 35.155947
50.285934 58.363777 41.335509
41.501547 84.554963 35.884892
37.781583 46.264407 30.371598
40.817297 14.474533 39.747503
54.773336 6.853811 35.112124
68.324210 30.566460 27.434779
62.743909 52.080761 38.085773
70.446880 19.171522 30.079256
49.689788 94.950584 37.677460
75.894174 25.094772 26.819756
42.505263 24.323339 26.207494
8.277260 70.121240 37.246065
95.060511 6.187055 29.754238
80.063295 14.361284 32.607140
71.053209 92.204842 32.156783
93.638967 66.625064 25.852533
80.700088 39.115681 38.818298
74.216351 61.640493 34.260654
6.791127 16.113019 35.021537
16.823207 17.779119 42.702576
23.368497 49.432127 36.822092
20.761842 52.455838 26.533254
41.134595 40.104611 29.056419
21.308149 4.282351 30.477487
63.729013 51.169452 36.077661
72.326636 19.313674 26.077502
3.974645 50.795108 26.198626
77.613588 2.388814 32.123011
13.944067 1.082788 28.003255
65.514755 62.164830 33.066202
15.802234 26.832973 30.457404
19.707525 15.193543 29.916243
93.841718 27.788731 31.699714
66.478512 55.833653 33.939016
48.696975 88.754223 34.701867
49.686683 44.243012 32.976128
25.306081 1.174445 32.472139
24.588536 14.442158 29.586874
47.066771 82.296917 25.349347
80.083023 20.457500 37.255038
2.545048 24.623537 42.601337
3.187267 34.736621 37.667046
81.740082 40.436893 33.431848
39.823354 35.825510 39.787232
91.757925 48.750454 40.068563
28.737101 95.616195 36.352265
43.441989 3.267163 41.865727
50.266947 26.250684 27.114393
0.046130 80.078566 28.858662
44.882252 12.225188 31.745868
29.754098 69.046810 25.874592
49.475918 85.623556 38.280908
34.050766 7.023571 39.513235
27.308522 31.304618 40.293187
63.343250 15.434145 42.031661
39.389154 91.262910 29.321847
3.673544 50.195622 29.783995
50.339910 44.907956 38.722605
43.680670 25.687246 27.655118
89.231181 19.096744 37.232412
69.928995 97.592880 30.812786
10.907969 90.246733 31.504499
52.843401 12.983436 38.240844
66.714671 29.600859 31.274972
46.394858 3.770153 27.800274
88.952388 56.193870 26.149449
54.190909 51.570288 25.048447
43.361752 74.761100 32.418410
7.892417 98.784842 37.732577
48.568837 25.643587 31.211990
79.353532 62.565865 30.356578
80.155194 53.667495 28.608105
0.652046 45.810525 27.363386
93.005440 82.575138 38.268288
91.609677 2.919245 34.030562
33.149179 33.717117 34.231383
22.375692 93.166227 33.755340
9.098685 96.661545 31.800753
78.203381 96.286485 32.837752
2.311164 91.972742 25.073850
54.735898 78.163013 40.475518
47.551405 2.222083 39.542840
84.914841 34.564765 43.457363
79.969273 24.757630 34.177824
16.273952 46.504637 40.600804
4.766102 11.891235 32.100236
97.257463 51.634346 41.826545
35.337893 46.476108 27.001964
98.338393 73.664049 25.917450
79.747433 12.429715 42.768660
24.488384 62.572590 30.343815
53.647261 96.201636 33.000638
28.635543 6.524994 25.419392
44.188607 11.289770 31.667706
53.875960 81.013837 38.814707
99.718423 91.443587 38.446090
76.741693 22.570015 41.339647
53.901256 5.223123 39.708997
15.637251 85.422303 43.392626
84.095215 71.870152 28.439438
2.595052 29.394965 33.110540
71.662748 78.642461 30.734698
82.677955 56.841460 35.346454
17.413908 24.717232 28.251600
57.488274 30.409276 25.518284
4.799060 98.390341 39.827647
21.520927 92.922527 31.493611
75.775511 76.422356 37.713972
67.536488 28.719413 37.092315
15.917702 75.818672 30.357052
17.803378 28.956684 32.675648
83.582598 91.395180 39.732004
71.530468 14.758673 28.431978
68.036196 65.861384 29.936297
44.918742 15.706839 36.423523
45.298170 48.126186 36.789835
41.166656 80.193187 33.758685
14.910127 82.157356 30.035823
6.178957 86.438160 30.548635
53.037465 95.614480 38.152130
66.180628 79.737580 34.134843
92.948437 15.081193 31.945752
2.628356 4.472611 34.822659
75.960965 62.536135 27.921919
75.716257 98.925300 40.633007
73.756697 77.799577 34.476640
59.450276 60.297742 39.447986
44.210308 85.045732 29.294906
59.873690 86.662163 38.594891
58.975676 81.749523 43.111354
68.442095 85.310520 30.916302
47.454070 88.950476 39.620356
56.333183 95.713761 28.696225
26.925791 27.955649 39.481083
15.868993 75.017625 42.486585
94.071007 84.454943 29.248919
33.677564 80.481365 40.262193
97.237280 91.131827 33.988712
10.255792 49.749022 37.317856
29.356163 96.980827 43.082720
15.714679 87.653267 31.423808
30.695730 90.827457 26.859965
11.546820 15.578233 25.851572
60.685084 84.404464 40.941992
95.324128 20.552329 32.490715
80.224927 40.079910 26.175988
80.607482 56.365594 25.611080
46.776694 75.189112 35.594291
48.994498 35.057193 29.597477
78.881985 39.778930 41.020628
93.168526 36.633057 39.218747
42.920167 61.566480 38.178279
10.412379 83.000943 27.675745
12.987680 40.539507 41.870585
90.671135 39.134778 29.104518
75.966721 9.168257 34.248714
0.058423 0.616222 35.568989
46.080066 76.102417 42.340361
44.127230 95.054592 25.328751
18.550158 95.738912 30.070283
68.551742 78.937158 35.471214
74.605640 15.272026 40.769797
2.637312 14.016659 32.329081
10.011612 17.073530 37.896649
43.701116 18.839020 34.844614
30.079791 58.890761 42.419670
20.186105 46.986928 31.122071
63.803558 9.046452 29.374785
43.983855 89.614408 30.174266
18.193501 54.141825 41.532409
98.886784 99.934355 29.253848
54.028119 81.614412 40.150949
91.042549 67.341023 43.030794
41.225334 94.306662 30.876295
99.014732 71.193063 25.204738
69.366378 66.366789 35.918739
41.838624 38.340725 30.672142
76.988849 67.023723 25.655447
99.990854 72.204620 43.588741
83.739055 79.698408 38.831228
14.569352 96.243108 31.574684
60.245554 21.092168 37.698534
47.334577 58.692943 41.763510
98.032193 72.862969 26.237149
26.215473 77.156845 27.417101
8.532173 82.359340 37.250528
61.798018 45.867836 43.022839
29.764012 16.391487 27.040342
91.261520 91.140990 33.884071
52.954187 59.948892 40.679307
98.375043 37.790080 42.963533
36.620897 60.148628 41.652307
41.634200 73.839922 27.878219
27.979683 70.400281 29.095540
39.549634 37.392923 30.158554
21.070652 36.980291 35.605657
0.014964 34.694927 31.617134
60.876770 76.875439 40.923811
67.759071 37.953335 27.280680
56.756231 68.985022 42.153167
8.027061 63.485868 39.506533
62.405724 32.514317 42.047821
14.577742 53.824889 27.420227
87.965393 56.008286 41.194462
34.883413 47.581973 37.977716
51.856624 64.081439 33.799948
60.582352 35.677312 40.946355
7.238467 84.621738 43.369208
85.438373 79.112142 28.521501
63.811611 93.087117 25.780364
96.772994 97.823414 31.892519
24.140967 70.501698 33.605653
11.143548 78.258029 34.530863
65.409000 23.201400 39.394288
92.665883 42.427643 25.619417
83.546509 17.898649 34.979709
44.178200 30.795246 37.994378
64.300792 43.938328 28.827702
40.170122 44.852415 36.312192
63.036255 50.346150 38.200369
13.848222 6.801158 25.671127
95.517388 81.074430 42.896193
97.035720 1.459977 41.329496
10.193365 13.397045 31.231498
61.729058 71.307960 26.565263
21.382031 38.611995 31.011344
36.181468 49.447696 39.864737
96.420688 85.215046 32.235509
25.684715 7.698372 30.509995
36.513456 73.799421 42.739728
80.568079 50.300882 40.768442
46.288724 90.504415 41.291778
29.653935 9.039570 33.745571
16.201556 3.772523 43.220034
65.773718 75.034077 28.485700
22.677831 10.822306 39.280903
32.620785 58.539371 40.155379
12.271406 46.709182 25.873238
4.767489 93.413561 32.261295
73.400719 36.289766 28.804727
9.672908 32.486426 32.935642
38.447647 25.469982 37.053296
47.552337 28.188136 39.746702
62.355500 94.510510 42.940790
84.145360 68.976849 29.820621
59.962943 33.843711 37.153208
77.854916 71.847006 28.868723
70.095542 80.529270 33.260383
23.764018 27.919459 42.340780
58.711103 44.301764 41.018521
10.351685 28.285290 26.633632
35.179064 86.098178 28.853898
61.039770 77.793065 43.182713
23.934690 81.459558 34.511478
50.642173 67.136679 31.132867
25.565569 13.838744 38.412692
21.536783 82.930514 32.738335
67.587896 91.668520 43.713521
21.855549 80.657303 37.139761
83.342991 5.147881 33.366029
28.168549 51.865953 37.036091
23.439583 84.752401 32.620970
11.583761 54.868822 30.964782
49.573956 48.438883 41.251104
98.182277 27.663545 29.185750
8.474795 99.650352 26.664347
24.420581 56.779971 30.633406
34.113995 87.940336 31.049862
49.208998 13.691853 28.886179
63.256135 40.597924 26.699798
95.435407 94.177781 28.437951
34.929169 20.364979 26.936006
78.156193 38.314812 28.334634
41.189530 6.622442 26.867267
2.494970 27.126334 37.573610
14.419391 13.816133 43.454289
75.424947 64.561419 35.999407
26.592561 35.644545 25.290179
75.441350 68.452208 37.819504
24.382808 91.211695 34.223560
44.205169 2.950608 27.870939
60.343374 41.403355 28.306331
82.192035 2.434495 27.945688
41.117675 74.111357 31.822411
82.044092 19.494285 34.777742
22.688492 5.140816 34.219452
57.055314 13.557758 31.415455
69.201104 40.976586 29.349667
6.188816 62.146333 31.072668
39.682014 76.810479 27.784362
75.197227 18.313661 28.276670
15.516705 2.936633 28.057275
60.655611 29.278487 33.593268
25.629776 5.095860 43.617648
74.632049 95.848395 33.920411
62.735981 74.430436 39.822243
5.813136 67.773890 36.230674
39.188259 74.410414 34.634835
57.776052 38.598567 36.707423
73.050308 78.589250 43.185156
23.413612 50.485510 37.624999
95.000877 67.779341 43.520054
88.736167 94.570506 25.656227
56.420703 27.768557 32.677319
89.229338 31.272658 30.730012
8.669738 82.261607 28.619809
31.261139 16.718110 31.603432
70.374025 9.147601 31.260961
91.356067 54.121432 26.895691
64.449301 28.521020 39.019375
44.916699 8.505995 27.447951
72.816596 25.792654 42.329514
56.774302 57.274391 42.012594
27.114980 60.082753 35.939407
1.091139 85.091486 32.402192
80.141830 55.118831 41.139314
25.935185 85.900679 29.249170
93.028669 86.181713 35.627667
61.337070 51.742142 25.253663
92.554985 12.306085 30.977746
8.158242 98.320394 43.728280