49.239824 92.224263 32.048251
2.667717 91.567244 43.297870
69.243946 88.938736 31.005425
19.155089 17.871674 27.328235
28.373377 40.758474 29.583372
67.717129 49.357774 25.400774
61.104215 83.814426 41.322513
66.405852 94.588102 36.759781
81.726625 42.328727 32.536116
65.287040 7.067549 33.975365
67.388828 51.653089 43.319115
27.618583 7.357147 35.868401
66.644612 72.867483 34.137045
65.259447 41.174343 33.168381
8.644720 62.433729 42.939354
76.418175 15.970415 32.550529
87.526209 30.968383 42.023427
14.250129 91.027675 36.027671
50.542809 88.233424 38.780154
71.892236 90.204346 41.812294
89.706964 36.313835 38.855943
35.875086 85.281674 38.217904
26.489857 84.589723 34.863545
69.571609 16.188386 43.036947
19.876876 63.088600 28.659169
41.311538 5.836226 38.789869
7.268529 13.969023 36.675573
98.628626 20.475380 40.012050
8.088381 87.921336 26.839551
29.469797 67.595707 29.943901
37.618377 47.506240 26.310637
34.875051 86.728752 39.313675
66.402035 71.951800 26.229845
25.682015 69.699800 35.135313
25.984847 83.907403 26.100056
95.729694 15.478246 37.145622
58.916265 77.666125 33.104384
53.372511 20.534649 32.890254
35.340820 31.608074 42.981307
53.766514 93.769885 34.208700
16.633983 35.416103 43.470838
4.121459 73.539099 42.802095
50.614823 92.867236 37.948714
91.164577 56.662215 25.804815
25.015205 16.634098 37.412433
37.258555 43.001318 25.202639
88.695146 2.993364 26.327950
65.145546 8.974730 34.734330
74.586004 44.545621 37.858285
61.471511 4.321164 33.401924
65.508167 15.746552 41.342661
31.227127 44.830109 31.968872
53.782413 84.883507 32.166655
30.569189 65.928194 26.582354
62.370507 62.786278 26.246974
8.244026 7.036144 25.551061
42.891014 41.704963 28.255659
94.419357 19.730900 39.818609
69.005433 35.934117 26.920783
79.269950 96.406877 32.800641
13.257941 79.453556 32.394072
68.266743 30.602050 42.331335
97.762223 37.729822 42.023113
68.999326 68.120140 38.504852
94.685451 35.695275 30.571831
52.901509 86.497264 34.227391
69.561861 21.482903 25.946952
43.516788 58.971561 39.850239
59.364671 52.185543 36.939014
12.701202 3.406771 42.525826
84.135794 87.534158 34.575243
36.568863 1.176612 29.946319
73.989946 53.273144 37.812793
17.871351 31.994132 30.481624
45.347823 86.513538 38.490596
55.517446 23.027244 35.615546
30.651562 72.601084 39.616320
20.050647 34.727005 40.026282
11.328734 54.458568 32.701219
95.697252 68.905178 33.423244
5.584860 31.042259 40.586889
93.934685 23.574322 29.740757
74.057024 16.856618 35.451320
94.377460 21.628706 42.115654
83.502566 57.558711 40.066851
45.952566 75.300264 38.328320
34.798976 70.714721 29.683729
16.324845 55.895857 34.731011
1.372182 84.640008 42.644663
87.046834 95.071692 33.385848
14.558225 51.696182 34.431690
40.895818 13.383281 38.973835
35.075423 51.024506 37.705231
65.081366 68.712358 37.173932
22.405413 78.434630 29.960897
75.310851 12.996330 28.356981
14.229819 33.703981 27.106406
22.850331 20.024571 31.396393
87.464553 59.417892 26.728486
78.332910 83.747556 35.528518
49.165031 89.002090 37.420176
24.907226 93.632474 33.118120
59.944522 58.931049 28.594761
39.325747 61.910746 42.379305
89.048027 41.719681 30.207290
99.278665 54.446154 36.687967
48.815067 63.915978 39.317164
37.723594 68.820743 29.407376
34.706018 86.839083 39.151691
34.423879 22.309483 38.269097
35.222395 60.297853 29.484736
68.977140 24.801928 27.249633
82.801387 43.550854 29.850460
36.652301 6.779357 38.686616
24.352446 2.542157 36.328169
18.482853 72.661105 25.408359
91.469697 72.628544 28.738656
86.066539 11.285966 25.876812
37.293239 81.360907 33.366153
16.953900 49.142885 28.565491
19.554258 15.622853 35.646251
61.063084 80.071226 36.579383
29.965645 51.218497 26.153549
97.261020 88.007942 39.359476
56.451328 4.732368 39.997206
64.430907 63.076752 32.752503
23.853969 22.169149 28.016972
96.101332 52.483301 34.698698
20.319555 15.086961 41.124969
80.574765 76.102930 36.643860
57.124905 26.945269 38.964259
38.973276 17.088190 42.453840
43.558507 18.982373 27.024565
24.725928 89.060506 35.556750
73.147792 93.911954 42.664788
76.417027 90.720212 29.547565
47.001762 78.486240 29.121707
36.947552 3.016026 40.811670
91.246046 53.210784 39.214567
74.782156 72.034186 39.212642
50.374337 86.330219 37.181184
67.121551 41.526302 28.076351
97.395008 38.285195 34.444563
56.110196 5.408050 31.161060
74.469171 85.045192 38.655142
85.297223 61.541467 40.828352
89.679986 89.011500 29.110400
17.562253 22.770779 25.684716
16.631866 57.678057 41.606219
16.420565 23.624625 35.467677
61.346331 51.507594 36.562127
24.057773 84.129212 34.964110
82.656004 65.698481 38.888078
42.267235 41.508353 27.447945
6.393335 58.505073 25.452847
76.690261 93.817355 38.710199
85.699334 67.458439 31.517767
14.398645 99.055557 39.535015
43.522970 82.109025 33.332039
19.471034 93.662774 30.006902
14.616118 86.216757 40.508883
24.489510 64.087905 29.415099
44.469443 37.995825 36.688378
90.248789 33.509282 29.578600
95.050546 40.125459 43.619758
17.752125 82.326072 36.315465
28.960543 11.067476 43.355540
49.230412 0.019006 33.882636
35.510677 73.950347 35.403626
74.155960 81.971735 26.664202
71.936091 86.216903 25.662770
46.397195 25.317573 42.743355
63.582086 67.313062 34.279308
98.247125 40.441162 38.399601
38.062905 42.637134 26.763854
27.594089 90.974597 35.254524
49.279222 63.742946 38.549943
64.609441 46.589603 30.937571
9.219700 29.859101 37.306588
34.410149 89.742667 42.906547
69.446215 91.429842 29.107882
38.024922 50.867695 28.954345
59.683339 69.676270 30.960882
95.032421 99.706248 29.742062
42.953545 70.160584 29.883013
74.451486 93.683396 26.542309
6.868391 35.371077 38.310572
66.706583 40.401649 27.116112
45.670905 34.880133 34.128025
62.383198 84.788605 37.257739
40.938427 14.274435 28.761415
57.959089 70.349250 30.422099
70.753138 86.823434 40.761985
88.385392 8.978820 25.183683
97.784932 92.387916 33.877089
14.324411 56.666908 25.680151
78.953790 58.983674 41.266382
65.065197 30.074504 43.591635
97.442989 76.283562 32.419270
91.079785 81.262790 26.421229
63.696054 98.331360 33.973541
60.900402 33.180387 40.957034
4.266727 51.296293 28.770912
58.192498 93.467110 34.480430
48.056786 58.552597 26.007489
97.868219 11.719315 37.150878
27.869489 22.266287 38.151987
8.488955 94.356550 32.041540
89.179545 44.745712 40.097626
34.289784 8.972284 31.247101
64.050430 18.697525 41.576123
0.779018 18.441179 34.953028
29.831868 49.102216 25.576684
95.528257 31.991597 25.961220
32.585124 84.445685 31.185580
78.545487 63.665778 28.778909
6.045925 8.226047 42.351157
53.231285 5.417103 32.993080
44.436740 0.651442 36.861214
49.167760 6.021224 27.169770
65.214363 26.110188 38.347815
55.596260 63.525351 42.860221
70.744921 11.047379 41.365808
62.184745 14.451743 32.442532
9.999111 40.137904 36.350077
41.656120 72.916065 43.652089
58.903116 78.146042 32.813123
16.297677 94.975688 31.608261
75.306354 1.215966 29.564935
28.185921 34.484219 39.761532
47.309819 10.386240 32.962391
6.974909 45.208099 32.071574
58.928242 20.391499 28.466968
79.920125 82.424646 37.391349
19.483159 49.012120 35.787542
48.564633 10.996639 32.288511
48.745160 86.341873 32.172838
45.169410 7.460733 33.341918
54.411249 22.996354 37.061940
43.691436 56.688444 30.546415
90.293331 77.694966 28.903430
72.381531 91.640406 27.458485
64.954570 25.051171 43.128192
64.734264 42.675506 35.356167
3.846736 67.768670 31.652137
42.076429 83.110327 32.100735
55.463767 39.520723 34.807713
13.539685 44.409708 31.751515
64.844925 18.083707 30.006097
5.581120 73.383926 34.932592
10.093134 49.090664 27.023385
84.275471 10.059817 28.204945
35.461999 11.714549 30.416033
53.668735 75.474766 29.401508
64.268843 3.473599 38.124548
94.073313 72.999588 31.693882
65.805711 34.592342 30.607389
17.690924 74.050086 38.388964
6.496923 24.943829 35.850137
27.915404 44.323823 38.067581
88.748488 53.530703 27.371872
57.848942 84.959899 43.072149
75.511697 75.571882 37.371389
62.395367 88.746576 32.210413
62.094203 74.733988 35.171657
10.640750 15.918287 36.504965
79.344168 85.858567 43.627925
33.056952 95.508807 25.564488
33.493836 52.609195 38.724787
79.939520 75.581325 28.859140
42.176076 54.790574 34.574711
90.288505 7.435187 39.107888
30.861130 29.572281 41.606737
37.850756 68.942119 40.925295
64.147808 0.742350 25.693215
52.948393 73.562465 30.954326
19.886514 47.787087 30.663721
26.838253 19.318479 31.368337
31.303694 63.614758 32.093222
30.525154 30.429261 25.542708
74.886858 87.000940 33.471154
4.104167 33.365578 31.390400
43.134711 96.488613 32.081717
40.875183 26.235900 32.565535
62.917821 51.846511 32.559033
85.890997 19.937603 33.134437
49.362060 32.780357 41.702002
78.477172 52.327003 31.717145
74.888167 38.070632 30.375372
27.960397 84.005442 38.072675
69.095754 65.694849 32.568259
85.830242 78.853494 28.866771
40.706195 11.441455 25.422963
94.013812 69.882989 27.333007
90.421246 76.387141 34.329295
29.154123 23.136378 29.507544
97.517401 42.959524 38.288629
58.515161 26.285045 25.165937
92.543979 32.296778 28.880791
14.183696 33.017519 33.861678
12.398703 93.278414 34.993302
22.352048 85.479673 30.966946
78.102334 62.452733 28.556725
57.116439 74.084438 38.226626
12.915331 18.351808 40.347062
12.912934 64.293057 36.118708
75.748527 95.135802 42.203664
73.442540 9.570027 40.094560
82.194046 6.817322 30.585161
92.597535 31.255570 37.133125
95.463802 20.352790 32.664878
85.559608 4.203682 43.739823
22.990262 62.339646 28.652934
32.551327 92.409010 33.092350
86.733085 70.949603 41.987910
79.046691 20.350824 27.077653
40.009602 23.380297 29.870274
78.424860 22.009646 33.772774
14.712056 53.711880 28.338220
39.778946 10.121205 25.512870
7.319655 78.897052 32.797277
85.292910 54.671368 31.711024
38.444530 81.984832 26.562689
37.188785 74.034319 42.821515
41.633161 14.016319 32.598680
3.091940 9.490106 33.478558
64.338717 92.039329 25.701615
94.389994 25.934258 43.637936
24.804802 64.314043 29.315769
28.913502 48.706064 36.688333
54.605088 94.470813 33.591064
78.318012 90.020295 34.161760
81.372917 85.017161 39.858967
98.828308 98.500340 39.492090
37.083179 70.162553 30.527444
18.834109 78.990645 29.093739
6.412946 68.001612 35.720381
62.617072 56.436049 41.983032
34.213813 94.400532 40.542595
18.448109 74.654301 35.964061
47.122293 94.774255 31.906611
52.648531 21.297175 35.606940
60.933414 49.759855 28.494484
83.491107 22.007980 35.518047
74.852110 67.177317 26.435002
68.235190 22.461423 27.881916
82.165584 84.621343 25.545416
24.185497 8.965894 34.438394
99.120432 44.294947 25.733981
55.654255 94.157200 38.074191