49.883504 93.252842 25.457786
81.868604 17.067635 33.796278
84.213832 41.624329 30.495712
46.390321 48.280073 39.215992
98.055792 24.470492 31.773950
87.453487 77.911019 34.835018
11.317994 37.663226 35.132006
40.030775 66.937536 32.226050
92.704597 44.290961 39.743961
36.689089 49.549455 29.505966
19.030641 25.665049 35.896085
78.838502 28.338616 25.739437
42.273536 82.435550 40.692279
47.408339 98.159993 38.714984
85.802422 23.006704 34.751938
39.592890 5.765586 27.087968
67.839136 96.947564 38.359429
52.976672 61.180846 38.547752
46.613417 52.933887 26.579078
4.641308 36.737834 37.613182
87.468804 33.140918 35.560641
26.445760 37.549815 32.793552
42.653895 80.861313 27.671753
17.575913 58.308001 37.765411
75.741667 49.163351 36.450499
35.473760 65.530284 41.035238
29.861578 29.921290 41.512581
14.937281 12.777386 40.671849
60.059555 37.542564 37.674782
89.581438 5.706553 39.988434
98.087988 6.303535 30.305105
64.545835 37.362263 41.512090
43.794360 63.622651 27.140127
55.480161 47.150963 30.887725
18.803816 36.036789 43.066632
6.825140 64.338601 25.955098
21.249980 52.520539 39.097795
93.190950 57.802567 38.601671
80.351003 83.632246 33.942610
83.624950 81.861314 42.607374
34.468081 31.129732 32.802305
13.073026 14.473218 38.790041
67.593109 41.193211 40.320554
80.220736 99.535966 42.285836
79.653932 8.988242 31.467358
36.760524 22.835929 38.444495
8.058531 26.913081 28.224471
49.742443 77.273717 39.023842
14.888064 34.272811 28.618044
55.735853 10.561245 26.554021
85.864826 83.526518 25.093211
82.445786 56.559985 37.515193
44.878886 4.881515 33.543963
10.815493 34.857513 43.700246
89.086861 16.239388 30.012545
96.594775 84.917669 25.306182
60.669327 56.608581 33.653112
46.531072 94.502976 35.788384
71.299807 51.793503 29.014744
44.055427 18.567466 29.197934
76.292517 98.402645 38.382469
87.901822 67.906828 32.187433
65.857847 51.964849 39.926467
90.921531 33.602058 34.172807
31.681682 31.641545 33.096881
22.741964 28.177692 42.525425
82.122596 49.029818 40.119131
91.122420 45.059674 39.122405
73.322989 43.748718 33.073583
78.741239 77.126023 38.695398
66.273986 29.721739 25.757530
18.680639 20.486245 38.686188
33.173239 87.202838 36.541445
82.614627 74.127517 30.579989
28.852575 64.915256 27.187173
89.180153 87.879289 35.750113
11.659179 92.350156 27.632528
20.119713 47.011957 41.883789
31.677851 36.161449 28.438569
82.257951 80.954317 26.580728
90.333439 52.922689 30.811442
80.396012 42.043442 40.755718
74.825691 84.005228 40.489974
25.865349 52.192766 28.050162
12.457283 83.773424 40.633527
8.533734 10.434829 42.143143
0.122863 20.609638 43.373727
87.765804 14.583637 32.614222
43.758789 9.246608 36.807603
3.330226 70.387810 28.907100
21.391815 0.958680 31.960545
88.140868 72.238329 25.126531
67.010727 64.861708 33.368370
99.222790 5.080510 31.473943
54.010438 80.533068 25.119141
36.832887 46.486883 28.731809
56.727939 71.959582 25.382633
43.848168 30.736069 36.877575
68.606290 12.129226 35.796238
17.312050 46.885346 43.011326
40.254040 46.187138 43.380441
61.258205 31.341787 38.473512
96.957941 91.770576 33.020406
10.758475 6.737340 39.876063
38.224084 69.839971 32.485559
2.164059 30.327289 34.405314
8.576711 82.844072 34.995183
13.834535 23.857733 42.045426
37.215021 36.674368 28.650616
31.481689 43.977296 37.847459
27.403863 77.262174 28.311303
32.649628 90.392309 41.126896
7.253329 2.342079 38.940455
48.001293 9.516196 25.368831
43.826331 57.852677 35.010449
56.147398 80.792919 32.955265
13.410154 52.532799 37.463328
35.535501 53.061738 38.993963
47.409170 52.264395 35.114746
50.281663 20.635855 41.721366
78.945000 96.283904 26.502452
97.763586 51.379000 35.122173
52.433820 43.892399 27.519631
34.310365 45.348898 38.743460
3.302221 32.552686 36.668717
80.899959 34.328012 42.249572
32.285295 93.510994 38.990600
0.204883 84.472438 32.070939
95.807224 39.475569 35.073584
28.439813 44.667635 42.752628
67.728729 1.644036 30.999840
25.359269 87.801440 35.835783
94.254453 37.062412 30.813991
38.010671 98.809132 27.058109
93.349398 79.910543 36.513656
10.758302 3.805962 38.674459
63.717685 60.842377 32.020043
13.096903 20.628738 41.297632
90.258719 0.662019 35.360439
27.290964 10.339786 37.065913
76.542313 69.212174 25.269558
66.457498 11.195980 34.121939
4.008592 79.042444 38.984768
31.975713 83.745338 43.562088
33.738219 92.005518 29.335934
45.087670 2.549868 30.368963
47.749674 61.926425 37.778297
70.834076 79.913974 37.196111
80.626816 32.618339 30.824637
35.778346 28.673340 28.757776
74.069698 41.234568 38.234085
56.217783 95.266768 42.624674
2.635344 71.248922 41.567624
77.177703 65.355462 37.681448
0.717409 39.265979 36.914600
4.985409 16.678118 29.009817
98.943492 69.371323 25.851719
79.798047 18.730256 25.108365
37.842527 41.005170 28.302294
88.302409 34.114055 38.401382
11.951868 31.058566 36.059188
79.565602 19.503772 43.676597
56.495375 66.382117 28.199679
8.641568 92.564808 25.467330
29.729614 4.300875 38.542351
51.059104 4.469024 25.578537
65.811854 20.101731 25.164063
39.508979 40.813239 29.216230
51.208360 72.634270 30.693954
51.339309 74.207998 30.049065
36.016145 80.638033 41.550858
32.143617 71.468619 31.703292
5.040203 16.854506 26.652245
0.916824 68.043453 38.841418
76.634926 50.744222 41.316231
9.768352 16.998874 32.253647
22.653303 65.101041 34.663485
11.438315 11.470898 42.917693
43.073473 54.123474 26.896916
73.346722 15.387739 31.028387
85.708816 22.221820 33.345282
15.450169 0.118687 32.139413
10.540156 33.305237 42.088438
1.682110 5.026175 40.279149
75.695991 57.001445 38.425303
69.429406 90.890723 33.480011
57.350916 95.017091 28.420149
91.611916 28.696392 25.082850
70.983098 25.229369 38.244315
44.973211 8.768693 35.258096
21.050654 98.272210 36.025042
41.054832 2.042436 31.689415
55.624234 27.720474 36.136385
99.342380 68.301337 34.885521
97.445062 88.089689 42.069257
35.962781 41.152800 42.357376
53.343215 80.310671 28.750432
73.124576 90.626345 32.439995
35.178970 94.294185 32.664412
50.141398 62.302270 39.110647
53.021434 82.884241 38.179427
62.421581 88.358481 26.534716
61.274866 11.637347 26.722100
1.430750 73.099870 36.023068
87.777706 67.821406 39.007800
78.264726 71.295307 37.330370
70.543064 16.999843 42.451331
59.402943 76.960517 25.374947
11.163543 40.359945 42.448954
82.504357 96.273389 42.503510
63.799345 59.565104 32.538036
36.543084 40.953525 38.540215
40.596757 72.847909 29.125462
74.361454 71.270631 33.119968
7.345480 30.305138 36.887045
72.269766 58.559826 27.213534
42.090602 62.010862 34.948472
63.243076 91.108803 34.854226
4.089444 72.900203 42.961458
57.680352 96.659120 39.193565
48.538587 61.170233 29.215824
97.518866 87.944187 36.099990
16.532968 8.998126 42.625739
7.484669 81.701831 43.749105
97.475614 34.910498 39.664805
74.432969 22.580776 27.207783
85.019982 15.068200 31.069648
4.279386 8.194081 37.043839
97.260920 5.538476 26.214030
21.183122 37.799032 34.888253
2.059665 67.391666 28.502109
80.116613 71.257210 39.500239
96.396820 72.972138 27.606428
72.417148 90.063683 43.199931
67.225295 66.087820 37.711104
10.301305 97.906393 36.349119
31.453991 82.531380 31.804213
39.413110 6.456836 33.734000
31.746373 11.580724 43.169655
98.229856 61.538924 42.842180
65.342510 13.427412 41.852168
77.037995 2.934237 39.942479
77.179157 24.254507 41.017808
83.826630 39.357538 28.829419
87.816225 9.754612 35.818410
60.235502 69.035194 33.443286
29.697092 97.211219 26.865358
33.444088 29.719913 26.890036
78.685364 5.472693 31.382195
9.932505 16.960324 43.104800
80.197473 65.733842 38.025578
37.760954 17.784178 38.958716
86.513414 63.940909 37.537870
66.568004 87.357855 32.048313
1.936747 42.506341 39.578213
77.354795 27.956842 32.370512
89.191001 69.114782 25.009493
23.622949 76.207071 30.800033
89.361160 71.534369 40.106124
36.700412 83.794453 38.641927
5.058823 47.665730 31.656445
98.897798 96.028080 41.045339
70.760016 67.183683 31.781183
53.983259 9.553536 25.769690
6.868656 16.920448 29.732214
53.348330 29.840931 43.223494
14.271234 31.374526 33.391510
89.123381 44.863257 41.823522
90.668607 10.826211 30.198677
37.227032 49.603500 30.086858
58.751726 0.530920 30.153646
89.017175 58.864880 32.848894
7.618944 79.519897 27.215888
46.082586 31.371067 41.494564
30.583342 28.174641 32.687262
3.391034 70.524294 36.893850
49.611613 54.577544 30.412340
21.981372 20.958860 29.323423
52.829837 75.842536 26.136979
24.498575 9.827620 27.651180
32.375724 77.144660 32.071436
45.160186 82.195295 36.808564
98.959369 99.659542 28.932810
90.878955 28.978461 34.945761
88.000871 79.111978 26.185137
68.766509 28.272414 31.614082
1.000660 34.887576 26.796747
3.458865 45.469697 39.371470
91.542886 59.512538 28.625536
44.340105 64.119598 29.114085
52.696799 30.201064 40.452444
34.743742 55.228789 29.534409
94.735102 86.933769 31.311609
86.157821 65.774020 27.823660
41.311196 45.229482 31.896226
41.724485 44.263218 29.428890
41.451803 73.827549 34.463802
69.913974 76.245193 30.643459
4.771940 80.989563 35.028742
54.400293 16.487770 35.944363
95.896500 20.206686 37.457920
49.230562 24.173074 36.566820
35.564898 21.465197 28.284146
67.816223 4.729267 36.125711
4.522136 35.460328 38.705338
3.650131 26.205208 34.205195
39.236747 84.413185 35.300071
1.598709 87.939593 28.962752
37.095456 59.405340 27.705724
85.324788 82.649677 38.716844
79.191905 95.957651 41.886482
2.876850 30.983824 25.698613
88.408725 12.280313 42.311819
30.844967 34.484685 34.452465
86.575448 40.714336 27.036323
54.197964 69.984373 26.697004
16.625184 75.735460 32.047863
74.872415 19.000028 41.242778
20.706644 68.311297 30.726589
6.439135 72.538075 25.489735
12.338162 8.645988 29.150932
14.156534 11.274962 37.605564
34.742702 8.108716 37.656573
79.614424 20.871372 38.576682
24.085478 25.713654 25.816370
40.405564 36.605352 35.416675
45.743262 40.468978 37.624003
61.743210 80.617839 31.246187
1.423061 74.515964 26.420779
41.618531 56.925864 31.214373
21.870350 52.830032 34.263894
56.349652 50.773790 29.250153
9.330038 51.577009 28.985387
12.770773 78.228178 26.265109
29.840066 38.800781 40.160660
48.707700 71.827392 31.931333
82.635058 12.872837 36.712234
67.626448 50.438170 38.552775
21.844177 72.842644 28.074820
77.819945 46.236722 27.238845
54.277110 92.774184 29.100295
81.033454 70.260643 43.486621
62.582754 70.393824 28.663014
94.373198 42.948513 38.135407
83.410025 52.768948 41.046953
38.267132 14.696643 31.556046
11.675722 99.774155 39.193469
82.166168 26.927358 28.129418
41.657933 11.299567 31.892509
83.211483 53.902637 39.649193