45.831263 28.614796 31.634402
31.575578 21.557128 34.454929
87.730658 92.855708 43.180674
10.228835 17.630164 33.728631
99.107618 83.681419 42.587285
32.191758 14.393605 43.286096
87.570912 78.124825 36.812119
28.566954 27.189192 37.571054
41.340913 34.930340 28.740094
75.392548 91.558250 36.729211
48.532596 87.972411 37.620100
40.482842 66.416803 26.030254
15.437394 50.093806 35.035343
79.728677 73.495835 36.068714
74.518586 44.455761 28.530308
0.066838 56.542154 37.738311
59.719804 84.012546 33.131743
37.992018 64.563941 38.082032
93.315755 57.982747 28.817819
30.770092 67.307222 29.718296
6.692356 40.670070 27.470449
87.780707 30.595427 35.428697
43.300020 5.836926 27.280019
73.509020 73.377341 34.969629
26.144210 57.892537 43.221382
98.591868 16.454993 31.995742
69.053620 12.604845 34.222085
99.415777 25.732557 37.911938
5.637439 70.459390 42.064537
52.771548 9.490465 28.477918
99.544347 4.197826 28.341789
93.693668 34.355014 32.472556
42.325086 53.824944 33.446063
32.710677 22.169730 34.700246
25.335089 97.083621 38.589229
96.056524 70.744395 34.129205
69.529045 54.214168 31.490737
22.523284 30.503085 36.154697
14.352153 35.872330 36.785575
45.860698 54.867916 32.025249
73.974410 92.061055 36.027401
76.793630 86.760718 35.277954
5.702249 23.203401 28.776272
44.735444 11.245366 31.893349
39.966776 63.439681 33.291358
38.455640 48.262386 29.978053
29.066820 87.184194 34.920092
69.167330 16.585759 26.638528
90.413988 5.338003 38.815156
61.762950 57.089992 37.114467
88.909357 61.531267 36.423088
77.296741 94.509696 36.439648
89.613891 6.049777 37.101825
31.197566 33.924146 38.578053
92.699873 35.589403 40.613322
54.910194 85.126923 28.223334
47.381484 15.961447 43.718950
82.298310 59.572001 36.952239
10.058244 44.201543 29.599933
86.968165 67.918717 32.514515
92.739946 20.534786 32.887820
94.865952 19.020797 34.516681
89.207699 88.275976 32.644221
23.127506 64.866306 42.192452
6.826674 32.064446 32.306640
88.275669 84.926658 26.909508
43.331712 54.290564 38.428473
94.796733 96.243206 30.909081
16.913826 81.882843 43.558636
55.174972 54.105567 35.577557
61.104151 89.122274 38.558723
79.054620 68.209471 25.355184
6.873642 54.659205 36.511138
64.894792 12.324277 32.035089
36.349625 26.072949 26.566779
20.765169 60.060691 34.725210
63.407352 21.438422 26.907495
43.039569 24.939955 34.777401
8.410160 69.333190 32.403639
54.839557 12.290170 42.714990
4.914653 28.381250 33.315842
60.073325 34.705113 42.982420
12.843907 46.539462 40.699095
35.678659 23.410080 26.214041
80.285205 42.863915 40.033555
38.446069 79.332080 36.802876
58.656425 53.850066 32.685153
73.960525 50.106130 32.942109
77.226051 44.786778 37.777361
31.937036 54.952177 38.154027
22.696199 79.181170 28.011940
61.672816 3.893791 26.694918
19.768505 75.590114 27.242607
26.139508 6.650014 33.451468
31.976226 94.146459 25.747427
50.826067 85.736674 39.764252
61.647834 54.776688 28.698800
35.930047 55.667830 27.231122
74.711886 53.697131 28.430182
57.372213 3.590153 28.570773
79.251113 9.594605 29.875787
55.490745 54.198542 41.231068
40.220978 31.620542 40.277203
92.128622 30.125206 29.373576
31.471467 11.276812 41.639979
67.974799 53.023674 34.076172
99.474836 33.627275 32.760149
96.769219 60.938749 26.116757
4.175383 16.604274 25.364457
60.208556 62.065026 32.243556
35.202847 16.436557 29.343814
13.718821 17.053136 38.653860
88.730363 15.195123 26.547049
41.266781 30.818827 39.457408
79.793646 66.853578 34.979369
77.753849 89.296054 35.370429
1.853315 12.948277 27.653393
76.804083 3.545412 25.279468
43.685163 26.110364 37.586146
66.260197 53.023688 39.629529
69.406284 64.272953 25.209047
25.843970 39.689241 25.133515
10.791868 74.680563 29.292035
94.785615 45.617985 40.602599
69.219652 59.677625 29.171101
6.508995 75.598317 27.809573
54.630109 82.586977 33.846531
5.340445 91.564473 41.518477
21.157717 57.939141 29.825600
29.114096 59.360409 35.633027
74.885342 69.307968 41.037847
99.784290 12.870388 39.176112
5.040463 35.493319 27.711197
87.372350 45.279043 25.513025
11.419110 48.208393 33.599295
41.383530 42.704240 40.945748
49.245735 13.334332 30.698503
36.586922 13.339096 33.842444
43.582652 86.784234 36.634676
71.219825 91.586592 25.378247
17.265812 46.635837 28.280871
43.137987 92.963387 33.418779
78.695326 83.142413 35.012580
21.212758 51.684287 42.432499
83.361380 4.998799 29.262445
69.489413 67.601260 25.178139
92.159993 67.931551 37.282462
5.188641 66.823246 30.516040
72.334509 29.280475 28.118489
15.774647 15.024737 31.771818
52.565780 74.832414 38.262563
96.093327 14.910164 26.501789
49.425572 96.106142 32.795228
90.926815 25.340685 26.227599
5.673692 60.943866 34.551248
69.002792 95.573653 43.058312
86.321475 35.955784 31.685738
16.044656 16.389883 39.199707
12.324165 23.532389 37.634067
14.083093 73.170537 39.151374
33.302130 69.108054 31.985550
63.009546 49.664728 43.611815
97.686350 15.276353 36.942277
99.180920 13.151830 38.834885
96.520805 71.879853 36.340785
60.768004 52.660561 39.015779
76.105462 77.692939 27.099539
17.260754 5.974177 36.531720
72.576787 72.301703 39.291536
13.268290 60.635563 42.138315
83.843511 54.073018 43.430318
54.506217 75.424421 39.725587
22.578843 63.469448 39.653261
22.671124 69.863057 26.949137
35.027692 59.831653 31.996457
0.412225 55.987374 26.462676
1.030126 43.721194 35.686835
28.049331 69.932902 40.393660
54.961270 3.439122 30.854310
54.336573 8.551917 42.224762
5.576504 90.967813 27.389476
24.381698 11.975021 27.089500
43.372350 80.114641 38.870252
2.535990 49.368872 28.671436
18.736814 43.098121 39.127177
64.063120 44.620648 32.185376
75.329049 70.401460 43.579521
13.148068 42.016262 36.611045
97.490351 52.971442 26.018352
48.181771 2.554495 29.096623
1.230418 2.383069 40.418618
56.777718 80.516414 40.779121
75.720665 58.664138 29.518335
87.671948 65.053103 43.151794
99.692186 45.064501 43.073130
63.343995 70.154408 30.538896
6.840728 98.221462 27.174272
70.078605 11.224917 41.764078
99.992350 87.253012 40.216088
19.219253 49.590360 27.503185
72.882086 87.145698 40.443247
68.784571 14.633163 38.655109
68.438024 12.019758 26.630488
77.469944 83.531835 32.987212
51.137780 29.147197 34.089605
67.008771 5.529026 39.672653
46.509859 2.247319 35.377364
94.941645 49.777936 30.182950
30.542495 77.655186 41.955386
79.110846 41.835728 33.475493
23.033374 80.420795 35.251403
39.732692 62.361552 37.665481
65.998037 45.461921 36.836890
30.590442 72.141291 27.352556
70.727952 36.390066 26.324670
15.550991 13.842840 36.066006
32.881410 76.292029 36.037705
53.337491 32.278800 34.398324
20.756393 35.701724 35.848761
8.779694 74.819688 40.887383
83.102750 81.997909 34.371883
0.216364 80.837899 26.593866
92.813015 70.126102 43.606793
55.312049 57.039236 32.387567
75.170767 2.810390 42.580816
14.361185 96.661782 30.075783
85.187330 42.571636 28.604278
44.818613 26.959763 36.273964
82.845920 10.739779 31.729002
54.786978 94.543949 26.587802
22.818527 23.821475 30.893127
56.768908 26.572744 32.145157
42.000931 69.012412 33.865311
85.889919 30.433291 38.431391
80.333705 16.799951 28.660248
2.070864 9.298415 29.917918
25.867981 10.527234 36.027139
35.123666 22.530244 27.890236
51.601364 40.935331 37.588257
4.478614 85.397928 34.114643
27.486353 82.910060 41.656067
1.702226 37.044358 26.155851
56.159197 85.283246 32.101097
32.633857 10.405877 27.383354
63.233690 48.189262 28.346650
15.381708 74.650971 42.915094
42.051926 61.315308 32.862696
41.803770 48.114416 39.901650
87.850576 74.887317 29.458679
15.464750 24.700379 38.543044
30.745821 74.151298 40.635412
25.398839 87.839508 39.564058
96.302445 62.220660 36.826330
72.177425 17.567290 33.135108
78.475142 13.366343 35.440482
98.050797 26.307337 42.456695
46.037032 20.276775 35.401617
34.669310 35.984589 40.185768
79.961605 78.053939 42.896789
33.464113 75.655206 35.081071
45.557278 93.316215 40.420152
73.112946 28.607324 26.217718
80.228246 96.816793 26.642115
78.616063 25.453048 29.414804
85.496214 91.745157 25.156416
64.514886 84.476189 25.631205
4.140302 29.994577 30.205962
9.226300 36.798707 26.675677
85.020994 45.687560 40.795779
14.939512 28.878975 32.237292
41.780642 44.902157 32.905365
44.591025 7.023078 32.944999
47.735838 17.723916 33.712900
37.190206 77.853594 27.052344
41.971502 37.701890 25.727909
93.024231 57.081616 42.877640
26.486766 13.282604 43.625898
3.479476 2.458764 31.616659
59.096352 13.314794 37.781307
99.245174 49.758284 43.263644
45.334162 43.997879 35.669918
36.107846 50.911142 32.450226
15.044075 67.593419 37.944271
63.762778 80.902239 42.714743
37.771793 15.118712 39.275438
80.144091 95.102357 27.914680
62.606201 46.761818 36.146256
81.586623 73.581446 41.184898
75.348582 59.047773 26.590360
84.354554 45.806526 25.505870
50.852409 19.366876 30.951855
37.744686 46.032380 35.342155
22.573111 67.836501 31.164695
67.998963 88.499600 37.194849
52.178731 75.999993 40.938859
37.162585 62.598475 26.835179
22.463788 32.759139 37.841525
27.497936 65.686320 38.391511
25.951328 12.286876 42.190167
14.845245 68.674273 39.159912
36.728515 81.511565 31.346779
59.970890 87.579406 28.046302
67.351413 47.470918 26.490760
60.426983 52.762847 43.153203
51.956700 34.020031 31.004865
22.653099 90.437912 34.395579
26.422501 57.446006 41.226865
80.459038 52.669135 32.914641
19.002435 67.403366 43.413549
60.756784 31.102134 38.376196
2.427540 57.309987 32.766722
68.261069 74.280650 25.492462
51.188002 53.191097 36.115355
47.169118 66.628751 34.190225
35.323029 7.011712 31.604600
92.712138 29.438321 30.342097
24.357979 81.793669 29.334457
77.804779 72.156564 41.049927
1.203748 31.248269 30.068593
12.479266 20.400637 29.951067
23.103008 25.210769 26.313920
3.029473 46.325512 30.886153
66.953031 49.702500 31.519381
72.154993 79.296177 43.374268
99.083017 76.077819 36.872126
85.289959 47.171509 39.600320
44.008819 58.259315 41.843064
53.177467 74.180428 25.835692
0.987437 49.434686 28.269243
38.258087 8.169827 32.984253
95.724555 3.947749 25.040728
69.198084 63.886354 29.974282
57.332545 0.443867 36.563653
29.275558 49.619156 27.965677
38.321487 63.090119 38.941499
39.389612 78.701706 40.027278
79.898516 21.737079 29.435558
55.888216 50.114880 41.274311
51.816417 76.625035 42.746334
21.084335 83.289666 27.426789
54.882686 37.423648 40.891252
25.897558 98.475351 32.564563
48.570344 25.647521 42.403789
52.532030 33.462872 38.547148
90.576307 74.147503 28.687700
57.183414 80.407216 27.623520
82.265258 67.638386 27.682297
58.991684 61.862180 37.592734
16.468862 29.727196 37.915917
84.256259 51.867923 25.748175
24.782564 27.743616 41.620149
35.635449 14.224117 30.619536
63.298492 18.493669 27.340938
5.142417 80.803932 27.098402
62.700207 59.510706 42.474299
97.684744 17.561848 43.136466
32.961552 90.362894 33.399159
73.171663 34.223782 36.460557
92.022865 88.739061 35.732175
29.662790 21.075019 33.642976
57.339178 34.923487 34.718255
42.602092 62.386017 32.980877
25.671050 61.926847 32.034121
97.921885 41.862737 37.447262
86.075435 17.629466 32.955184
49.669074 98.465219 34.413142
95.368047 61.395016 40.297874
56.005846 61.698189 27.388277
24.210468 28.650934 36.252902
70.052472 49.911052 39.359386
71.629246 53.009051 29.418238
28.968000 73.528715 28.727240
14.853410 50.889972 39.041904
2.921155 44.638372 34.947163
0.303482 57.864207 29.123210
45.391083 49.968350 40.852480
14.100586 25.685863 31.496384
38.656482 4.165223 30.468601
6.729552 1.670284 43.557581
68.797890 24.137157 36.926199
77.852494 94.220093 41.485778
13.216956 43.998955 25.002496
79.824242 34.593450 25.766705
82.951427 76.698401 34.309971
2.641397 46.982468 26.760667
43.879496 89.525707 35.412266
53.764001 11.643427 25.204538
48.242602 22.114173 43.416404
85.923738 45.048858 40.382577
47.831105 42.865323 36.376875
24.762115 77.599374 38.906698
47.963596 5.950696 42.533357
23.314367 83.719968 39.133881
17.594999 4.858846 28.039717
87.276405 50.394404 33.346473
5.055941 82.500812 32.108941
62.206365 85.356618 37.209505
79.022318 17.478467 34.695181
61.082211 76.981676 37.271721
33.079492 81.503279 37.971604