13.875022 16.364437 30.634794
62.925222 98.189282 28.682125
31.424284 41.883340 40.985925
41.091030 25.612452 30.466750
83.971176 97.829447 30.698584
26.794503 57.604207 35.325360
69.717416 15.804718 34.032332
60.364422 67.516478 34.620893
19.476078 99.196454 42.235203
90.795338 9.593926 40.269997
57.702600 61.548695 35.812844
23.821350 87.969068 35.135582
76.823145 31.269784 31.517868
38.458102 47.251493 41.868098
73.298137 89.113857 40.254181
70.702415 42.377353 30.810927
53.525810 59.995503 36.647499
19.388657 27.531038 27.080525
92.992561 9.636739 36.019727
91.538616 96.477717 37.191788
49.312238 60.439639 33.504852
84.536976 5.890979 43.580816
80.013124 95.208306 41.719383
76.791158 96.467805 26.501450
24.276824 65.032309 27.182751
58.753097 66.224404 26.449835
48.439460 15.998582 41.647740
30.339103 50.257562 32.788901
81.811128 26.612994 29.873972
29.641961 8.225451 32.397855
23.394840 92.963990 39.776426
4.223350 28.820922 29.011371
57.104275 8.352953 33.249716
87.824961 53.271266 31.261465
81.382209 13.987969 41.652372
14.444308 21.356413 32.822777
53.201213 73.827826 28.846586
77.788277 78.855062 33.000359
11.628854 15.688049 26.484619
71.561515 2.265814 28.465765
63.142512 81.123402 33.318306
48.702182 51.714496 36.132012
45.113178 17.638410 32.630719
43.106746 95.124642 40.186121
79.830864 30.680750 35.907683
39.506055 12.454120 42.027670
63.139238 87.424908 43.292022
47.439071 88.068323 25.187451
38.609275 73.593055 32.368504
52.609878 10.467939 29.411663
41.098693 76.172039 25.620728
32.748071 99.971480 41.369720
45.430866 87.178109 40.624171
65.200662 97.495878 41.863752
35.815298 61.405642 37.401699
77.694641 99.689441 32.678365
12.809197 64.805738 33.778452
6.339860 69.592972 33.274285
3.219490 61.155486 30.237906
27.716960 82.967723 38.404272
0.085670 14.298444 27.281062
63.609233 8.544267 33.431789
4.911731 3.153089 42.538492
80.510866 97.392135 38.313170
5.473755 4.332322 31.999520
11.754610 16.433806 39.631306
45.780458 58.995076 26.869042
90.967517 99.794067 40.475192
11.511840 49.279630 38.067305
42.610360 3.788587 27.031754
8.834582 33.179448 37.767761
77.663912 8.394349 34.544163
30.437764 64.599685 37.184104
17.341066 44.544033 30.861484
25.392688 62.435587 36.601632
8.998448 11.414725 40.851406
10.513524 76.670991 29.166810
18.582567 19.137517 38.708680
34.771788 86.302297 30.327293
35.274236 31.300858 34.496731
5.315104 78.184696 32.635621
80.703656 93.854456 40.169203
18.114851 58.739027 34.854530
22.778760 8.517131 39.940202
85.086956 86.327049 26.878701
85.630416 20.236174 36.948388
10.349089 75.913860 31.785121
13.094603 94.000823 39.141624
11.213722 12.721134 33.113646
32.486651 21.876841 38.928382
98.463226 95.140557 40.910537
57.754370 85.044878 26.783682
30.696182 20.584012 35.624096
82.472650 11.285073 27.950432
40.000870 82.670962 33.948339
57.631269 75.716590 42.407350
72.831918 56.285401 35.674645
75.819157 15.979117 41.459193
1.938443 72.619315 42.574679
26.359283 23.925866 37.846410
91.682821 90.364608 29.430551
41.327004 96.446008 34.136324
28.608042 67.639740 28.091878
60.955354 58.783232 32.863796
51.472001 15.398604 30.190170
17.281203 50.468069 36.231744
40.638092 20.626279 27.145300
13.847512 61.473192 29.912365
70.017485 34.697577 27.565392
21.586731 3.432029 32.388514
93.796506 22.912286 34.005041
8.093034 12.957950 32.947362
71.040696 68.379875 42.822637
59.171287 45.637974 38.544306
34.021696 85.396080 40.000961
75.743233 55.693412 25.828087
11.980660 6.300173 41.074468
6.899554 35.088691 25.592570
18.804214 61.111441 30.340938
46.971271 29.436367 38.923660
91.238966 23.205874 28.362169
90.517259 44.112815 28.813066
3.834108 56.887546 35.919469
79.176123 20.011272 25.721701
57.327532 19.575637 25.021040
39.567784 64.587338 25.142021
8.571735 66.975496 35.110433
10.198212 24.966139 28.814665
75.411838 62.217180 38.227980
28.905405 43.798884 35.807484
69.709829 38.254728 42.112989
95.049326 88.823473 30.758688
43.280588 44.427548 32.519915
34.016328 10.088696 35.825086
96.500506 27.198950 38.158139
12.771785 55.210960 33.071506
58.278762 79.897511 30.158898
78.310931 55.315470 42.825972
91.596564 27.809195 25.199614
92.316097 46.140890 41.232106
63.696087 31.545006 41.785591
21.458910 18.307006 31.296965
17.617848 62.629773 27.844342
81.145095 41.302979 29.034524
27.430272 19.089352 28.949998
0.070741 72.380432 43.530886
30.211336 20.353953 38.485024
0.137158 86.190090 32.674481
56.892885 96.193810 39.371427
26.983307 16.288236 32.749187
39.594701 67.320163 30.591912
9.689366 41.005889 37.313747
20.350216 70.274639 39.263993
14.560533 18.022049 27.928901
58.484691 88.758396 36.458341
76.195136 60.230126 25.979666
46.316033 23.523198 41.553464
14.991758 36.690961 40.000984
14.204663 21.704829 27.772074
17.625622 33.889820 40.754926
20.869981 65.205532 39.417848
99.408739 64.782583 34.927090
10.609258 22.720827 40.667000
59.200644 79.870210 35.174169
97.366609 32.198399 26.461290
8.225333 78.544386 40.636044
49.928203 12.164920 28.242584
27.818949 81.332538 25.007626
16.403671 33.359686 32.809746
2.961797 28.700656 40.640021
51.903489 76.680368 40.745740
12.423263 41.369489 28.083209
39.976046 71.985840 25.952330
20.519693 94.041280 34.227301
99.217850 57.842867 27.696731
81.608565 12.525359 25.023165
1.103739 10.006918 37.415686
52.606689 44.405048 33.529439
92.059748 84.215343 26.063957
46.718339 13.036934 33.971154
14.080285 13.570947 33.256300
17.404665 60.918131 34.885610
34.040605 12.688963 34.642848
13.150709 69.469980 28.820730
44.867443 70.704909 35.646083
13.583509 50.277320 42.161151
42.301733 38.053591 39.595347
25.050992 72.474214 37.279238
8.428273 57.286805 29.853349
96.168193 49.411177 30.771717
29.004521 47.472973 38.829931
46.026944 86.472643 27.306843
20.423570 79.478095 34.261444
88.597753 86.364422 41.462446
36.148043 19.117055 27.429163
80.506526 23.041246 25.982929
48.244718 16.430986 42.386122
2.991484 92.080538 38.502825
20.817354 51.847264 36.787432
22.272336 88.905550 27.575969
44.659786 68.480390 27.564344
8.388790 73.776636 27.280566
14.265067 61.148086 35.677119
74.666730 86.311369 30.333077
69.208758 60.494952 35.089432
95.561226 28.304979 32.506322
80.078847 11.559590 38.454423
10.937346 45.281079 32.031394
12.450353 48.863606 25.694620
39.051361 7.756362 33.146594
89.489028 12.234900 30.764416
94.110131 63.057255 39.388813
27.992449 65.813424 36.489114
31.239204 10.438282 38.005968
18.160461 13.480278 31.790197
33.890172 55.956713 32.322303
56.155594 79.317748 42.359120
37.847719 71.984465 25.330872
54.853343 52.661479 26.516911
62.790252 39.247768 35.716888
51.837064 0.945465 39.608536
61.943547 20.568907 40.820822
78.360670 74.112761 32.390313
88.476642 85.511863 33.317285
36.699816 28.479042 38.979557
77.901046 15.222413 32.058839
16.936788 26.814732 25.330443
28.184363 26.346225 27.160416
45.020284 96.626262 38.306351
48.934954 69.205994 29.269483
85.191013 58.138846 35.400056
50.327925 71.021957 38.231523
86.731179 88.104273 30.428626
98.820172 95.139350 41.666834
73.414509 78.707746 38.085604
79.631566 99.545146 27.021881
53.404793 97.473058 29.771010
52.827494 23.900678 40.511042
69.454688 41.448367 26.828040
24.162049 32.715330 31.576483
86.117051 26.131709 33.391350
87.813081 0.668828 34.008577
64.073305 82.525666 38.139831
59.198913 78.837163 27.893116
11.342501 98.386802 29.625022
2.205046 49.175949 35.782946
92.501775 29.465446 38.682808
77.387170 50.090848 29.911500
61.348205 42.360392 35.135031
54.297409 11.010798 28.732930
48.423242 20.605507 25.069692
63.283570 16.701769 42.115245
41.629180 58.189587 32.038712
95.558722 68.699854 40.928450
79.796203 48.710266 31.801766
85.526024 56.809365 33.844813
73.659951 14.036768 35.827607
89.072819 27.166613 39.236090
79.999396 34.758307 36.766942
12.945837 7.034257 29.945202
13.288649 77.682519 25.246385
11.699988 94.160489 37.573786
17.136642 82.945890 25.202637
70.418882 39.833235 25.222925
35.459929 69.517798 37.157459
18.279028 78.935006 26.462351
18.894738 13.969421 29.082354
50.597012 19.898686 29.509990
15.522037 66.093604 30.294942
39.905182 9.729110 26.110728
40.475162 0.129378 35.640413
17.387308 39.912668 37.208659
31.353248 27.860787 37.938376
10.471111 22.197309 28.407960
28.861603 47.469900 34.966256
95.320849 3.562635 28.106196
84.509923 32.412718 32.556938
71.633087 2.927392 43.095354
37.780289 83.683831 27.581224
89.183479 32.229849 35.188777
36.245058 37.801908 33.740581
33.487184 22.866792 27.515375
23.811115 53.963089 32.686417
36.617685 30.515560 41.464645
69.885900 49.471049 42.321723
77.842590 22.038879 35.356644
96.738288 47.940546 42.964799
20.805781 37.114606 29.954335
79.097650 70.256524 35.240655
34.834293 5.143473 27.718429
89.165885 31.447036 38.908004
72.250944 7.120406 35.265814
31.337128 50.870510 38.251165
99.113144 2.859207 31.935002
50.046621 8.285525 40.364640
52.501780 12.887184 32.367289
67.742679 62.434532 34.377576
41.086762 48.033768 28.615668
20.847957 42.477592 38.193008
59.271345 99.991470 29.032787
67.900968 33.642995 25.700881
33.923012 40.795289 43.104908
43.202688 34.584160 37.746597
36.981017 69.953984 39.108096
60.604762 39.473134 32.819789
69.810216 69.017186 31.791187
74.106185 30.374647 36.664968
63.732849 97.377107 28.301567
35.555895 55.490334 30.640060
43.846579 1.456850 30.888837
64.933216 19.673701 26.781879
56.189174 76.346830 29.760896
62.189988 37.997086 28.019778
10.122919 43.958814 38.953336
66.963363 26.920138 27.653388
54.666049 93.427209 27.627115
24.800042 23.380674 27.146008
16.315223 27.094522 39.124595
46.268907 28.970055 41.204234
18.429661 29.545571 28.682776
72.580131 3.493779 36.784458
57.429543 23.286044 32.722333
94.237161 56.802566 28.750089
67.686489 31.608190 30.671186
60.926463 9.303066 36.338067
6.264696 21.813210 39.143940
97.505971 52.129162 38.889710
32.517491 57.925406 41.143528
52.414623 94.004949 26.923228
52.232857 96.775207 35.339810
15.243003 80.354822 26.004233
46.933547 0.566441 30.726762
95.261795 78.148420 40.517067
82.501560 22.143340 40.746076
57.650382 82.479897 29.128326
60.011598 86.096657 28.065936
17.579655 42.471254 26.184942
59.834456 20.491466 37.443379
10.636420 66.801414 27.950212
35.392015 71.243418 29.901938
86.113205 57.472434 25.565265
88.630137 81.280500 41.266708
14.371197 85.731437 34.839280
54.457338 73.544772 36.208634
43.249654 67.590175 37.439734
41.819260 59.988657 39.441963
88.416242 39.858222 41.785012
15.605223 39.354311 32.374817
17.482164 21.769167 40.568020
63.305877 43.608003 35.611554
14.223615 78.766611 40.345010
88.564929 25.164807 32.077140
40.447850 36.245584 43.131065
81.419073 52.487655 36.485248
12.507859 30.168145 37.459079
11.806616 71.941155 37.427985
33.816071 88.802126 39.038751
57.443828 56.848100 26.278495
62.049237 14.314872 29.393992
55.050185 22.091037 27.379269
24.164974 98.418198 35.055615
12.428420 1.525866 27.963226
64.204432 61.617275 39.456454
3.470069 61.177568 27.659673
17.464370 9.774705 36.118222
51.590800 3.419932 31.813430
17.678403 10.143306 42.349526
61.525755 95.652957 31.463289
88.496644 6.081912 25.981405
92.512540 77.486552 27.379531
15.650693 62.939907 25.184192
25.279802 89.836116 29.780167
5.358970 0.439952 25.828100
20.433551 28.712908 35.565250
87.288572 76.155116 37.646750
43.959820 84.520088 38.335537
47.447017 68.123195 35.393066
48.118778 3.419396 42.338198
49.380579 47.908332 28.613632
95.287961 23.857161 29.137089
5.720748 12.935302 25.297046
36.486969 33.440201 34.823087
26.492532 82.765116 26.114847
95.965801 81.810800 25.098179
52.323494 72.439123 34.037142
24.217299 83.526863 25.970189
54.356215 94.348163 35.983669
15.600060 59.535976 33.274302
46.368730 69.321785 33.770821
87.378922 32.126809 30.741734
36.871769 35.126136 41.289914
64.328912 8.262945 31.324349
92.684511 27.273492 25.559403
81.275551 79.867488 38.304054
50.260710 49.544264 35.734597
66.974200 60.463742 35.091728
89.076246 30.151972 34.885822
8.093998 11.051045 28.713378
99.271193 35.728930 36.551833
16.047295 38.516220 26.637533