51.477197 59.436499 38.222609
27.092848 51.230523 34.658128
52.031727 89.834718 32.630274
73.597284 77.417609 35.837556
16.536976 70.752392 41.269448
32.829051 70.815003 31.499951
80.170627 58.892394 35.128118
1.927458 84.913827 30.020243
85.087006 37.791480 43.274253
17.718659 75.616154 42.244986
64.214170 24.017024 39.156593
65.002422 95.559705 26.752242
4.724322 15.211397 26.859009
93.016310 49.629125 39.858109
42.722880 72.127495 31.327814
55.945703 70.609835 25.531745
58.385985 99.179436 37.653564
42.205389 77.828860 26.045167
54.392887 29.606208 26.152203
22.773805 85.895856 28.765443
58.966548 93.918283 37.265491
41.739887 80.694069 36.717778
67.164049 89.567029 36.990819
64.269986 93.243954 35.767864
20.050579 17.079158 36.256334
0.010933 8.762359 42.378981
19.573487 75.987115 29.189289
96.516776 19.855898 25.722646
37.828787 11.829444 39.430578
13.714155 58.413193 42.984389
89.724871 40.740729 30.907293
70.762661 68.251988 27.703754
79.824441 45.052475 41.498582
66.479774 57.273449 29.678533
88.864969 29.268706 37.457039
35.022728 77.302965 29.872278
63.397039 14.799717 31.794970
91.418844 83.792539 31.416438
25.881932 41.427142 39.142425
9.778324 1.985217 37.343170
18.391018 99.076759 26.574971
82.253064 29.351495 35.426894
8.267931 62.063059 31.052698
77.658445 64.707210 26.386169
57.892928 53.965886 40.325568
78.315851 43.706438 29.070101
71.589803 78.406491 41.060185
82.663732 95.388462 31.392172
20.589651 27.566280 29.259270
8.021633 3.845076 42.929162
51.593120 41.359586 40.886208
51.171883 94.290007 42.928783
19.767516 60.938678 39.390856
35.342057 99.779147 32.534150
36.350977 70.026736 32.285459
76.596145 57.345763 39.243986
73.288296 94.584346 42.829454
63.159580 49.026858 25.593258
64.446435 49.788269 25.415241
42.688950 83.786451 43.684972
35.818029 45.830350 29.159006
40.235203 42.568665 43.486265
9.956587 27.769144 42.352372
23.959267 97.692396 31.876492
32.707696 0.225564 36.567187
52.921218 24.644067 25.068162
55.951021 32.669553 27.971348
34.896647 91.635668 30.792068
89.810761 22.053321 29.084533
61.620076 9.683118 35.554478
23.929426 54.915780 33.564843
8.146170 77.465150 32.697776
49.589240 68.479078 30.090595
6.558295 55.472644 33.046876
42.413848 11.616067 42.879606
88.259598 96.340805 26.189807
42.232553 10.266556 32.188974
66.701514 0.959123 43.140748
25.541539 49.633469 28.965061
72.722521 53.564013 27.239445
61.364400 16.605748 39.142777
86.446952 37.936380 39.268943
42.883176 53.596735 33.534151
60.154275 15.176952 31.974474
90.584995 2.670358 40.997318
63.899416 59.751728 29.341245
0.274257 86.111179 33.257728
87.958076 2.908002 32.881761
23.714699 1.396310 26.984823
1.737364 91.936613 39.064460
91.535549 98.387532 42.991533
2.678043 35.215248 25.909397
54.785000 90.293756 29.200496
24.268279 25.821176 27.010011
17.920202 42.797606 32.331529
98.817465 15.941932 41.460103
86.502963 35.272973 27.899295
0.911627 5.518799 33.866124
33.905668 2.092387 27.255703
93.906918 6.328526 26.735034
36.294986 26.147491 34.690491
62.102769 68.136248 41.793981
45.282281 3.686298 39.521008
9.373431 75.338453 35.906028
30.156914 28.054759 41.397528
0.354182 86.701254 37.916159
75.630094 43.318666 40.425108
48.230731 73.143998 41.226537
14.304875 22.737736 40.156637
48.816280 63.218220 32.550196
1.410791 78.718490 35.868049
30.737856 95.477519 28.633916
60.487093 85.723379 27.958296
1.118407 70.734363 40.280506
77.648302 39.815836 28.902806
58.688593 97.946888 26.367160
84.792161 57.925269 43.172043
33.562101 1.574329 42.573613
86.682763 88.021307 38.330825
9.910866 23.312742 31.988371
16.080418 32.129600 42.984232
20.178921 50.818710 27.861199
31.681832 84.083159 36.369524
45.330254 18.552407 31.296809
99.637106 70.071677 30.654700
45.192043 91.620883 38.928010
25.223497 45.378036 42.253265
87.382275 23.968651 27.134863
85.915840 0.034458 29.907561
20.204260 34.872612 41.672339
96.923900 58.908506 38.254847
25.604599 93.128899 27.137975
14.595303 56.770290 26.780302
57.772913 94.511238 27.172081
18.421206 46.168333 36.995878
39.661960 6.939958 38.253871
72.246295 86.832323 38.524590
98.149865 62.038925 39.462885
36.007642 96.858355 29.670848
8.249784 10.952211 40.961750
12.638851 60.854752 41.709094
23.454465 44.242872 34.026629
83.585378 86.086543 26.810195
50.155713 51.855520 31.067148
33.089229 87.213891 33.691670
21.674062 8.253655 26.687559
17.247245 56.578513 34.993977
9.038922 95.276286 34.282335
0.645461 36.622222 30.288757
24.666848 46.960822 43.522650
28.472921 39.315324 30.197566
83.960764 52.491069 25.450076
75.191119 25.997419 25.603831
36.126702 61.227873 32.941652
87.586423 44.118500 29.862690
82.626566 75.444691 32.053255
29.714060 41.574038 38.143845
85.541997 11.040656 28.155819
19.040282 85.433052 25.369768
88.984319 10.439778 41.537151
45.605231 23.797944 32.037759
89.725948 25.808418 31.759581
4.361337 25.793116 25.092029
9.576958 95.330162 31.406092
54.440703 32.631901 27.687963
8.906933 43.006215 42.803928
9.573446 81.856028 25.237303
49.345195 67.237907 42.615347
46.528689 20.414141 26.606499
28.376233 40.075709 34.498312
41.179113 83.104705 40.749067
75.723691 51.472027 42.986272
97.293026 15.131314 29.113008
77.713746 86.638746 37.606149
69.900007 34.073112 34.791832
9.826539 6.668400 25.863034
55.649799 58.729562 35.871011
40.692680 49.689571 32.887634
39.598295 59.351708 42.951196
3.464509 30.780617 33.050735
87.180149 98.762001 42.255618
22.490325 81.295209 42.381988
30.486981 23.052123 32.426418
86.160528 73.599440 36.648474
63.239100 25.685945 26.421238
92.717035 93.492125 27.827575
14.198437 81.567010 27.546876
19.242191 74.231039 43.206594
31.311550 73.101957 28.467410
11.631978 37.324472 34.224982
65.070079 17.761835 34.765410
74.054108 86.663686 39.310402
78.780297 77.602596 35.722174
50.231417 59.244406 39.164306
86.063841 77.284452 36.093084
37.647544 30.948224 36.151700
72.180571 56.483691 41.769306
66.990456 49.902500 43.496391
22.268799 56.032853 33.172147
75.801928 54.960721 42.550826
2.271731 15.862283 30.557679
22.926658 42.828057 37.881504
46.592468 9.557570 42.131857
97.099017 75.507444 34.360860
49.993900 11.535935 32.844794
12.101191 40.417857 31.237634
18.578394 30.637559 25.651975
70.273876 80.248274 40.951497
69.507584 36.312178 35.897332
54.698062 32.060804 39.572151
29.916762 5.582358 33.438486
72.244030 45.194391 29.832583
25.294922 50.223538 38.614976
54.026875 96.273155 37.254744
9.396551 96.926099 25.356298
63.993577 43.231817 30.967320
94.147260 54.550713 42.248216
71.589023 19.725766 31.762514
25.986415 37.045141 36.791191
26.555986 46.334866 26.786069
94.826696 75.609333 31.790642
52.337007 86.376894 38.701580
54.866867 28.691265 28.930345
19.409364 94.971864 31.846355
4.637779 48.292296 42.707500
1.671984 86.827227 37.471277
43.011483 8.293685 43.574349
25.507020 94.902544 42.058806
64.885853 89.581350 33.229950
93.677350 1.005069 30.877888
63.833276 93.670699 39.914322
71.614816 31.743505 30.834455
10.396663 10.667850 32.035180
91.713618 91.815519 27.149854
14.015135 5.827006 43.229872
84.383507 9.047008 38.619252
81.521939 22.430390 37.188514
20.595923 63.576430 39.202794
51.804919 74.706759 27.286849
70.356639 80.662180 33.944664
91.072376 83.861284 36.918112
37.712005 87.664847 40.602693
25.020836 81.854089 42.670675
35.596445 49.783367 39.901806
14.980865 21.253990 26.739634
68.470307 36.412627 42.534041
10.132511 76.140093 28.159482
41.791538 72.648473 28.409446
46.019473 63.278365 26.388311
83.488711 96.830068 28.396975
81.479640 76.024012 41.108004
32.191121 8.591212 43.008598
32.469813 33.656298 31.030269
88.852530 1.305835 41.001155
78.486957 43.933112 25.350371
5.562218 94.559847 32.361812
84.134776 17.260738 28.883295
91.475828 95.107707 31.131589
84.228530 59.052777 37.079595
36.222026 26.480951 42.962377
72.683799 31.317857 25.505123
18.785953 37.950424 35.683656
48.215492 98.148715 36.728745
74.027325 25.111117 36.196938
76.974429 48.459921 40.032316
59.693288 70.219654 39.674659
6.831313 1.554370 30.078493
64.903557 28.476285 35.552545
9.011486 37.688790 40.945655
51.847593 89.185087 35.188996
92.139841 50.005457 32.567580
58.103756 70.338103 38.726840
34.869664 71.176056 34.966545
47.799195 69.669741 37.218549
28.641680 15.824903 42.109099
94.717437 75.137913 34.333965
58.683870 37.303145 35.487804
85.852222 67.342241 40.136581
14.958620 13.402224 33.561264
4.774589 72.642171 37.812618
79.031437 85.383992 28.025856
1.245277 49.522275 25.340209
21.617569 12.153934 39.917375
15.580914 2.490016 34.335516
37.806869 4.502555 31.061194
37.273354 13.528908 42.200083
27.556643 75.446306 36.288838
97.233682 7.983911 34.851791
23.921080 44.817466 31.067102
2.596060 9.012457 32.834167
38.270717 78.214584 31.868031
23.133396 19.237037 36.973639
91.722616 20.900272 26.601361
25.325794 19.080866 32.918258
75.836395 24.585705 36.589016
20.049920 4.875425 35.976711
64.992211 4.914207 37.120203
56.678905 26.187728 36.086291
53.663194 4.952101 36.255236
15.297399 8.795223 37.413375
15.583324 34.884119 35.872232
86.729507 60.568362 29.680509
90.955354 17.486683 30.033274
33.552650 82.130136 30.329525
1.610170 78.404337 28.192932
38.278225 70.154758 29.956788
18.779188 47.760613 43.030682
89.076722 99.719408 34.432933
69.078423 99.604668 43.597728
83.014455 98.119955 28.567468
4.645835 69.079828 25.236967
14.796437 52.747679 30.624887
71.988955 5.508758 43.005010
22.149206 24.682088 31.038148
77.133205 56.506893 38.313751
21.181493 97.981364 30.980868
85.116734 36.105327 41.878274
67.449430 71.754402 43.381701
94.840812 2.298688 28.416977
98.889493 38.163341 36.989119
3.410193 26.938424 32.615812
83.276522 63.708701 37.695341
31.817871 79.488004 33.747671
66.415239 38.797460 36.885304
52.862467 94.890734 39.740125
99.984348 94.737464 42.594771
29.967667 98.035734 30.538819
3.648473 14.800903 36.883795
27.749225 29.041479 25.522497
6.678989 48.104569 25.780205
70.896645 15.810345 25.418846
66.453996 51.818006 39.188421
70.034923 85.741564 41.719468
68.504660 54.882303 27.558660
1.991673 68.722715 41.081945
96.771077 61.204729 28.535228
95.129718 98.855921 32.270395
79.148648 72.458761 38.640476
94.130634 77.965927 38.309484
30.282494 37.575043 27.617056
97.172847 44.336494 38.084963
90.826974 57.573029 42.673948
34.652885 45.753341 32.204461
78.329502 78.412501 35.139508
46.893303 92.549502 37.366227
5.534790 10.885224 41.787380
33.386426 89.181585 30.283448
8.864767 92.639963 39.459861
77.032938 14.926217 43.631273
52.361784 58.896547 37.678346
2.437091 58.555797 27.654008
14.347508 25.608898 26.537227
91.481487 70.894843 27.767091
66.231055 70.050321 33.938725
65.819081 82.292000 35.222516
66.607716 30.849426 34.503835
89.277258 70.910085 38.683075
4.079669 74.672235 27.940794
73.300859 48.939286 38.077770
23.879883 39.710994 40.975941
61.340794 56.030889 26.072195
31.082287 6.879207 25.476046
7.696816 86.923753 42.795924
69.870360 87.322908 31.544151
38.624005 91.880370 26.302462
58.339897 14.636825 38.013779
73.811942 49.959988 40.513806
9.876299 89.358269 41.801472
76.886500 67.313616 30.526464
39.398909 57.622091 34.430260
2.117206 84.654211 25.899409
62.580799 81.212669 29.218502
76.321812 7.973536 41.433365
93.469133 19.403583 43.533679
37.075328 75.976429 41.475846
35.261571 29.357158 39.750670
22.586910 18.836977 42.660067
32.187541 91.309698 33.485064
97.325479 16.407295 42.655561
74.108120 78.559191 38.511031
0.290985 5.491443 36.735114
39.780816 37.061723 26.106165
4.889622 33.356952 35.143805
22.672554 91.383797 38.642083
27.883915 8.721932 37.293696
39.995951 82.473876 30.785744
26.407221 10.204133 40.030237
85.154963 39.903492 30.731279
68.783406 2.742793 41.023465
6.484668 97.362466 27.969826
80.239274 52.674849 39.016792
60.061707 7.054435 43.120950
71.466003 82.322550 27.166090
82.149926 12.075984 43.725850
28.659587 35.972020 26.634187
7.870838 10.348244 38.856964
79.960244 99.011256 41.006514
23.838276 70.595350 38.259509
7.956528 4.277311 29.346131
53.373028 14.221729 38.335865