75.604227 51.469140 36.751701
94.364799 31.674207 27.808621
79.797599 6.193697 39.252890
17.503042 44.891535 41.506349
35.247715 51.440023 41.391253
87.127308 12.396508 30.358288
70.824089 24.298705 41.651818
81.717139 92.261429 42.348400
0.260630 75.414884 38.598176
28.475485 15.500204 25.629208
81.622553 71.738179 33.970624
39.326772 33.397615 33.715184
83.713148 44.218792 33.288961
47.098684 19.214307 39.039382
83.890868 11.871420 38.668859
66.559664 63.068264 35.484925
32.507601 1.413056 28.612716
33.055263 82.574701 26.059613
78.741940 13.792747 33.622112
90.525366 28.065557 41.616435
10.668744 32.046045 34.739533
13.037343 71.546598 39.332098
26.424554 26.368666 25.274021
55.201195 58.176593 43.162636
31.177261 15.572078 33.651570
51.013944 2.082470 39.931693
98.366436 62.152609 38.034121
66.573137 68.570778 36.108392
60.501765 4.487689 36.303989
22.488859 31.578118 41.477332
31.671772 51.784272 32.754021
29.169617 97.938388 30.986963
26.513123 29.749706 31.650734
43.681735 26.018544 25.214384
14.609648 62.243504 28.615886
46.076503 52.666503 40.408589
70.722274 84.959916 34.314316
83.330013 81.127820 30.531028
37.829650 46.364908 26.177607
6.654736 47.487183 30.753436
87.684562 43.893813 30.878364
43.733837 90.782761 34.607720
59.288781 86.541576 35.541986
62.190238 25.956896 40.369657
94.738012 68.543684 39.538585
21.276105 15.156795 28.884742
95.736417 79.676375 28.301097
63.121711 98.650090 25.830498
78.664602 91.659815 35.829977
51.006620 32.384145 26.429211
15.575351 55.710844 38.500832
51.198388 74.049236 26.978956
69.547236 92.662311 38.890222
53.595648 71.986752 32.319959
88.970963 97.485125 36.319256
58.031599 32.580393 40.416904
93.140621 35.645614 35.959553
21.619514 77.310838 27.380209
73.480981 12.747778 40.939461
49.939332 62.674525 33.429210
11.921506 63.765344 43.232863
39.962281 81.222778 40.192512
80.077103 36.228566 26.078227
96.769227 94.961659 43.147200
81.632734 30.128757 43.663285
57.072402 86.574454 25.460571
1.430446 97.894017 38.603392
8.631937 14.926773 35.222151
95.492144 40.473128 37.349902
73.347691 61.770458 38.717825
28.444135 97.061973 28.745517
97.751031 3.883994 30.024637
37.269273 32.376380 38.545349
15.282565 32.295631 29.743772
56.735174 32.392144 29.558454
14.901202 86.159477 28.864756
22.269172 6.939794 35.666602
73.434042 66.340440 39.355936
22.339004 26.723824 25.607719
33.848619 5.963631 37.341024
73.854132 94.584725 30.937278
36.637472 43.450933 30.982425
12.183372 55.749739 35.379902
11.912595 24.332853 39.001942
15.533079 8.163827 38.596709
30.503454 49.117108 42.023889
74.701560 43.636032 37.765234
24.277538 69.089259 26.467772
9.804188 78.392107 31.615551
2.305330 57.131588 39.150181
38.810172 54.845782 27.668357
98.379259 49.712872 27.095443
17.617551 83.216009 33.766403
38.544505 63.095898 42.261827
4.875333 48.436799 37.931307
5.480746 41.477183 25.215419
83.363902 16.406987 43.406736
56.451317 36.630926 27.273296
60.401861 51.697816 32.208660
28.030719 41.398262 39.716780
14.136615 8.960780 42.408161
55.526125 18.478451 36.095109
47.770846 43.027000 30.932666
21.096369 67.816315 40.545919
18.570413 98.408400 26.624745
81.228222 52.565400 33.959129
49.841335 44.857541 38.397767
63.004899 34.814913 33.947600
39.000183 99.321835 28.660055
11.168300 51.691279 36.676661
1.975105 42.172917 29.482259
70.624550 93.136395 30.693897
28.529918 7.757072 40.110067
13.955687 34.267587 41.758420
97.282499 1.202051 43.135275
88.505270 62.255384 36.611430
36.027940 32.362328 40.064612
78.855359 68.378759 29.792407
13.895317 88.675668 31.632277
68.137860 62.744570 36.375364
79.591437 37.400090 36.998592
65.161084 75.865508 33.468393
39.162666 97.276432 29.739976
25.374704 95.359932 27.581040
24.266307 91.056788 36.378454
22.546637 15.641833 31.861104
14.709663 83.765496 42.445596
85.216133 92.710215 27.703815
31.855542 48.625139 30.410439
86.986844 1.916889 30.154133
37.252452 85.512803 25.967935
82.841429 81.517885 25.952243
21.067369 17.988763 34.561319
82.209209 85.346473 43.340146
89.591679 59.448400 39.400553
92.712330 89.996293 35.651979
27.020785 34.272686 25.818303
11.963270 42.661396 25.407575
61.760669 12.934826 32.132542
41.901214 22.325527 25.488966
56.447169 62.016414 34.534442
46.166055 67.354253 40.949913
59.308139 32.602973 33.719141
68.815938 60.632099 37.005104
69.823377 51.014330 28.537890
22.319058 61.057425 32.553217
81.951377 49.864633 41.189885
88.374937 93.551213 32.343565
53.174496 28.779259 32.805816
86.979021 23.073289 34.541067
54.619621 30.268353 43.176985
70.684440 15.218754 41.197992
5.281515 70.275757 29.959604
66.989282 8.271192 33.803641
42.973996 46.405980 37.532022
52.779935 68.162909 32.508138
18.871574 13.729289 33.411720
8.127952 64.293810 38.746961
47.326526 83.150059 27.024211
80.068118 12.166286 39.369217
73.928373 79.279684 40.268172
78.669992 29.711075 31.531933
35.789096 74.544765 37.723992
0.668697 60.216191 29.952604
85.425007 41.543681 25.483276
14.585689 88.215700 30.531851
0.850699 59.742766 33.747032
43.858128 91.023837 39.490176
90.829542 48.802227 31.497679
55.263593 57.560566 28.834719
33.857894 1.595098 40.708395
60.772761 44.187821 31.968743
61.140805 92.748686 40.518168
69.948466 92.432722 31.339164
10.003209 50.518983 36.062297
32.765328 44.719335 37.923063
19.600838 77.898662 29.409770
50.772140 75.560023 30.443679
61.788635 29.924052 31.886660
74.837198 82.922157 29.190923
4.466083 33.640471 37.750504
29.097092 94.306261 33.736301
11.158560 21.362271 25.389039
45.851115 91.195437 27.985498
43.414107 75.806953 37.254408
45.443956 60.907236 31.112859
93.989649 15.378888 29.532981
55.674233 65.671067 38.474598
69.658110 93.765426 41.418041
2.380528 72.670396 27.126337
0.943932 36.693267 39.963199
32.190703 50.211649 25.721331
6.561691 64.475119 27.897798
99.338189 35.434089 41.649622
62.161182 51.664750 28.180762
32.551366 50.030894 29.984853
2.961843 10.105568 33.840368
18.446561 74.684333 35.670149
76.843047 42.638244 31.399975
28.552806 2.157823 38.128989
62.816341 38.368115 31.814304
1.192610 99.285425 27.807118
48.878373 88.357744 40.601725
87.902280 34.657616 35.705676
99.479766 98.531561 39.837376
55.520827 63.963566 32.257591
88.927815 76.188841 36.520597
25.094625 36.715461 38.413746
15.266377 97.610467 39.721406
80.369051 52.307301 33.669736
26.878643 15.639423 30.497225
34.204575 62.841032 40.965306
27.866461 62.836357 26.359862
17.668220 31.973967 26.262082
31.592093 29.955756 26.362908
52.100747 21.090856 25.774961
10.907777 26.706626 28.448259
25.738126 32.700518 43.250451
74.060230 24.622973 32.801085
43.106377 17.537958 32.874142
22.006223 47.477131 25.525496
18.739931 52.325463 38.195114
43.086638 31.273164 31.154413
61.832776 89.314889 42.038873
83.299201 8.431659 37.018457
17.508709 28.790590 36.387810
7.746736 7.084378 38.101877
87.546824 73.955135 25.146104
87.249528 74.678009 36.572655
87.693580 81.886467 30.667852
4.632760 88.136565 28.042634
35.935093 77.093119 27.421275
96.881631 0.403684 36.016533
5.772157 7.485394 32.416052
13.715435 65.109542 35.504647
20.380699 30.323547 33.403478
24.298890 44.322693 40.537472
18.413110 18.205020 33.335003
79.825843 38.016836 30.142490
88.480189 26.799351 42.263426
86.611224 25.525878 30.290234
29.202451 40.025170 36.263873
40.916932 3.930426 31.023281
69.623369 73.980308 37.743914
90.786566 0.660969 33.859340
98.165313 49.387847 33.130600
31.849184 11.838084 37.922243
58.705253 21.568500 34.372904
52.602098 47.855079 28.864918
38.974161 32.634657 37.878687
84.307845 3.935040 38.424448
60.755040 94.901706 26.249753
5.078783 35.298698 30.914839
58.868528 97.713364 42.920366
59.053220 35.876218 26.808082
98.602452 47.501693 29.719554
62.299963 18.500868 31.339808
30.259601 89.900154 35.018493
47.501039 90.977175 29.751853
20.485408 66.603610 42.772665
5.642636 77.501605 38.390176
93.849511 41.876838 40.148191
63.784367 62.370492 37.323143
0.153196 80.811710 36.821047
31.934852 90.600449 29.622984
48.785292 32.579993 27.934147
76.774134 92.537678 39.759094
98.496183 22.473085 41.564639
7.797670 58.936214 41.575175
50.259250 90.694436 37.453648
28.171957 62.067935 26.050561
76.915980 75.426854 25.490304
42.377994 6.685481 37.929580
36.702647 3.603466 37.427712
43.871694 90.325909 34.033844
35.468971 29.140192 34.565226
70.921861 40.717604 26.081254
62.822095 96.451834 33.218756
18.905908 13.502040 36.004461
49.362040 96.012167 42.093007
80.105570 57.699812 27.268492
78.762307 98.695138 34.925034
43.243475 49.504294 32.680337
31.946679 74.779705 39.593823
77.035023 27.151707 40.875470
7.447536 84.391723 34.930192
65.738883 77.767705 35.720819
47.415258 10.895393 35.234426
16.187067 12.224653 36.285749
59.946845 12.982944 43.425221
1.695664 12.325135 37.449649
43.535595 14.333154 31.783543
63.073886 96.076646 38.503432
64.574341 36.753822 30.587980
64.569554 13.392243 26.981833
87.852557 24.670833 31.642289
33.493116 74.207326 33.734666
83.636677 22.098505 27.046273
58.264049 64.251682 28.856417
98.877139 73.588025 26.503800
32.665749 46.955497 26.287876
54.446396 63.161246 39.115000
83.089934 82.564384 25.518382
10.957493 63.167824 26.048903
12.058786 79.324012 42.525333
41.404184 92.845713 33.756241
79.184134 96.152330 38.286099
46.161522 63.791488 32.945935
59.891924 93.328425 36.190470
58.035422 45.472664 34.753152
3.375697 90.223171 26.963666
89.903236 38.850227 36.564537
82.767950 95.772256 28.533111
17.513019 75.535218 29.848935
42.959658 21.045603 42.912608
11.280332 82.989207 25.364893
19.790714 21.565816 32.969540
0.579725 79.163231 33.942701
7.489576 56.713744 35.085095
46.957216 94.590080 33.826641
81.338716 63.785746 37.031225
39.197435 33.072606 32.484844
32.515724 32.696033 27.751408
91.087943 84.910144 25.712883
45.692337 10.278995 26.783624
16.414302 7.484480 26.201431
26.738073 40.948000 38.176538
83.302394 62.644868 25.136094
55.841884 6.010466 42.838802
60.845006 6.635369 39.943896
18.614273 6.379666 26.135500
18.413788 88.202597 32.588948
34.636461 40.149102 40.304571
91.371433 13.264484 39.704075
48.402213 13.666195 34.556432
79.677180 43.825363 26.161107
62.124038 36.439562 31.053063
43.337581 9.241851 42.309631
54.165343 57.172460 34.571255
22.435181 76.619416 36.694219
82.662911 20.069857 35.385936
16.356157 61.799502 40.949090
4.702483 5.618837 28.920661
17.514049 11.862011 31.788012
6.934638 86.599978 40.409585
98.528277 59.541067 27.803406
74.158301 74.675805 30.949600
4.772290 23.146305 42.742956
68.830564 74.059173 42.496537
87.068922 48.349421 34.806428
19.324870 50.670027 36.587223
92.222666 52.990839 26.262760
23.561907 75.602786 26.078176
74.069700 92.568736 30.981553
62.895245 62.585183 39.961590
97.038909 71.067917 40.787037
37.029970 26.153458 27.561823
30.102918 83.557980 26.742146
44.303152 64.736709 32.721374
91.586793 50.447083 33.777199
73.979826 65.921806 40.796697
22.809060 14.915092 33.224898
80.057727 3.310621 37.574269
40.576928 17.063440 33.641502
81.760558 67.824558 39.041242
31.508100 96.978822 36.099374
82.837048 98.858864 34.890500
73.454305 79.321438 42.927783
14.003475 66.646441 34.993316
55.123193 69.133654 29.883418
89.481933 45.041607 34.378594
66.896326 94.700613 39.262667
56.476270 63.935415 25.267644
69.823921 36.503060 33.163042
95.348352 2.228844 31.220014
2.017659 15.480976 27.839436
12.743184 19.318608 43.167575
17.942601 72.695659 40.033341
46.716380 32.510771 40.170909
43.499742 33.662102 33.280191
41.269090 90.825023 36.326730
66.291242 15.405143 32.998087
31.405652 59.002298 33.615225
20.195566 86.741518 33.994868
46.518982 55.994206 28.300236
53.445459 48.333846 26.259606
64.292406 4.849097 40.904685
20.637660 80.557496 36.323474
56.602814 22.165083 41.158970
43.336215 63.783805 36.722414
89.159598 63.656536 34.716865
67.853787 1.856891 25.919442
72.076592 96.392003 35.489470
73.884483 49.882823 36.145242
68.328165 66.368536 27.066317
16.378277 41.489443 34.207231
36.869126 95.407068 34.709560
50.807190 65.636446 31.399293
38.167462 7.613084 27.318159
18.959736 68.800876 41.696087