88.104255 53.601073 25.320976
28.429468 0.346323 27.344290
6.305459 88.959789 32.180446
21.939601 75.461658 41.050019
20.314485 21.354771 25.380871
26.169684 54.497098 26.464313
7.481272 83.472538 36.033301
9.281494 74.117714 39.964095
21.824376 26.033185 29.041748
2.519151 51.264996 27.388107
72.988633 43.979220 37.150803
56.223551 55.926480 26.923380
13.956628 92.783684 27.616393
29.681357 33.123772 26.968655
80.052840 98.424184 28.703922
75.020110 91.490508 28.845997
24.782516 36.443134 30.696967
10.349977 47.062247 35.009454
79.815026 41.577098 26.299933
50.246618 60.270445 31.293469
81.556649 22.601609 41.983711
52.639996 55.646317 32.255259
68.105464 84.344210 33.759599
74.308481 53.132757 43.106582
98.401370 30.746575 31.568465
20.546912 41.289545 27.826662
80.998526 58.845581 38.358132
74.751944 46.344469 28.878363
93.078030 88.964823 27.911333
29.670345 99.099525 42.207052
26.870000 23.199218 26.286930
8.335923 73.351323 41.515567
88.537690 78.635248 35.210604
60.170589 52.179043 29.415159
8.150469 57.003152 36.409008
2.864554 63.785404 41.460914
99.240247 21.741975 27.025554
70.183755 48.068038 25.543001
50.943392 32.231055 32.970231
81.029656 71.494804 41.412497
19.115061 95.881854 34.118743
74.308304 69.704029 25.451891
11.199244 63.707036 37.157393
31.436593 0.556008 27.501891
95.031666 21.730899 42.761028
11.785043 36.414642 40.761372
23.114926 23.084695 33.222944
35.336575 99.800755 25.068996
94.875512 39.952847 29.266486
28.386437 24.132796 34.422778
38.668848 29.530726 28.650737
1.476282 86.387223 41.521418
47.491701 67.564922 26.333827
94.273883 74.807424 34.719199
19.976140 15.438398 26.654038
27.286746 59.980383 35.134071
16.573180 24.074182 32.937825
66.003812 90.617231 26.958999
93.281241 14.297904 38.728449
10.631840 27.015907 38.454755
23.218716 7.552394 43.425876
59.417066 35.480262 27.031532
18.611695 64.964639 39.962217
77.605853 68.629757 41.301884
16.190917 65.959863 33.517758
6.118751 76.679150 31.837819
52.239967 68.747820 32.720741
25.946182 59.960707 41.944235
56.529339 8.942602 27.566382
2.607256 64.330928 41.381535
58.289823 15.558479 26.454600
12.892965 78.104121 35.015183
64.283100 41.266828 27.048534
59.150744 8.679635 29.175121
9.054916 37.687400 34.307752
22.845870 20.870888 36.290999
48.539159 27.414753 38.184060
21.614004 80.999082 32.526072
73.416221 14.718349 36.028508
85.459416 81.099389 25.346386
75.436385 94.200647 38.905317
58.187963 13.109008 28.199292
4.055546 29.890754 31.556570
42.585549 57.916213 42.106054
80.661562 36.073889 25.605706
88.088083 55.514509 36.307897
57.823127 94.467646 41.328158
82.525254 5.437894 29.248834
17.914036 46.220870 39.705275
11.207770 75.849684 39.495247
15.505687 39.733895 41.430903
96.531870 35.041175 42.073592
59.483816 41.430134 33.395795
61.462783 71.377864 40.856761
79.785875 98.820575 42.118509
30.899971 53.530822 41.958185
53.337254 36.747993 36.892104
39.718973 46.872859 31.844036
47.157870 24.224715 27.195290
35.641557 82.773862 34.120706
35.350776 1.309873 35.647400
40.045023 54.958524 25.615084
75.273015 32.957829 25.318942
73.914009 36.635354 39.389182
80.281052 89.541266 35.309501
6.433273 45.371889 40.927122
84.743702 45.327538 39.344957
31.397767 34.405157 28.222804
73.794457 50.360236 31.028818
19.886692 79.769973 32.913309
91.548200 58.966488 33.555999
93.420287 40.082454 37.487497
13.964031 41.181403 31.907288
97.270896 47.105677 27.310408
24.368691 65.382271 32.863141
81.622711 84.446364 32.202605
37.442175 82.268221 37.078081
69.440603 72.260327 37.697488
48.703707 58.594487 41.371447
97.166397 39.809185 30.861931
19.528375 4.528776 39.684839
20.953806 91.342913 38.184047
33.889152 48.410921 25.639506
72.227257 66.883710 34.161202
45.414532 83.383906 28.362563
72.618839 63.032637 25.176699
25.961485 43.264003 29.506453
18.045241 27.689927 31.325361
74.827637 54.155808 33.160435
78.909699 73.389496 25.430621
11.361851 7.060893 30.394616
19.398441 31.984841 30.527895
61.631866 6.276687 40.833847
59.761127 59.993609 29.723921
95.419749 88.916374 38.868495
33.928681 8.897488 27.156156
71.535319 18.363876 33.682234
64.845631 84.743179 30.259681
68.816579 54.799787 35.347336
28.705148 5.299185 27.145875
98.974676 47.839619 40.440722
49.547390 76.936062 37.457567
75.782789 82.216794 31.038461
55.499141 1.839728 29.772424
72.026075 84.466835 42.181917
40.576606 19.593272 37.254148
78.351170 43.607619 43.682621
69.945307 84.795218 34.461106
45.243629 85.895001 39.654695
97.467610 68.764487 27.021552
11.421015 67.764442 32.350854
69.179367 0.035398 31.618545
89.892921 94.777217 40.208518
83.226631 6.007459 32.814508
17.626720 68.323546 26.764975
32.922755 86.289894 38.631870
34.694959 27.504968 30.851692
87.472886 24.324966 41.974941
4.803925 34.637953 28.733737
21.420208 4.861624 41.715364
45.758089 19.183535 34.987060
62.108203 4.441326 29.838431
49.976059 20.913768 41.954976
63.961885 9.767525 29.242384
99.568908 48.334351 32.405238
41.267809 1.825142 32.738759
22.726436 47.177297 29.865035
31.517670 12.177774 30.211501
19.280794 94.100666 40.502880
68.827834 49.413409 35.608173
94.785606 23.120690 33.443379
6.794828 53.410126 39.915358
24.880364 53.919631 32.471277
48.590267 29.088832 41.100242
43.651011 1.311296 39.477971
29.911389 77.720052 40.246460
43.929951 71.888405 39.795465
54.139805 18.598761 37.947708
21.893439 72.380216 25.639909
95.263735 95.507967 36.590661
99.631499 72.964822 25.242119
45.191085 28.066228 41.671084
25.014344 35.839340 40.218941
69.928224 41.943569 43.640735
51.415911 27.541546 34.512305
89.152239 79.439442 30.350019
63.649242 42.676496 33.948395
7.377793 58.382449 39.617252
28.895041 34.799490 33.788201
89.090167 35.701111 32.787372
78.978196 19.754506 28.189315
55.028160 13.773325 28.572168
37.072357 51.242242 26.054434
43.202940 44.702156 31.946238
73.616788 37.404729 42.664908
43.141380 69.702012 30.231800
29.970534 81.647043 31.252281
97.118560 95.873145 38.130980
83.240034 75.995619 28.031394
4.067236 68.303250 29.884378
51.019291 67.007902 43.532691
42.638341 65.074422 29.123599
19.144688 78.292338 33.704490
0.270588 26.316400 42.105946
77.177564 27.314298 26.670515
64.066348 77.006661 25.127909
14.860438 43.672609 33.903030
4.862835 60.757108 29.716875
61.524453 41.563494 30.712266
12.844665 42.961873 28.163762
69.375298 97.715721 29.466224
72.297315 16.838781 43.260030
6.456698 56.496332 30.861448
62.008704 49.059992 29.920005
3.423451 0.527846 37.235718
73.754239 95.447589 42.568580
16.827357 71.490881 37.396223
72.771257 58.771144 41.568591
79.471360 21.536117 33.582549
31.117693 11.027722 26.845530
99.037649 71.512226 43.529230
67.330828 57.480616 42.491907
97.935970 12.277371 43.419721
91.229926 40.984306 30.783655
23.251114 68.739076 33.011329
11.439498 82.080645 26.604266
12.130104 77.880606 30.631549
62.032564 15.139272 26.538938
29.013556 63.692278 28.975198
21.170841 24.414450 42.322855
18.879396 53.963716 37.748515
53.909977 87.457756 42.388886
54.243224 11.873094 43.299760
47.157899 20.449263 28.549886
79.565381 70.077821 29.989741
11.985794 45.170826 31.258259
83.507940 17.338989 42.117935
33.631164 3.072515 28.820947
22.433361 38.066519 41.707408
44.349693 67.666001 27.493554
30.754383 77.466185 39.373682
5.938100 26.329614 37.390382
66.323655 84.345550 30.136386
74.202570 73.201958 32.381742
2.336667 66.585561 37.778459
57.845842 36.253046 34.377352
12.757551 33.535995 38.512713
68.421553 22.117517 34.746128
18.155651 58.678773 25.856423
30.763444 60.913660 25.720622
96.061252 95.014782 34.580215
1.552147 36.385214 43.443853
16.633388 25.072871 28.402744
43.907644 62.810886 32.059489
59.507718 19.861896 29.293239
72.132139 5.135687 38.712606
53.039884 62.128314 28.964227
74.542955 67.149811 33.187587
93.188965 10.782815 38.009710
45.936994 66.100965 41.831521
5.520518 58.147413 43.218359
7.353532 15.877466 28.718731
55.119538 83.624826 31.572739
15.639271 19.823304 43.283542
43.791557 16.834730 26.115181
40.550427 24.932557 42.520797
26.142981 36.225067 33.916759
16.350539 3.515633 34.617389
46.729038 47.293243 37.889978
79.996737 66.491056 26.969770
51.776018 76.918314 27.704198
52.126969 45.775492 38.154534
44.622445 94.385606 38.785739
54.435668 36.034873 25.482560
12.674930 95.616388 28.223662
86.514440 2.313979 34.776347
1.365297 60.571562 36.888451
30.448068 90.324788 27.585956
87.005134 60.223036 30.809863
73.097266 32.545143 28.274387
79.981852 89.231721 28.156844
54.292042 15.544698 38.433009
37.521298 33.010348 43.080532
77.464244 7.573767 26.365477
69.617889 56.733892 39.822815
92.368940 69.950088 31.292144
32.393876 44.004077 34.889401
54.328558 26.063096 32.529382
95.683938 80.719585 35.850799
84.129803 91.125200 37.009594
15.841120 13.053351 30.073677
22.131482 83.815119 30.775657
0.488503 68.538564 32.862921
44.317265 72.678773 30.192782
28.019544 64.996030 39.878409
28.643091 2.760246 43.463570
17.576520 64.657815 40.185278
79.135615 96.827774 36.808568
54.479156 72.908902 38.194515
62.544940 8.827867 40.162623
90.617747 20.912301 25.198681
91.909946 52.364243 43.248459
84.841644 51.084336 40.550972
28.759005 46.137485 25.557427
17.038633 51.684702 40.730180
38.282973 45.205086 27.277829
64.817971 49.127140 25.398785
3.229217 61.013535 41.053873
74.190619 50.299096 31.850526
64.302734 91.218280 37.272733
15.095959 86.376816 30.454277
92.366480 44.464952 31.829340
68.685298 76.829715 37.238143
88.590421 60.051899 43.260185
94.730032 1.453217 31.311038
36.210043 79.201643 31.051003
48.694339 15.622338 30.396012
43.114308 79.782621 26.985453
35.049506 94.085752 32.430122
45.898525 68.892365 35.859073
73.211663 79.671173 33.316990
12.850333 68.589343 43.479314
29.225710 49.564092 25.144859
53.807740 17.560471 42.791498
34.130108 84.482411 37.309448
18.020082 58.718658 42.533471
83.680325 29.033234 29.715423
89.764528 93.646690 34.491577
23.239458 1.026513 33.023818
73.785703 2.867224 40.855944
39.806017 70.717323 28.977425
43.052329 81.665628 31.086443
17.153173 18.103325 30.218082
31.708128 29.315750 29.531187
6.114879 0.146184 25.960173
50.411312 16.535137 28.699014
59.270553 41.321349 43.606742
76.389529 91.258405 41.173980
83.880296 26.476070 27.409884
96.764640 0.370633 28.558023
59.863116 95.851793 37.796169
35.920752 61.518939 36.128941
9.933844 12.312561 37.880937
24.866630 88.742662 40.367953
16.568254 87.969597 41.048879
84.940729 21.177619 31.574096
50.997595 10.633460 26.261285
61.614960 21.578989 34.070667
78.534832 84.753331 30.125898
22.256088 6.189289 40.961877
88.921855 37.271474 33.840491
10.150956 64.536989 25.333608
64.266460 54.721677 34.920386
61.325430 87.425541 37.502081
27.998048 30.627635 25.829463
68.072849 19.387050 38.613769
37.709133 60.151258 42.444803
56.063800 24.408437 30.094656
96.377348 24.114815 26.543757
11.069906 12.299226 40.956659
81.270353 97.422558 33.164163
37.537452 53.519257 26.453502
40.328867 45.709654 41.047121
16.609622 13.654272 39.698660
24.038166 58.840213 31.359260
61.028639 28.842958 41.061878
47.201857 69.030275 41.573582
86.975562 89.781596 31.445372
41.522295 85.579403 31.986645
61.621803 14.844752 42.880417
68.329318 91.210417 38.599069
21.623582 64.090862 30.113914
73.304997 17.454965 38.253503
31.003417 25.693507 31.325632
55.299014 44.796693 26.564294
76.903419 94.378764 35.642102
2.226609 91.751100 29.330203
97.754772 79.354769 42.269693
76.166452 78.077243 28.074342
71.775279 25.339475 34.426331
96.866086 99.137016 27.617833
70.009789 18.628052 37.538104
41.965091 22.777975 38.126165
40.754392 75.166804 40.784396
70.781517 69.949757 27.669580
15.299282 40.703591 27.617123
70.933023 41.842218 32.719824
20.479705 43.602096 28.199025
52.957634 24.183005 40.866612
28.514715 51.585466 30.238583
56.434473 77.362927 33.758881
88.240535 2.414326 39.697962
38.961261 9.425527 40.453235
42.038334 14.566855 35.963992
43.648415 94.156246 27.046311
69.036791 18.749742 42.806891
90.008288 44.081547 33.428951
11.160282 84.643564 27.601543
28.688548 22.014369 28.458358
60.418390 93.369138 29.777466