98.620749 9.242047 35.103026
79.338198 33.537739 29.394108
12.563294 4.001719 35.713241
55.481874 65.462654 25.105507
53.925878 81.417544 35.159315
8.357368 26.556774 34.009463
31.806462 23.703730 26.320526
45.435420 17.276486 26.238670
47.040000 27.364731 30.298054
19.893334 25.557745 42.531336
31.932749 5.297662 42.624572
74.621799 83.249744 40.814151
81.175369 12.766888 29.951121
27.068220 32.219722 33.309573
54.200383 0.768171 41.140392
83.828632 93.072015 37.839229
90.154590 67.134986 35.349375
9.177374 88.883434 42.540625
51.597360 95.726018 29.435232
94.371953 73.168804 28.558270
34.450224 20.531292 40.748883
17.249086 19.742535 36.799604
21.161623 69.417932 31.821850
88.015087 64.509800 38.953962
40.839871 53.834569 32.223676
30.098059 68.508208 41.483697
16.575519 18.572313 27.002529
91.251101 29.450336 30.914343
23.149767 2.149798 36.495491
33.903251 59.702095 31.203415
97.781832 74.318302 28.273085
40.865894 69.654317 32.972741
33.968363 53.329443 30.669204
79.457777 21.059520 35.258421
11.701476 66.807890 37.501354
32.107826 12.991521 39.324478
90.686093 60.398650 42.889456
84.044898 99.632834 35.796079
34.112349 9.958687 40.455023
37.216123 39.342860 28.472091
90.753530 46.146592 42.481318
19.739568 33.485277 39.650715
41.974775 38.704714 43.329962
73.859803 73.343689 26.248660
7.186118 95.604055 27.903954
24.492776 72.184993 28.116814
49.993186 60.616995 34.989648
91.464107 22.269767 29.879663
28.202610 32.376050 35.599555
59.743819 52.593046 40.285506
98.645037 11.794695 36.747453
95.204097 12.254573 26.994722
9.264716 33.586229 40.280893
8.251034 17.180698 37.306236
63.678236 21.154036 43.270063
96.533975 72.769952 31.037610
22.100010 57.438066 32.764456
76.188643 62.122513 36.065416
11.230468 49.937542 35.503579
0.123360 12.791398 32.883906
26.686098 45.837994 28.055721
32.347687 23.150720 33.390918
47.063586 34.954535 32.759768
31.732326 63.444649 28.379626
81.873646 17.053283 34.120928
0.729385 14.403757 27.068148
9.567641 17.335771 36.100557
72.939167 31.511260 39.576145
4.218938 49.527335 26.320224
56.596461 24.224448 31.969920
58.943067 94.999818 42.961550
4.404708 24.590981 28.961557
9.272185 84.414984 38.177874
62.492800 5.328680 41.601597
84.579090 30.497222 41.335143
63.624127 36.124320 34.061171
26.540788 80.428199 43.061232
59.288199 88.476387 27.623207
6.536331 83.080684 37.960221
83.128481 32.425981 27.315495
11.614530 16.579995 35.949305
2.653461 78.434423 39.815991
97.782947 16.821631 32.517378
82.743327 6.583654 25.166656
0.264508 98.444813 30.139405
99.540554 34.638577 33.108506
57.297225 99.378159 32.009905
45.247521 52.151994 32.865203
12.227023 84.800922 31.479718
84.360730 79.453809 38.287533
53.505520 9.287682 28.290517
26.636904 88.419300 40.936151
7.593598 15.436727 27.805486
93.715929 5.979205 26.171288
14.808545 48.784345 27.336454
13.929763 90.698560 32.044901
6.170864 0.090658 43.040628
52.404421 67.564413 33.100840
61.539468 66.630920 35.907893
27.696295 77.696513 34.035645
54.744442 69.541230 31.905773
12.160988 85.707217 39.048013
75.021449 12.110080 27.092109
3.855358 11.380264 33.259181
80.396644 9.147562 28.299354
79.960622 36.268132 43.694760
36.037371 57.074705 42.695446
64.297597 72.072473 43.336502
73.354722 27.248042 34.199683
71.757286 78.723530 25.068612
70.035628 67.860652 38.885993
42.143304 77.774334 32.892196
54.742886 78.615108 31.383907
41.740467 70.599178 26.107454
90.155209 44.387512 42.149456
84.714226 18.225147 40.978207
39.527143 61.953954 27.881341
76.232431 55.313699 26.912320
8.814621 69.755951 26.114591
47.378880 20.857937 25.366548
11.945032 98.738469 43.592052
59.420539 5.155284 32.662703
96.303521 25.420239 39.069784
90.602031 12.006702 33.065992
31.106582 31.133193 30.187523
46.544473 95.012218 39.080914
46.408861 29.961129 28.469284
90.258853 83.192313 39.485514
51.478223 33.043954 28.526283
39.971039 82.289813 40.106573
41.381317 48.823842 33.870344
40.641753 81.673276 31.978985
90.217932 47.160076 31.688762
8.990202 1.052172 37.721287
81.553525 33.223696 36.617653
64.035858 84.374756 28.324598
48.600375 58.124411 40.113972
1.023058 72.765246 36.652903
88.147232 34.130696 41.488652
46.943823 12.566954 32.892488
9.345463 58.895091 42.333000
92.003721 77.922424 39.410484
62.732259 24.540287 30.192304
11.275985 45.591379 27.127996
54.272574 26.003704 37.518512
74.037145 23.073811 32.067189
38.991860 87.783930 39.740643
61.773044 23.778984 32.333925
26.843950 58.006078 38.704994
32.785038 19.662340 33.406092
6.902442 27.295818 35.180363
39.722835 99.913708 35.807418
53.918202 3.017188 37.229578
70.318575 23.435629 28.991247
76.558744 2.169488 31.718319
68.246066 46.442651 30.552816
17.149552 93.267229 36.855359
80.519450 60.275331 38.078442
10.824466 26.602110 26.768703
49.488431 28.653969 41.233006
76.842480 9.266201 25.481369
21.122579 37.981013 27.308596
96.500196 86.096038 27.094052
50.501053 62.407484 34.386356
53.903970 43.074123 34.502442
97.004907 9.703041 29.458440
65.774064 38.064159 27.507919
24.535923 73.714416 39.898427
13.178065 16.971599 26.871471
30.380492 66.281879 28.709745
17.125681 56.008435 26.703203
71.452747 44.908308 29.461054
79.976562 59.633501 36.233042
30.441885 24.592991 36.972164
34.227621 94.860272 35.085442
62.852978 2.474941 43.212405
54.310563 4.225413 33.547159
8.367997 34.885886 32.184610
88.275415 94.334513 30.670355
24.266718 57.532410 34.977969
76.485919 43.809948 40.622572
93.360131 23.972928 41.780833
90.028972 46.989735 36.187692
98.470747 39.372658 37.170729
79.714278 6.041226 42.226497
47.011443 53.370185 29.162527
84.475103 41.329107 30.541963
66.120634 81.146546 40.660626
12.422324 22.649844 25.043931
92.800467 75.703533 28.509395
30.473416 28.371477 35.566417
6.390910 64.716071 40.361322
98.008084 95.930379 43.014436
39.062583 63.045057 41.214648
33.228200 38.304569 30.903819
33.387573 25.805388 40.188300
80.551790 69.432490 36.602184
50.809242 33.551246 39.957782
57.311958 16.971865 25.577783
73.764453 99.840317 31.290261
67.218687 79.588860 25.790750
61.920791 90.021057 38.614853
3.789360 13.860852 25.764273
49.294692 21.770323 25.527696
46.545620 11.269759 39.044685
17.795456 49.588507 38.784817
74.529251 34.215366 34.050298
69.788731 8.758987 26.794078
1.807363 77.832304 39.256888
58.188848 59.533997 33.358132
12.439497 75.102135 33.582232
34.150054 80.828646 35.386130
5.404949 76.926753 26.869240
78.771034 84.786995 43.410056
63.436943 95.316127 36.975752
54.852478 77.813390 41.431941
70.865712 38.600263 25.783818
17.061586 31.440209 29.433258
80.312569 6.441755 35.157114
92.301957 75.027493 26.106052
70.997261 2.766019 43.126334
13.401483 3.947091 30.902938
51.363057 6.156223 41.226778
81.782921 99.242142 33.688518
51.720333 8.061187 39.249530
99.848551 0.758803 30.627606
86.735841 77.194473 26.939403
37.748955 7.859150 30.276440
25.062222 93.725465 26.589106
3.818279 38.821584 36.187127
44.182823 24.048814 34.187281
40.135018 9.539897 27.713047
93.983647 27.309376 26.387554
46.599323 27.056501 38.146592
46.912458 79.446397 35.817320
23.901531 30.732452 40.222472
24.088424 46.324006 40.298143
57.748904 75.959009 27.734345
11.059741 63.417193 35.753054
79.382692 62.722521 28.984202
31.214379 29.837947 27.177701
48.947546 77.064429 42.058653
15.500968 13.296985 37.533821
92.385359 57.356072 41.591678
11.812121 44.192686 26.307947
19.697721 7.147958 29.211017
28.666627 94.064967 40.353747
67.997855 50.156484 31.695683
13.549803 41.038936 35.122694
69.836862 98.941810 37.374778
74.438486 73.540205 36.733111
46.923530 99.629165 26.843955
10.078789 3.648579 39.635225
43.110073 82.963025 41.266797
81.110310 21.287969 40.634885
37.321430 7.571865 26.220663
9.510293 55.403296 36.309773
72.165041 73.833667 30.934003
35.408205 5.678032 29.334826
93.247438 23.421806 41.627811
94.062153 8.412764 28.276355
9.194793 28.064113 33.735203
71.353777 38.347340 27.974855
5.959156 17.204309 31.752971
37.816143 96.798722 33.127936
91.446191 56.535508 39.343688
89.218028 44.287272 37.517575
65.576074 43.098119 40.617499
25.797067 57.639999 26.170476
31.208509 49.734853 36.413884
78.589414 1.438939 37.999003
3.135831 54.805898 36.487900
72.205471 90.293477 42.261792
19.954761 95.903439 33.854811
26.848444 96.012960 40.315866
24.558454 38.142787 37.457272
70.978251 48.342324 25.529395
47.740839 95.797659 38.966645
38.787594 54.477153 26.801147
4.777163 76.174518 34.234536
67.799860 14.654943 42.023950
88.922001 21.936328 29.288233
38.360992 43.349534 35.458200
93.441643 66.509460 25.461211
4.537248 4.706081 27.480828
85.582867 72.925608 39.551816
13.290386 57.517100 31.536239
69.231392 48.990639 28.581091
10.257296 20.351060 33.132952
57.939738 73.951172 34.447314
24.521753 69.704452 28.979351
95.538270 88.037054 37.939048
93.394874 71.067632 39.147464
45.392668 91.887969 27.765542
35.349575 51.643186 41.581206
57.409310 91.023497 36.404553
43.792646 78.435781 26.783628
38.435688 34.556744 28.971588
73.298347 9.199265 38.007466
55.458853 72.312188 26.704511
46.769443 42.383438 42.067751
72.474018 94.357128 32.915710
97.931195 35.490303 25.779104
85.053832 70.125802 30.662565
44.120529 63.987102 32.637564
51.978118 50.517760 42.786683
74.074967 84.973411 30.179506
70.409766 17.824524 30.301255
93.509958 60.515455 38.413843
62.108254 53.162968 36.359528
68.565647 61.093260 26.005077
76.934400 64.100767 31.741201
30.379258 33.364209 26.735385
88.853985 32.823627 33.332392
24.566522 16.688663 37.305673
92.765571 47.708464 29.992946
98.887592 53.174459 41.204217
54.049904 21.043882 30.304930
69.276276 73.715065 37.375690
27.623379 38.324709 30.416174
59.618302 44.758783 25.069672
60.607106 98.515019 37.798949
62.417717 36.246414 26.541137
47.468177 96.476099 27.870702
71.219476 78.180943 27.573295
93.171697 15.716700 25.275817
48.525096 99.181068 43.613000
86.896790 68.319687 26.363100
23.066647 36.458666 25.376132
74.784183 71.237627 43.554987
11.883651 54.902529 30.981849
81.187514 20.056505 30.175200
75.503275 6.918473 28.452247
73.183651 12.953988 25.387779
32.996271 41.886312 41.035295
20.670718 72.203851 34.635704
43.749288 47.816057 42.097267
44.663046 66.497583 30.274764
9.686349 10.180468 39.773380
27.514763 61.309757 35.431879
96.377435 97.452536 27.637118
93.933359 22.113355 26.322841
98.136413 29.208772 35.558351
63.300064 10.933286 40.507851
35.579788 34.713385 36.456394
2.912717 97.253945 36.247132
39.954647 79.377858 30.000503
37.939532 82.365206 26.641047
8.016999 89.428464 30.690617
3.002522 7.788647 26.393663
85.173414 18.132978 27.893938
70.637986 53.644008 37.353074
59.630093 29.974428 27.062182
16.794586 89.839578 26.162983
26.114771 81.940541 33.398510
95.401061 6.103819 36.138115
98.755300 10.040973 35.951318
19.749565 66.097277 34.324185
34.498109 25.975476 37.009790
97.509753 53.594606 34.395057
90.505230 82.233755 36.457796
69.801987 34.075367 43.026933
12.362257 71.438922 34.535074
9.250992 97.689000 40.231605
28.453803 48.138044 40.986594
26.825864 7.918166 40.818893
88.457299 28.963481 38.831414
8.722992 74.737660 37.541464
61.414073 72.636086 32.088436
65.470484 49.163947 27.378076
60.370696 26.614315 32.736337
58.524551 89.855890 42.106413
94.050886 13.683149 25.143309
93.043930 71.508494 36.599433
80.819870 50.981540 31.976535
61.385904 60.574683 42.746709
82.629654 9.935985 26.165271
6.292348 15.684869 34.892820
98.827335 26.112730 33.394346
62.164663 13.907978 30.686375
62.102297 46.930511 42.306814
90.434344 14.077376 36.601397
58.306961 50.769109 43.502507
80.491859 70.313230 28.879312
1.006487 7.224477 42.636289
27.757463 67.343130 34.634267
63.007162 23.137617 31.366072
53.674798 57.898655 31.987037
3.928926 53.109546 25.923380
9.023218 29.222654 41.740142
20.197387 36.577139 28.262162
84.100128 11.771233 43.313796
85.462765 84.829955 32.803585
59.386151 0.740607 25.919225
13.995126 87.198336 39.680561
31.582594 44.011487 34.347201
90.008983 72.571227 27.039115
13.144161 78.058351 43.533652
46.272456 63.046821 43.614337
95.461296 96.232742 35.188414