7.218908 76.539804 30.937351
88.811040 9.828562 40.744769
31.482819 60.703522 28.949746
65.904022 18.864425 31.108238
72.312242 28.526738 43.462608
97.571362 83.019995 26.030074
36.791085 4.192838 25.321954
88.874735 30.857632 42.247497
77.199352 10.941172 31.310881
20.812317 42.207989 35.579409
15.487774 30.841633 30.932526
64.861893 54.314173 33.021961
17.658992 7.777099 25.911216
64.289592 45.405001 39.741597
16.267099 13.780568 37.330261
96.296077 61.536863 27.115565
2.797304 91.267892 29.899923
95.537426 43.113523 35.286154
36.020240 57.920747 36.168322
53.856601 67.789238 34.336279
1.620030 45.220969 25.566080
16.747392 15.184506 30.619110
3.408034 39.816727 43.402280
14.279831 45.864175 28.705710
50.244367 92.979476 32.602707
82.525767 69.266040 32.717835
8.532249 30.793632 43.467974
33.099626 75.889975 43.224371
80.863371 79.400214 42.614873
58.083534 45.277724 41.256285
41.276835 42.471179 26.299764
77.488810 36.309985 41.841551
10.171648 25.131744 30.933395
79.020369 88.473162 36.289157
57.249353 16.705265 33.075795
97.983484 31.760083 30.257742
21.224995 92.461737 37.583950
59.838546 22.708648 27.059291
96.191211 25.230032 39.358517
55.040017 20.972363 31.784113
6.903929 57.689988 34.816605
13.801870 56.601995 36.989926
80.210897 0.350050 28.934523
52.960046 90.456944 26.380646
90.753216 31.456115 31.013870
63.597772 62.355882 27.108981
44.061101 99.570014 32.359064
38.619491 28.724172 32.793703
85.760085 62.404140 36.302889
38.965116 32.923308 34.488663
38.084344 64.617531 29.090355
5.504709 72.487903 34.602309
29.982567 14.936230 30.116385
79.828561 19.717717 25.445954
86.084865 35.073968 26.744215
19.301794 28.854890 37.859110
43.643821 98.503520 26.155343
77.810938 56.519552 32.680168
5.164722 20.239159 33.488109
31.162198 23.962084 42.196305
7.192378 77.831166 38.507355
49.132530 1.338620 34.248702
13.194428 42.201359 32.085140
86.543316 44.301714 26.929688
89.680585 79.832650 30.180803
32.268884 93.889603 34.808063
61.310318 9.835739 39.225018
29.472939 64.257887 37.621246
76.566776 40.549157 29.604747
39.293015 67.018204 27.225317
93.562756 48.734654 36.544886
79.340307 72.181256 38.698324
99.665754 94.909531 25.545843
2.454526 81.883605 33.398276
25.461952 49.343799 32.969884
27.562308 71.416093 31.745666
44.018086 31.116507 34.614961
33.845911 63.192509 30.022900
52.085514 61.264895 35.065649
80.313162 64.897426 32.742837
6.646925 93.466421 33.548792
3.481735 44.044410 26.967484
60.270609 64.849894 41.152614
17.969222 41.007180 42.047732
18.310898 55.140811 29.206825
1.308094 18.910671 35.864493
90.034328 55.116996 30.418919
93.258934 84.719743 26.407151
44.730106 92.391985 40.105751
65.026548 50.340092 33.412245
92.221886 72.590311 32.035195
32.013126 20.256666 41.913364
47.525769 85.792865 29.225202
62.324146 99.447775 40.400980
90.991658 61.465521 35.372832
25.056650 77.885351 35.813507
58.255002 91.055540 31.038740
66.155874 14.087819 38.316916
81.994854 87.171290 29.721789
25.439962 9.877716 28.583580
34.766165 72.050414 42.675194
50.294774 37.709010 42.977373
37.224438 23.924835 38.064004
26.197444 12.775344 31.128367
80.653783 62.656823 42.169070
82.779556 81.454342 32.589932
82.612405 12.478001 40.915039
12.076766 8.561369 27.932757
47.636455 6.414793 28.797170
22.927612 39.565059 41.650255
74.046894 85.441568 37.749183
45.632745 74.711739 33.747574
67.575286 90.248215 42.410174
69.397868 73.268854 33.053827
73.940340 42.739130 28.647722
82.119690 80.164232 38.790692
97.668461 0.194081 42.723579
80.857187 73.780704 40.875776
73.845943 41.266535 27.123893
86.664813 51.326382 31.132143
9.901009 32.634222 42.919905
10.179416 40.788003 36.597782
11.066485 6.297190 32.445915
60.478328 39.037757 26.969655
83.717152 17.617781 27.880627
65.526056 57.386527 29.128208
72.103592 27.570331 28.951343
36.643365 12.056678 36.421223
49.608375 55.418148 28.410743
84.736649 6.460694 25.487273
79.629657 67.301336 39.354774
81.892445 62.437640 28.841207
46.784792 54.305280 39.480578
36.265411 30.078252 34.960742
60.345113 29.020206 30.928622
46.030176 64.918703 42.655918
73.556929 27.687560 34.241349
30.223001 0.050830 26.654223
51.484048 18.884101 35.989311
12.085161 41.324797 40.197445
18.517577 11.608440 39.333804
12.124739 7.552407 31.627318
69.973864 84.294956 30.101416
27.157424 48.079430 43.069244
74.315037 48.388917 37.244771
98.444371 69.294560 33.609519
39.330313 61.960263 36.972158
68.618105 30.598455 39.141497
10.945654 95.568825 32.936670
7.929607 58.604910 37.392257
56.721094 77.619898 25.906937
59.643241 79.090751 40.940107
64.805390 60.829054 43.513812
59.474636 53.115047 37.381955
36.983608 0.922602 41.525453
97.152380 64.533190 31.217240
94.322662 13.487995 37.419101
29.451951 13.799793 29.935323
93.395213 81.866627 39.423741
0.146624 8.727806 35.527987
81.693487 35.169884 29.347436
66.486673 51.948375 42.025106
62.520367 22.170888 34.801693
54.227717 3.319226 36.637848
38.606549 11.494599 39.930074
54.900297 97.201386 39.626185
27.276747 27.806293 41.740477
19.518500 2.304674 38.686200
36.235143 86.857566 30.147360
92.294343 63.304060 33.671247
81.686451 14.396423 40.583699
72.073990 12.137735 35.590183
92.513042 27.141243 40.628638
99.489950 88.297389 33.676780
68.929634 73.806313 41.937454
10.495159 73.796264 40.513022
28.676919 31.610968 28.374508
29.472202 54.632740 31.924968
68.733383 58.632882 30.948379
38.456498 87.224869 33.972097
41.150377 7.916931 27.305163
68.096742 84.998617 28.217940
39.092602 79.932146 28.427171
77.069793 28.812905 25.348740
16.946653 45.867794 25.330644
14.138858 63.046109 36.514082
77.016669 7.602361 39.901342
40.361236 97.374609 27.875420
25.958611 28.548032 28.276520
22.683455 78.760988 39.657336
47.860948 82.112846 36.852213
18.197029 97.318851 32.943601
22.811571 5.730265 43.735639
88.500977 60.775185 39.113797
60.008586 85.965505 28.361237
69.272558 41.397953 29.393813
36.360152 47.918425 34.904939
40.646633 15.401896 33.282394
17.451191 67.446228 42.728820
71.963937 88.029317 42.351344
68.963142 63.543791 42.839908
22.359026 72.799475 31.539076
62.550539 24.178325 36.868057
71.024609 57.509909 37.693223
95.002804 82.387967 40.817734
12.764967 16.086208 31.610341
46.656128 4.809635 31.938847
12.995893 42.181302 40.936020
45.150640 14.432683 38.559258
39.820657 99.372786 32.326823
31.628527 11.124925 25.580112
1.284076 12.348896 30.351636
94.106598 69.442257 42.554025
76.229626 70.349676 28.545278
74.432329 59.236907 38.236797
23.745167 64.484242 40.839918
80.592889 36.105930 25.840414
82.528935 6.150824 25.565019
84.330147 66.106020 36.555455
32.965470 92.710341 41.632461
83.681366 8.306231 25.066901
74.915862 36.172895 32.886743
94.363447 41.879656 27.582965
9.805965 99.715919 25.244792
32.902163 76.634391 26.519129
36.329371 90.809207 43.652003
22.622674 54.557568 31.602092
83.864440 58.117012 39.559527
68.080120 12.278246 38.028307
22.102136 95.635690 33.937697
28.267973 1.611218 37.884564
7.769764 28.373505 38.743875
9.739284 98.192188 34.484235
20.713509 28.122864 37.377099
33.427434 64.772732 37.909689
21.725541 34.436633 28.645839
67.879786 74.129507 43.620495
56.952567 90.545995 31.031949
17.968046 1.895626 32.280529
88.584514 41.043593 38.571863
7.311353 58.422536 35.420646
11.183049 74.829090 30.992449
71.578930 56.413442 28.404973
64.620230 32.284262 40.055886
34.966548 9.496106 27.698303
81.342657 89.376738 38.415455
49.477324 48.617073 29.376750
77.622528 2.333303 27.547202
93.122917 75.691428 28.281765
40.284076 72.020140 28.797007
58.997601 44.513115 28.165055
40.948901 63.283678 26.350155
8.030847 46.968013 39.860668
61.898032 78.859158 31.733237
7.637517 20.330379 35.721475
66.322866 41.081841 31.662745
63.336214 78.087399 41.713651
41.144405 48.106079 30.988152
74.884377 32.180284 25.018348
39.462244 32.380737 28.426898
6.104010 13.688860 25.989934
70.545776 74.195590 43.464200
71.574332 63.590851 37.597277
39.204170 24.776719 38.156231
90.415690 42.569873 38.692924
89.091731 18.976450 30.614558
44.495619 34.448790 30.314923
46.003207 53.868496 43.567621
3.582697 97.986051 27.158399
17.996797 60.242302 40.597778
23.939777 62.101948 28.990987
20.143787 94.938094 37.662610
7.410129 49.416964 28.021241
52.173480 65.687206 33.715119
56.153305 39.066871 38.674572
94.741800 53.512731 30.783451
72.423654 96.491375 34.312960
98.536399 79.307597 42.442462
89.718306 45.868987 25.382185
25.594682 89.163600 33.707119
97.139550 28.282480 40.648575
72.706584 27.110301 36.646875
54.840582 13.507344 32.054039
88.026118 17.505846 34.015832
28.725341 50.971868 41.552353
34.851714 85.280800 42.714684
73.824765 24.701404 41.360031
77.337409 60.063852 43.325196
70.679711 71.606123 30.355497
27.449504 38.207805 33.660659
30.731742 63.710991 39.052935
83.063468 39.268319 25.943919
39.827243 8.912698 25.647320
58.374375 52.136240 33.281552
42.949301 25.955239 40.817364
96.341396 11.587531 31.954221
36.036837 37.291500 37.749848
69.202431 1.762528 29.990205
39.482830 65.934180 27.539937
46.361398 76.038344 38.131775
70.856609 86.012675 30.910846
49.034201 90.783932 33.234214
22.175900 73.294647 37.000549
36.516256 5.565085 42.367857
80.655438 49.347196 30.731598
1.333313 58.999289 27.149024
27.568187 65.573771 31.073778
99.426964 95.851791 29.243382
3.278966 44.439509 41.091674
99.687718 3.468978 33.784786
82.681115 24.435486 31.723313
57.631413 24.359496 31.484880
37.712558 72.280947 41.183350
74.979027 67.577228 33.397959
98.411600 35.783017 43.452818
10.301147 43.057033 34.272600
54.080180 55.415429 33.606202
31.950919 85.730947 29.056392
30.308311 28.379852 32.312147
8.002977 12.824063 32.116762
2.024951 81.230721 26.799052
57.595719 72.184237 28.421532
42.988347 85.327657 30.941412
0.537028 79.742115 33.251942
64.464011 96.693011 40.316844
30.717141 66.309524 31.057910
52.897624 34.466935 30.419332
88.248160 73.582160 42.210372
59.294270 85.301030 31.581291
51.683935 73.201747 27.403099
34.147782 5.394353 41.724145
59.793030 44.497201 34.449440
25.283494 75.001661 28.698632
97.512843 81.967411 39.299399
28.168371 95.794244 30.925853
35.287990 31.159156 39.671655
27.204966 36.026412 40.816074
47.941446 5.692604 43.006170
60.371086 27.698758 27.706849
35.108792 82.026258 25.591948
83.892918 59.238652 25.700215
72.384445 22.710502 29.107954
65.896395 21.215211 33.875812
56.703221 55.415158 32.954254
55.456365 97.912493 26.697113
76.275607 49.956505 31.961384
83.673124 64.738275 31.279634
73.247710 62.876427 31.671873
76.889723 16.562832 34.555303
63.510876 97.675154 38.294733
20.019793 31.144474 28.582716
22.815230 36.491153 33.673901
57.606972 47.000910 30.943061
35.631994 26.386090 31.748724
4.727493 77.409764 35.583331
30.446187 56.738899 33.539540
72.991844 51.804768 36.944429
26.031550 82.681676 30.614920
67.053086 76.924742 30.369093
19.936407 88.106177 39.319484
79.847099 1.614122 42.810157
77.701805 7.919634 30.849586
47.779039 55.392964 33.515427
80.943971 9.297036 26.474034
36.688443 54.855381 28.182950
45.893300 86.574219 27.174390
79.991016 2.115378 28.332404
95.860270 33.960413 32.967327
17.491810 50.033077 35.805530
31.817315 7.047307 29.098853
15.584805 9.439919 32.318651
82.310047 49.314655 25.984419
36.261927 94.848549 43.197486
39.869195 41.252156 25.605671
49.179694 72.858110 32.542691
93.727392 26.842777 31.181636
86.126260 80.236875 42.189453
31.098131 52.916058 35.459203
84.744023 58.133502 25.623704
84.448606 59.823230 28.779625
77.591868 77.390031 41.706327
54.505457 70.799831 30.399943
73.218249 10.709504 32.422642
47.855380 22.612525 35.881969
28.151452 57.595068 38.077631
19.326331 99.041472 39.027364
49.632214 57.939334 39.409314
2.053186 7.917348 32.722001
16.223771 60.790234 27.119043
48.227185 51.746706 32.028837
75.118255 56.865954 32.873358
23.385911 69.838756 35.100331
18.575367 57.584572 41.964127
32.108981 79.920716 35.133559
93.985298 20.064039 26.801103
9.036604 3.071948 37.704701
18.202526 41.945119 27.076294
60.472287 90.056226 29.265027
1.478194 30.935954 29.245930
26.772752 59.592812 37.379607