29.422857 16.737542 26.965550
94.816409 95.364545 41.450934
88.257149 98.115322 41.262057
65.844718 4.501343 25.715257
11.913559 86.183377 41.485250
73.256303 48.298950 30.085489
27.546648 40.378527 35.550378
61.783254 91.218353 26.697604
92.006889 54.471084 30.169643
19.042717 45.825768 33.197959
74.453082 40.379865 37.837911
2.654132 13.040718 37.477737
93.466063 51.183971 29.295626
69.255932 79.832770 39.855941
99.599737 78.516242 43.021552
98.827195 43.013181 41.669453
13.189624 61.246250 32.188015
71.914364 88.969329 40.352004
27.829003 33.520908 38.694464
66.391110 48.003943 28.897192
39.688442 77.211385 36.491322
93.450412 73.577821 32.096579
18.376912 97.448674 38.483940
57.786046 52.536262 33.421708
72.796405 19.019293 40.994756
52.735270 2.564289 41.546866
76.160421 16.555406 34.844900
53.568724 90.649521 42.653549
50.290916 28.761407 31.028892
78.528428 51.822285 37.467986
93.283963 55.067029 43.667507
69.256014 6.183753 43.275581
91.980085 93.698486 26.063522
51.670335 13.288287 38.816581
12.936804 59.377141 43.531749
53.112384 55.063664 42.999523
33.899354 40.603663 31.362371
25.175920 37.742272 36.850880
87.799005 87.824044 32.723636
56.438269 81.536325 40.607685
92.854423 26.657320 38.077705
70.455625 12.996003 30.041454
15.519933 43.315813 41.967432
47.920543 44.315648 30.332556
30.918640 91.920352 32.690627
86.418126 10.552400 25.801643
41.792691 75.499617 42.327283
40.303222 1.119203 38.318454
82.553743 22.274378 35.261515
7.573157 14.190827 40.738680
66.722496 14.445992 30.432812
87.728895 55.605046 29.564263
48.006412 72.037004 26.359360
4.106989 52.950923 33.407331
40.599559 88.367689 30.245590
0.743711 34.731098 28.509453
75.418899 20.901306 35.470034
1.977846 98.637690 38.328795
88.580966 0.730298 36.193438
20.946972 24.148738 41.269563
80.757177 78.898219 32.949281
45.320477 82.187733 27.722740
45.648652 60.638213 42.503858
2.323495 5.205247 27.859659
33.428638 24.596848 40.461736
31.581161 22.744885 32.483073
96.074577 6.192689 40.620163
76.648303 23.334057 42.620285
41.248780 63.237127 35.049518
7.731571 36.859764 31.912021
70.336477 89.119501 35.438183
7.380961 15.619840 37.077010
53.209876 72.513021 40.923359
85.409138 75.179647 34.254242
92.384179 35.749875 33.346796
3.283358 51.996563 26.988567
76.697232 81.080790 39.623480
65.067792 81.672956 27.168415
38.232032 58.900935 33.798418
49.772556 85.799714 26.302881
21.343599 8.415676 33.757706
35.106819 45.771061 36.310534
68.361520 6.444410 40.344162
71.604557 6.977605 34.606504
47.378150 90.657364 36.485526
73.644278 89.358300 42.902970
19.684784 74.557910 25.497671
21.934604 52.974567 30.219523
83.893823 41.949028 37.828714
8.558722 17.142178 36.150141
99.147142 84.275021 29.880189
13.362603 64.049186 37.939639
69.157604 77.246575 42.066690
91.289199 97.751138 40.483732
14.980029 55.847031 35.513775
1.351452 41.457840 38.041951
23.000913 6.432111 43.546291
61.372936 82.620272 41.111118
30.879835 16.755417 36.760166
79.539523 81.701801 31.495487
71.500097 14.649589 33.948586
19.650122 56.293871 38.419820
97.736518 74.393577 25.186419
47.161212 76.746750 33.365410
83.649762 28.236687 36.842246
77.418179 69.811005 39.365745
40.181175 63.252281 32.558455
40.186897 52.990160 26.591731
9.407631 41.981835 41.326569
26.312214 64.627469 27.717495
21.735714 43.688688 29.054307
64.133218 18.052354 29.247230
35.714429 43.323759 29.798935
80.677289 77.947030 26.977286
9.727730 27.479786 33.803749
49.018348 52.915374 39.002836
48.542465 40.760031 28.701839
70.625591 71.788218 28.000266
43.754068 19.167506 39.603216
8.275202 13.777364 32.310000
82.371328 9.500519 30.647539
18.417159 1.632167 25.368244
33.939834 7.954402 29.535039
78.884484 42.398924 33.809447
91.687365 14.016761 40.586281
30.008602 88.960706 30.394372
47.571603 84.583108 26.467818
57.770028 51.777250 31.290614
53.495134 68.622920 31.205685
56.571831 21.309352 33.196993
49.992024 94.947632 36.748923
26.653725 45.148860 40.803805
70.685476 63.777010 28.287379
74.597208 88.675338 25.911495
14.361226 6.574971 32.915496
21.707460 97.430770 32.427570
73.795542 67.736445 26.598993
19.318537 68.918737 38.169150
36.410330 88.521403 35.709388
22.667513 83.140409 31.924167
76.453238 30.081068 30.296451
62.781546 20.264548 43.624386
0.559157 94.731422 38.974835
14.586022 37.596018 41.467904
61.231440 32.752607 40.041578
35.919139 47.354653 43.435691
35.774864 52.572880 37.653396
56.708865 23.424725 33.909682
72.765252 50.078251 29.283818
4.659625 3.526531 42.497881
27.523305 46.467025 41.865297
2.520991 75.437210 30.347660
40.842987 68.305688 29.816442
65.657221 59.934922 40.757443
17.950318 64.426226 39.628738
74.295252 32.429697 41.813124
21.864165 37.488376 42.679555
47.387437 5.612858 33.862000
5.389617 64.540595 40.119354
66.351320 48.930144 29.802631
39.131069 47.600998 42.533958
89.049759 50.374033 39.030111
2.983602 81.451596 32.688540
43.946803 83.267044 37.377619
40.254927 85.184717 31.849108
97.867595 69.983336 39.118571
15.837513 30.310667 33.132468
45.221027 4.854199 35.290183
24.234834 3.628683 42.744893
70.138058 10.290857 39.420050
96.591717 97.983100 41.720198
11.283634 53.545785 27.869078
12.004612 22.012570 25.934586
89.186170 4.680275 32.258441
26.210709 93.491256 33.297087
38.502251 69.077487 29.858297
30.131092 15.578951 33.475211
22.870178 75.202974 40.831075
63.770105 85.678478 35.609536
78.673602 25.858449 34.940352
48.704978 64.700244 42.506814
0.608680 83.860403 36.089551
85.215293 55.437322 39.089949
11.992383 55.486813 37.650020
84.512417 47.483642 40.993864
58.150613 86.909003 40.689147
50.360544 19.894366 41.957406
87.122791 60.917718 39.054590
5.234317 73.192141 41.798498
45.822828 58.733616 38.890351
71.963659 58.886347 30.900408
57.572491 20.141825 37.910745
69.842997 53.305413 28.210769
36.513803 94.251322 31.516561
33.463199 8.634715 35.957559
47.692146 19.327029 31.769224
27.824482 97.749554 25.736707
94.522167 59.374733 28.304351
37.951051 42.696192 29.214385
87.135446 91.273958 38.071816
86.099046 52.874617 32.429168
36.256834 25.987162 25.004538
55.921636 34.071916 29.741957
76.271349 36.440426 33.184264
29.746177 85.431048 34.679599
85.563423 62.078223 33.912739
5.597882 17.640996 34.163644
77.426542 13.561492 37.542731
84.829574 14.871466 25.872196
5.294230 95.940465 33.151429
63.296063 36.169654 40.309976
69.041206 91.395676 39.679560
81.519404 9.343599 27.886852
27.580092 0.410800 39.249414
22.988141 35.356395 36.554975
32.969148 62.077328 40.537578
60.068914 29.392440 36.023728
95.746988 97.746705 32.838650
69.819976 91.728108 26.231401
29.047242 35.429728 33.671526
37.582490 71.026581 39.079426
83.355621 44.247455 27.819691
96.571683 90.338728 29.626357
25.292838 33.804916 34.935507
32.555965 3.380176 33.398540
68.053301 64.693893 42.243840
84.377838 84.640996 26.245953
29.042526 10.036276 30.471167
19.540317 56.231035 32.928488
37.843152 44.139364 32.449589
60.423178 69.156727 29.126718
72.830281 62.640575 40.264824
52.388411 38.681186 37.969251
95.922362 54.067752 30.514112
48.336887 95.645780 30.361145
88.786668 37.521150 31.700806
66.728434 22.514590 42.065628
90.974999 25.161506 26.708376
78.752506 42.694478 40.609598
77.491845 39.869531 37.774757
78.490380 17.009074 38.201116
33.247134 48.056572 41.282710
74.684633 22.362665 39.847503
57.218544 36.784510 31.413445
67.749353 28.991124 35.742611
92.873237 72.415173 37.745785
75.628483 33.472253 42.029577
56.092412 94.103169 37.634705
14.620531 61.950486 29.845650
25.366631 44.318579 30.355799
82.409602 55.716790 26.080055
16.098582 69.280922 41.631831
31.522257 59.953806 30.652829
93.340209 74.760379 26.000867
76.660500 46.604490 41.009141
11.830969 59.091968 36.011333
71.854415 30.583387 28.072136
1.215346 58.661541 32.823417
47.840960 63.558147 31.242776
8.719539 58.971157 33.846840
61.710435 70.363801 37.045538
80.513924 60.151627 34.229280
28.971228 39.718588 26.988164
87.384080 82.377745 31.075664
40.971666 33.520875 41.394761
33.906676 79.712585 28.869226
25.710353 45.579595 41.767956
8.561695 24.744285 30.960637
72.359134 14.297143 28.577394
74.391372 15.222458 38.100513
78.859518 90.153824 29.475892
80.925813 11.557744 37.617755
75.924454 45.797730 41.142335
82.280392 19.819700 41.206960
98.100040 33.677824 40.475347
71.196911 98.813283 33.753683
22.499495 29.336759 26.801928
84.412026 35.044666 28.092911
43.821348 4.790298 33.535388
76.483301 77.044202 31.907102
37.531638 27.246657 27.189910
59.171118 54.462109 40.568680
10.906031 24.668294 25.545400
71.763302 9.060091 33.658749
70.391904 76.454973 31.727706
65.601913 12.078105 31.740609
9.282674 81.737910 29.772700
11.472095 96.868756 43.517456
40.749284 75.612466 30.402779
24.728055 66.060332 28.906525
36.476059 66.419971 35.346384
96.579400 84.400973 31.062510
19.509369 79.535785 43.058658
92.386900 70.851495 27.857056
23.095704 55.974925 33.865067
82.340666 9.986686 36.218086
55.025584 53.452689 28.038422
81.870599 47.418959 36.469111
9.911423 95.977681 42.927890
8.720375 92.335604 31.418387
46.991574 84.540387 43.174779
42.870696 37.790365 41.009595
77.717882 50.002709 40.998854
29.606097 2.329861 28.160646
83.311147 83.708588 26.505752
13.027856 84.218382 38.790313
12.587034 94.462894 40.308348
4.856130 59.556395 35.632229
18.480496 89.559813 36.992280
9.691732 68.152176 26.738998
7.380218 64.471111 29.341940
25.349422 55.199426 31.508236
21.979465 24.946898 34.210407
74.123287 20.144369 36.762995
85.194255 53.408898 36.216196
47.279118 58.543284 34.341265
9.990332 63.943768 36.244332
67.278611 91.515340 31.417208
42.685925 24.477844 28.526360
14.616744 32.960662 26.846469
9.362701 46.166649 37.682995
38.509570 15.405418 32.395043
1.101263 50.001374 34.388879
76.617232 70.572242 38.099381
68.284678 79.747421 30.158586
73.610252 75.720909 39.120098
92.908723 57.494392 34.216817
47.490791 40.250557 27.199588
76.536189 62.167802 27.298596
50.128356 29.267564 30.926654
42.962009 63.063453 41.596677
94.657056 36.208750 31.818092
96.492528 83.367288 33.802197
32.067999 98.385297 34.076137
94.956408 31.618578 26.758281
83.815976 48.389729 35.852282
95.291054 38.458298 36.849544
72.864805 61.799086 39.031421
41.359340 5.028006 34.485290
22.482701 73.391728 34.615042
35.869365 56.726565 32.976995
44.918562 38.179398 30.297963
83.065463 51.428943 43.484933
38.018397 77.235182 42.416022
99.605611 76.305210 25.354680
36.618136 14.998353 39.017437
58.819832 85.443562 28.902569
20.807333 32.613082 29.551931
47.823177 87.673727 39.046041
90.797171 54.569298 34.867184
0.885830 71.282790 41.833484
11.100078 35.125094 30.738275
36.955801 19.457086 28.502695
13.211876 59.815480 27.841002
89.151298 5.102090 34.007227
75.218588 74.300421 30.306318
51.391488 17.271082 34.427163
6.765360 16.796788 42.867341
63.038723 38.791299 41.714824
46.225719 71.073781 28.921550
91.201626 3.748932 40.010965
93.164235 60.848783 25.087777
89.260578 98.905889 32.110389
33.434062 92.439526 35.294218
34.268271 66.928192 30.880320
28.206162 8.363954 39.868697
62.711305 7.060099 31.828809
8.869730 21.407041 32.798316
24.290471 71.382031 26.623466
81.364314 95.928465 32.530887
82.845556 41.735293 42.859923
31.399495 22.098297 26.638501
26.524740 66.004089 32.116859
32.671553 90.352354 34.471833
62.071592 84.473827 28.528353
25.972276 14.711448 27.992236
6.765760 14.752147 27.892568
83.335353 89.420592 27.885851
46.678057 38.165933 30.696449
95.407075 59.660633 41.781985
57.206749 87.567462 32.270915
48.113445 64.118118 26.299203
64.520887 60.421453 33.861582
6.637927 26.859032 27.925714
25.924258 10.436158 27.248197
77.259380 79.839920 32.440433
10.721499 9.875814 26.221094
62.413039 2.267312 30.680967
10.901776 53.206478 31.931938
34.062099 17.453371 39.993991
46.847730 49.077883 28.777129
17.600871 80.614763 33.028621
5.363300 95.107555 26.624753
56.634196 87.126346 34.064131
85.636202 59.675554 35.821795
58.171053 46.412277 31.640284
75.922709 42.908755 35.669777
11.587038 94.636843 30.428549
39.037315 98.502515 39.120789
42.783045 90.536445 38.121391