23.165923 13.583185 36.592163
44.898170 66.276556 36.186054
97.025628 13.034889 28.914551
33.834963 31.923110 33.751337
22.038745 62.683209 26.467364
76.292481 8.318112 29.437549
34.829686 19.499185 36.604329
95.152332 44.137868 34.498733
84.566282 41.680848 41.294989
71.927903 41.506830 36.333086
67.379852 92.272133 26.621386
16.779099 94.423539 31.145833
21.565943 31.462261 28.664710
47.806553 99.562277 35.283967
76.928845 25.333519 35.034086
47.167990 12.650048 42.264070
23.429410 19.328834 34.590196
99.122742 31.612773 42.987049
87.403161 2.408597 42.288048
1.503695 39.683733 35.374747
51.385272 89.203258 29.154148
92.080462 97.472330 33.508494
86.594054 58.861951 37.978353
38.923966 36.078598 27.873227
80.157310 49.453191 33.682683
32.380291 83.058886 37.923773
83.943997 76.004364 38.289017
69.964716 50.724283 38.699267
36.238648 6.051805 43.105280
58.806636 74.438432 41.589248
0.837876 4.987627 28.609213
80.397567 61.784233 33.038494
79.091207 75.512522 42.172369
93.565930 86.158755 42.998486
47.660127 69.869799 42.560992
1.579621 2.826684 27.708598
91.524869 42.091112 29.405779
27.051550 98.309457 34.003316
97.821124 75.827483 29.347687
1.816300 42.708742 40.027254
48.002246 75.421976 34.903768
77.097493 41.892230 36.639846
83.409069 66.800582 26.045809
5.833870 21.308427 33.049563
16.693788 18.414681 40.732473
83.693373 11.653801 26.642167
13.090110 96.307484 42.233005
94.424039 42.504837 28.644946
23.749908 51.765755 40.034994
83.196151 49.519289 38.164064
78.252526 65.031574 30.174226
1.888786 60.985384 28.415460
4.809748 77.175232 41.791822
43.705402 85.910577 27.481446
39.186873 21.581134 36.976132
48.603229 71.992867 42.279960
75.193811 34.980768 37.490330
68.015098 81.147625 30.773985
0.751839 31.302099 29.328884
79.367556 42.448266 37.228719
74.208256 53.270741 39.215812
98.492232 33.882450 41.993819
18.088155 56.369477 34.399073
3.665861 88.333734 43.323930
84.904890 94.670481 33.264121
54.806231 75.712976 38.880073
49.199237 20.754149 42.850135
74.294593 2.990835 28.727703
66.827892 60.714375 41.788557
21.478145 47.604319 34.265907
86.445782 60.523296 27.535016
18.804654 97.982821 28.776754
17.800070 47.967604 32.202506
70.737153 96.768033 30.079958
31.006326 72.934411 31.116202
23.030269 46.439477 27.904205
23.270613 41.419517 27.739830
53.582252 15.035233 28.237913
40.602996 7.472776 39.175585
31.824249 89.510898 35.315904
62.779422 66.098191 28.662494
97.788002 25.395844 39.493694
59.384815 74.139278 32.072189
11.392589 59.801964 27.366274
52.769465 23.127597 33.302834
39.203146 21.980353 31.488570
85.111602 37.823069 43.112293
44.308333 24.302000 37.636116
53.001529 98.602867 36.148207
91.891548 77.841326 26.479436
7.662249 63.675265 27.079714
80.040971 43.352575 29.749524
99.766937 59.358162 30.499548
71.312517 56.135201 42.631178
43.976324 9.550754 36.023587
22.226668 32.508218 31.125372
80.260171 15.580487 32.247287
49.957355 13.065005 43.382899
79.249050 78.460933 26.741563
40.647607 77.323884 36.050419
33.035379 22.714775 42.070101
87.365021 50.040355 32.085107
7.969815 31.206985 37.873135
33.933269 41.112177 27.123877
82.859092 94.476585 35.374992
39.184779 73.989380 35.177436
57.309205 55.920421 29.103137
17.250877 53.464465 36.464854
84.630348 44.100269 41.697933
50.925740 54.951203 25.440608
85.160287 73.532033 26.333773
62.772168 14.876061 38.912281
70.405820 77.783090 31.157262
86.478370 95.117581 42.863572
17.369074 75.069935 43.393460
53.533004 51.927234 25.790555
68.730026 79.774709 32.968113
95.688989 94.943887 29.625177
5.347143 81.778772 40.800487
99.703420 88.924267 29.999040
33.044374 63.432850 29.015021
39.702304 44.572667 25.905829
75.006786 20.816640 25.547474
94.672872 48.497565 42.075831
89.263094 97.832579 29.219622
88.918432 99.782499 33.288542
77.342022 73.256573 31.323596
90.740887 98.552784 36.705280
73.210584 26.020285 34.516793
88.940682 61.936041 33.787185
37.599924 42.474603 39.184739
76.539190 70.327680 26.621477
31.359822 20.607526 30.674221
40.626494 39.283399 32.642212
70.929244 89.757008 30.770163
76.129233 49.695602 32.315869
1.607137 79.504937 32.625577
43.238870 11.537659 28.802221
92.131318 86.190426 39.023941
66.784600 95.399219 27.125161
29.480124 74.173982 37.244550
80.338836 44.688526 42.481649
91.627023 32.505037 29.345244
24.346679 46.069547 38.257571
97.749259 57.718009 41.552057
15.734202 86.253319 43.259203
16.264831 22.523573 41.283070
99.371423 47.915322 26.045853
61.047372 83.399622 39.786415
88.044430 79.717665 36.598993
45.825707 14.582533 33.099937
91.332360 52.302357 31.234950
57.216270 96.796517 38.468467
40.495771 8.561193 39.507545
31.607405 92.340334 41.984129
2.346218 47.694785 30.579328
92.789109 27.268451 37.626536
27.119387 54.720271 40.164982
58.929582 1.365574 25.440051
23.450810 91.944491 41.899322
14.361966 28.793693 29.018962
14.285594 90.151900 29.371870
15.949155 67.141750 38.499064
38.942900 85.806638 35.182383
72.573052 33.795693 30.161105
87.431787 54.579831 35.872116
36.100108 51.970904 29.974655
18.541043 73.784998 38.713378
10.200825 1.252125 26.332305
34.601966 3.643640 43.236247
68.422409 14.318433 38.725417
22.545698 1.261730 36.233332
72.220296 24.925704 38.394013
96.646440 49.300919 39.323996
96.888133 5.925230 31.169015
7.195659 55.401750 43.477094
90.593070 98.496286 42.284536
54.480272 53.203463 36.436429
69.833827 34.643469 27.515712
89.584050 37.308117 31.438956
10.569133 97.835454 28.824068
32.753947 40.157030 25.823143
86.396849 49.920486 33.432767
60.193532 79.390388 34.911748
85.088063 20.388792 26.200534
97.582669 96.425558 32.185620
76.225882 73.158687 42.929367
42.071448 61.456046 38.418375
93.028743 78.753277 40.688017
29.152738 22.565853 28.440124
1.834099 88.066744 26.917701
97.780741 71.818574 30.314724
86.992827 8.796514 25.601969
69.353956 23.358756 41.627510
68.849311 80.860824 30.355403
1.047219 81.823489 41.467404
73.950173 76.069434 40.830130
69.421927 51.844598 33.824297
0.278220 32.431589 33.635158
53.141450 41.676786 27.516764
28.106956 53.696361 32.403713
43.375077 45.752586 37.030106
87.811183 11.958857 33.467375
69.152902 83.352108 43.053225
10.509719 37.907279 40.772689
78.744649 81.935566 38.812086
90.055400 86.712849 25.515363
44.941551 80.419832 28.743613
98.604255 92.369226 25.885894
67.519236 8.706570 39.304783
47.613840 42.770262 30.908202
80.010797 70.338364 43.370251
77.560195 52.119227 38.701939
63.996353 89.486445 30.500505
77.448167 8.317248 26.708202
93.633427 77.970896 28.505614
91.442594 82.982722 40.115206
13.656568 19.628411 32.792957
94.141279 53.686578 41.345347
83.563349 8.178572 43.332046
61.127498 33.171909 42.955726
9.608086 59.721867 38.927528
17.301032 21.693318 33.971592
11.554443 47.202733 37.208473
8.912233 23.062102 36.575655
89.280300 19.466576 29.184244
58.637865 5.521462 36.735651
52.489146 35.297774 27.006112
77.137036 29.562965 42.686808
91.760443 14.084522 26.382998
73.844554 12.129769 31.594187
82.242454 4.528144 31.021606
58.675627 80.946262 27.711423
58.111130 93.204934 42.468732
65.790960 51.295364 25.774303
25.475956 12.104152 36.589357
61.459427 57.133492 38.580413
27.433355 71.753434 41.456537
64.988562 41.294571 25.490484
16.802441 25.054219 25.384476
41.498920 67.768554 25.991412
0.200721 30.609741 42.781980
50.772948 16.223135 32.389959
91.917744 18.382677 43.304518
67.177221 32.437848 39.986651
93.172534 77.667925 43.712050
53.163552 83.937481 26.529523
54.676410 65.994653 30.212740
77.026549 41.465399 43.628774
55.389660 14.442987 41.485559
70.677641 97.811337 32.392296
41.898869 14.215761 32.338849
72.300052 8.060538 33.388968
66.933756 2.870454 39.027165
14.649950 54.132940 37.760087
89.990977 73.847037 29.972739
99.453681 66.507696 35.523074
66.357605 85.075431 38.918793
40.241846 11.508130 25.148750
47.015582 60.670435 43.232805
38.560526 86.395468 43.000337
64.781146 18.817920 26.519050
58.370348 87.596932 35.672461
32.504857 58.860755 37.516691
19.552811 8.597333 38.877389
5.638072 48.904635 37.785259
22.329438 91.154975 27.667441
17.810868 94.370852 33.150668
50.261511 4.914471 38.489287
97.514005 18.174541 43.549899
30.521885 61.799684 27.849820
18.741144 16.696808 37.397166
9.286346 13.625700 43.586391
32.069451 35.228643 39.882507
83.441474 18.873927 29.032357
7.933954 75.683634 27.637573
9.843039 56.234343 30.213909
44.236044 44.463434 40.040652
0.743301 45.654676 30.189921
26.940224 6.299730 28.035538
40.523810 73.191069 29.607805
56.336410 87.493224 31.946567
4.012697 70.855360 37.492251
91.719569 41.738605 37.392080
80.277135 68.173705 32.105055
69.319951 89.049592 42.080875
99.161155 9.554897 29.282976
62.806012 8.755029 43.042707
7.124551 13.423615 41.409604
55.444014 81.413313 39.681168
31.769784 22.542979 39.967589
50.188795 35.419706 33.099504
79.891845 40.642114 27.664652
22.843908 16.654232 29.557582
61.103318 55.897496 25.537961
74.807638 36.559853 25.150054
68.364268 17.765967 30.753754
96.424951 64.446974 26.953875
11.838738 0.197516 27.675619
22.657646 14.516651 34.589519
85.945410 2.732410 32.672220
32.996350 36.115623 31.161653
20.732648 77.338872 39.937849
78.704025 88.662774 35.376798
95.560022 14.757013 34.237573
13.322446 41.375846 28.862764
83.739773 14.637162 28.822677
81.263809 43.710071 39.676257
87.971012 15.968360 43.629010
21.778855 35.427988 39.407331
68.993890 42.385652 29.605692
56.823596 36.894658 43.473178
76.009547 59.442719 28.810794
69.310321 73.675053 31.433384
95.659577 18.147616 39.747285
16.601235 30.974451 30.601357
92.748839 99.200414 32.197313
11.316040 10.193612 25.016241
24.839946 37.493766 40.149881
66.833463 7.671301 38.552555
22.553398 73.564757 30.368044
72.341762 27.327504 34.174375
65.385644 52.629156 28.117957
12.037187 19.062914 37.522377
14.741671 4.467166 42.255278
60.233578 83.796556 29.040823
64.542389 76.180852 29.982595
27.285238 58.628368 32.335399
11.631871 42.163043 31.476159
13.740899 13.817631 40.187600
7.360410 43.629285 39.961172
99.058026 83.249849 43.495416
28.742177 87.153870 33.781640
62.244060 66.403358 36.044469
16.283272 79.329614 36.019275
73.458894 38.386952 32.860896
83.774651 47.358181 38.894110
56.997245 45.085833 41.768036
37.157361 45.553649 40.606014
5.247496 77.088216 39.830039
61.232340 31.856809 33.773434
85.327116 77.790714 38.352873
58.639330 3.301540 26.218757
96.393273 86.990323 27.703109
53.851813 45.074981 41.728150
43.776111 28.252044 40.834590
49.344256 35.841498 35.456242
72.127048 50.289325 43.562554
25.415834 50.315632 28.963702
88.786121 22.078523 39.575984
13.075403 31.436110 26.478921
73.647856 4.308395 31.805258
94.151514 70.923496 25.683997
34.966995 55.829264 31.825235
19.273954 73.754784 40.583264
53.437143 75.608375 31.723304
84.042763 71.881577 42.486169
89.847400 59.603063 26.070316
77.524434 43.899154 43.027500
86.223290 19.453786 25.426027
31.548419 16.908727 28.600583
36.292285 63.345104 29.137174
4.214474 31.204149 35.713799
32.509563 91.130854 34.917041
73.635208 7.026521 33.577792
26.765340 10.915538 25.271010
88.010182 25.639698 27.444792
90.945273 80.338608 34.977230
40.885912 58.042588 39.344604
54.179027 8.043774 39.666312
43.784077 21.303078 25.701563
50.001000 91.741602 27.240257
31.518309 45.299936 38.742453
97.526507 76.362674 26.136848
83.938089 78.983968 30.782608
32.213218 40.603753 33.143500
49.579626 43.419959 42.815072
94.390759 12.021690 37.715362
63.294494 49.975304 36.390735
91.375219 92.151408 36.022296
36.977302 43.529773 43.128380
50.502173 45.340305 27.962201
91.135664 43.604244 37.946909
57.554841 99.508255 35.988248
62.140683 8.425596 27.674317
63.988698 45.497723 33.224364
63.311474 52.254071 37.133338
18.966841 68.808849 34.592265
86.116998 96.517601 34.098839
84.575850 99.486362 40.056340
14.931983 17.596690 31.273314
74.827682 0.352818 37.147960
7.024311 20.623235 43.348334
77.140575 2.494046 32.788063
23.554104 30.477059 31.539494
36.502977 82.430173 42.178144
63.828020 66.035320 32.411043
99.996610 98.135289 32.538118
53.368792 46.443518 26.010031
58.589923 46.903753 29.617373