69.219598 87.135561 30.472272
75.623896 10.632182 35.435988
37.700779 64.530766 30.318101
8.870042 80.341021 39.153359
5.058133 51.470469 40.951916
56.412248 9.745315 32.599778
31.022513 10.291261 43.660686
16.580602 26.187045 35.598511
93.790430 95.980791 25.220330
63.519354 77.003842 36.873416
42.142353 50.189805 26.147183
0.744547 37.783897 40.286871
27.536200 47.902682 27.385707
47.689540 39.379112 42.605403
87.545264 63.882630 25.149611
20.124474 29.156342 42.233391
16.216867 67.876259 38.164858
58.500617 98.375435 36.539064
57.895043 84.569317 30.253786
87.802022 30.856129 43.100113
12.134032 68.270816 30.751778
52.698385 60.757438 42.267030
98.898390 93.455318 34.821855
0.974366 6.023780 42.988152
81.607711 23.274503 39.410979
47.573846 47.216727 31.452793
20.146267 20.710510 35.843352
12.358680 60.947658 34.997601
59.307678 6.359561 28.721802
33.790793 21.646111 40.737417
14.719456 13.310125 29.404955
51.802948 36.273780 34.888525
45.322162 37.761608 39.920020
25.546188 75.518190 34.808849
61.991708 5.557282 27.094910
37.385873 33.455039 33.857465
12.974578 15.217997 31.101043
94.771404 34.716519 31.672357
32.104069 90.284247 28.059251
24.504360 60.883895 41.916147
36.103802 91.162437 32.694638
19.561619 50.465328 43.009390
54.553890 93.242513 34.951171
31.020958 97.663679 26.846623
81.826313 34.127586 40.607774
38.188819 36.880609 39.129098
1.501190 64.572282 42.135828
22.417127 67.948217 39.070060
23.373910 61.038343 41.683200
34.302897 1.336196 30.590593
13.199102 45.424360 28.393177
37.632978 60.827165 41.570792
67.063912 80.046683 37.578738
69.268257 96.971515 27.381106
9.484523 56.252988 39.347521
15.442122 77.114410 43.155111
89.131885 24.448320 30.770292
81.880564 22.248420 36.756482
47.148841 86.491929 42.375271
5.596073 2.080794 28.989025
0.736842 65.741357 25.688245
75.064860 80.552035 32.934308
12.554782 54.264352 38.412931
99.589160 4.707903 42.275261
2.677911 56.955748 25.324895
6.271492 42.352189 32.332777
48.522958 51.064199 26.548939
79.044275 76.285854 42.447929
82.182425 30.054668 33.873983
89.172421 26.852836 26.790333
23.523233 57.776186 39.886982
19.447279 10.997099 34.415130
63.970592 40.160690 34.665394
71.742435 50.346264 37.979233
8.716332 61.434450 30.220763
53.311570 62.565336 29.763940
54.592499 87.410358 39.108209
83.269062 75.611010 41.850153
6.610368 58.756448 25.328353
51.707223 79.047903 42.321959
5.216902 63.630453 34.151539
83.577504 98.311689 31.360158
1.911084 66.903541 29.866079
85.195855 46.732619 40.349859
36.845213 69.706018 34.409540
65.939751 51.581957 38.619471
96.998271 82.785061 35.395678
74.436450 42.871361 37.208382
46.541852 76.069035 27.066929
3.377998 27.631356 38.912841
11.152427 4.853478 34.177376
54.174484 13.428735 29.184667
46.237883 28.393923 37.308988
8.287044 46.797252 40.823938
19.277194 51.500525 35.024900
11.367800 60.611004 40.179277
76.393284 86.735627 43.080895
12.375479 95.845396 40.282892
62.532661 20.810159 43.328457
45.303073 66.659427 38.530301
46.514320 58.484627 38.750311
39.511473 34.545879 25.777522
2.138967 98.901054 36.461816
85.905867 82.663982 30.593183
62.354400 80.986174 37.693630
90.748332 11.566993 31.877527
80.969582 4.580951 39.376690
96.231306 65.481248 31.092996
39.517553 34.808473 34.091613
6.622853 45.878569 38.782947
57.671483 33.224123 43.523862
83.321550 26.081117 31.279601
71.278036 61.743208 25.835735
18.533991 9.129703 35.359175
76.280071 19.115409 29.449789
77.565361 62.345543 28.172951
19.780528 29.799498 38.295099
94.025144 26.730588 25.601434
66.861323 5.434417 34.124426
13.876284 45.843097 26.283417
86.444393 13.483268 29.573213
25.723847 75.545867 39.853860
76.360425 94.038340 40.048184
88.835979 93.166299 36.623648
71.210536 85.800106 39.349423
24.531754 88.147075 41.669853
75.322279 70.462416 32.135080
20.821448 85.087565 37.022051
21.219157 23.624966 34.367932
53.298830 23.318785 41.304369
74.981702 13.680024 29.396744
53.286356 14.927298 41.487723
10.169020 34.125418 30.172488
7.315942 99.965210 30.644686
85.100566 29.407662 36.547720
4.495854 34.028873 29.850439
94.711658 67.657364 38.181684
40.628092 27.145800 42.374224
7.167131 43.803173 40.634246
20.547021 82.615233 36.753229
32.694647 78.398812 34.623223
8.255829 57.901316 38.628269
84.684424 13.453939 37.239596
83.127247 22.848717 30.389178
97.671077 87.381310 35.341029
93.180548 32.231613 28.654323
13.019794 81.791991 37.130245
96.818322 59.534510 38.878044
43.495976 68.317540 26.059760
96.510747 40.029196 41.919514
64.731365 63.609621 36.467960
2.067092 20.805941 41.626340
75.437573 20.544858 25.908708
97.096699 85.496413 39.685294
28.964758 74.508514 35.772144
83.782842 35.402532 32.909646
77.280377 43.167670 40.993387
91.995167 61.632613 39.278995
18.709352 16.481652 34.061544
2.255025 69.391988 39.150846
32.029666 87.756864 26.326278
16.388392 67.891090 33.674284
69.626203 6.450723 37.131091
16.799894 49.091882 30.743547
80.174984 57.863432 32.344397
78.948131 0.261703 30.562718
6.996976 92.227146 28.694127
36.883100 94.567945 29.033458
11.313767 89.643646 31.446001
83.637565 12.466487 35.475626
2.387669 74.109094 37.677910
90.121028 26.459209 39.168145
87.171855 32.527707 30.622660
79.707515 89.111763 32.136652
3.134875 8.117189 28.445279
48.662716 68.594315 36.909274
69.410058 58.078690 30.722824
56.785648 33.524957 25.843299
76.039182 85.342175 26.696449
70.954331 52.036498 28.642900
20.208409 50.893583 28.005881
90.468938 20.763883 33.824413
57.917736 77.705285 26.214447
15.715047 23.536126 36.339292
53.715683 56.798878 36.098479
72.722635 52.704185 40.992015
55.728443 69.557839 37.124433
47.908684 51.166881 26.601834
60.344632 58.798729 41.650297
47.985076 82.346250 26.983369
14.717489 59.410279 32.671247
64.404977 94.129907 29.486177
25.961938 61.888899 34.885278
82.488784 45.080789 27.170168
60.962464 45.791883 37.040698
77.844156 10.214860 26.084467
12.492989 20.134424 30.958680
10.768715 86.038111 26.959457
20.024271 35.503152 35.320334
3.936685 94.528462 30.670304
31.687823 97.557718 31.978281
44.358599 67.385265 35.985643
57.691255 59.367521 36.808639
76.909658 91.407655 31.678981
24.533342 2.698724 32.145150
55.321030 17.423408 37.623012
51.028599 4.719198 25.357682
79.688212 74.939348 36.202654
68.559345 72.766086 40.977626
59.817294 64.566712 42.950399
72.583142 38.523289 32.023347
83.865899 54.013181 40.386234
66.826779 59.524069 28.963260
41.231745 63.953037 41.832210
14.324255 88.684147 34.986783
41.512232 9.428304 27.148344
70.344610 68.740978 42.829960
22.522914 23.005688 31.265390
6.068997 74.414467 39.321685
57.805794 77.604488 41.798339
90.890684 69.040167 36.810584
79.264753 14.292673 36.026434
46.722046 39.098116 35.094256
36.588403 17.541880 30.594494
14.118954 31.682242 32.283881
52.110134 96.538559 29.035528
44.817520 26.323382 31.860173
22.702050 57.846486 28.427855
33.498220 35.810481 37.121894
9.992457 34.714156 29.827119
52.471712 21.375453 39.333016
81.016119 6.015628 26.263013
36.662053 74.704577 42.164525
92.605848 56.217864 32.836372
71.037186 87.047658 42.591619
21.680806 93.275607 40.440797
94.701320 84.950960 26.578009
53.504513 2.932003 38.894859
98.946950 33.136497 27.801013
35.903701 42.147102 35.028638
55.976027 80.695171 38.140695
53.170434 14.321322 37.104289
76.567001 41.839888 35.635284
38.367708 78.657637 25.063666
66.785845 94.912245 27.315172
34.116240 75.865220 29.471604
98.641681 66.036421 34.969926
56.157319 98.529061 31.113117
34.364444 52.203850 39.863872
23.910549 86.988102 33.594696
72.128746 16.136754 36.296855
96.462397 56.581771 39.896754
70.570945 78.623231 31.773686
71.881893 47.660352 29.862183
39.337442 36.432406 30.902440
85.427194 70.448132 36.794842
44.209568 20.425572 38.025555
17.802785 12.097547 27.118593
16.215257 95.968146 36.417479
76.104622 95.940229 30.757234
59.889554 7.506494 38.906851
16.259843 80.674020 33.920096
28.127970 96.505246 27.722593
5.635282 49.061080 41.833032
51.503891 82.990084 35.278181
74.172267 54.986765 36.382115
45.820544 59.311588 41.444012
33.482692 52.897717 37.419029
71.357145 33.918106 38.251367
72.595074 91.545854 30.340050
6.206649 95.895245 31.867096
36.586709 27.107886 27.474513
34.332627 79.020018 38.851218
94.098422 83.458349 30.513263
80.131031 99.176892 30.335780
19.531237 28.930689 33.245662
7.960485 55.356774 33.757021
64.146435 25.194740 26.630563
23.097944 52.531442 27.024753
15.881122 4.827461 26.330736
17.455412 53.443900 26.807167
9.952535 62.543436 26.346465
38.720928 24.739589 35.891192
75.282621 33.553906 28.501184
62.065088 53.578104 33.844849
36.455277 76.386443 34.854012
98.840835 2.272600 28.540194
36.974483 61.034626 25.814058
9.994789 11.997525 28.043528
68.588448 98.641672 41.384002
10.358153 60.836066 26.242702
84.664104 9.145971 35.064212
49.679604 29.648965 32.806248
25.176487 72.190014 31.706615
78.631006 74.503428 26.836235
22.131829 45.420868 43.138448
45.895754 55.555307 33.273710
60.421316 39.193234 28.696057
95.586523 34.821070 40.746865
42.908141 86.359565 27.755210
33.882919 4.621313 40.463485
5.829821 45.781125 27.312549
93.093109 90.371738 42.280919
71.481876 33.200833 41.331817
53.285806 5.527454 29.724322
80.487798 32.827703 42.208580
7.666198 98.093620 42.590291
71.241274 16.644971 36.028060
72.632507 46.285420 37.811373
92.392450 69.114024 40.153411
21.088091 66.298017 43.501403
50.953977 53.775196 37.338104
82.730343 1.011802 26.295811
3.002010 2.463211 33.928953
58.830083 86.236849 40.729100
62.517310 43.263446 42.092383
8.900581 4.952435 39.736368
99.225351 54.267445 37.278028
16.355529 75.950218 43.678615
17.950941 9.475138 29.802590
85.901946 17.708338 35.261866
15.832433 98.212418 36.427893
42.622121 33.873447 40.569562
52.219625 21.497669 26.919042
68.111610 1.016156 28.096343
22.801505 68.515507 31.437720
72.824860 80.521037 38.138234
57.440736 53.133186 38.686668
70.713959 95.066032 33.881257
40.504925 19.300098 37.657087
59.288157 7.456369 36.002697
46.106360 76.781865 36.004616
76.615547 46.804586 28.031395
63.554543 12.237210 29.635224
86.684249 29.179246 26.668088
11.840663 35.209600 32.113100
29.374823 75.190352 30.677771
9.007859 97.461606 27.393953
97.088145 20.588081 26.871541
20.838720 47.548126 37.664551
2.520422 93.153140 43.588693
64.993203 92.197868 33.610471
98.301108 16.201968 39.010159
4.489414 53.196742 43.543388
35.289578 35.364961 30.467424
96.011247 69.975871 41.771805
56.176826 69.459848 37.226009
98.963053 97.614322 25.765625
29.447773 91.051297 28.554328
83.177627 58.357049 36.366236
79.931280 81.871041 42.622848
66.570949 45.057710 37.479987
37.564845 81.374876 41.547982
10.066017 14.254873 32.593807
45.055768 9.146977 37.584097
13.496788 0.384250 37.697957
73.978091 64.097431 43.722562
4.863683 91.558363 32.494643
9.827948 72.723341 40.734348
39.891255 20.671947 42.242401
57.527757 86.290037 37.174646
68.358095 68.698460 39.401107
55.758827 44.477124 25.925175
49.215015 60.618026 34.787291
61.531846 55.146646 25.426328
80.573957 10.837755 37.753053
0.767065 27.405216 29.364041
52.924198 72.219259 39.379809
5.951575 42.908052 35.720996
42.906607 22.854971 36.516692
27.784099 5.871701 39.854737
68.872515 51.617721 30.557599
55.809283 93.005327 27.543110
39.444864 84.873246 41.373897
46.902743 51.140192 40.346329
54.117592 3.799885 39.189618
51.561848 86.269093 29.921996
31.374751 62.514358 36.661606
11.019453 85.471818 38.083289
29.952445 66.786976 33.466747
76.256725 47.731956 30.912971
31.867524 65.607083 41.941102
13.646312 85.274621 38.199286
97.672901 55.701062 39.616780
88.453624 95.691829 37.517560
49.253509 80.491569 43.386404
14.421961 12.944804 35.641576
7.544328 72.955548 35.983342
45.165164 30.006016 42.279696
57.452402 79.130441 34.874339
39.590733 72.155535 25.227922
85.579559 1.774081 25.432235
31.724987 35.058010 32.200062
76.198531 1.867599 40.741912
21.120860 81.445393 34.691416
62.310010 46.615981 33.218820
60.053856 31.715240 25.540435
47.712077 18.789401 40.043452
89.745904 29.321701 29.694537
61.247914 74.386932 32.536863