43.312127 84.226443 36.202275
85.746750 91.767649 29.652460
46.498346 92.308710 40.886534
54.463353 0.319352 40.278106
87.070694 8.681262 31.234662
54.131380 9.324867 37.221851
74.205453 11.818447 32.463014
0.972188 14.192672 39.555290
93.200910 67.185945 38.890678
56.847467 92.486319 32.058172
36.879300 80.980545 42.452960
43.692116 71.430578 30.873190
92.074946 35.867583 27.863792
21.538633 78.719757 38.963288
87.669069 90.702901 36.762843
59.908686 46.414764 42.559539
52.986940 45.936514 34.419046
18.298287 46.898390 38.941045
5.268322 39.707590 25.781069
79.303930 27.651027 41.996107
9.081040 88.265549 28.156981
86.034326 8.294064 33.120932
64.177785 61.605330 27.736525
13.754361 38.830121 29.207629
90.626360 27.997195 36.829406
23.305455 27.621887 34.741772
20.673002 42.183489 26.161892
10.541622 75.832295 33.011929
69.072240 56.102640 29.395572
79.214851 7.547393 30.959841
73.279651 62.846401 34.379844
13.014376 64.950766 31.866685
63.408624 33.429857 40.877065
64.388198 11.906069 26.562412
39.247460 56.862659 43.659838
67.505919 18.005716 31.798833
30.430343 74.758922 37.650051
87.535609 99.898357 28.579592
61.086456 6.726304 29.918331
97.978115 17.406767 40.455432
14.698846 45.846345 26.736369
65.213604 65.435172 34.089939
85.893401 69.795476 26.723639
94.038671 8.279563 35.398203
27.420763 61.967690 28.452204
19.866410 94.578350 32.825177
47.258252 70.135930 39.791894
72.652903 6.684388 41.557214
83.032553 46.744296 29.085246
76.068550 42.506063 37.153194
62.563503 88.242426 35.484013
45.093686 50.069527 28.139717
4.120015 21.646484 35.802898
61.962115 3.068609 39.733342
37.654240 47.113499 28.570971
41.258893 83.399335 29.958946
8.789347 5.203019 42.978647
38.334767 73.907767 28.948307
94.336678 93.232875 30.493278
45.534155 1.678771 35.993186
35.588479 42.101155 38.629186
70.974521 2.029262 25.688645
32.134372 77.550649 37.734114
23.933936 42.872311 29.963682
68.410973 57.425736 39.568005
46.134597 77.947802 33.881961
85.952692 15.637965 37.394644
77.430532 47.168219 35.404967
86.676007 21.524556 42.339874
48.219997 45.664465 29.224931
58.344780 89.868760 31.913709
80.808816 61.606858 28.417836
30.341819 6.725997 32.895332
35.141211 80.058399 40.986966
15.461426 69.817530 38.194686
45.419037 21.049537 33.182402
70.533091 56.319001 37.232084
33.647956 98.666905 36.756748
87.646904 90.388964 40.562361
86.464540 57.865633 33.825809
8.562004 81.664431 27.842031
98.122686 5.662227 40.781289
32.999578 39.635492 33.126698
9.072932 43.650270 27.794894
65.085464 32.458707 26.634023
65.494574 57.837422 42.691289
10.120546 42.591445 36.491497
41.992564 31.772557 28.997017
79.038872 83.489406 31.239051
16.079827 94.037955 35.408321
22.494229 47.854414 29.313126
14.608976 65.739979 35.957488
42.227790 88.469727 41.464666
72.544251 18.308574 41.921742
76.560903 44.244875 28.750545
33.430317 71.159412 31.746740
0.876983 85.912685 39.339303
8.768177 78.188110 34.083671
13.232704 44.776420 34.717828
3.789226 4.143710 40.974201
98.529611 30.904949 35.916226
88.093818 52.403633 31.350966
59.694668 88.717422 34.797594
19.814626 86.275861 25.781158
57.198101 96.558625 36.458730
65.828066 80.170090 25.591004
11.354587 85.085144 39.484301
5.821010 62.905400 28.919051
99.395549 49.211712 27.296692
55.371609 74.523051 38.381757
99.398804 77.956535 29.042285
56.526562 41.771875 39.400157
23.866860 8.005471 37.725260
20.654186 38.417473 34.472381
47.330209 82.224694 38.302668
54.894128 90.611239 32.517918
22.371915 17.908383 28.021682
38.241319 77.750171 38.696085
16.025409 23.760742 37.256436
80.090163 59.584359 37.261384
69.675951 90.272650 30.905571
59.308549 37.352212 27.016918
52.471128 4.440550 31.164625
61.840431 65.081793 39.449780
16.768539 53.122797 42.920996
53.447778 25.593327 28.779547
60.079986 17.354033 40.927605
35.042115 86.154878 31.391273
78.661563 30.054119 29.454591
56.853820 74.421151 27.876872
67.156338 50.620496 41.558150
53.993309 19.194960 33.554369
44.164043 87.142991 43.544654
43.400856 49.167394 25.735035
33.658957 85.713257 38.439650
64.709340 95.811586 25.082708
57.907566 8.475367 34.945881
65.999130 78.830058 25.799906
74.163243 18.634641 25.015624
65.632246 36.697573 29.391765
87.371703 85.433435 30.619714
16.607853 20.743586 31.069461
65.981705 43.553232 36.715284
39.981006 53.864880 32.859666
25.768820 80.153873 33.076895
7.702420 20.351339 36.848617
94.185403 55.638557 27.472027
61.974285 29.206711 26.462508
13.826164 33.777457 38.134941
40.691545 93.009220 36.947773
41.755533 43.783499 41.534830
87.982278 18.165978 40.441143
46.488750 28.518873 40.247410
58.365290 65.779791 36.381037
86.399716 12.322945 40.570927
28.453426 83.800941 41.371862
84.644039 71.294166 28.091630
38.566646 23.358023 36.659700
36.086967 12.817949 41.368356
5.360247 22.820026 43.749233
79.795541 72.597165 27.427577
61.755211 33.679922 40.465094
78.062928 67.069428 26.183402
37.726934 19.261449 42.552914
42.969522 71.878144 43.059527
55.358190 82.220609 41.637791
42.807210 21.192030 34.808474
3.019537 66.404577 39.259694
67.609758 22.935784 29.088038
28.164152 94.637056 39.198272
45.978952 99.405582 34.581614
11.935631 3.314516 43.166590
13.765753 40.610700 31.266408
38.597945 88.311228 28.879334
8.698953 95.022302 32.641619
51.012077 10.288424 26.311068
54.504135 45.325361 33.416496
87.227182 79.188300 42.365171
58.460722 54.394981 33.071380
13.762557 61.526954 26.274485
61.826174 91.498701 28.611673
38.164396 81.561529 40.806358
96.333525 8.064103 36.044620
2.982684 92.549820 36.446086
81.027797 48.580426 40.169210
18.163380 79.831840 27.341852
49.660459 34.846682 30.456515
27.148559 27.016122 28.111371
93.797335 10.053261 36.717562
19.278622 93.070028 25.919663
72.752958 65.871063 32.450707
49.703616 63.152222 37.613074
76.679725 1.653138 32.318797
5.168692 92.755998 42.843318
32.315443 35.338720 31.353894
13.962040 97.842350 34.660134
58.508478 90.458761 33.730348
54.118187 45.562003 40.235473
98.779420 62.810335 27.307196
82.297999 18.287945 40.398309
24.562468 40.180938 43.539408
33.234687 27.940857 35.186436
68.958110 70.860423 41.742208
71.766852 57.482506 37.176298
10.280828 6.336554 28.251380
88.897587 17.030423 26.438895
19.150936 51.293869 25.842693
27.401671 47.556664 34.710801
56.693905 21.777383 38.943480
6.682551 9.794423 32.810344
35.673387 23.403957 30.220686
91.650026 59.104226 29.027108
33.242624 76.673868 26.393457
89.598110 54.914020 38.383948
36.026279 16.453259 35.487006
14.689678 20.948184 30.991412
71.931263 30.880387 33.114546
6.310245 67.028022 29.044685
76.771822 80.004649 35.041368
92.820454 74.232343 31.367368
6.092594 78.999879 43.198695
1.648052 6.687619 29.335813
41.826866 52.332571 39.482586
23.331827 37.498910 35.604119
27.588736 72.822673 31.937257
43.839937 47.315713 36.326701
27.555238 42.470343 26.341539
54.990358 67.721236 26.602409
88.646569 20.793410 27.059272
52.233609 99.497820 29.668463
61.928488 61.159358 41.914813
5.959844 34.464718 33.039265
96.777510 95.060834 42.210091
90.356855 52.644208 29.464551
98.660860 19.011145 36.706725
75.292105 97.672585 38.461564
98.225854 89.534636 28.854527
6.023657 34.898922 28.702169
75.673455 59.457108 43.582501
7.744856 3.103844 29.501279
6.325264 30.879432 38.754953
87.581125 56.132933 41.726192
49.605216 5.584874 35.841974
39.689649 38.948270 32.510893
51.343940 39.065364 38.043283
65.835195 80.999245 38.087923
94.457439 81.770859 32.516495
89.145527 47.126818 39.006177
6.348166 30.162028 41.225765
94.598859 19.016962 26.968374
76.692312 34.199171 37.196762
4.926342 41.492215 42.732081
32.918086 23.705386 38.895666
54.742343 29.559602 32.024567
86.958485 97.166265 38.811155
79.067090 78.968778 41.485493
43.516526 79.741935 29.151610
19.614325 95.551931 42.255208
25.291840 80.890499 43.204518
32.909643 56.003471 28.797676
33.035178 99.601169 31.945881
98.221300 21.249615 41.819608
89.533071 46.121873 33.176043
8.989685 15.893853 27.443854
71.700347 27.954180 33.670317
81.260311 69.493568 43.099298
54.918796 35.070202 41.945478
81.038529 88.427760 34.050631
78.209341 56.971660 26.990048
78.149737 77.129364 41.962836
66.549075 90.119121 28.121219
51.499661 96.157526 41.469813
10.065594 57.367492 35.926127
69.940975 5.584070 26.761053
47.950861 93.208006 35.868303
53.144147 53.827094 41.232391
86.910709 92.935878 32.218270
60.406545 63.656465 39.603263
55.384595 97.181875 35.428344
97.980907 9.643584 33.924977
65.936887 21.404979 27.117739
33.698279 82.279926 30.986305
22.179665 34.239735 30.912605
27.527606 32.832539 39.133629
21.732341 69.853562 26.657043
65.563801 25.943836 26.553509
79.584499 63.338851 28.611314
57.686546 38.986749 25.063224
89.521202 95.780474 28.757124
46.788325 99.625383 28.183042
86.106204 2.396678 25.824632
6.121326 98.894294 35.360505
35.366455 44.864208 25.115815
78.251230 60.183663 32.915725
72.797346 19.490593 29.757162
22.871046 21.483576 33.215197
18.297969 35.719583 36.631901
65.093231 53.220157 36.074286
67.231140 43.437409 26.019220
48.641394 92.317207 36.574767
64.165313 92.157856 29.565982
32.824651 41.551067 40.084119
75.910435 30.989600 34.594118
22.278055 89.179367 32.735890
66.562540 91.746664 35.119081
5.352167 78.527044 39.375208
37.267203 17.299191 33.011600
89.169343 79.270689 43.241408
92.061228 53.415066 26.605660
3.559260 14.603024 26.311438
3.065560 49.257825 37.521439
63.555303 2.058320 28.257757
53.035052 56.318265 27.176206
92.473529 71.107539 27.949773
41.585466 79.046697 26.066186
53.442709 72.921283 42.991627
91.444131 53.291573 37.923801
17.016127 27.407169 25.045560
22.657702 99.145203 29.431614
37.954879 55.461907 35.730200
56.052207 73.567312 40.262887
33.349249 21.671174 25.402219
39.343309 94.665808 31.778195
26.143533 24.858132 41.685730
8.775906 58.655938 37.875587
2.492407 37.229753 32.021440
33.150863 64.107140 37.226183
95.715606 41.153842 27.870977
61.220756 75.069440 41.355236
11.244178 81.965925 39.440751
83.517033 52.979289 41.411076
62.551746 74.316831 32.761879
87.358496 35.003472 32.767978
97.269204 42.796226 35.775683
47.663206 77.761001 38.688090
13.005159 5.130133 26.861841
76.379944 49.141129 26.947796
95.700336 76.605378 33.679678
96.231051 19.203832 29.375714
34.204147 9.705356 43.173682
91.020948 44.474640 38.928533
15.130185 48.104899 31.081494
55.865055 88.935889 28.197304
70.980541 88.393211 28.111619
37.177282 98.492119 37.579702
87.542809 4.352859 28.470151
25.940370 15.144371 25.139569
10.384285 47.256247 29.196476
65.675561 33.305684 33.274984
87.664846 64.046768 25.692716
97.870395 65.910515 28.574517
32.548285 44.150262 26.365380
86.526530 32.311016 25.670267
22.048363 58.581801 31.358102
36.692633 71.729960 38.377730
27.309383 86.220977 37.458601
98.463837 85.343265 30.186865
85.904051 95.723357 39.051834
40.526783 96.360002 28.458042
50.807224 24.627691 36.961533
65.936190 97.321051 40.431751
34.528524 47.805590 37.984777
41.286380 35.248898 40.390637
64.941483 33.443238 42.282244
19.398161 63.848108 33.476105
46.787524 29.048769 25.453262
24.679768 56.209957 36.575817
36.261633 33.721870 31.995543
67.425282 79.286277 42.153789
64.804805 58.165402 28.064605
60.108216 33.770752 33.154182
47.925541 29.057759 25.016656
28.233916 84.270284 41.946621
29.424502 62.389670 35.522149
10.221094 76.361494 36.873051
98.694127 20.974425 29.242319
99.510741 37.081107 27.792377
88.418302 1.959381 30.306669
17.302740 22.754659 30.062478
36.566438 21.758327 37.289913
67.336963 34.428096 37.165669
69.689707 16.022887 29.729845
94.740222 58.129424 40.999425
82.944316 60.840962 27.234800
86.190903 15.262401 39.310533
9.561276 91.918584 40.626421
28.271226 54.952830 27.195173
35.395271 44.207108 39.212992
84.838143 41.136273 31.066800
2.647228 87.735029 36.685854
15.594916 19.813515 41.093497
22.146235 34.153455 32.410091
5.306477 41.116869 25.421595
63.187466 93.183926 37.162667
98.996106 41.380595 31.262651
46.969130 3.061112 25.042317
91.400127 42.017296 30.300489
87.766691 67.107720 28.693022
42.947437 39.997242 27.155854
20.855375 53.546119 43.736118