44.198871 72.669507 28.635446
0.584531 25.412063 26.597837
85.953155 32.479407 25.600668
63.873323 60.553313 43.496455
85.561764 68.046734 43.419164
47.098965 67.954401 29.566198
16.372740 17.032573 27.886916
39.500816 30.844018 43.357159
47.764905 75.764378 37.990557
84.715671 18.602959 36.900644
6.585067 84.439462 40.622440
24.954457 16.444142 32.014784
99.231073 35.213323 26.381103
37.431382 35.506055 30.604087
37.258199 68.084380 41.328294
82.505183 19.625636 37.833993
8.187895 26.435964 32.999024
50.763945 75.614943 39.209041
44.042367 66.566242 28.418111
28.112481 59.580504 36.037706
79.767955 42.089283 34.835594
77.618809 44.405408 28.117346
7.225746 9.554821 27.975464
24.610603 11.414020 26.742844
65.656848 30.404875 34.618170
66.942323 63.230115 26.266714
19.986215 15.186162 33.249822
82.645432 95.905213 32.092045
58.293988 22.212389 41.328313
35.533883 30.982767 39.009507
97.588054 10.987944 30.287613
33.902205 94.069277 28.048793
20.918009 3.810042 32.414398
32.526748 70.867327 39.065858
49.251149 46.499071 30.797021
72.783884 77.525218 33.430078
15.440639 46.094515 26.990642
92.611096 22.243284 26.449691
62.498485 71.588895 30.488050
40.674026 63.717980 29.102329
52.730175 69.996939 39.624410
77.762979 49.550302 43.385143
55.266117 84.899412 37.487230
17.168828 94.411628 25.044892
37.242956 7.312610 42.694045
16.064903 92.062958 43.597391
58.732785 59.872250 37.877766
17.417644 28.390745 35.122187
3.026302 22.816966 38.338699
55.475782 71.799805 36.561085
79.644583 59.918584 25.982564
74.961380 95.029720 28.771344
2.654706 43.170156 32.102622
78.702507 21.280010 37.840067
53.216781 65.525934 26.765591
50.878184 28.723799 32.531674
65.868465 75.037475 42.212696
76.789635 79.797672 42.712605
80.481592 34.802398 25.345216
20.499011 36.511702 26.367712
53.435423 95.371299 30.322678
10.624229 89.337661 32.989350
20.641270 33.122127 27.010381
83.067371 20.729249 37.149375
4.072062 84.745959 37.297748
45.875329 43.458200 34.100509
29.108866 28.913998 41.439827
28.366941 15.281968 36.550610
70.547625 15.706115 36.580735
11.560525 26.461103 37.509849
36.407354 4.877328 37.565628
86.732676 60.735326 42.753388
41.713648 58.942751 38.057987
22.581098 51.339169 32.331704
59.015103 53.421596 29.875880
56.903147 57.332927 28.090261
2.923752 6.749821 34.939320
60.409377 7.724935 35.500178
20.302233 86.080909 39.142993
75.002669 75.245095 40.943278
11.348402 55.023828 32.906079
66.675527 62.904426 41.308581
70.977162 71.304201 28.581378
46.538072 42.467333 27.966977
60.485692 30.268296 25.597741
17.842426 61.602950 36.943770
25.936843 36.146958 35.067378
24.076287 62.700017 25.997932
28.879298 67.944384 42.215576
82.415679 70.127231 36.597086
59.736828 84.738264 43.010702
0.694041 45.679641 25.358734
71.065298 46.749148 43.580024
3.219737 39.572357 34.752280
84.850748 47.346643 35.716193
48.101743 67.972866 33.226874
57.779256 0.126891 34.898835
86.669067 4.061892 32.013464
26.599939 56.324206 37.219843
28.067063 76.313120 41.481232
87.135233 46.932723 34.720530
24.705636 73.522005 34.913619
25.929610 61.410536 26.828314
13.856321 18.766667 29.206847
87.085625 5.936099 25.221111
63.252952 75.194652 35.643850
1.973068 10.481257 31.018287
27.069198 69.663354 42.734492
82.014314 89.608153 31.159136
20.985750 64.782319 27.797763
60.077653 99.222045 30.576265
1.154441 56.018128 34.905873
66.602309 44.440734 30.831183
96.145926 94.000293 39.618488
25.520397 63.880079 42.266333
85.037765 22.825977 41.117316
77.167857 45.928709 36.668538
55.951411 49.649483 25.955739
93.736340 37.745880 26.692701
3.632461 98.048684 33.049648
67.908921 95.988672 37.146576
34.509759 58.794081 34.438731
91.350724 54.035894 36.821065
15.317234 87.020086 42.658748
93.353215 53.395518 30.039581
80.733395 69.198380 33.466159
10.005766 14.825236 36.289555
40.787099 88.541070 25.088535
49.517423 25.261660 41.017729
98.961310 70.053978 38.408307
67.814928 69.923249 25.317755
0.953016 28.360694 43.421460
35.960265 44.192027 40.716508
12.362276 80.383357 34.756512
32.229147 62.018238 37.859192
31.703930 5.237622 41.505606
50.371343 84.302469 43.323339
15.736497 40.684883 42.193862
70.101928 34.852355 37.231967
85.148905 79.343259 40.951104
29.692565 27.586456 27.038229
33.442502 95.995962 42.744115
1.916088 17.898510 42.343892
63.579634 31.960372 30.196940
95.373202 61.603117 36.673473
73.865201 56.055606 29.185710
77.673787 43.085514 26.022954
53.547482 81.591317 30.692502
44.238425 74.713475 26.126443
64.675267 32.405800 26.450095
3.524983 42.424552 41.332325
12.857682 82.296948 27.069197
72.183020 73.328238 27.960965
43.605492 83.027229 27.375414
0.683504 17.065440 41.272396
43.099795 12.192009 36.537520
62.217558 73.848370 37.404809
54.209418 92.249938 36.539162
61.978143 43.858479 32.356694
64.889758 24.491684 40.805004
49.372767 34.156124 28.548178
18.447330 49.228728 27.946708
40.366485 83.081843 38.306580
20.151509 8.198915 43.127100
63.624879 94.678264 34.220264
3.383003 85.317555 41.429421
56.817499 3.124184 29.655959
10.193787 74.426187 42.371739
41.075276 62.329759 28.222088
36.084333 42.956182 34.644083
79.981293 8.561874 31.283362
43.891028 37.925366 33.145562
58.493775 95.498145 43.650341
49.275006 88.933459 36.697232
11.875297 2.229185 32.408472
97.589992 50.219575 43.126013
91.362900 28.365353 41.565260
41.847276 15.526658 26.606557
91.663936 58.662942 43.104251
45.890473 1.306126 35.898015
60.175748 99.634918 36.961561
74.542345 31.068739 26.089397
29.897189 77.607817 43.621417
54.106790 72.500676 31.594986
22.200081 79.056794 42.223206
50.030201 5.578140 26.151153
76.385544 49.608060 29.300276
75.017896 73.987076 29.524756
80.326113 22.947219 38.982224
57.445845 95.491343 25.635865
5.854923 74.376408 26.878239
92.316504 98.760136 38.786254
52.515097 81.312785 33.748378
49.919134 59.896946 26.712988
67.889545 27.779644 38.480804
48.186353 54.809844 36.226315
44.531300 46.728677 30.088345
19.492803 51.982821 25.004310
80.223135 55.343185 33.220334
44.709340 34.930784 25.376818
92.150850 50.987873 38.826284
25.070394 49.949973 37.257396
61.780927 19.289243 29.507132
33.338616 14.359700 36.712222
54.302853 34.457196 32.060635
14.044449 61.044268 28.164946
66.050701 7.689961 26.486898
99.704753 51.843347 29.690183
22.267669 62.555063 40.198497
43.874563 69.856412 37.983980
8.829257 84.891029 39.797819
13.913840 19.003841 28.668140
62.506361 85.832614 37.032970
56.593605 86.125416 25.147447
31.723467 49.875052 38.773811
60.643507 44.742933 25.186835
67.583888 74.368466 36.019188
80.159512 78.378063 34.900352
41.294724 85.216922 27.819522
81.742112 8.327168 31.584068
20.273678 80.193520 25.765012
6.963248 11.347503 33.605340
84.516585 55.609845 26.031517
57.541706 47.619071 33.044777
99.726728 59.951983 26.871062
68.787169 8.080273 34.826293
8.826408 59.431645 29.718991
91.140118 94.523041 33.042787
3.574247 97.708130 38.760783
13.959819 27.175688 37.381376
85.772766 57.227527 35.473772
40.386111 98.391976 30.291740
86.090189 82.777932 27.630809
8.662564 68.070741 34.081688
41.069862 95.869015 33.132019
33.187875 27.435427 25.464510
71.002568 77.711204 30.809162
67.842871 17.836101 26.558829
59.058465 94.585410 36.953368
6.139951 92.806771 38.772558
93.203297 72.641164 41.806587
11.958224 41.318745 30.288043
54.087273 94.492665 38.918541
38.571528 40.092608 27.166537
66.853751 21.361733 27.548128
36.980947 44.504072 35.193073
26.303211 5.692148 36.379222
80.348182 29.737417 25.444031
69.496025 29.074912 28.795213
19.189077 72.961744 34.483994
67.160716 94.805189 29.618010
4.937181 73.248888 35.283429
44.588579 31.471536 35.942682
68.747600 76.268530 27.901097
51.566585 2.138198 28.571024
42.598673 54.441338 39.382013
94.565190 53.166435 35.103820
96.734453 78.840451 39.519890
57.095393 91.250644 27.802005
76.850433 72.017552 42.155912
16.404637 53.349583 32.431475
73.026021 21.706891 41.589656
0.709408 1.862862 36.050422
72.468530 14.428145 42.430895
90.653865 73.173706 30.191244
51.550533 27.839083 25.397781
83.876536 16.811528 25.861667
51.619169 49.152415 27.494950
87.721681 8.814386 33.966998
73.984635 0.522497 30.758354
98.641102 14.831332 42.635571
52.124637 94.261280 25.905796
29.916100 59.855686 32.704017
25.343161 84.584922 29.437827
81.677910 22.301835 28.570429
1.425408 7.103117 34.098420
2.972577 93.421049 32.354898
22.935188 53.846226 25.736856
18.101445 90.669575 29.633668
98.627247 10.198970 42.844883
60.593065 15.792533 32.509570
40.220138 39.987727 34.644272
67.752210 42.081534 35.345105
18.089800 32.408509 25.874149
40.451184 42.014951 33.837348
25.874488 16.578707 29.955300
72.012507 14.928308 37.046872
14.365736 98.536691 28.121806
19.845503 64.049146 33.255914
46.669122 93.401343 38.349323
30.067761 15.197230 30.395458
45.935686 10.361942 26.868394
92.396407 99.219688 33.853928
46.137947 23.448010 31.100427
39.934056 2.276066 39.635902
2.393097 20.252204 31.580645
44.741930 10.498839 29.214360
53.735687 36.637746 33.324053
2.852691 63.267116 25.986710
13.252654 71.144899 35.085177
11.930728 78.501912 28.434504
92.291395 92.131211 25.264575
7.289796 0.024247 34.794563
60.643732 15.137508 40.617681
99.075801 53.107566 37.654039
90.478437 64.626637 34.815292
49.157909 7.521459 38.397899
3.778687 34.770467 26.936160
13.656384 51.770865 34.746484
18.897183 52.499107 39.936512
62.301132 65.888283 30.147452
24.554314 34.406890 30.857875
13.178204 14.759859 27.120583
55.374698 30.124181 30.098604
22.655324 10.567063 41.812683
36.584561 20.563902 27.567982
60.950451 4.018157 34.127923
11.607461 83.832239 31.016184
60.710065 2.143085 33.112743
29.078064 61.994995 39.985844
89.039053 75.014811 41.903821
85.118571 57.509368 25.445402
55.042675 51.196716 28.581387
22.736593 77.085699 28.698799
71.251743 91.016841 38.871926
31.311928 41.913493 30.593606
51.423348 19.421184 33.226316
36.556774 36.508823 26.813958
77.652109 7.938008 43.627390
3.467431 21.032223 40.553326
9.435626 63.260520 33.204614
37.384828 6.905136 26.376061
66.150945 97.944658 43.017615
57.554045 59.098007 28.571331
13.505187 31.943981 37.871951
32.894194 22.460036 40.552649
98.580848 59.924039 38.043493
39.017084 41.604859 27.220984
66.426594 77.833459 32.922243
66.157296 93.514780 42.568207
45.793989 47.839604 31.723831
46.833485 74.114885 39.671086
79.403236 78.515013 32.198500
2.455855 40.254940 28.704001
81.865508 13.388580 31.653862
32.570564 34.204185 27.258889
7.498481 27.615861 40.173721
66.772508 77.398418 30.611914
21.783365 91.752027 35.250235
31.301562 6.474327 32.712375
41.894572 72.254932 39.526742
85.737010 58.565312 29.770677
68.127803 95.461168 38.771141
44.933673 98.660081 28.617182
6.114493 60.013478 34.280263
54.097996 49.792725 28.399524
73.666598 30.356400 26.459065
70.780494 47.154762 28.901636
75.662569 13.381286 30.946168
7.359943 96.368614 33.066368
5.320624 55.107839 42.061824
66.238517 16.268353 33.671058
6.851828 2.027368 29.776296
90.507138 14.857477 26.067451
45.570473 30.304300 31.678323
75.584634 2.157849 41.312977
68.942417 42.315856 33.496924
24.104669 21.478413 42.474224
88.031987 92.946584 40.760352
6.268332 25.422465 36.203527
38.650184 16.108699 39.852050
13.211373 81.542674 26.959397
41.842808 61.212453 34.917449
28.487181 49.923753 30.718725
41.078218 36.983100 34.072275
35.909682 26.944969 26.774820
99.511408 78.048080 29.884613
24.827750 88.017690 26.792037
29.764108 77.567091 36.640773
23.005258 79.520786 28.326697
70.707897 59.699561 40.149550
37.946815 35.329774 34.760298
20.578296 99.429728 31.994501
69.266747 96.490095 31.983179
9.549090 86.401934 26.979938
89.978020 56.326552 39.715550
58.198696 9.728319 42.233654
28.745334 59.247448 40.341733
73.055387 65.918923 25.386367
66.696974 90.643213 27.946044
21.364439 93.626662 38.051197
36.526552 97.976418 25.783005
61.007050 12.611288 38.875119
63.601955 80.503597 42.932297
20.123582 56.691542 37.930341
28.964478 1.646640 29.139535
65.928797 19.171947 29.930117
40.004334 35.760800 43.231832
31.565357 6.185090 27.377398
60.832075 83.928781 26.502720