30.112753 15.466547 38.454500
46.740772 50.793264 39.834193
9.720748 27.139488 39.993689
88.085903 93.791343 40.235927
68.546857 63.760605 27.882337
38.315050 89.216645 35.980977
10.596325 81.977942 42.392684
47.366957 77.284946 36.627666
59.345538 99.812568 25.286628
82.653905 17.533860 37.355597
86.808966 88.489929 31.828575
95.951054 37.095073 41.369705
62.385211 13.374747 38.589155
68.875364 13.794164 42.813557
9.462517 23.378983 35.080245
85.918225 41.336481 25.498267
92.636804 40.286875 43.144429
23.923571 79.216506 39.109806
60.163016 84.399836 35.338561
46.017981 29.777779 27.029781
5.974115 58.761582 41.468006
79.767277 26.385343 39.970339
73.144037 97.194013 41.929903
96.819704 32.083860 39.739550
6.121408 64.555778 38.772546
52.160513 74.720175 30.197940
30.830130 46.362884 27.130068
29.994574 41.475666 32.561170
60.814428 26.277496 42.815418
34.638171 23.880450 33.440539
37.770907 7.407806 42.625169
61.703115 12.322364 30.152616
14.923628 78.481843 27.046645
57.489053 28.880462 39.715013
95.310664 59.482147 36.746813
85.985909 38.232092 40.041309
59.247201 99.412809 41.110891
54.580766 97.579183 33.780873
58.091952 76.010363 31.267364
33.003644 44.126417 38.802306
70.251247 1.540468 39.066458
3.070933 30.755377 33.520539
58.847476 86.219316 40.901408
14.627638 5.420549 33.157342
20.508725 37.693050 30.142176
44.463514 0.336783 30.843546
56.168789 19.091590 43.566729
48.085535 69.502648 28.416333
13.307452 89.630112 30.585904
74.532148 10.631365 42.097904
30.547906 47.371645 29.310153
51.753645 18.375741 41.478597
27.963463 84.888154 33.782738
41.764103 28.969956 30.559996
67.743231 98.259132 41.401221
36.762639 51.756430 27.699573
53.974804 35.387742 34.086634
75.188756 78.373901 42.754195
95.324673 87.298159 37.529062
61.501939 14.820125 31.947963
54.243208 24.338864 30.913605
83.525652 23.561905 28.500331
93.887141 10.303752 32.929604
36.972845 27.612399 26.159841
77.336217 67.814479 36.142066
95.447842 24.700741 35.423142
23.959296 46.432352 28.072968
40.641836 47.738006 33.280070
50.600637 81.326965 37.586294
0.943083 66.903294 25.350925
52.306120 98.129791 25.003396
11.068168 78.131536 42.654774
17.886216 13.291608 28.337237
57.862136 85.905374 38.401703
69.410475 58.319987 28.891993
54.329390 77.640874 33.098164
55.872129 35.437989 41.411377
74.040154 25.022633 42.137879
47.686304 31.707152 26.461235
77.745797 66.656936 34.828632
61.780993 91.943310 40.423513
18.460487 20.480763 32.546519
99.311929 96.316817 39.994571
58.715582 8.834486 40.790811
2.255894 42.274379 37.747968
81.639625 68.072813 37.852850
61.278925 84.852396 25.641435
92.003164 87.255559 28.665866
97.862561 89.042046 42.397836
45.699569 28.646161 37.665361
47.369255 64.523550 39.657673
10.348590 11.465442 39.615976
0.266095 35.779238 27.030062
89.539036 69.940550 36.808293
78.561466 52.921019 43.473677
44.295412 75.236671 33.671753
95.910401 52.561155 30.117524
98.496087 35.030904 25.205722
47.154166 11.057597 41.719229
9.510060 83.960524 30.118938
87.379015 74.716964 39.380946
93.537669 76.914932 28.711103
70.641580 32.831129 31.124991
19.397559 92.931109 33.865429
96.681825 1.151416 29.576256
60.615277 68.430012 41.389805
80.030020 23.431401 40.342045
75.591192 72.803028 32.217199
84.121011 52.498505 27.753427
22.592446 83.718017 39.176499
90.454619 53.946911 34.212565
90.246450 78.950202 28.791998
71.245415 10.474635 39.675031
7.025830 19.945715 34.385771
96.445919 33.504462 29.681048
37.929162 19.282717 37.488703
61.480382 16.375943 38.688476
16.146612 42.586815 35.760057
61.415356 87.444687 27.183265
85.270444 41.630542 26.443795
75.708103 28.462656 35.351009
25.406146 39.229287 28.382520
8.028967 78.377929 34.392118
55.489962 96.841471 25.107856
41.308517 43.523605 41.214426
66.382357 58.526708 29.191056
84.179066 79.334529 31.382692
88.808984 56.895830 27.629003
76.338450 25.486374 31.010793
50.200720 84.398640 35.187728
67.994970 29.526787 27.173026
43.880824 0.018992 40.408149
74.016687 29.760504 34.539780
26.277868 2.354785 26.364202
41.909409 45.665814 28.770136
85.747259 84.675612 34.532751
26.563587 76.054385 31.428514
29.620588 59.827389 40.880649
12.812975 77.266212 38.872776
35.910692 82.587267 39.758190
38.769524 90.629923 41.047981
72.842750 53.196937 28.516787
92.386663 58.328927 39.406833
35.256081 70.957013 26.211062
40.268225 17.121897 27.539198
67.791842 38.258714 29.080410
90.608035 45.063983 32.967457
42.265226 40.301399 33.974488
38.996068 33.453624 32.256238
15.969891 17.628160 43.313297
38.108988 64.227222 32.780276
35.310608 84.537888 37.508805
55.174149 26.942982 40.945128
59.429132 51.168769 32.984228
99.602768 57.982222 32.471485
19.795807 38.071180 37.815696
15.652067 45.931398 26.131065
36.705078 69.723125 40.794382
7.904415 80.642964 41.872476
56.421162 57.492216 43.188001
81.172340 86.385628 25.823342
51.378320 56.335635 39.497614
60.284742 93.463787 27.023922
24.417984 82.122565 36.535043
46.518528 46.406093 35.658506
37.700686 15.059087 42.276030
12.014326 59.174888 29.448149
52.876374 32.745511 25.166258
86.017365 87.589482 27.435091
60.790234 41.252768 28.693786
86.854832 73.358472 40.396225
50.980004 24.231296 28.870249
9.346869 65.744020 29.592618
36.101447 31.454666 34.130891
51.734813 85.373624 38.923103
51.554998 28.738730 30.477557
36.569741 17.501129 31.394451
7.606346 3.037471 39.904295
92.286603 81.282616 33.479863
68.035740 41.969375 30.778314
56.622740 83.441594 28.669433
27.608146 58.418507 42.016451
50.500219 65.756130 40.025457
78.293364 58.889357 40.289361
27.477941 58.695390 34.047814
93.555197 67.336519 36.137687
20.611654 9.214263 43.001891
39.330652 70.614299 28.586333
43.795652 60.136661 36.214304
76.128596 34.458693 32.402349
25.333611 46.837413 31.389330
44.691104 94.948522 43.001543
24.144211 26.257612 32.266131
42.780236 86.911616 32.061709
3.977705 84.597087 28.656116
91.632415 29.404776 26.632597
47.811188 84.519127 26.503508
25.660457 49.538130 36.874464
79.611364 82.460709 35.736672
42.995134 85.674558 29.506478
46.971762 29.577081 33.442097
16.979563 5.101385 35.283697
40.605899 17.418048 42.253326
97.318916 24.468931 37.232500
67.851941 67.798029 36.517621
98.322960 88.195979 42.120995
68.070211 21.310705 43.343709
98.731448 45.448408 37.529620
21.784290 1.374323 38.124108
63.869381 30.204309 33.363856
87.286678 94.231845 43.198727
40.056974 49.395094 42.784236
64.551174 95.449435 42.976486
71.497971 8.998292 28.529016
94.446559 92.674180 32.117506
95.119730 71.115323 41.988362
52.160897 42.603774 26.521165
90.586248 9.317770 43.293973
21.291231 64.384451 41.547091
70.569323 81.237482 34.212457
16.327347 5.920887 39.540387
47.585265 1.815707 25.845519
50.302703 60.698942 43.046217
44.384261 41.021207 27.448382
96.571421 67.760217 35.243395
3.957516 32.751746 41.074344
72.543596 42.423842 38.251495
1.541410 27.334809 36.378213
65.210881 7.322810 36.437652
88.756609 83.481231 29.654206
85.661250 91.523165 25.824194
34.543245 28.078715 42.982943
49.691094 15.374706 40.600658
46.503343 21.900020 25.445259
33.765575 9.322208 27.880848
61.928686 84.276839 42.395403
92.203010 86.525208 30.299393
74.218426 40.144426 37.445816
31.072056 28.365380 42.195828
5.869719 5.938977 33.295455
44.696071 71.901742 29.567925
81.563145 71.944738 29.244358
61.525388 23.604815 33.209165
21.149795 23.128252 27.924246
81.999907 13.130037 40.476531
41.463661 79.594953 38.915791
15.079267 52.031551 43.636780
95.171689 33.418905 26.344389
4.785576 27.992592 31.898230
77.458534 70.803424 30.375724
7.078777 22.843454 33.269400
32.471716 8.110541 40.625698
6.254526 46.103239 29.522660
37.431843 53.207730 26.506107
48.527021 6.347070 43.737594
56.428759 33.009397 33.305730
39.807910 24.424749 28.094842
46.397203 72.320076 27.529594
30.481821 4.926598 34.321637
5.435421 53.832300 35.239845
27.695359 37.809105 40.069046
13.700089 30.592532 34.859153
14.963507 93.738754 26.420356
45.478019 29.491117 32.121743
86.323608 81.153188 37.311654
84.192916 70.070611 26.900753
43.728595 89.556830 37.769038
87.807179 7.819275 31.803871
45.612779 46.364376 39.289315
88.666264 44.766672 25.645557
77.841776 64.825244 36.286617
53.186039 89.325898 43.368542
98.737840 45.613753 29.573116
71.286947 50.111351 29.439893
65.252099 0.152418 33.820475
49.968947 12.513631 27.924120
53.994874 76.171792 25.093669
83.666507 22.078782 43.562119
21.854570 63.001389 37.555178
79.900828 39.984047 26.038162
60.892423 23.820383 34.824066
21.828606 53.993102 42.529565
73.324017 49.625701 25.337529
12.676081 13.061966 26.096006
76.533750 25.298355 26.190164
51.129388 82.730062 27.279861
35.356994 61.169270 28.100704
53.533121 90.879101 29.108448
25.737335 89.975073 26.177117
72.661445 3.711664 32.204204
60.275586 59.348245 31.125708
87.392599 67.406647 32.671783
3.880988 5.625276 40.703398
12.096685 53.846189 33.426001
15.505136 41.440588 28.427267
38.644450 0.699686 34.460320
55.894581 58.002302 26.537730
17.510775 14.428555 43.221300
5.221183 47.455578 43.375953
51.701245 16.983920 38.133986
49.488409 8.987956 37.504596
26.465938 21.989685 34.033923
26.325879 9.866687 29.743702
30.721531 74.868864 25.370579
92.602105 96.381967 36.139636
47.221067 52.175906 27.193594
15.638879 40.865679 40.116156
16.741035 49.050058 31.345575
71.349221 13.051589 40.850899
56.311644 37.569543 35.048865
88.405343 76.691396 27.502001
78.296945 0.098600 30.553130
86.388405 98.651311 41.416670
65.520766 61.872860 29.609174
98.783723 26.694380 43.095524
5.969956 24.868127 38.575795
31.363231 5.230686 34.867357
33.976918 77.789269 27.823243
22.078360 66.302821 29.712181
44.546720 41.808397 29.505431
64.186428 38.448305 40.851365
59.600821 78.660648 39.884552
26.834960 75.562796 30.242111
11.105262 97.880303 26.862371
23.311190 62.341068 31.416545
71.278865 98.939040 35.876117
10.446939 37.994297 41.259250
1.367005 17.341514 37.187328
30.542273 62.755022 33.424291
78.483492 29.576153 41.257249
88.764760 76.516894 26.737989
74.618778 81.565812 26.690132
96.003749 63.899008 26.002307
78.780612 83.102105 27.761784
43.856162 6.815277 35.769014
72.080412 57.091946 25.084962
99.884969 71.457939 40.742754
86.610287 82.202276 32.285070
23.236289 47.152440 39.152179
80.809662 99.237410 40.728376
15.506809 85.966331 42.911421
27.014568 9.903782 43.597923
75.193572 73.789449 25.522185
39.813896 49.765864 31.926794
15.470584 11.732855 30.208051
55.729941 53.803518 33.665763
80.179359 11.348071 26.271349
68.732162 60.758384 40.456960
65.969226 58.847786 31.845620
56.150013 67.927812 35.936588
99.594611 34.380922 26.926746
52.723716 38.779671 33.927865
21.999897 53.176583 40.996028
83.210671 78.986148 29.321260
9.385880 74.846664 28.147943
97.733602 53.606560 29.880215
12.614817 4.415008 38.210953
74.616636 96.815337 40.898112
84.899352 75.020862 29.767149
43.512562 51.693569 27.592937
63.093380 26.458230 34.608002
52.687592 0.736352 34.845646
3.411660 26.119327 31.073107
52.307278 13.995836 35.790828
32.983053 60.941684 40.843192
61.604242 81.688165 31.632788
7.104161 20.493017 38.019976
55.774436 56.159214 30.595418
9.119991 31.418261 29.990606
72.979322 30.014682 32.992744
66.471361 51.946822 39.696093
33.357916 95.951090 38.289481
3.028308 86.388700 39.133669
48.650244 17.370838 28.948046
44.782020 82.785930 28.507629
73.486189 83.529766 35.932209
56.623106 24.279025 33.379497
68.392602 23.558724 28.534574
71.737766 36.062020 39.637648
0.350892 65.821458 27.544869
78.935885 42.014157 37.454429
56.391211 38.710786 30.604715
16.249731 18.896871 38.379458
58.119743 14.085584 36.956826
82.514539 36.430381 30.701088
48.092129 87.140337 41.855563
46.138914 85.650706 27.298816
5.629808 56.128793 39.788567
95.685658 51.461910 41.324178
68.089916 85.393754 30.357817
81.908782 57.991154 25.183013
59.620773 72.487269 26.696260
67.336877 57.924905 25.441891
80.473418 57.724140 27.675086
87.434550 42.802881 39.447008
43.500084 16.928584 25.036968
58.122349 85.552187 32.306743
97.157230 40.471224 40.710198
63.342391 45.538505 41.357436
12.636806 2.398380 38.539239