47.359003 71.640611 26.025780
47.498822 58.973335 30.211311
60.056190 33.395028 42.385725
81.875908 16.222159 26.635714
77.182244 12.100071 29.749917
79.969694 35.434592 35.030030
30.191159 23.806828 26.910586
17.667141 15.939074 27.149575
85.676819 26.684939 39.833394
20.534561 45.571921 28.067524
19.520131 34.582467 31.309080
72.162392 34.231018 41.807384
36.105584 40.440237 41.610583
62.083510 19.334743 25.847071
97.924817 56.547022 37.612302
87.271178 99.094799 25.118931
56.401296 40.147576 27.337417
13.262217 55.274960 34.438178
86.893340 86.106803 39.668424
37.186718 74.350274 31.324863
33.981205 78.097447 33.659240
68.792326 38.137949 41.714736
30.175245 32.695745 37.075626
6.750239 93.894453 36.848298
45.068308 0.634551 27.038375
8.341099 39.349113 28.957435
72.721583 92.132021 32.969289
78.193572 85.529804 38.867876
46.431505 85.010692 42.715432
14.403698 60.575441 37.283676
97.308063 92.610565 35.929070
69.888205 46.373553 39.478488
39.660365 48.398053 32.157129
9.095485 39.504134 41.888429
88.323045 53.895027 25.024497
87.533617 72.723688 25.362561
9.154478 12.151072 38.948559
72.580788 68.978134 26.607257
35.789099 67.688152 43.689352
94.929675 67.619915 38.067235
66.651162 99.331019 30.885359
52.305969 40.816026 38.309827
57.313577 65.152602 35.659745
20.557721 85.151025 28.038238
32.880292 1.730994 40.114135
50.234199 86.583166 30.945322
19.952857 5.016521 25.725121
76.805844 53.480308 32.105139
46.745280 45.728889 39.490296
53.493317 82.260762 27.152583
21.001651 38.436216 35.046653
85.565436 11.992558 33.125467
77.684714 83.421219 41.345543
69.843625 48.977881 39.546766
50.872329 76.293265 27.502797
50.969083 99.179664 33.054363
73.488209 92.603954 39.036680
53.266339 47.376080 26.462262
1.546810 99.666143 30.953180
44.254710 39.952051 33.474892
40.549614 71.897798 33.815880
86.673176 45.751535 40.622753
74.011739 10.378020 25.485121
76.575369 60.340228 29.278455
49.296510 29.041086 26.753542
4.638491 91.147887 30.814923
97.624599 65.662764 39.242054
82.365309 82.734176 35.905032
79.282127 32.129409 42.125102
58.869791 37.357651 37.582472
12.137618 44.600970 32.369976
1.142657 44.483075 27.275512
55.849169 4.294381 35.653847
11.337972 58.354538 32.442610
16.785679 32.865808 27.678856
20.590519 73.565601 42.471476
18.593730 89.825981 28.219008
26.222132 4.916699 31.039864
84.068729 61.274233 33.317096
46.202725 1.671895 37.565404
41.781625 75.439275 25.217369
66.477786 70.376910 32.348917
78.426186 76.679869 40.932599
54.799955 69.835478 33.504680
86.932726 71.299298 34.095716
96.553859 30.564332 29.784057
91.477958 95.393574 42.453888
50.171828 53.316617 25.954192
24.108292 5.333109 32.220045
10.472694 15.617657 26.231843
78.797535 63.170167 37.376270
3.794017 17.303175 38.719745
4.342646 59.551635 41.722815
50.427482 13.062740 32.314586
30.393833 51.416066 42.006475
40.521853 66.905773 27.387079
37.527706 41.615125 25.074795
88.778098 27.359385 43.376185
96.187873 65.645789 32.488555
23.472002 74.117158 38.239652
73.893505 16.401661 42.423444
19.879423 67.268387 29.083441
71.961994 45.225488 25.237014
17.661699 58.299000 25.641570
7.796645 54.386058 43.487677
66.037610 18.631754 36.300985
30.141203 76.545303 31.196172
25.803562 5.546062 41.752322
58.591416 36.130821 27.336507
49.402871 53.022374 31.488168
99.796143 10.662982 31.897727
89.798888 24.178972 31.032105
38.627729 56.164614 27.706979
15.857429 90.487267 33.399813
62.233730 90.841874 40.388943
25.021654 59.005613 31.396343
24.699080 9.784120 43.037523
63.965271 50.578272 25.417916
77.354154 2.915398 32.030422
22.798572 52.393902 35.786077
78.491286 52.475811 41.116668
38.555463 53.907402 41.657831
44.760967 59.472545 36.513415
13.256754 2.180956 30.830035
63.839409 70.877431 34.122319
78.952512 82.367605 34.519709
70.341705 98.082145 36.505944
55.583787 31.626575 38.132937
34.125382 99.439630 32.434064
97.466778 8.641769 42.158582
53.805818 17.859782 33.076053
6.240846 97.912775 38.567785
42.225916 87.579358 30.532672
73.225141 16.946805 30.525430
25.069414 93.764339 26.012962
97.713263 8.292349 34.896242
1.186110 23.475371 25.201553
29.739969 55.927002 32.874577
71.269654 6.568627 26.850109
7.326231 69.111028 28.364113
64.823270 90.816292 25.221655
41.607224 0.562854 33.728447
86.484682 1.720634 28.443371
14.208485 18.016050 31.050554
52.994430 46.797419 38.389129
15.277112 77.761693 40.436391
89.123255 30.332886 34.547581
98.244792 41.366560 39.877389
44.214392 32.744061 41.618075
65.995434 59.038995 39.661958
66.522681 29.870025 41.289863
18.411267 31.537851 38.861786
61.347057 73.944192 43.225040
65.377554 10.416247 40.067165
38.699133 10.705958 32.438093
55.481660 49.222442 26.215597
18.447968 17.166793 39.595886
50.605871 56.168531 25.926338
48.593682 29.062794 37.583652
22.284985 47.289296 39.746446
49.247107 67.135656 34.633162
90.839610 96.828256 40.328619
8.343205 39.771122 41.636787
19.313433 5.770339 39.880853
64.673136 47.021865 38.456403
18.819870 3.730958 43.659388
0.899687 93.836784 42.642089
65.551749 25.659423 33.286770
18.167689 55.460346 38.124096
41.555219 7.064227 34.017697
54.012722 3.990039 27.530734
99.828764 65.466975 31.920718
20.546041 17.332977 33.554274
63.222575 5.999378 32.138562
31.088568 83.449794 31.226108
82.763056 91.326924 28.059693
64.334397 95.349549 26.231986
26.211570 47.965076 30.932933
79.105764 49.280337 31.793331
22.352128 99.620833 30.945268
72.070878 26.444461 32.352041
80.386269 60.541619 39.857558
39.245183 87.690149 35.398560
94.177240 49.117961 34.831990
92.651705 70.182753 40.448586
90.671927 86.883134 35.187323
71.985836 1.253620 40.214696
42.951063 5.729799 32.161219
85.592302 76.934047 33.207242
49.538784 27.584333 38.993437
6.097675 68.317107 37.129082
68.688501 93.208524 28.535392
98.944340 9.621246 41.441077
88.941369 50.131888 43.662078
84.389722 77.547546 36.248257
25.388855 27.483426 38.529390
11.419980 85.845751 38.403019
92.586428 18.896031 37.273743
16.841153 39.335081 41.553816
11.658861 74.288629 38.376492
45.269113 84.802326 38.297544
96.763832 2.811822 31.713113
59.964483 43.848339 37.350463
5.227226 65.180903 31.164489
83.226204 43.041089 25.760890
67.258565 59.008238 40.270491
98.048901 59.174431 34.837646
61.888067 0.610755 33.212272
84.604814 98.928730 32.046995
85.800600 40.651189 43.517186
78.786154 34.068879 41.077334
2.895223 19.272613 32.707177
49.601264 3.808143 30.680645
88.759309 23.158467 34.436960
59.986043 29.366677 28.872181
87.924141 75.341442 25.428334
10.718410 12.479759 39.784192
37.997070 19.859073 39.156883
75.901290 59.434108 38.530663
26.974283 22.212581 35.241154
6.575020 47.045290 31.056931
90.585597 94.837419 29.643914
49.136740 46.603854 26.761347
6.403785 4.006887 28.707750
99.844055 28.259121 38.486423
66.489782 93.374961 31.886166
40.992986 4.786897 30.369538
9.328838 49.856409 34.675296
17.630186 80.338201 26.448260
32.281377 18.138780 31.408305
95.253302 81.006914 42.038551
66.385987 50.439969 28.188960
45.381678 17.949003 34.514220
35.152856 40.713301 29.308546
70.020037 52.453459 35.809780
3.857653 91.703323 31.446116
90.993724 21.478040 28.375707
97.112985 93.415955 37.025316
25.010974 42.413410 37.356701
80.016739 21.280409 34.595588
6.985838 46.202561 32.447576
15.351527 45.234666 33.321587
3.564848 35.666825 27.800902
26.322838 47.060031 40.986825
92.848457 2.945338 28.140139
51.234609 86.113184 32.910183
78.829273 83.540324 34.178200
94.257967 20.312030 27.564157
41.554537 35.137883 26.804728
20.101578 64.554484 27.195461
81.586277 42.023813 34.043014
24.416790 27.886063 43.201938
72.966396 31.673724 33.565549
98.350987 39.316668 33.128216
94.167733 8.619908 42.556253
72.621804 22.664617 33.587671
60.036415 20.568667 36.694684
82.583793 89.507365 28.554970
59.987246 66.103284 37.997168
0.651097 23.725616 29.602775
7.424141 69.844961 26.841284
18.818405 52.833842 25.280651
39.355007 44.035287 43.409854
99.159471 3.830723 37.185046
82.180931 75.960490 33.081202
39.369042 87.130604 26.476794
28.315293 56.392360 42.650970
81.918097 44.118055 31.164999
70.768229 85.149950 27.271563
50.985887 61.342187 39.622027
69.630470 94.446867 42.923002
7.166582 74.813746 33.329315
94.902835 3.057566 28.389659
69.580667 10.699626 42.703345
99.508940 97.197201 42.033561
27.096726 26.709263 35.914513
71.196091 76.693950 33.364455
5.814207 22.735934 42.168135
49.432457 94.751871 28.363294
24.688077 97.496835 28.037225
98.702331 27.339372 29.258114
27.464009 76.732284 28.864418
74.567770 28.264479 36.053121
9.765163 87.280726 28.012952
14.853672 27.797389 37.856556
40.112214 33.603811 36.248987
81.029744 55.693985 29.903835
7.063428 30.784375 38.200920
6.746027 45.405173 43.046247
14.951286 13.048022 27.693115
36.052704 96.557812 31.840692
94.336082 72.394594 38.320952
87.223673 75.035252 41.760470
68.985869 18.739487 30.606239
33.547237 93.795705 34.677783
98.861138 15.252453 37.410415
95.634379 84.053089 34.855190
63.753372 9.473908 32.037940
52.487898 9.843870 29.619776
64.134915 56.274170 35.085359
30.513865 40.443859 28.931406
23.860094 73.228456 30.997364
30.877211 51.429644 39.715983
57.044675 47.635907 34.977153
16.988696 86.467676 30.805259
83.720406 86.226385 39.836499
19.601373 22.933036 38.661255
16.420556 72.020674 42.971737
65.887885 19.661580 26.877153
38.805934 21.866787 35.411704
52.619592 56.326932 40.602723
51.104360 33.677345 29.094749
10.461610 17.159552 30.329549
97.353346 4.081863 42.643574
42.710686 55.259332 42.626808
53.823506 5.091966 32.080641
92.565621 47.152781 37.120183
20.032668 26.601357 25.120608
64.793767 19.770817 26.683152
6.121061 11.638264 29.933574
53.509813 9.532152 30.795925
38.862805 98.526218 31.340438
44.161643 17.860791 31.092776
16.896477 13.726849 37.770656
69.990224 75.263862 33.045989
40.014516 86.214415 41.978671
85.250336 32.771423 30.757744
33.226042 36.723394 34.029787
32.417455 81.670561 27.178846
93.309075 78.075836 29.531531
91.312401 53.464283 36.431005
75.223671 98.280154 29.212569
11.919339 15.161049 27.325349
58.258521 19.195035 38.954405
66.133706 29.840887 39.821906
41.972980 84.078324 36.265879
77.866631 21.450709 38.335530
64.961134 22.360314 42.622494
69.944263 0.092393 29.156011
44.780423 21.349454 37.952381
35.035496 55.009802 27.503976
16.530333 49.053106 31.644439
7.931880 38.172313 39.700242
53.664025 4.387735 36.868074
53.467923 56.488435 32.936443
85.161945 32.753647 33.565455
4.721011 82.797405 33.999920
27.298979 75.993182 36.793037
72.251081 18.987005 34.655688
3.908913 66.675910 29.400732
47.344924 62.632796 29.226415
65.609354 40.335515 32.189023
27.602566 47.204051 43.554548
81.259088 70.632100 32.778956
96.268426 27.431231 25.134719
98.242414 3.784189 32.483428
0.678542 21.444681 25.466814
45.710862 63.040027 35.343587
2.834394 37.482514 38.216375
34.841193 92.430434 42.255881
38.913121 58.745010 32.597379
59.284970 55.026464 36.977745
56.752884 16.397744 35.635633
38.737123 31.627787 35.459722
31.080457 65.100444 35.739208
55.895045 77.608581 35.472988
9.306989 7.863613 35.144234
40.023888 61.075794 31.627474
87.102673 24.615350 27.935124
44.367773 6.169043 37.798162
92.512716 29.985066 36.328841
93.062344 78.941034 31.829634
24.176993 40.984217 26.973513
84.544233 34.615922 28.051677
30.470516 70.051703 39.825130
12.747004 34.012709 26.619709
17.616285 49.808511 27.709333
57.234921 59.215768 30.285331
70.721515 35.720476 34.510316
59.885914 12.511705 36.180336
9.720347 19.531339 42.838101
93.336450 33.836952 31.272204
60.577268 39.158043 25.797026
6.070475 92.957828 28.827592
99.548072 33.591121 29.651242
73.817400 9.266973 26.223811
10.284199 35.488297 37.355087
2.152125 63.645573 38.167187
69.082879 37.434053 37.890932
6.603574 47.636154 33.309297
57.762040 78.940239 30.739532
37.350770 15.338762 28.753150
77.906600 59.722017 28.436561
25.094389 34.052735 34.934283
74.470630 42.699198 33.006775
99.814839 97.938850 28.901211
92.357285 19.193581 43.307580
40.337686 17.409901 40.898817
81.977982 45.099330 35.314851
3.116668 40.172969 43.106138