25.064440 70.060469 41.809953
87.131417 8.003407 28.675158
55.369430 69.160135 27.691766
29.922072 12.909803 42.575410
32.926368 29.589014 28.540382
82.042928 65.847058 27.498986
61.934728 49.689056 42.562706
82.964669 88.228131 31.788760
9.196515 87.781037 29.050860
4.485520 0.781002 34.380513
90.387843 63.622598 42.052598
36.472714 16.912231 40.769262
96.775301 48.620678 27.740121
73.019295 50.738996 41.469116
78.268721 64.752953 25.866928
27.414703 74.157857 35.008618
0.965417 68.419612 27.056765
53.849231 35.755776 27.014649
44.196467 95.501605 39.520181
47.877380 81.171166 42.685120
90.442728 18.918531 34.109631
66.087395 78.264253 25.683213
92.180956 29.741088 25.783078
8.454196 25.419262 43.367877
74.205614 63.447698 26.142428
3.617571 13.622964 41.515783
81.100654 85.759433 38.688518
28.195879 54.065028 30.170301
67.308857 95.936979 40.252936
33.537711 63.096793 30.792326
33.887043 20.145512 27.533687
21.210961 92.709004 33.538479
41.902389 93.832913 36.843106
63.962389 44.741046 34.689010
0.295227 27.074421 41.338666
36.001761 67.598029 37.396107
46.202106 81.913982 32.992113
72.948518 63.030065 31.599983
79.886822 78.122674 41.688365
56.100438 66.163277 42.410355
54.868616 57.612928 36.136397
88.927200 42.455695 31.377946
15.269949 35.662913 25.225469
93.062421 28.099974 26.665723
65.231483 21.440241 28.211136
36.755858 92.610919 35.439732
20.678321 46.830399 41.110706
36.410666 46.684056 32.482854
45.872871 75.704812 33.626609
22.229479 75.747969 34.422417
54.528278 69.601101 36.748507
3.041047 91.402409 26.248349
88.990144 96.085427 41.485446
28.913645 42.767565 38.456821
26.942167 15.618754 28.028249
6.294318 87.594411 27.050283
96.376870 45.384477 41.889080
36.333004 81.885311 38.322505
41.593949 93.537584 41.444510
57.821880 56.017100 39.007570
4.130075 37.245505 27.898674
81.453212 89.739557 25.503808
1.024333 63.009790 40.130444
4.874161 62.797239 30.123306
28.452600 69.769238 34.768216
29.005812 10.362783 28.090153
25.566802 44.658961 33.117370
24.927678 18.869232 30.961813
67.689454 8.404522 35.128068
81.020122 38.367899 43.306763
52.772598 58.285232 43.367089
10.930994 34.730715 43.649025
6.430222 11.025659 28.444063
21.189868 42.353193 39.630618
92.555543 89.155794 39.681586
24.945534 11.304065 31.283183
35.184808 96.568359 33.923058
7.913553 98.666890 33.394976
44.610455 43.045158 26.078174
64.141963 80.126880 26.583424
18.055713 2.378375 36.832168
61.183034 29.111091 25.538389
94.169575 85.372923 28.628092
39.257894 95.928105 38.463684
19.057039 39.549654 35.079700
27.609584 75.630543 29.858147
69.196143 33.427213 37.066880
63.428600 48.128832 29.729248
76.172819 47.203100 37.079292
69.213221 85.825969 27.653444
19.773525 30.529016 41.884483
2.149072 36.231401 31.478256
55.262861 25.026133 37.833427
38.752874 6.412704 36.903417
51.091948 96.488310 37.232705
27.145326 34.734088 43.289611
98.374154 72.525053 32.065322
51.671592 46.940848 31.330872
58.515276 40.894111 36.395275
44.830781 74.708704 26.414532
72.263555 17.127089 36.976798
14.168276 98.982136 30.577660
71.303845 11.979883 25.261719
10.515307 62.880293 34.383642
65.020486 74.877526 35.763260
3.008955 76.567485 43.231795
22.472804 57.255125 36.998595
4.413467 80.007950 31.180510
71.552197 76.733402 33.332414
18.896325 43.618441 40.701022
33.309363 76.327634 39.000069
41.630442 91.765693 33.783942
23.759673 68.122206 28.417976
94.064821 76.205627 38.501487
74.812727 49.195337 30.664671
9.881313 30.171277 27.842369
30.494339 28.012201 37.700008
80.463505 78.690846 30.221287
64.126933 55.946556 26.397871
17.127506 54.340292 31.720061
48.969086 37.668697 36.070538
30.833675 22.080763 34.212635
38.891074 29.119475 29.560043
43.140495 0.824286 41.158337
30.364241 2.929763 26.191382
74.948619 87.979583 38.769809
68.271763 78.817415 30.483500
80.957867 13.738368 34.957584
21.102590 53.484574 28.734196
23.645985 5.916613 28.499849
37.849599 66.866867 36.664441
82.045843 50.459815 25.150310
60.092583 92.179847 41.486715
51.075596 54.700596 38.726121
65.615620 42.926849 35.525926
10.035169 49.836404 41.135340
30.212334 38.557091 37.510605
57.683252 63.713846 32.838881
41.793503 51.284796 27.465405
45.449171 3.973900 30.551289
34.164296 28.610230 36.639933
7.890173 81.471892 38.014994
14.576774 96.431809 43.606969
96.427313 0.350566 37.395945
70.901600 99.409252 42.259680
76.242739 64.807837 41.999562
63.568304 10.455554 26.907629
30.362182 54.853647 36.669800
52.920781 94.053697 32.785376
1.537378 99.481140 30.216517
96.936749 11.059167 39.367147
32.875934 76.591395 28.393692
19.087852 45.807898 26.366979
97.609964 80.053883 42.389172
14.647771 65.407451 26.522186
86.792412 72.879723 41.059241
39.840387 47.766348 31.568033
81.395455 13.437565 25.024654
8.921188 49.567525 32.596740
8.367883 15.372945 43.682459
66.145322 26.155857 38.719847
20.798927 85.736559 26.894227
49.072126 1.212656 27.666193
48.460771 81.432270 38.787949
81.322832 83.318829 28.774294
34.180576 65.192425 42.259423
87.747719 15.202420 35.850752
5.510030 16.463482 38.023698
67.720771 8.945461 42.706019
97.085803 34.388049 36.205408
73.377462 84.135039 27.410547
74.243037 33.501949 28.715257
58.469062 78.003920 28.130921
98.238785 2.213348 27.296758
52.061415 54.990890 39.859975
47.232375 3.299636 34.185769
24.138007 53.016062 41.691225
44.156729 9.031773 29.913956
15.757022 82.436228 43.066547
88.608460 55.131729 35.225620
6.098481 52.697595 26.532466
37.913796 47.193386 40.291977
72.537321 97.324366 39.246644
41.114782 68.040248 27.534138
71.338090 56.515738 38.038044
86.112554 46.808292 28.580506
96.299244 55.544076 28.562225
56.068422 49.109200 40.658065
55.751091 64.191217 27.681031
5.057812 26.189131 32.434411
63.798878 1.488764 41.069487
58.670901 32.090031 27.442474
13.301472 20.459260 39.012417
52.143453 29.920427 26.955995
51.617049 26.781038 36.131243
69.550047 77.588920 36.252531
29.100415 13.333639 34.250244
70.300838 39.905374 31.639132
64.517619 8.453685 40.530069
5.777678 13.338683 37.846958
92.077176 22.580298 27.861390
44.648189 42.852316 36.188983
81.274407 59.090857 37.644115
85.783557 71.139190 32.167723
3.860944 43.853807 31.249767
71.040915 17.542673 41.551090
58.028952 28.040932 26.784428
40.703568 22.111125 29.152961
95.491410 46.590425 33.359728
26.639455 71.582385 25.032853
37.619704 85.257391 39.838176
94.624419 91.889896 38.039682
86.046206 1.383821 39.911475
85.624629 70.718090 29.253191
39.049835 70.679990 42.479566
17.271222 84.687221 38.262021
77.731304 20.185097 26.517003
62.217799 64.685795 37.105133
54.681743 30.114648 40.599425
72.522179 80.661502 31.870678
64.194280 17.611049 30.023165
70.482943 41.615098 25.319427
45.223483 82.740195 33.073174
56.088599 36.613819 33.292310
77.467132 94.273832 25.600954
25.872722 91.418626 29.173204
59.901796 0.393757 41.578714
71.077718 84.733606 40.811204
34.575641 55.770258 38.839024
64.944167 82.759933 33.832836
4.797536 92.223844 34.598351
19.442948 5.701353 29.384688
84.652789 69.947440 31.021882
29.932905 93.354744 42.360239
98.008166 75.706966 32.117922
29.856271 63.531940 31.243870
40.337392 3.591941 42.935030
46.577741 23.919554 31.064437
86.747213 33.572322 43.590300
11.071380 89.662240 28.623274
65.118881 91.016824 36.301178
39.148930 64.452331 40.302909
93.636175 46.692521 38.556138
22.930165 22.801370 32.874471
46.357623 46.447633 38.850530
63.086982 13.092342 37.476155
51.235132 93.276606 36.845161
14.107507 39.900574 26.857605
81.780614 49.460919 39.473732
82.467385 29.281234 28.272520
85.502813 97.915635 35.816121
15.152104 80.197890 25.339706
33.608541 7.312428 43.619380
26.130736 99.482821 40.183839
4.408949 41.204330 34.922505
74.692219 43.517320 36.457346
52.982396 32.470004 30.487066
16.930688 56.299939 25.064761
9.902793 70.446606 35.541711
57.242234 45.094930 41.014967
30.977226 27.184478 39.173655
62.848511 25.630545 39.128397
44.424080 52.329317 27.809023
55.530085 51.339240 37.515325
79.633343 18.951803 34.662920
37.862507 83.968624 35.714938
76.943528 95.364097 29.995683
85.040864 14.999023 39.739310
60.963577 38.504349 30.940638
92.494556 11.954951 26.938641
32.211289 49.485949 39.623645
85.028635 29.554421 31.366072
98.733259 38.662201 34.948511
96.048850 33.560676 30.268686
75.423801 54.558298 30.693950
52.132881 69.361176 35.457131
60.354056 96.940983 34.918818
24.527468 33.852849 40.910144
87.430851 64.357062 25.048935
46.173678 88.199489 39.269747
65.431732 34.704203 40.649641
3.739896 4.253091 37.962734
71.529458 31.609240 43.356431
89.079081 21.800423 38.070500
20.648369 10.070183 27.461160
75.519871 9.802244 37.229299
80.542882 15.548385 26.220649
11.073589 17.846727 31.624108
98.967690 96.996565 30.888911
79.973303 9.699654 41.809576
17.579012 9.295483 38.107403
95.068545 4.036367 25.331249
19.320417 7.371220 26.925896
26.788418 18.860545 34.583551
41.356442 82.812567 35.922632
95.751774 24.369658 40.479348
83.439180 76.292559 35.963680
82.710291 57.001572 25.417744
66.123599 48.255884 40.247027
7.146945 2.976062 32.604420
96.928528 59.582268 27.418195
86.475269 66.505051 34.162616
83.534300 13.194088 31.377574
49.907152 50.816771 33.214756
40.341037 84.493128 35.733511
16.839086 21.440377 42.215809
93.173728 81.301826 28.160616
9.625071 79.714909 26.053811
13.544463 54.538742 41.237707
20.947204 58.739806 26.149098
98.663495 41.333102 27.116318
64.979576 90.330266 31.548865
49.680901 85.175608 32.137130
89.857944 72.954044 31.501878
12.592704 55.763308 30.609652
31.239526 41.473391 32.466024
30.731092 82.776773 27.147715
99.932122 57.678731 35.896938
61.510605 63.615825 41.412837
5.032574 22.975642 26.083005
86.782415 47.953189 41.540786
82.537875 6.633981 32.967187
45.042897 70.845850 25.800613
34.855849 43.796153 34.091321
58.456886 96.064346 32.013972
8.949333 78.067908 43.538293
33.036570 90.867539 36.528783
12.453184 95.606824 39.261146
52.253784 15.448914 35.953337
86.906668 68.531912 27.629807
88.916755 97.116176 41.488565
49.666780 83.377187 31.544107
3.570281 84.526183 38.623782
98.690660 35.954562 40.763729
71.671086 15.069681 41.822518
97.894994 44.757420 34.006501
71.945277 42.942067 34.868705
77.439712 52.777805 41.481682
12.482130 38.271644 40.832260
97.340978 68.427600 36.107581
55.923945 78.240701 40.519406
76.657148 53.711582 39.075955
28.528728 67.874804 27.222933
42.586424 66.195319 25.996077
68.261172 24.117873 36.094019
44.031351 62.788467 35.657014
32.176247 30.486623 32.679851
23.895030 75.218790 39.779163
79.984727 19.570688 39.329831
63.500567 42.060257 41.428318
71.646877 56.343829 27.922764
19.910545 70.708698 37.021425
94.551958 83.376264 39.999327
39.598240 70.498686 30.752033
99.634637 90.245060 42.924408
13.534036 29.266281 32.724330
97.775780 10.603991 34.891332
30.493750 58.785287 40.101715
89.133041 25.378985 40.658720
40.294344 1.768313 38.867649
4.878532 42.836516 34.686514
3.496032 89.515845 33.676422
55.323330 43.451946 37.816749
54.169786 45.425742 25.162548
90.991909 36.081425 38.903507
39.351294 43.965163 33.650204
4.269861 33.606308 29.208383
12.212339 75.465831 27.502369
33.769542 41.936723 32.545930
76.286496 69.858258 35.064468
70.177833 3.277171 40.985076
52.634505 56.514989 38.644751
75.850574 91.837320 33.255840
20.681520 38.547998 26.994316
72.827580 14.408674 28.073395
7.571495 29.909122 39.671422
69.954372 32.511717 34.760642
27.431546 24.832254 35.997974
51.586413 42.763484 30.765345
91.963469 43.560132 28.394729
44.955663 13.897968 35.337147
15.306174 43.787951 43.478106
4.392992 17.483384 33.223651
5.513143 95.706236 29.112717
27.151903 23.246565 32.463700
18.519220 77.357840 28.390098
83.454078 64.707394 34.344432
76.940580 11.379578 26.708269
12.684529 61.156811 33.539923
43.500014 28.420544 40.595415
49.312899 86.816330 25.787673
13.727923 75.128729 34.397543
42.768001 86.386324 35.696643
9.309290 6.122668 27.173825
9.572196 26.028222 25.162065
9.623128 4.309206 29.552980
73.717385 22.839986 37.785902
9.440521 22.251208 43.043366
2.133650 81.877682 26.548332
52.085858 44.749430 43.278224