20.713816 29.693834 32.934164
89.776494 57.535810 35.311795
26.156333 80.732595 27.357817
65.119481 54.980797 40.170192
31.210984 42.764104 31.971087
87.907543 21.447172 34.149093
12.099779 72.405295 26.505661
2.406648 67.433105 26.408612
17.879986 61.083798 39.688931
13.465202 2.546595 34.243798
75.059388 3.458340 32.249428
29.351469 8.261542 36.552176
8.958749 65.191715 30.919854
31.522806 21.661707 40.874176
38.254462 42.205949 40.015880
35.909929 14.760102 40.919060
81.959433 47.024102 36.838616
60.195404 59.169479 42.909817
29.482875 59.256249 37.610523
55.516298 15.391871 38.090044
79.910255 72.935867 25.921468
39.802491 4.505605 35.610736
68.682107 94.264432 42.670873
86.471860 18.184643 35.657677
28.955586 70.097135 31.018158
39.698056 51.543220 41.525891
6.563390 90.023059 33.278084
99.152697 94.035248 32.569505
23.915182 31.431528 38.592776
46.782204 15.187488 43.590484
9.221324 98.733034 25.475186
43.472725 85.783317 26.768009
9.629464 47.733552 27.560405
47.486158 4.153979 32.427631
12.602469 23.510638 27.375780
55.061249 83.316725 40.158790
98.555713 55.793231 37.847651
0.676083 65.712558 29.564603
1.864255 10.585022 42.623839
70.484827 76.571206 25.493210
84.684361 29.673455 26.381076
79.813774 81.949337 40.723029
55.703909 24.035628 43.250570
87.050875 71.767572 27.655356
98.146386 54.300629 29.477690
30.199142 55.160361 30.185360
56.536988 75.476200 33.683757
38.138768 49.819450 33.089457
69.940772 58.229906 34.098051
84.894998 96.109298 39.144580
73.263783 15.149805 26.308908
41.476302 47.045470 42.584983
88.119898 16.938386 35.000218
85.138185 82.963041 26.884863
41.341325 72.292281 27.477776
66.469092 65.066192 35.911441
6.574910 59.850775 40.354600
98.133631 44.292120 27.493274
77.456035 93.130701 34.603208
75.340873 29.245773 41.762569
21.647065 26.522701 26.525495
45.693439 57.263278 27.912709
83.722683 48.507177 35.909855
19.204435 91.305381 25.398336
17.007396 8.142007 32.336510
35.422330 11.997368 40.819805
58.634239 95.230246 42.826311
55.327273 69.999271 25.966968
67.263896 50.322255 25.728963
33.321439 15.953383 36.111414
52.990641 73.913950 26.953068
86.202354 79.919135 29.628280
43.842743 90.781091 28.838740
86.281757 93.917454 32.618370
54.999125 6.980427 33.479385
33.338544 69.531591 29.786633
14.612642 1.372227 41.764263
91.047501 56.132855 36.351899
15.810010 65.898126 31.418938
48.885531 68.091321 38.187386
89.528236 57.205765 25.744969
67.565513 4.252488 27.078719
77.884669 39.678474 41.699662
66.998757 45.221864 32.997039
83.236406 84.455489 35.056132
2.548238 63.657629 41.723679
57.717429 97.118158 27.250960
58.899470 5.632832 43.747057
70.228253 99.787707 31.036645
66.626804 22.188000 29.192499
88.219281 12.810982 42.146567
6.325221 7.097723 30.332683
6.133735 30.364747 25.524174
49.673177 82.700189 37.353620
0.481442 55.864910 35.813707
61.852259 46.238107 35.447597
13.553610 0.644997 39.945527
23.062033 86.624294 43.315673
61.738346 30.778695 29.241903
77.463089 78.173592 42.344024
19.210511 42.444351 34.179645
77.975939 81.283260 29.380393
30.058877 11.109381 34.712681
13.153894 61.775921 42.678902
55.225235 26.671184 39.508616
94.942870 32.146133 37.094302
90.613905 20.220227 43.274502
98.354712 50.112315 38.489266
11.187257 63.886972 30.858670
16.116019 14.049626 31.044662
48.199555 42.725340 31.479437
79.251975 54.908464 43.030135
95.377009 45.942756 40.057426
69.495051 24.070645 31.606386
63.929768 50.056880 43.341526
77.355170 54.837049 35.683719
52.080493 28.713730 35.744092
54.743317 20.040975 40.844979
93.561538 58.016328 39.216565
98.812907 81.215509 25.399322
86.495341 4.650420 31.865370
52.920972 47.434571 40.454599
84.321306 49.099530 38.212853
42.252233 69.412474 35.534079
71.927086 34.437555 26.223713
96.172614 65.671191 25.821342
50.670653 98.493472 31.141452
49.714861 50.459246 42.151994
57.427205 43.483925 38.015548
27.303544 75.324736 30.249998
22.930422 59.977516 26.750420
55.122382 9.306889 31.393963
84.599900 91.160250 42.510615
6.870462 29.659084 29.494865
15.839154 8.307026 29.653265
32.347842 80.920397 30.130779
77.746081 27.935055 40.650405
27.376643 3.475723 37.070956
17.331882 17.253105 34.742676
65.703465 72.727029 27.059703
55.884694 21.084417 30.676142
77.208590 16.783040 31.220317
43.695028 81.603734 42.439558
17.733287 80.588690 31.297169
84.578373 35.450985 38.307099
93.310127 14.527692 41.236680
77.068953 35.116451 37.807606
31.685010 66.361631 36.658101
77.987221 59.027074 28.151658
44.652749 47.303659 35.637385
37.484307 74.736517 38.208255
68.021332 89.566438 34.863290
42.104935 7.570725 33.359138
19.535449 89.759279 31.819891
95.326296 80.383898 37.382431
44.107220 24.243901 33.609176
70.591784 23.179291 38.151845
69.679490 30.517293 38.785898
8.823428 68.556277 27.856457
29.632668 44.134914 43.545418
55.760214 10.429639 30.381754
11.810479 32.662352 42.294561
38.342959 89.837176 32.848628
41.117726 27.144284 25.861067
42.218068 82.960924 42.023979
77.962183 13.614984 26.023021
20.491619 0.372106 33.871501
20.706589 32.800919 26.829364
60.340215 42.406864 34.477500
30.137422 33.229225 42.146942
72.639268 32.328504 30.799786
40.830980 12.452291 27.479670
28.258651 57.441963 31.891122
53.354135 74.845071 27.779741
53.627943 45.974438 36.845892
53.074184 55.420832 37.221583
55.751727 74.499331 35.079715
95.249615 43.441921 28.012050
77.147816 1.679618 40.355542
74.564974 77.770261 25.895745
5.066251 18.451402 40.575361
30.366163 9.564907 29.384103
99.598698 54.654326 27.235145
31.510555 93.968541 32.043919
89.874865 25.957489 37.008452
77.160269 14.955390 42.414792
28.472382 9.272863 26.582555
83.480412 54.598318 25.402259
6.266886 27.100556 35.354533
50.095502 54.664983 28.773369
16.383093 58.976360 32.002293
25.000297 70.371394 30.581733
79.088204 69.207604 40.341171
1.166889 68.465193 28.093872
9.476844 12.390887 29.975353
93.337412 73.693355 33.122100
15.659061 62.326375 32.174462
11.878405 79.433566 33.089313
82.505105 50.833600 28.161738
77.836506 52.975419 36.140373
45.984068 86.792341 27.964216
11.969784 53.054787 42.704321
65.287567 40.761453 33.855876
13.788306 23.455309 27.398119
31.806381 40.731981 38.889237
37.848149 48.019042 30.482250
1.054657 30.639804 32.346167
63.223785 51.606523 29.132564
76.173902 2.184829 33.351636
69.184361 31.034389 42.050566
36.412646 1.926867 36.761276
29.406451 47.881627 28.565211
3.760756 0.496926 37.077854
79.244009 5.433593 36.460073
43.200034 83.164559 31.257017
52.449109 33.594855 38.634099
93.083440 33.795544 36.146494
66.452738 68.934554 36.097166
90.205520 15.380785 35.762443
7.750549 1.931031 35.404072
72.984860 60.524723 33.028652
57.921124 74.726904 34.139931
76.134963 4.185740 34.165053
4.769483 26.018839 38.385101
35.387360 37.484581 39.597498
64.554298 39.116135 39.639405
11.313830 46.302682 39.327480
37.015427 73.341184 38.318750
25.726749 64.066492 32.791405
39.122352 88.137442 40.128652
91.443498 33.840320 35.658279
80.676018 77.639365 43.743940
90.279017 22.923311 40.489249
66.245159 26.496275 30.805670
87.000925 94.719483 25.734465
22.440613 71.324872 39.833778
85.670786 93.565582 30.331457
73.902121 96.105363 39.558536
85.133874 0.676783 40.628559
48.979004 25.672956 35.715540
0.170931 79.086854 40.179434
99.376079 18.530150 37.087419
88.546933 18.149335 30.048192
78.433671 1.860748 39.935757
20.896040 70.046927 26.851755
26.583948 82.948204 38.722103
50.439726 95.532141 29.094699
84.531011 15.684868 35.789089
37.247362 69.779669 34.014510
59.610283 31.534250 30.559668
37.557423 26.375607 33.739187
67.212163 46.642496 37.135878
34.053812 54.942781 28.270982
26.420409 64.670691 29.651277
63.722060 83.005371 29.040308
57.528996 5.434329 31.417270
11.267330 67.690158 26.030465
36.390304 87.396744 27.837171
91.887899 71.946250 38.746247
28.782134 56.531945 33.107376
97.242062 99.871194 25.460160
96.843672 13.605326 34.873342
62.141269 77.450747 37.225767
2.254620 21.088392 28.702803
19.789401 81.136202 25.868709
30.185032 74.916837 39.274525
20.861102 46.783727 39.293492
74.704652 80.090622 26.570810
57.471883 81.591681 33.435088
96.184227 15.642905 37.808972
98.536168 43.543854 42.934796
3.404950 25.373937 25.974082
51.805236 89.996379 41.115085
4.783334 24.848471 26.036364
93.480108 89.133450 27.366375
47.492051 63.590664 36.469684
5.609314 58.656589 37.100841
70.320046 95.699348 34.489359
90.467500 77.229139 37.560903
62.542637 74.801455 27.064097
75.787278 61.910152 40.854256
12.996122 66.959205 37.978204
56.854405 75.428233 39.271325
5.663939 44.228384 33.166653
58.934595 97.235445 31.717020
73.806414 49.229840 26.924744
86.979321 32.421071 27.668320
63.961581 54.155986 40.693230
68.855761 3.807802 32.056887
73.150224 43.591365 29.308012
70.735554 94.713287 31.002107
21.484148 91.982015 34.804320
45.624304 68.025552 42.402435
36.259686 48.546615 30.084347
77.203030 10.318361 41.630731
73.935342 59.520287 30.799585
46.324364 3.643509 34.104484
12.046735 92.571344 33.595218
82.844354 80.983724 30.518980
64.393453 48.660103 43.609503
17.074270 29.051697 40.018851
72.744014 89.530891 36.549430
93.947498 14.743765 36.712824
54.181681 0.073851 31.354058
71.302372 14.639188 27.053664
78.270412 14.844407 37.171588
14.328939 24.388363 37.341696
86.208842 74.991090 36.053615
75.152083 23.479426 31.155205
22.923180 18.045005 43.008626
69.616312 3.685955 27.734298
43.937400 14.269635 37.612100
49.123167 0.579948 25.548713
65.104485 9.123344 40.471614
47.246833 77.566267 35.490724
79.753172 58.186042 26.418830
35.748792 36.078072 32.241921
24.894888 38.545251 43.080746
99.628648 10.042083 30.634452
42.372654 73.379805 42.954020
76.027497 30.811241 30.271296
5.071237 28.980997 29.720203
40.537282 18.525069 42.094389
82.642052 55.652686 40.023051
79.879585 93.749736 27.990698
49.931084 43.992868 34.563838
14.458465 39.193342 28.208730
43.630061 14.101622 43.113224
1.161597 16.465326 26.422922
3.057221 12.371536 36.923109
98.630571 69.514198 25.499973
39.660635 33.814227 43.394885
26.651750 2.937537 43.749544
79.513993 75.568376 31.606303
29.342135 66.179891 34.449533
82.270320 67.392099 42.954493
98.533151 22.514858 27.756004
74.966349 54.480120 41.524702
68.547750 62.334274 41.347170
12.576125 79.916710 28.717582
43.574373 47.286252 42.279593
94.322070 83.935010 34.417843
79.813109 94.425766 28.655320
92.057089 78.824280 35.023435
13.993416 66.342746 39.362973
75.579269 68.914951 38.064951
3.564604 92.338874 29.995469
20.517081 40.723994 42.461874
80.480774 22.363726 29.326109
26.837165 46.753146 28.992648
55.995676 2.438680 36.998388
15.190667 79.730417 35.807569
43.102000 6.948566 34.250461
60.439609 90.203721 28.732380
8.878197 18.725326 39.010624
73.944635 91.771923 41.204692
57.230837 70.291593 37.361754
45.287611 90.211561 25.297429
58.117197 82.978655 37.044859
13.979141 12.032298 26.174278
87.320734 57.995372 33.674712
75.645450 91.515509 25.386724
15.735869 93.992481 30.084308
59.665516 55.678626 31.913518
42.450779 18.392709 41.819590
91.400282 45.979022 40.051467
76.275811 13.046489 25.137190
20.927319 44.694235 31.899953
2.627953 26.905397 36.251423
28.143886 59.437650 31.484688
46.729767 6.400842 43.235444
59.858647 25.953104 43.337404
54.429987 9.471885 38.915832
82.606008 68.923871 31.098060
42.377057 55.471147 37.312330
4.284243 82.487450 36.730000
82.897733 63.517744 43.083429
91.955498 90.228762 25.583855
39.041250 71.617736 40.043950
93.654554 91.558018 28.717364
5.225190 95.165568 40.964519
46.619347 42.748650 33.904553
22.346905 86.846998 42.579470
65.901578 94.422707 42.449634
66.477410 77.118284 41.976215
22.329241 90.821516 40.088713
5.530579 56.769657 29.873812
9.000199 28.031132 40.680749
96.340821 15.871843 30.801673
82.852462 6.367033 42.821981
93.374311 28.077089 41.353384
94.553758 30.015405 27.585241
47.698339 84.473809 38.177400
12.464635 25.836382 33.111757
54.859545 95.729779 38.997083
25.049063 33.024373 30.307291
14.578396 37.128660 32.670506
86.998548 15.431027 26.128511
80.238069 30.877599 36.638233
30.716401 89.118126 33.278671