48.412898 39.902723 31.765854
50.370852 87.703272 29.459395
23.549641 62.572194 31.951806
23.913512 73.790594 33.459014
66.882298 54.825891 25.758267
51.358504 90.025402 39.242482
54.124621 92.004962 27.191899
24.501821 18.356697 41.963529
0.102581 39.721832 39.269787
89.987126 53.148568 31.770146
42.343147 82.305282 32.712313
93.721965 47.527447 37.968264
84.718186 38.100961 39.205727
7.261411 90.178397 31.718189
52.060883 69.523311 34.311285
15.643664 89.471860 35.004410
82.951125 73.942085 40.624847
28.582880 50.366187 37.829022
60.252805 62.647906 26.345279
18.375384 69.112848 35.093884
39.086667 13.083500 41.323660
93.262850 12.893990 26.744560
76.568166 63.627286 25.187236
1.704215 89.852447 35.903396
44.303375 96.649957 28.921625
94.226930 89.444028 39.514339
77.895912 18.741498 36.314314
74.786180 23.132730 30.729624
68.683652 26.105792 36.876897
93.995282 28.122476 40.970937
68.074390 21.552362 37.069374
29.736381 79.323522 31.212681
1.367718 34.329063 33.876707
79.183800 15.899249 43.348930
8.401583 68.433658 40.728950
9.035473 95.806329 38.719682
62.684937 24.385852 41.223553
42.345180 10.863590 38.549604
29.457858 48.200025 36.728912
90.626625 34.890955 38.469392
66.197217 98.854253 35.754481
74.721865 30.278990 31.199785
85.597016 83.039258 33.454305
6.489348 82.580093 27.732013
45.772464 96.153114 41.116238
2.307540 86.696625 37.363432
60.128941 59.655296 40.107125
27.889056 93.536857 37.209498
62.408326 4.550249 32.367115
48.617474 69.207118 40.589949
20.420574 94.850435 37.789818
0.361574 96.495630 38.478066
92.695959 71.552320 37.039054
49.794371 79.378841 40.812607
41.078144 54.592450 26.943665
20.430300 46.140207 37.544400
78.599222 47.041687 31.368556
91.411774 12.861089 35.220589
84.951599 31.485812 37.118227
87.623132 84.330858 27.843553
26.145821 99.612175 27.665267
53.137541 37.432015 39.017766
86.400580 92.234573 35.062565
45.712655 33.722279 30.709512
8.299380 92.770167 28.424809
84.692095 4.863434 33.640132
35.347050 88.734997 40.369709
74.805123 17.194123 28.794306
86.459073 25.178690 35.962422
74.562754 23.817138 26.183464
30.165655 31.984286 36.885238
63.156355 24.703563 38.412518
43.954476 56.829560 28.395812
85.905719 61.963078 35.051576
27.528512 99.137570 42.789675
64.323650 97.191288 26.349665
81.228252 66.396435 27.849534
43.798858 57.858612 25.794646
97.906358 75.063117 33.570945
74.698845 78.383457 41.237262
4.474762 62.646326 28.669723
39.770928 68.583071 35.384387
61.278880 70.957145 30.009151
5.357589 36.306204 37.386184
92.313590 79.811478 27.573049
11.381044 88.664728 28.664826
45.656883 1.718549 32.889560
95.874471 51.202831 27.485752
38.944922 5.789294 33.055537
52.989316 26.323718 36.182836
88.638176 17.737863 32.086299
39.474308 4.630466 27.339930
38.241063 10.243334 34.322891
66.522974 33.671702 27.109288
89.291244 33.253450 34.269791
59.529501 50.123292 34.379811
76.131450 42.598741 28.572867
23.056139 66.837079 37.677091
24.776566 13.291113 25.792892
64.895805 21.467067 26.444539
33.585776 42.009674 30.398765
74.452208 35.934934 28.788491
24.204800 59.471854 42.946212
12.684656 16.098299 28.409836
28.761390 15.678709 32.123624
66.859166 68.773290 38.311645
46.993987 43.108863 27.094723
49.912514 63.366815 43.646020
56.184193 70.830041 25.426612
35.452860 7.075824 36.378402
59.607442 69.197068 36.924562
28.342334 92.856894 26.125172
73.798113 46.598169 39.230956
95.726875 93.153225 31.390474
18.075182 97.426004 29.741635
29.522992 22.604017 26.454071
45.672364 64.841443 35.534271
87.032976 69.056772 36.961832
36.709393 27.507887 25.901930
82.526906 85.008640 35.309587
1.169744 59.785814 29.492981
4.638556 67.246604 27.455392
13.821138 74.502648 29.511008
34.064957 67.170953 29.624989
75.375272 30.107398 42.225682
42.473546 3.517747 31.201611
19.364939 92.883568 29.199866
75.113550 56.589989 35.040414
24.898700 42.181648 32.316835
59.300854 9.192066 27.017530
64.937125 15.998729 31.157093
41.021495 7.726484 43.163983
57.429702 5.158685 33.382038
44.040500 63.769313 37.464915
62.800732 90.593437 42.830630
73.129732 13.560418 25.883691
96.618326 92.942679 43.050191
45.732597 32.155144 43.724355
99.956982 31.886019 33.755612
64.739271 38.108120 35.289117
10.306542 52.603896 28.370246
84.699897 99.151988 29.931234
32.233475 87.700555 31.167532
87.190461 16.647464 31.243041
88.905460 42.733799 30.683369
5.517654 38.002760 38.717719
86.660713 0.268994 30.451026
7.560774 50.333776 33.188287
6.742471 16.191064 39.192129
47.144086 9.987069 30.098404
82.850970 25.774688 30.452634
22.145429 74.289446 27.558862
21.133319 77.215004 33.816250
69.269769 8.840905 26.253991
40.665678 69.880122 29.285762
69.567594 80.906423 33.446373
21.949622 57.599958 32.958134
49.838839 43.907226 37.590551
95.245847 46.247025 30.202211
63.687269 91.923793 27.369314
44.711238 92.727129 35.041183
27.541754 34.315513 29.910849
88.039209 0.418090 41.634883
38.092296 67.560892 33.135510
9.047124 26.244453 26.387268
69.130285 9.954651 35.066554
26.969985 22.350214 28.874961
43.424311 54.591648 33.851162
77.073140 39.615260 29.510335
29.040087 65.486342 37.953782
68.346676 56.592062 31.643953
91.010529 27.563804 39.689304
50.287163 6.899712 38.189877
11.859364 6.513794 36.187019
68.275155 1.353833 42.267994
74.314136 36.697970 41.027550
20.860268 2.172155 34.098155
37.097435 53.862924 38.245110
6.340026 94.643329 34.433211
71.828786 7.062692 27.575026
30.618484 42.019868 25.573848
44.902371 50.811900 42.392328
72.010754 12.769314 25.371218
69.091758 65.352015 33.686098
62.067045 8.493688 25.985241
97.587686 17.762584 35.240198
91.643770 13.330311 27.038430
20.270446 6.525697 35.313917
26.823310 38.339679 42.839246
88.884063 67.330967 40.795261
70.821526 17.635839 27.479168
41.475516 51.218066 33.961374
94.232851 99.795119 43.082554
86.173049 28.816137 32.141552
27.349705 66.715576 26.311947
20.517982 65.872204 37.940336
76.781847 73.756256 43.678898
10.927393 93.316671 29.590371
13.701444 54.514253 32.959446
71.985711 24.027234 40.126305
55.147402 44.921018 27.496955
56.436122 22.024600 40.393198
34.031011 89.972495 30.501135
86.586805 46.383302 25.427517
52.525930 21.098268 37.166702
56.495614 40.439155 43.735850
95.663481 76.616027 34.979688
11.609322 36.485699 37.608756
39.882158 47.865333 30.169152
12.750953 79.695877 27.996608
41.556114 57.567350 37.583696
55.743574 6.729074 39.357515
87.529468 84.156250 36.955570
13.587886 28.067725 33.684042
90.360636 88.875112 32.059312
62.736449 59.429368 26.435931
38.075426 14.638385 38.243983
37.751926 71.873517 27.453333
3.891681 94.306490 29.240430
83.034948 75.993995 28.980614
22.311744 84.569265 34.999018
2.182305 76.260121 32.538764
86.126007 87.666764 31.346622
63.793923 58.234007 31.707405
72.969280 16.350352 33.681375
7.426219 54.434964 30.414936
15.577790 61.018369 35.811973
15.284828 43.629011 36.468232
46.140169 22.501839 41.147343
71.765689 88.763150 30.424526
43.570260 48.557779 37.075342
43.429356 76.686116 28.214459
70.676991 99.688142 31.359062
39.236144 8.384031 28.703955
11.585984 56.357156 31.592239
93.934963 36.929427 41.920343
94.476345 52.229330 42.141114
96.723453 52.686717 32.248220
0.589019 50.658443 42.892844
1.522068 31.361774 27.499852
44.688236 35.621264 41.135624
37.172800 55.761994 39.236731
31.028545 31.840699 43.695836
17.478831 97.526622 39.659860
87.375783 71.503000 33.374640
65.291303 52.211676 30.601070
6.580067 26.353426 43.357824
34.359959 68.058724 43.694328
67.627278 85.507711 27.615118
93.455813 49.204874 29.386770
46.886509 63.640842 31.789160
33.506034 64.480286 37.369660
30.142143 75.889536 27.022874
77.033991 77.103555 42.140476
7.834447 76.191169 34.660014
41.348759 39.390324 39.035600
37.198492 57.392039 42.717663
77.449660 12.382941 26.953979
6.738616 16.405032 34.092750
73.547532 42.816174 31.126590
77.006441 48.302111 31.989810
40.403018 96.144507 42.342323
6.358430 33.614634 36.576152
57.238139 51.252581 33.136695
55.332153 35.753218 39.667239
14.690533 98.371149 32.641605
78.874974 66.935224 35.749280
91.081247 10.114127 25.981805
44.467745 11.928621 29.262488
77.145486 16.508437 43.300966
83.213105 71.261791 42.914305
7.258977 49.306753 36.608753
47.381925 56.906159 32.611980
24.438473 48.666874 29.267711
76.584149 30.977020 32.872143
46.784564 49.096907 43.378583
98.850702 83.037199 39.432052
36.792693 48.038791 41.634333
40.475795 97.122664 37.131599
21.146380 92.217249 33.987293
55.459060 21.250956 33.342822
88.644495 28.911781 37.949995
61.006408 88.979015 37.362479
2.162573 50.917955 27.994585
56.129215 52.514096 42.905575
87.474059 82.371638 40.078281
30.149031 58.947453 37.273990
58.185651 67.999888 27.495688
6.412717 56.944742 27.151550
41.836612 53.055246 38.872029
4.741348 8.757898 25.053527
93.566922 6.197800 30.918159
41.085269 90.057112 34.098404
17.129080 19.830008 28.577798
74.591812 28.651257 26.894983
93.735759 56.606907 38.428034
11.699136 20.868120 28.224855
9.368161 36.068401 30.040480
2.282850 13.080229 27.522674
10.599073 90.751062 31.327353
75.121268 57.949503 31.314291
35.338638 82.220381 39.056441
72.534635 22.215250 41.402097
72.587789 75.363730 38.688265
5.667721 47.560460 43.009865
71.109175 15.686386 26.809829
70.419310 45.255743 26.202376
88.156789 80.436662 36.599012
39.353134 97.187331 42.329530
10.746868 5.104035 26.587029
0.253027 8.950671 25.704202
91.200231 59.530937 39.762555
63.344374 38.401192 38.386824
2.332171 36.310809 25.843759
79.595817 94.875666 30.293007
51.502045 76.500442 27.935730
73.393532 66.466275 40.303455
0.481816 69.943167 31.185051
70.360620 51.863306 26.882608
28.693153 48.851637 35.112948
95.162609 82.124250 32.710986
23.345036 96.917813 27.202598
76.712522 95.990317 34.047242
23.506101 76.613870 36.531508
96.050715 32.701413 42.000276
29.351325 35.299608 42.621398
44.407570 23.725234 30.026456
92.100994 94.919416 34.194481
91.538515 83.884969 32.636058
54.696166 9.753332 30.640462
34.395022 27.287344 34.090316
62.090678 72.257387 41.783684
50.883069 82.013139 39.714142
10.088067 49.288440 28.263491
67.737198 88.046931 27.225214
81.369202 63.641178 43.305255
9.203456 24.102217 40.863350
82.724127 7.548930 37.028441
76.006999 47.182160 30.741506
29.494327 43.893291 32.848669
34.912912 87.057079 33.046287
61.442765 62.164897 43.521076
50.123543 71.870432 25.195243
32.334960 27.911391 25.293483
64.214441 60.069094 31.293161
71.978080 25.625963 41.996182
36.215062 31.403314 29.502399
87.540640 50.702038 26.332354
54.824192 65.731546 42.675673
47.563232 94.946861 25.130936
11.761112 92.027790 27.049707
48.886310 83.288200 26.358263
29.380766 57.145858 38.160563
72.901695 74.684555 25.573926
92.894123 91.384064 39.450843
59.400607 16.181608 29.485411
62.923870 40.044817 32.359029
74.915552 80.613845 41.549911
46.162151 86.295952 41.918795
40.147776 29.818545 32.047509
25.363053 4.328840 32.454157
32.602055 93.346619 42.772572
71.759393 4.187730 27.454705
1.082568 2.938999 40.348935
70.027133 64.037251 34.875241
54.927454 0.365267 25.590548
93.363085 93.714757 25.467324
11.190829 34.210169 37.483345
48.737477 23.530578 34.671328
26.422681 96.860169 28.419305
11.265367 59.571618 42.526098
94.765997 80.564948 43.544078
4.665015 77.570700 38.270124
68.093256 3.376490 39.659446
70.619045 60.539507 39.730736
90.907784 57.988038 35.069325
17.803480 42.808742 34.017200
9.761931 37.570588 35.494643
92.857420 49.494742 41.918050
84.143183 45.100698 29.952357
62.965762 58.780128 28.001065
39.050329 39.567746 42.594318
19.604668 99.131595 30.873154
34.022646 66.486680 34.478683
76.197872 36.051790 29.934276
7.730926 84.388572 35.225525
78.181227 30.897217 33.058976
78.809477 72.752143 28.458588
36.140581 78.248573 35.696154
70.172237 11.115676 43.207156
73.453342 58.286645 37.973194
44.642571 58.296044 26.889782
67.442025 47.566115 33.007085
75.974343 86.243675 37.750551
42.049060 92.164543 38.544906
47.771597 78.791318 41.298300
58.058379 94.294499 28.571816
45.749128 23.479734 25.389552
7.782717 42.184263 41.645751
57.033013 96.876946 41.144974