55.635961 88.612150 33.072161
11.120681 70.255392 35.701705
19.293230 17.618770 39.188685
93.859325 13.140994 25.713827
5.074822 48.412118 31.727006
12.389513 10.599793 41.696557
86.849888 17.140758 30.720923
88.681371 67.817408 31.182610
26.672540 5.608720 36.451410
97.796288 1.024954 32.685691
0.381730 93.093768 43.659396
4.990819 76.892448 31.379260
14.967022 14.769306 32.516800
29.453902 37.749050 28.430460
0.271279 0.322649 29.114713
53.760386 89.547248 41.071292
7.219479 57.677782 27.464228
82.843270 66.024767 36.177684
41.804719 15.978896 27.848886
98.942860 27.968167 40.714876
65.776353 92.892226 30.493047
94.908149 51.192912 41.618010
10.443368 78.510800 29.631378
73.993266 36.084600 26.221972
99.117620 35.712263 42.235610
76.504121 74.193743 40.847244
28.828214 17.000670 42.998890
39.048263 48.604211 36.312573
35.518111 36.746008 37.389061
70.375263 97.833912 26.870980
80.212885 9.976226 34.552468
16.311986 46.582122 35.167840
47.133769 80.908354 41.978969
42.000245 88.488426 26.109796
32.001733 72.238451 25.336384
78.811287 40.559008 39.692194
37.721456 56.885920 31.619584
77.502529 22.679513 28.421293
7.672859 49.134143 34.869100
34.614545 52.593508 35.671808
65.813718 69.700375 39.374380
88.438788 51.797217 30.273337
85.236448 24.939706 39.581394
1.352498 12.097031 36.399512
56.785616 41.818495 36.089947
34.618764 99.463206 28.423027
17.830706 68.358260 35.255497
24.916210 57.633440 27.860404
71.553034 51.481850 43.556156
72.542276 70.081260 25.387510
37.565844 62.051995 27.879169
34.069164 7.957759 37.353831
4.125080 24.642976 29.479507
35.396016 68.053689 27.786159
12.251421 63.201447 43.055219
83.689002 54.428226 28.606250
27.485281 43.833458 41.054300
37.377933 18.641248 37.289621
76.947296 69.562694 38.643459
51.909691 34.311302 32.971017
61.049294 64.892946 31.900954
14.547096 33.403975 30.735035
34.221906 33.293156 39.847746
83.177106 9.029648 29.892485
26.262857 23.194733 37.954536
57.896905 55.719599 32.226386
83.517975 79.559201 35.007475
20.472660 88.836384 34.745910
39.389312 20.136867 32.520413
79.657067 40.395602 39.804047
44.996548 39.688299 34.289872
35.321527 65.089136 34.936319
84.058916 12.177568 36.294260
81.782208 74.614422 27.493847
74.621185 86.087565 42.748464
15.391035 15.188427 41.854754
14.768275 83.225360 27.483941
4.006225 12.593092 25.433166
81.540290 98.578405 37.064587
96.148768 75.794839 41.355457
71.795991 2.607605 28.819545
92.590338 63.017891 39.613179
50.507584 13.108568 37.663745
61.042394 73.423614 26.996520
27.095518 40.883796 35.440664
87.713856 50.097791 36.666548
89.823481 95.148510 30.835872
59.280555 33.525380 26.865238
9.085087 43.619208 32.303062
13.474362 6.617595 27.788240
25.328668 39.965738 31.937816
1.518697 25.235866 39.986067
14.966397 77.472045 25.765177
99.008911 51.770438 25.314292
21.376489 11.000842 40.174279
47.790543 26.472818 31.159883
77.514783 56.085417 30.037842
51.503179 53.495638 34.843188
86.208763 34.234449 28.702595
89.808569 74.140644 41.652914
94.470027 92.465068 42.790654
89.231692 86.556181 35.113598
84.315876 83.389500 29.100570
21.023681 97.598853 25.524948
11.483684 69.100140 25.022900
54.567250 54.204986 30.143247
22.007358 89.654599 27.910603
82.210033 57.850232 27.911680
57.836170 49.664599 35.715511
30.437537 38.062820 36.181553
45.169500 10.087435 33.089344
59.650843 45.266927 41.793360
37.385221 91.873983 36.059775
16.888291 2.299786 33.652840
86.612041 67.423031 31.521365
3.387592 95.564984 35.552818
13.681550 48.166287 37.335975
91.330329 12.844773 32.709517
93.026974 61.128603 42.589377
13.643859 18.466644 34.947673
88.187493 1.986136 41.808911
19.981204 76.477703 31.745904
73.718814 98.021820 28.040473
80.003172 15.862527 35.205148
49.117129 74.241743 25.914399
88.911175 67.920714 36.674288
15.751295 17.458427 39.642685
94.351293 85.569362 37.291808
2.872318 64.094725 42.503327
78.954361 33.070886 43.296958
0.337384 68.559552 25.911731
76.517429 86.757779 43.275635
12.121167 58.796784 37.078068
99.148847 15.853376 40.077839
73.243032 91.763265 28.212575
56.455426 54.770423 36.059002
98.987133 48.282285 36.421477
17.619340 53.642107 30.009115
92.003310 2.264180 41.176659
38.012397 98.761052 33.985316
47.499995 60.245601 27.933879
25.340199 10.468653 30.021664
10.075746 60.650148 36.216896
82.942181 26.623653 36.935276
21.626428 36.059639 29.987685
45.292208 58.733416 25.538411
25.512699 81.752857 28.453647
51.965711 92.712819 38.631684
10.333377 55.257935 27.505104
64.188522 29.253606 41.721065
63.608604 47.022904 33.063303
78.932561 9.231816 31.894114
52.933719 10.059432 36.227262
19.590987 87.705088 27.238694
81.607943 79.955742 29.180086
20.204645 42.501032 36.245801
81.221592 41.931791 30.933946
22.808859 82.867692 28.281557
54.195798 15.675969 37.059862
58.144560 54.231315 38.715174
48.440174 84.979383 40.601522
11.577670 3.188980 38.374501
84.815762 22.599546 38.475783
81.447037 38.864603 43.077252
34.293755 45.414662 34.701471
29.820966 35.653731 42.642641
91.281728 58.832243 33.613629
0.511020 90.367727 27.427905
0.238785 46.718820 42.362097
92.367696 8.855842 35.820440
63.942226 10.441858 25.876659
77.162180 6.596813 25.461558
45.219153 31.666483 42.061829
12.552387 74.686504 32.240236
73.592153 45.786309 33.735843
52.712764 10.368180 26.589998
90.309583 28.718873 25.290177
44.403966 43.070177 31.182007
39.177854 20.494229 29.452743
23.384414 22.528269 36.091494
42.421906 42.232141 41.987463
10.070464 66.333192 42.034138
4.714521 6.512127 42.493066
70.121662 35.640548 27.277815
55.396260 32.129636 37.478106
71.778389 14.889855 42.492178
80.795936 84.563525 37.485249
93.832324 72.153443 35.155803
89.654297 61.803608 40.380630
13.400834 92.010386 29.673644
95.408508 20.435381 35.507633
22.215183 27.109031 37.104256
88.531785 34.411810 35.106769
61.453380 18.874896 26.953952
24.050494 91.793891 27.620821
33.494759 98.664259 40.621233
9.066146 46.953705 36.384813
95.140542 82.583398 26.505874
31.301434 57.166243 42.408253
57.548945 43.007788 29.553436
76.175614 64.296710 35.592675
90.513679 61.176947 33.296702
69.716051 95.172781 32.108623
96.445066 46.276575 37.525972
70.213634 77.383279 33.550058
76.337656 89.763653 36.889819
65.753223 13.020048 26.320679
6.257519 19.076157 35.000111
31.061688 93.469610 42.401865
30.779683 62.891874 40.713909
42.604437 53.262946 31.021661
59.818659 44.574711 26.853195
32.254524 38.139723 41.010874
84.034355 9.179002 35.230840
34.970594 35.196986 27.310025
19.722038 28.864689 33.351697
18.596732 39.886996 30.344622
9.822528 74.083081 41.780790
92.076664 40.810527 33.633194
10.773276 86.971028 32.160925
61.205241 14.606820 29.452042
84.855309 62.716391 33.495664
21.698671 87.501963 40.711847
26.505763 3.366897 34.763598
25.554285 9.549321 33.874594
3.645487 83.897254 43.149119
22.256537 29.057291 38.497228
8.274668 55.273474 26.454413
56.945039 59.527600 42.097050
5.103940 27.923626 28.747628
58.439482 33.667452 38.521963
46.806926 93.520950 42.354497
37.240933 41.231211 42.685352
6.777395 7.893444 34.996685
48.083219 20.930547 25.431398
23.799425 8.678688 27.396417
44.458894 93.476077 37.299726
48.813099 29.350804 39.647591
97.156049 52.634494 42.001467
75.169703 54.609374 26.334664
93.094425 45.072706 39.713979
44.345702 93.142726 25.696849
42.813385 4.753386 25.284201
67.710132 47.253180 30.848970
91.815914 43.275915 41.700534
63.616893 60.582585 29.543258
28.471415 6.192987 41.157098
19.884756 88.838711 41.261298
45.123387 18.258715 31.503046
64.815025 25.536405 26.990721
86.652654 86.958524 35.519496
76.587638 61.148483 38.000010
78.947091 27.529422 27.971366
67.073480 99.183370 25.462664
93.156404 54.946126 28.622255
47.612429 9.022292 32.558435
29.880196 46.035935 29.827137
62.676343 31.457576 32.523692
62.135594 37.980685 32.553651
39.797800 22.917459 35.951833
57.127494 11.333149 39.440641
61.372262 71.509260 37.760505
69.860676 48.544038 42.785092
17.899041 96.109220 36.642428
42.492736 96.924360 33.980768
37.509107 69.990441 42.551137
30.171089 58.786034 38.388290
27.454712 93.067212 36.661523
70.603145 84.951157 28.168519
25.714364 56.059995 36.221131
74.603351 26.909671 30.865464
81.188800 44.831560 41.918670
9.768633 16.083440 28.073595
67.567138 49.336450 39.276799
13.570726 87.622345 31.128252
22.332275 9.116580 33.650480
1.389272 25.223279 36.836290
70.404485 58.896692 36.125131
56.211842 66.554328 39.955606
67.957046 43.823620 37.826572
73.146212 95.593108 30.534771
85.507290 92.470705 31.903876
48.949164 89.785256 35.348002
23.773161 85.348524 37.513996
2.271102 31.013982 31.322063
20.890633 25.638573 41.565069
6.442264 43.628700 34.559643
65.460778 43.717505 39.181588
20.136301 83.868820 42.442455
5.361704 91.129796 39.122315
26.609130 83.108149 25.500953
87.191924 16.588980 32.553629
93.593995 57.573710 36.715381
73.793945 73.448881 39.629049
28.919464 64.792227 25.621943
55.930121 47.681668 43.699640
13.082476 55.942097 40.278267
41.930028 22.932464 33.487342
36.328303 50.833004 29.159019
84.702343 67.858483 28.307072
49.441415 16.413058 39.114420
82.771151 36.499412 34.947613
9.913352 41.184115 34.773828
56.821128 6.722034 31.974378
57.126701 32.597899 25.211686
40.557093 74.363712 30.744856
41.996229 38.912091 26.133408
9.799160 18.119730 32.461494
98.289243 51.229833 27.067177
95.701835 44.439128 41.310604
83.912936 48.893997 37.042412
82.624908 33.589547 43.632218
47.646507 17.765485 35.125326
83.085745 97.769071 31.093587
65.089542 91.187540 33.942663
67.347167 79.196222 39.460160
21.992881 61.330849 37.963983
84.719285 12.461011 39.196120
57.312386 5.671382 32.088134
93.470599 1.361696 42.038923
2.555050 99.497873 41.490732
66.300109 74.209282 40.700221
58.865503 88.240901 36.476782
59.717652 13.945836 36.454653
80.431284 25.843862 30.843522
29.129001 67.035061 36.345309
73.416118 95.805767 40.584223
56.857462 42.211624 29.704344
77.327583 47.723660 32.531372
78.669800 96.763523 40.562963
57.589444 27.493477 37.035115
23.284885 5.785423 36.990440
99.746960 66.502986 25.804235
81.665560 13.278317 25.255959
74.300811 34.464425 42.023963
90.121742 28.619208 38.354921
93.399773 3.867201 28.736567
99.271134 71.476769 35.212202
86.991492 40.884744 40.811563
5.401951 20.507425 33.921015
2.046858 29.497402 37.917736
56.580498 24.529866 32.966237
24.154829 84.447974 28.503781
62.462644 50.345502 30.229956
96.756165 31.288361 37.551314
41.314161 81.039263 26.844567
34.953957 85.227644 35.819423
67.685663 27.052457 28.292624
1.070833 76.804935 38.233347
22.022037 40.910341 27.716034
59.356427 16.210543 30.465944
43.030377 22.249526 38.245983
13.703306 45.826321 36.079080
45.947280 44.440829 43.240093
95.290662 68.179975 25.130359
17.220951 55.805270 30.521596
57.451772 45.067283 35.097529
21.499022 72.160173 37.115817
1.138237 69.196290 41.776489
70.559486 91.892987 31.520870
21.174058 74.094152 42.945866
58.825357 81.752719 41.834642
59.904626 55.088880 32.351977
89.265582 77.496860 34.118036
72.930686 51.562452 29.286623
66.710382 56.900389 42.102585
56.211613 94.393726 43.371249
83.800396 5.922734 39.574251
3.039131 81.452765 31.466936
31.381946 71.636117 26.491699
78.857131 57.984414 32.064559
36.784317 14.661006 39.843981
89.974299 48.357529 34.063610
61.066298 61.099121 27.756597
64.766505 64.308217 31.145428
20.894405 63.202277 29.484575
49.168479 95.711214 40.288942
11.110127 77.828854 27.463361
89.736342 62.026980 41.678562
93.823498 89.313578 33.823408
16.908943 97.512589 31.597445
87.528523 80.907514 29.519760
99.412357 5.929466 28.618866
65.225968 77.619901 32.024800
3.986921 84.300857 27.830666
80.383455 20.617163 42.728791
90.548053 57.984698 42.396810
31.348248 38.221863 43.295632
30.676000 51.636980 33.621484
15.597590 35.007196 28.773436
20.726673 99.560593 36.842001
93.056662 82.472768 40.380847
75.291241 72.267770 33.498357
99.014709 8.458782 32.858245
32.259690 33.343229 40.954740
81.405361 90.783696 25.144068
88.256176 12.344306 36.012977
89.636075 51.522832 29.456218
75.824583 68.916984 35.336070
88.795420 50.160558 36.810709