96.889369 27.351724 25.704786
76.716314 56.449778 37.410688
53.923535 95.391375 25.918560
33.012441 12.637468 26.891597
92.829912 39.155754 38.551254
21.119970 24.137355 33.268578
18.465248 45.819660 41.209622
55.331400 71.037080 25.076212
47.585240 5.233677 26.226311
53.293347 41.505808 28.444198
81.596364 18.895762 29.973776
48.282355 10.033366 29.727676
19.352486 77.712275 43.291373
95.348962 72.184195 38.259592
77.306177 75.681713 39.304148
20.080078 30.917207 35.811547
76.607570 93.304203 40.447336
63.462940 64.895594 36.041274
1.659871 11.351588 33.133552
11.451866 51.398001 43.622945
93.113829 42.652994 33.356647
29.870743 50.543158 32.364309
97.238211 24.180607 41.545855
89.542295 40.944946 27.083489
70.800591 57.033160 30.444028
31.517038 74.262975 32.015577
66.583142 36.914078 37.474182
86.614665 85.037421 26.136056
93.915765 49.023366 37.245099
78.006735 38.966448 31.306845
2.179863 0.749712 36.226151
52.812967 69.969674 41.655529
2.671465 63.758158 36.245901
25.948201 67.703167 35.548911
14.059745 79.509805 40.584345
39.024395 54.991957 33.604162
49.985281 32.334427 40.572563
88.776382 17.525482 40.039718
49.677130 15.497100 35.960807
82.311846 94.844782 26.750824
78.290371 74.702921 29.544087
32.123032 27.333516 34.364450
24.463854 92.440785 39.082450
90.675946 12.339701 34.519176
41.962369 91.142154 37.824822
53.366812 82.218460 29.163375
36.178965 54.046685 37.027117
33.528730 97.438243 40.151015
57.381176 29.371448 39.672080
80.998351 81.107056 38.127029
88.683491 45.654939 26.954847
27.996460 81.368684 27.373622
77.352712 49.983311 33.546618
59.171951 96.300529 27.309148
2.949108 68.400423 32.793032
37.096562 12.711753 29.082034
19.108122 95.193380 39.445895
1.736988 46.212647 42.559898
83.271630 94.898396 31.141885
82.387062 57.895010 35.221594
32.138220 96.319739 40.334134
78.212630 82.628726 27.875040
50.287758 84.883100 39.912785
84.468222 77.865232 30.028635
23.518175 20.949878 29.624479
87.994524 75.998292 34.403462
75.382639 55.224315 40.741691
41.487631 10.702587 31.767362
27.835543 45.906681 31.589969
56.488512 3.773240 32.964395
37.579357 32.953527 28.084485
15.265288 62.020719 34.535064
24.808022 9.095542 40.491107
7.852891 22.573324 42.034141
72.833014 85.315087 27.936077
68.243008 37.859893 39.482363
69.047472 47.033784 25.680197
67.592009 59.317442 36.696068
66.111766 60.828559 27.176100
67.093602 4.927435 28.096198
76.870301 11.670552 28.341834
8.077699 60.199272 36.183817
53.830641 97.136599 30.211860
69.633771 54.295891 25.038614
65.516373 79.042597 36.877394
8.908847 62.015180 33.336660
7.987863 20.839904 35.918343
17.314586 57.288174 26.633849
68.777261 82.335675 29.826716
46.741636 46.365785 42.475686
60.567036 35.525669 34.633487
72.548281 1.618350 31.529832
27.240746 69.446027 36.203750
40.775087 60.434527 39.599305
55.521184 74.308350 33.485435
39.722364 84.766844 26.423762
55.257316 74.891689 34.930140
74.717203 89.979811 28.570608
6.655908 42.574533 37.197985
14.397286 70.126853 27.774359
98.882092 64.288099 40.283995
57.449362 25.519026 27.484128
0.074934 78.338791 26.552588
64.754662 0.619937 30.723003
4.388514 44.577030 29.633613
99.172697 36.901204 31.342852
27.156521 31.541851 41.247533
53.590327 9.671858 36.099280
31.382235 22.375125 40.051974
14.732671 89.466258 27.877470
81.270275 38.628870 33.395860
42.064649 84.217075 38.788059
95.353534 71.126291 36.737845
21.993213 86.785830 39.957896
11.185335 6.537443 42.251336
31.379887 51.969736 28.189594
14.931425 72.675345 41.802413
18.677868 25.672895 34.954925
49.272409 39.577869 33.110769
5.182721 25.405981 27.668467
15.752930 6.987128 43.349411
92.112631 77.071225 29.497466
85.341949 62.408773 26.223419
99.300400 8.177611 25.489140
52.552227 3.908677 38.928055
70.410584 10.008657 26.970468
50.992637 18.694731 27.672703
3.373660 83.494841 27.223628
87.344643 61.386939 39.079642
77.315869 73.900510 39.134446
34.223462 2.945445 26.632100
6.364646 37.404851 39.451209
47.498661 70.272899 40.101861
14.052188 52.284784 31.158165
88.291395 1.514285 41.025064
90.248326 76.040270 29.501840
56.364378 88.169318 38.076471
88.297498 29.499041 31.417876
43.112833 74.260505 43.007113
49.336975 36.492485 27.078178
41.835015 22.444883 32.827455
98.192871 55.106800 33.880722
70.995232 28.736375 30.019130
95.562325 94.890923 36.244403
56.013627 7.107751 35.423677
39.040087 32.803067 36.938524
73.152660 74.791671 27.342670
36.920242 19.763760 38.028358
45.786885 17.452278 41.987095
51.203060 37.488429 40.372865
54.930427 66.070540 30.771395
7.081013 9.624852 41.870391
42.019029 2.427239 28.670649
44.693622 88.128933 43.352766
47.618317 21.904944 38.215631
26.308537 18.400280 39.919393
79.911442 4.041277 31.091549
30.440257 9.072345 38.754489
66.818858 11.771488 28.216678
6.795813 59.147654 28.228427
98.367306 56.023139 38.512641
47.068445 16.724518 27.361753
66.983324 51.129361 30.851888
31.421936 54.629878 40.443421
8.690257 93.576267 42.970120
33.752901 2.105291 29.350444
97.508352 91.475738 42.730748
67.130178 76.023257 32.847388
79.818443 14.775233 34.453162
98.740671 89.189799 42.671019
85.995231 95.116402 35.655245
30.342174 12.323371 40.615547
16.031424 95.949415 30.619418
81.689944 65.404762 34.163154
32.953079 58.370037 40.657071
24.672486 36.653208 31.858348
75.726571 76.564977 38.383536
43.929613 11.803096 31.552143
48.144970 90.492380 31.581594
88.745149 74.546086 28.618563
99.532541 50.507510 38.718176
77.223355 48.211650 36.335442
76.641627 82.693622 38.957813
9.014055 74.963946 27.253230
20.950275 29.182232 36.141823
87.784274 99.688267 31.416972
63.707350 82.000064 41.239052
15.713015 81.757787 38.669169
54.974211 61.458201 38.948488
22.260880 90.675537 25.174507
18.789888 10.430284 25.960606
38.613703 23.762647 26.792388
27.734216 73.313024 41.980147
97.215081 25.601460 27.225380
35.272411 80.413855 41.227710
96.638394 36.710197 31.278627
8.484524 88.858949 41.770366
56.935289 99.166769 33.587357
26.398428 83.296705 34.265571
67.608009 89.888464 33.411477
30.664773 49.249089 26.094851
1.272591 87.610029 42.892734
63.507814 28.208694 31.367745
54.454225 24.351720 32.083469
21.813722 26.926053 40.937154
23.423373 96.364142 35.820584
66.204849 17.904625 25.285075
78.801753 14.733304 28.869445
11.669510 73.807322 41.652987
94.380119 35.244908 35.731243
21.219813 17.042008 26.376588
20.394342 74.169617 27.054241
50.344372 42.043659 34.867163
39.848769 33.145871 38.780217
45.454271 67.825493 30.339960
43.871389 52.055595 41.578346
38.923706 91.441041 30.812538
47.378039 92.554287 40.753812
57.513422 39.769417 43.331259
31.886055 31.733929 41.128723
28.923884 56.724343 26.652367
78.951284 32.370268 41.653096
98.227463 8.519400 34.817256
48.001868 41.582981 36.864073
84.755346 86.661832 27.004231
51.851639 9.801750 39.913388
85.214950 21.397820 26.486325
61.983267 32.395580 41.851425
27.748468 74.252833 26.492497
33.494122 59.429983 42.125187
71.867362 98.245742 26.659110
24.716804 92.212719 39.317036
65.043010 24.300508 35.502792
81.741218 79.402438 30.444494
21.466963 95.182633 31.025483
31.251464 23.578756 30.704657
25.393034 42.972598 27.518846
83.634514 80.376615 36.222103
95.231163 87.974120 36.555852
99.028777 8.936108 33.244420
77.163498 42.631089 34.386788
40.687300 90.174132 32.386210
28.520678 43.173281 32.912041
84.254813 49.511310 43.014170
40.129793 43.373296 28.554773
13.881044 20.807180 42.891209
79.436828 47.615605 26.729621
71.063711 70.198778 38.742193
85.372112 29.640197 35.443112
4.964586 35.995649 25.057167
37.623569 92.900483 38.221201
14.216526 25.040554 30.566283
51.834314 4.627969 26.250021
33.206844 25.484806 36.602658
78.204110 42.748899 42.325930
76.364697 63.792834 37.433187
75.895639 23.021516 29.296249
34.881876 83.400293 26.431318
1.771043 9.760043 40.052269
18.527644 70.281905 39.858698
84.171506 5.295847 37.057031
75.915979 41.556027 31.958201
34.585380 49.028050 37.450944
76.353716 16.152177 29.704561
73.556642 74.150525 27.065858
32.439951 95.689497 35.430628
29.933085 7.231267 28.067914
84.567196 14.116389 41.333396
72.886142 19.724983 25.850830
98.031207 0.602592 34.520449
94.788319 36.244192 40.901821
5.891553 78.289512 33.333451
49.364187 87.844179 35.646670
71.290075 60.157955 31.511331
66.411192 97.515018 25.883105
37.625788 74.523878 41.053089
9.062939 36.950165 31.018448
20.955730 62.888425 41.304666
85.005515 8.605103 36.571642
53.882558 76.059227 36.749500
40.666562 55.055873 33.781479
97.682619 64.996902 40.552918
23.277989 26.199292 38.310807
70.332061 12.215130 35.101970
69.912743 92.787828 36.303824
96.550591 29.039347 29.503423
95.642717 64.846713 32.591576
1.472686 15.902583 26.975388
98.682189 52.855815 38.721921
12.277193 5.098244 39.519568
67.576607 2.807860 38.495982
11.602058 92.540301 27.763454
3.946970 30.190772 29.035131
27.444513 53.710839 27.930532
39.538122 17.096492 34.865434
85.841383 15.716432 39.774476
99.609608 93.907154 34.357216
22.014583 84.233372 33.297251
83.519636 85.921964 38.673665
45.723963 49.871066 38.593164
8.474512 43.443126 32.981470
30.945467 87.745328 28.040511
80.245262 51.100933 25.970429
65.449572 64.150124 38.295779
88.280675 43.253686 40.068075
72.553312 38.663305 32.868762
19.016675 33.635098 41.057002
50.727463 25.831349 43.133895
6.867955 75.614898 41.663081
92.143485 34.267550 26.709201
16.838531 4.763700 26.075389
20.561358 0.903512 37.105184
93.490539 14.794461 26.447222
93.618734 71.440073 43.557073
40.282943 3.130524 31.977740
71.997584 95.987786 39.083384
68.498134 37.239152 30.218739
30.844675 32.910536 29.579598
22.685513 4.581343 41.580979
90.137092 42.964963 34.926870
45.277508 47.629357 42.051303
66.736068 8.468356 33.171516
71.934861 45.166587 34.017937
87.933801 42.858134 41.681886
77.214716 66.038835 37.987271
39.494905 70.998068 42.679225
99.617310 28.479796 25.803665
70.490594 21.518185 39.176189
29.148410 41.732441 27.487814
18.724782 24.013732 37.251165
50.975165 91.309774 41.276350
97.987382 2.671328 43.064000
93.527073 67.333336 38.004078
88.045422 46.210559 41.436926
79.060784 42.800391 31.332778
78.051231 29.488902 33.985785
60.179329 24.093475 25.789573
5.594117 45.545523 43.031390
92.290383 79.924840 31.003797
23.581079 7.302124 37.364734
37.013959 53.564353 35.200172
68.382652 87.076150 30.381037
93.450460 14.637113 26.244619
38.576419 85.979131 31.608932
64.176116 93.557044 43.577073
21.595361 28.121977 26.524375
96.957838 33.735001 33.003305
26.059727 11.357766 35.062247
80.032733 53.548307 38.993000
7.078348 2.071863 35.630125
79.547545 29.942203 28.211651
70.081450 55.970857 28.168272
75.951837 43.752430 27.809416
84.775113 25.243554 25.780710
70.409032 22.402095 34.279374
49.165125 11.785184 39.444587
33.828719 61.436521 35.004316
52.199730 58.926632 38.710326
67.564219 53.515857 29.292965
76.556178 33.012098 38.040365
42.734029 37.133313 29.598174
84.971781 62.022917 40.138934
38.604959 63.425676 29.565338
35.413801 87.037454 29.071458
14.080332 83.126438 36.889493
4.119530 81.149036 32.774580
95.733910 78.893937 43.683561
39.494497 38.010379 41.687415
58.689317 47.933643 40.296048
32.116606 27.305407 27.712601
4.411434 45.068219 39.823503
56.371708 4.572479 40.570897
34.631381 30.112945 35.693737
45.329649 60.304477 35.420533
86.254497 13.795230 36.964251
23.008663 88.327218 25.365111
37.274772 32.775568 35.854543
82.067668 46.158035 27.635522
11.375319 4.393418 37.853676
63.361550 27.936914 39.257552
89.340997 49.050550 30.702221
16.973595 59.610916 35.543771
50.630866 15.055288 28.683916
59.749530 58.668072 27.415391
17.927792 40.032397 28.291722
13.803114 31.492362 33.731300
86.044005 22.560180 26.689383
77.846354 99.484674 40.581493
2.536931 62.375704 40.789112
68.175296 18.346568 29.306972
22.773144 98.337224 25.947625
20.962409 4.084308 32.155265
61.359047 32.865646 26.047023
38.506500 99.282485 39.077894
80.809309 26.922489 32.138146
32.148712 57.512259 41.127094
56.328229 98.425314 34.982610
65.181670 51.966948 42.780108
31.102690 26.969555 25.422601
27.145905 98.611147 30.701230