60.433969 73.674503 36.417597
8.536621 81.752523 28.253416
5.449175 91.949159 31.979739
42.618242 22.682166 25.692006
12.939113 72.143155 25.306444
89.958598 25.724551 25.949517
74.076710 98.449799 30.860464
39.717616 70.885381 25.124665
67.575084 5.801554 38.628867
20.887071 16.185978 28.276217
48.039818 62.519476 28.768232
68.421633 37.271271 35.312077
89.733004 30.217210 42.221832
34.414457 90.989004 40.734980
58.281263 22.587152 42.034051
84.430656 15.575685 33.627740
53.470415 1.134018 34.227356
80.799138 76.447135 27.978478
63.205032 63.303878 41.766959
45.338137 38.072875 38.695946
76.398680 36.995915 40.310072
49.846301 67.743351 34.412292
69.779636 34.303402 33.179434
20.419069 86.295751 32.708278
26.693573 95.658991 39.664593
23.370717 13.598414 38.063943
44.213256 77.073367 38.060649
44.032979 50.297796 42.817953
45.210512 48.074927 40.405217
57.585874 22.949975 42.952207
11.495979 35.643246 30.286592
83.711899 42.939082 40.250637
59.723587 9.821320 31.755047
52.294520 17.984709 40.965393
69.221338 55.953561 37.807647
71.904584 12.769437 25.451237
25.092637 89.005270 33.369984
28.008694 6.302116 26.840473
68.914779 22.092836 32.196633
37.117072 52.902597 39.684679
34.582068 14.910737 27.726735
18.335263 96.378900 36.487549
90.102244 70.056052 26.221102
84.975652 40.161309 31.551890
89.550361 72.103401 35.846118
35.745670 10.828325 37.759115
63.103653 70.599414 40.463121
49.616317 73.644608 26.334163
82.874862 98.617663 37.449720
88.400623 46.890401 25.814058
50.813622 51.946892 35.592712
95.058059 11.489199 28.610791
13.708764 25.894766 35.878862
69.423281 15.910752 38.237342
6.044689 75.101096 31.846453
62.771268 98.356721 34.663431
51.013894 27.737191 35.037019
61.508084 37.912974 39.210321
70.919462 81.965695 30.545686
3.689728 89.030640 42.194918
52.874712 17.990922 35.193702
85.103447 48.424382 31.778020
11.323167 78.893719 42.166226
6.634917 40.409717 43.567292
58.960873 57.196231 35.791361
7.043087 77.003995 34.361186
95.193209 79.043154 37.253353
17.661051 71.373514 39.652100
21.109152 69.327523 42.068563
18.166013 42.374288 34.077516
0.416586 53.179916 27.191001
10.869969 46.036740 38.897648
19.968668 19.825420 37.042153
85.368556 86.638721 27.447942
69.278251 75.262850 29.387828
82.172103 92.410863 30.097303
6.181773 54.470027 35.619904
11.838173 0.788755 30.667232
13.018565 12.611452 42.158782
67.701557 67.489467 32.442978
2.082187 72.198119 34.825047
87.519335 28.955310 32.107060
25.421445 98.538030 39.580697
11.756027 43.603602 25.023278
15.054482 38.397919 32.404862
69.653856 84.953491 25.882265
31.938026 84.079249 25.063477
16.274464 88.309419 37.419356
49.467062 36.637629 39.722955
17.122502 81.553199 29.936487
73.690712 84.825458 26.096561
19.422916 40.700678 30.713993
72.996122 94.581523 36.794261
33.156024 44.032603 30.221943
26.150086 69.808498 35.940090
47.444016 13.280153 28.257579
21.223682 40.835632 28.071380
0.091184 82.629929 32.248147
71.954435 15.115165 39.478338
19.879641 5.541901 36.586511
49.155023 89.518136 43.701278
96.745758 50.767905 25.789055
17.033528 88.442975 34.313468
97.753510 48.025415 29.125343
33.778698 97.538719 35.504674
28.157191 43.680397 43.290285
15.602932 5.403662 36.010740
11.993690 85.275474 38.000169
13.417448 41.524884 43.364767
71.251996 52.316793 38.223843
88.454489 5.449374 25.661900
12.591926 83.477667 32.872636
50.007566 53.444690 34.882501
6.764005 13.347287 41.757684
46.250771 49.251593 38.006660
73.930669 78.683884 28.596625
50.524990 76.817075 32.058345
33.981115 64.829875 43.244076
96.667757 61.306031 27.777052
96.476172 86.666198 25.093995
44.424824 55.626781 41.058502
87.250269 15.615591 40.658107
8.784918 0.720067 31.206196
6.633424 55.166791 38.576914
10.030129 69.035496 26.711119
6.364910 1.037383 29.930652
9.692347 19.753493 25.817081
85.271848 97.733864 41.557849
45.417690 94.489698 29.463606
24.320442 68.022896 32.578392
67.597508 18.161548 29.684118
86.548750 67.743138 40.964269
14.042073 22.454668 27.095598
13.358156 17.699594 26.875413
60.716161 41.662580 31.175782
80.331315 79.099757 35.734332
95.057396 76.025334 42.211901
83.621532 4.275802 29.016142
77.868101 70.712856 41.387441
51.682894 76.309800 33.516844
68.713693 53.197849 39.729541
87.890141 10.457484 37.807618
23.568798 31.832226 42.822817
17.791357 63.858431 42.898896
60.988139 4.236172 36.351627
57.700776 58.534352 32.902653
33.507005 48.785618 38.240254
62.903164 19.471766 31.980620
41.026454 88.871119 35.201625
77.142160 74.663548 37.217234
46.416642 53.094199 40.246615
24.300847 78.533164 27.981839
0.015624 23.132268 36.146163
25.382414 7.673082 26.391119
52.263415 38.400793 31.896725
14.517196 92.932653 31.947104
94.552508 97.047223 27.907520
43.551204 56.234708 32.611868
48.478876 37.547930 26.146106
35.309779 92.916269 40.399543
56.108856 66.574106 41.545879
44.189910 94.583586 42.973986
36.402418 87.785214 30.615267
36.705287 53.740696 29.589363
55.333879 70.724875 31.457145
92.084695 10.437421 25.630177
6.185993 84.449247 39.544842
2.409395 60.343405 38.158419
47.944510 88.415727 30.269638
47.871309 14.838227 26.428844
67.225919 93.901394 28.310378
46.664822 9.479036 42.026082
35.531401 78.261313 42.541180
78.084036 94.638520 33.428120
97.720247 53.989287 30.073382
10.800659 47.289709 25.886151
47.308622 92.985253 34.450651
9.135461 45.187099 31.355368
63.859607 72.850892 29.840191
84.554081 14.775356 35.865682
84.552590 73.944970 41.260038
45.297798 78.602742 29.585649
59.184309 26.830609 42.562023
74.245032 97.940691 29.656907
38.816065 74.327052 31.537381
63.163176 97.689235 42.243711
0.935681 40.327323 27.921881
71.261075 24.025788 28.455595
6.801819 64.415312 35.641866
22.333027 36.589184 27.159695
53.926925 15.615643 39.001115
62.917020 75.748032 26.285983
38.178233 95.578375 39.239200
13.166562 75.193688 39.185732
85.434868 2.406476 27.880494
14.762121 73.372193 43.540020
97.291389 20.448908 43.476157
99.788881 16.960661 37.588240
76.358848 43.431722 30.681729
94.113234 65.643643 38.605621
83.908629 1.056717 29.818049
80.434117 78.600322 36.303399
60.285648 88.686413 31.244899
2.119210 13.755577 38.689629
85.934058 94.848246 33.871999
19.987562 39.795159 40.306057
24.100161 27.098995 33.541377
25.290051 89.973902 32.876432
8.430788 74.695014 37.625476
12.820453 84.265523 42.187566
18.634837 84.019352 32.971259
21.932390 84.896657 39.605205
39.311044 7.968540 37.132949
53.590599 67.874096 29.810721
54.416853 27.312257 34.664501
78.851196 10.483472 39.765223
48.885522 77.918164 33.181369
38.142573 39.244348 32.786153
19.292703 48.272400 37.050326
40.369028 64.553744 27.775049
30.657490 95.350513 42.560729
64.507293 43.323425 37.328239
69.535768 71.715204 40.157624
6.800007 51.034792 29.105717
38.199869 18.152724 34.119619
2.467994 49.478667 30.507426
55.293091 22.484719 42.442257
87.288486 56.684908 25.249485
61.900972 45.635809 31.036145
87.671836 66.459232 43.376038
42.423009 20.672414 35.496511
43.457208 88.309595 31.027297
44.081004 16.705828 42.508247
42.449905 17.972313 29.051486
82.469456 3.656652 26.183629
46.642176 40.424952 34.871646
89.472604 12.197366 27.558184
24.811873 77.369076 35.288616
72.323853 91.851513 41.656235
76.262174 92.050785 39.553051
38.874556 71.870897 41.968383
93.123534 0.498833 30.068352
84.048089 52.122261 34.805146
43.710635 67.423776 39.204252
80.208785 29.828109 31.658463
13.698562 11.359479 42.020102
17.453380 91.607904 35.718868
85.458890 24.796655 39.745083
74.484994 31.334852 31.511075
43.316001 48.507389 37.986365
49.628308 34.197346 43.339044
85.193977 98.965555 27.697540
78.591055 8.013402 38.878150
12.301393 44.867767 42.540349
83.153959 53.523961 26.833304
90.909095 42.253748 31.891971
27.556862 78.608427 40.065644
68.276305 0.841922 31.089614
39.276276 99.470871 31.529599
94.971118 11.874687 28.017018
48.782504 58.041661 31.582124
44.578112 51.919589 41.520651
5.721991 63.544559 28.797549
63.541239 24.386205 27.400244
84.851581 64.953048 33.274663
45.069878 7.494400 29.234975
80.813435 49.664267 42.594894
62.586076 79.357197 30.524423
20.434778 99.696975 29.941084
98.582835 24.251892 36.448873
22.405606 41.675281 38.959910
4.075900 92.265844 36.819686
87.692450 43.926416 41.026530
34.619944 0.817502 30.907321
64.980662 50.075582 25.338503
50.781982 56.471522 36.243036
37.336034 27.336371 30.037028
5.820810 25.965278 34.270611
99.929635 37.890796 32.040670
16.742149 5.800146 41.282324
46.941956 19.192388 26.068746
99.301808 91.198837 37.165332
20.205382 87.806373 37.208890
24.641299 62.469338 41.344484
74.347368 62.226024 40.305007
64.691090 32.944953 28.522910
57.487473 17.678882 43.529563
92.587229 36.967965 36.343281
55.632847 75.361936 36.215813
74.814220 16.518052 33.596540
67.942472 2.087552 26.169899
24.916718 30.643488 35.473546
22.340552 18.943524 30.396039
21.087132 81.670069 35.861342
12.800010 95.867334 26.348407
80.476584 54.315373 33.114154
36.770872 65.688237 30.623945
67.886294 96.113009 30.805276
60.314337 15.770310 32.503872
9.968527 48.701723 27.487552
43.787724 72.262910 37.267298
47.010074 8.954685 34.775477
62.330024 44.459801 26.156972
49.997592 70.727734 36.020862
75.394855 85.757665 30.366727
60.649043 5.804831 42.278120
14.204986 31.015098 32.992274
74.372428 83.997291 32.022088
47.117224 17.721601 28.819870
76.935518 95.647757 29.817534
69.668180 88.948895 31.741516
90.192999 74.084444 31.372640
35.751452 74.985727 31.555215
71.643842 63.963033 43.736843
36.576433 59.098945 34.510936
84.933368 10.053060 40.081074
62.658889 86.001813 43.055221
51.284554 13.840125 28.817345
84.420427 8.428436 33.655863
20.313300 70.352713 32.735962
56.240329 66.163391 41.542831
17.600743 50.550524 33.016248
37.331283 62.297555 33.452167
29.092331 46.520844 32.191492
35.951202 0.156331 43.493759
96.019101 78.721007 30.792264
76.965772 52.697767 39.973262
88.038457 20.540906 42.894234
77.935275 2.152123 36.653497
51.287586 39.262865 28.877869
83.824934 30.095366 28.591047
14.842556 1.595016 35.908455
30.225618 24.940749 35.894426
28.497190 85.000805 30.481413
59.854195 50.770959 28.921400
34.760411 10.026230 28.573184
19.739467 19.821543 33.774053
57.665714 46.876383 32.474856
35.501857 62.513146 40.236405
27.249351 8.412770 32.339474
30.038383 22.091211 36.224516
52.180892 62.610876 25.916637
88.731642 2.961014 31.449378
26.834278 16.944927 35.066357
74.594303 39.325301 26.911982
48.680364 65.560346 42.329324
35.416480 10.830078 35.921719
64.665789 12.931928 25.487916
15.552785 4.477135 38.886643
84.673212 60.605380 37.336855
25.773709 44.876698 25.261278
3.798480 30.219520 37.557284
53.727035 98.777229 41.987802
14.087753 41.211797 35.188078
99.908010 12.311496 32.063403
26.495981 3.870269 37.840439
61.625220 54.685200 35.760833
77.727806 82.836140 41.911101
20.462058 84.586744 41.587117
71.710460 97.247763 30.980729
13.442421 1.783574 33.749909
50.074061 77.717392 29.925980
19.536321 32.381843 39.893069
91.011263 13.645423 42.625882
72.874987 14.851093 41.394545
65.687208 96.826915 25.211753
30.844577 98.527584 29.352720
35.792400 11.069146 42.156974
38.636138 55.950442 34.450183
80.255939 12.529640 42.558119
23.159428 17.281958 25.565560
1.394014 41.823481 37.390772
64.652549 52.928398 29.128794
10.105489 9.591071 38.206631
48.372835 7.789670 30.798216
72.568866 71.648629 41.983514
0.318561 89.107432 36.207066
64.398946 60.949013 41.807243
48.819295 40.187208 26.518982
13.209694 36.219043 25.628530
36.935604 58.368854 27.357576
24.388556 1.286328 28.219888
44.613326 41.289770 34.119165
31.586411 68.260262 32.551593
70.059589 98.176378 25.998887
91.502513 31.239600 31.871342
81.896195 16.173438 33.460080
20.959129 4.524466 40.578747
42.880470 75.368458 37.388467
6.674154 32.030846 36.408987
22.407158 69.393318 43.519941
84.174238 92.028311 38.144397
21.687952 39.718792 40.006679
88.564302 77.219982 32.960793
11.374818 62.928963 25.814932
31.847084 27.856670 30.855781
92.366946 35.555370 29.456983
75.255335 12.290435 33.697513
39.234547 47.613480 39.205000
79.791673 86.637649 38.712052