92.267312 25.613127 31.767895
26.000516 12.101556 32.228990
45.509684 17.757677 26.198406
86.820059 97.725052 26.332826
20.858886 94.131834 40.686375
36.537222 45.372940 25.211915
66.529534 38.360845 27.944582
99.260486 87.618672 28.456116
14.168054 49.353620 41.011917
56.493535 54.420457 43.372716
2.176410 53.518261 39.686084
90.937412 1.202729 33.242250
39.982076 42.416590 35.881556
73.731767 87.386896 37.519655
18.873074 29.089414 41.127324
23.944191 33.986070 30.472581
89.081131 10.722733 28.945444
59.111678 36.634611 29.942821
52.407288 24.809708 29.746116
73.518446 20.072312 36.416509
60.193923 4.101898 26.800002
25.168670 58.543104 31.481180
80.662090 15.593202 28.000624
66.806497 65.055813 43.296822
76.669767 2.955832 36.906520
76.903088 30.276125 42.822265
71.235093 23.865896 42.325502
78.270966 25.074676 29.582976
38.815335 48.814925 42.293866
63.036722 54.456497 26.080058
90.201363 19.022181 25.314812
31.467609 0.918903 40.803874
76.392648 53.929107 29.189337
98.784278 92.270578 25.142708
84.904606 30.648868 39.594597
71.837877 96.887073 26.308179
67.496116 42.274104 27.565429
20.472131 64.767229 28.571145
37.006895 4.223012 25.211913
11.044726 61.733652 34.241365
38.837337 76.201413 26.086203
87.689198 5.502744 38.314764
56.110632 41.480725 32.358429
67.693793 87.810166 35.089338
50.635454 57.832229 36.487862
50.473434 18.968783 41.363686
18.727805 66.419350 34.179631
44.233058 68.818853 25.125739
5.774669 20.952733 41.642887
50.908604 93.591274 34.661069
76.821042 85.053338 43.527345
90.139711 29.660450 39.183960
43.397500 99.139873 42.104646
53.072683 96.965081 41.033726
11.810378 69.765174 30.304446
13.913903 77.874206 27.627937
24.484961 32.243863 41.259713
92.139538 57.516547 41.442243
91.697751 76.048807 41.250316
9.863505 54.516806 29.742297
55.676389 69.928879 35.908497
81.260608 57.021863 40.211164
88.030343 48.123881 32.637954
43.140707 80.572498 25.949177
62.140349 13.005066 38.733138
4.705711 8.822967 28.532996
39.874185 63.249339 32.940326
11.479718 0.976415 28.039512
9.908233 93.463733 38.019228
79.441710 59.528825 28.465019
95.590152 71.460576 41.256599
71.219677 74.091392 35.401527
47.201784 51.453622 34.843595
91.690734 94.752081 41.760086
47.357048 75.416746 42.138160
46.497145 42.107945 25.330062
97.007541 44.218483 36.945239
79.971781 68.969595 34.275537
71.095525 86.074910 36.796129
14.336672 56.119834 26.373832
54.476607 6.046054 36.138160
61.609091 54.661873 25.380411
17.655907 67.302057 27.563666
10.131150 34.130483 39.195284
20.297816 45.891296 40.129055
85.011239 10.868197 33.249322
51.956683 89.172507 34.382647
30.769872 61.215354 40.728922
17.245346 88.258622 39.738421
89.329060 5.314494 25.744506
92.155169 50.468278 25.424020
70.060105 13.775713 37.769120
23.838883 51.705035 39.113904
31.932968 58.857205 25.633178
46.797871 5.808344 40.085485
18.245092 66.292144 39.305380
97.829173 69.714410 36.040188
81.403514 79.041758 34.199275
88.460864 77.774809 39.290164
7.279877 48.100381 39.674541
95.150422 71.413257 36.675543
99.160098 24.023302 36.669903
47.771921 93.287796 29.206816
0.089395 73.220490 28.789980
21.527359 86.324942 25.087181
70.797540 74.638083 26.128414
76.512059 11.538569 40.469252
1.203618 80.973694 27.583361
36.288837 51.821419 35.674833
1.942057 1.288232 32.939414
70.669027 55.969841 29.133196
35.505802 42.102611 31.896011
59.373260 97.953413 31.551668
2.637609 41.387293 41.945605
77.303981 34.744507 35.050848
97.777297 83.260711 38.472858
86.019308 18.772064 38.943742
97.799989 53.709741 40.298848
40.863738 51.706603 39.751607
25.732916 18.963101 30.898878
76.175536 54.230971 30.599517
84.608686 22.020013 33.499431
96.557181 25.246665 37.223345
12.309225 17.873638 25.457905
79.104470 72.918908 25.791746
4.702730 51.079574 31.945652
43.133867 71.663916 29.040877
58.481274 30.069358 33.749098
29.521211 1.989699 36.038989
13.471774 22.429366 28.893760
48.539817 91.083722 41.043488
40.293351 91.690974 38.382430
14.152372 74.995892 28.537393
20.387990 51.205568 25.467658
72.655781 0.074743 35.744319
85.430999 94.945764 42.958811
84.679220 80.289352 41.046955
69.600925 72.465801 41.620497
25.048295 51.599026 38.899565
23.010781 9.372495 37.156565
39.686000 87.328905 37.516190
31.924076 38.270437 27.385833
69.929176 25.239144 36.530900
59.109259 33.549684 37.417948
71.153215 16.452178 29.047411
61.720668 63.177350 33.200171
80.153825 86.762666 37.382306
61.079627 90.653082 28.507542
35.144590 46.037878 29.192984
64.779866 43.349695 42.447606
50.927683 77.117204 42.234479
76.039511 58.376374 37.569526
11.286862 96.929200 35.111101
88.729843 47.571059 26.662664
78.285159 29.894631 36.830838
61.667279 8.453241 42.349310
27.610890 50.930204 42.484014
62.144853 34.034914 26.621302
23.644588 47.437445 35.407431
48.474463 26.351517 32.836665
45.548029 62.801203 25.789537
32.002294 2.552358 41.870251
84.530017 18.130275 27.305659
46.611363 26.923397 35.995592
2.981909 93.371231 36.879618
90.582362 75.342344 43.318567
60.135766 40.752425 39.888897
46.383043 97.510300 40.893679
95.206309 83.450538 27.247625
85.910858 32.653742 29.391010
32.246777 21.388140 32.242998
38.503020 44.094457 39.703362
58.559629 36.843939 31.865073
78.079069 69.467038 38.932387
0.052383 48.046154 35.042442
90.769854 58.742190 27.809396
58.627978 95.783525 39.566362
99.464426 27.950775 40.110545
17.482194 36.565563 38.415213
21.373715 16.098984 35.939065
33.613792 22.723454 30.110895
90.816249 78.313035 38.315148
3.643290 49.189833 28.894411
61.746304 91.283112 34.838087
37.102891 15.173564 31.986256
10.579804 33.738121 26.642392
91.271552 65.054433 38.246247
3.519960 93.620368 31.020283
57.181680 83.793949 41.328055
21.060584 98.437987 25.901125
83.575256 68.787721 34.884319
70.077771 9.279102 26.773135
8.428318 82.395821 41.062620
44.468467 43.063541 42.150486
8.081583 34.549774 32.108455
81.596355 17.253748 37.175571
94.519178 51.099131 33.296027
65.017307 31.521950 43.720118
32.173952 95.264972 28.356715
73.194196 69.380107 36.748820
25.571436 67.583512 36.339897
97.125614 21.808192 35.327221
92.339223 63.610492 37.983062
38.351549 12.685044 42.819860
22.460139 67.571796 34.919517
88.989612 24.287852 31.659768
62.634903 78.146664 38.546217
86.056168 50.894981 27.934830
96.017337 65.654145 34.339108
94.719945 49.380590 34.554712
23.964862 76.311414 40.537719
54.656590 73.845505 33.644506
76.717195 31.463062 42.411365
73.182823 60.302278 29.264736
93.441739 72.945539 34.708917
56.552951 37.615002 36.302945
3.044445 10.221181 26.353406
20.295371 33.026217 36.895012
71.465888 9.257085 34.723947
60.920538 22.589748 43.265349
85.214524 6.461007 39.920517
45.293279 55.183079 31.722269
9.085331 72.122585 38.552064
85.233158 23.544944 36.085290
16.575922 98.498351 26.217242
65.051941 16.061599 37.680279
77.856952 35.212785 39.461144
21.916990 47.696201 29.315938
63.905138 46.564693 30.934757
3.427507 78.281201 42.750457
43.063270 59.057962 26.991100
62.323681 90.250742 28.457277
15.766139 12.870625 35.249627
72.208128 59.395202 27.085063
50.810265 92.092523 29.675296
39.399444 63.959716 37.235141
48.217098 71.360824 30.851076
55.544606 66.379300 29.243952
5.854826 92.123345 42.650417
88.595537 50.795798 34.310070
27.629225 13.924492 39.759876
65.646080 50.008643 26.086243
98.369488 51.738075 32.642506
35.136510 18.275950 39.164608
18.463340 2.291703 34.553449
51.829438 84.724469 25.637319
84.202181 44.354459 40.053109
86.760276 95.493490 40.267693
96.951491 16.494517 38.764673
59.679706 71.324095 43.243346
57.457088 15.886155 33.649708
47.523702 26.839726 27.255373
80.240338 82.379637 39.941859
51.206419 57.225729 36.598692
90.831516 75.960697 27.446826
38.609228 33.427761 41.599904
94.694691 24.812043 35.907240
46.423646 54.958988 32.251459
84.222200 83.930965 42.343930
57.647511 49.669698 33.281917
22.640465 20.040473 30.037975
72.991815 58.597624 41.969432
29.565048 96.868438 33.054109
37.579094 20.619083 33.801993
71.117374 52.717769 30.106032
86.625468 91.059846 28.011605
30.630217 77.627676 28.673782
7.882597 16.049490 27.433401
29.998308 9.674296 33.713885
95.805769 66.895993 36.690589
67.987398 25.273736 39.881759
36.837576 81.212287 36.299399
16.794612 58.472029 30.769941
50.534147 6.671906 39.495234
38.406629 39.594010 40.116942
79.858181 86.726367 37.950926
86.614766 7.805090 38.164447
16.475093 50.200384 25.495643
72.545344 56.359728 25.170068
78.698748 56.898649 26.728399
55.359104 37.499111 40.094678
0.837245 67.315368 33.000678
24.239525 49.031102 38.774922
18.332862 70.711797 38.846501
15.834354 85.772013 31.769765
41.591631 68.150228 42.221927
83.819152 75.483002 38.202719
49.813724 41.337331 28.647201
3.082929 68.403006 41.320636
22.697517 64.796841 34.702597
27.520615 28.139702 31.081350
61.855458 48.073214 40.832145
75.315351 30.979596 42.142479
11.647630 80.627957 40.260323
57.476489 62.482949 28.449198
59.756593 55.042126 30.202380
32.994900 93.157742 28.503341
36.394676 97.529172 42.722594
81.918698 64.927194 35.976413
62.008045 50.105987 25.449377
5.390323 39.145275 26.790544
94.007002 12.377380 26.808440
19.324304 43.845135 35.940394
9.779577 29.056474 38.602464
67.768884 57.386462 28.578706
80.234355 75.110055 27.743822
25.779902 73.446540 38.953027
98.647161 51.342246 32.241476
79.627306 39.228248 43.366689
96.440935 25.214429 32.980480
38.881561 9.913552 38.301127
11.361288 83.681673 28.181963
34.900328 87.221726 36.648812
92.852990 7.055628 28.682769
56.749032 35.464762 43.362645
94.582631 26.397667 28.927119
9.841086 57.163731 34.149441
61.172703 19.225221 41.355116
60.063242 71.568235 37.994953
11.803596 51.321227 36.226568
27.502112 73.121452 41.402119
6.614010 55.484251 36.434809
45.472614 42.190354 26.990282
45.486861 83.514696 29.165070
35.707100 75.554515 28.468508
19.384429 49.743907 30.154963
34.065567 25.975424 38.910037
90.959486 64.154267 35.420137
97.493259 37.078170 29.388604
24.009374 52.733497 35.685478
31.491888 49.322107 40.743910
68.965406 90.998535 39.929875
23.071852 8.311705 25.118958
86.987718 77.549692 41.481093
10.738715 34.713187 42.031959
33.878794 3.905853 31.700434
78.993536 91.833645 33.431716
99.583526 27.296028 30.718666
6.466244 29.775946 37.558823
79.856840 21.636275 25.327506
26.417804 52.985165 28.726978
33.155959 76.631248 36.849958
9.206474 30.122175 35.331872
21.075496 36.913234 39.190566
71.871721 86.296498 25.770773
53.262940 33.430603 29.723458
25.480044 89.907362 34.007456
45.689257 65.430468 27.929379
42.107235 36.756105 36.938460
24.800003 58.228714 31.948241
29.658780 88.897894 26.016694
18.072276 52.051808 28.899805
34.455093 1.579287 31.037998
97.120960 25.572326 35.806725
93.951508 66.404523 27.003825
72.092092 28.950684 29.134207
91.309897 71.465345 27.681677
15.516357 47.675754 37.272672
90.523294 22.804017 28.615845
36.804427 30.175562 37.266258
0.338851 27.185280 41.459745
11.575010 85.550683 29.138669
19.186851 13.366763 25.142020
46.970628 62.837684 26.741838
24.792973 89.108018 33.876912
35.962670 30.199130 27.001963
77.059382 81.747068 27.532634
70.374445 13.869691 32.837210
81.702669 94.323562 26.519962
10.761399 34.803747 39.757286
22.721503 28.031391 31.750480
50.286175 81.447234 31.047076
54.697797 6.636475 25.709542
3.783900 76.125292 32.919810
78.079290 35.791753 30.607278
33.862692 52.167286 30.990290
35.948079 22.154127 41.607960
21.222104 25.866088 40.386373
5.113838 79.040404 30.334151
64.619007 8.127725 34.448660
73.619559 69.368478 31.076880
66.039300 40.201730 36.771306
19.203058 77.819306 43.224380
57.189903 13.682118 30.859984
30.422940 83.246191 31.797782
18.744472 97.495477 26.250694
99.777215 16.250787 36.817607
10.773113 40.093185 26.050722
68.755296 65.426126 30.262646
21.912366 96.762662 34.752124
24.408181 5.241099 34.900753
0.739940 35.471988 33.868629
49.699352 70.644491 27.374416
26.700229 42.096038 26.703400
99.259479 8.783933 43.272654
25.421949 99.512767 33.201397
62.848740 64.957033 39.970643
97.149970 76.341920 28.546199
76.865796 71.462489 26.419660
98.671595 30.160935 36.180329