49.431637 24.205782 16.772449
18.596497 85.925748 19.445466
24.514721 91.757400 26.067932
72.807594 13.894199 23.676368
0.754405 1.404161 15.453761
79.835501 23.809927 17.568554
22.575359 95.646086 25.620100
66.568047 87.831852 17.533121
84.915847 78.996367 17.003830
93.587871 64.092996 23.240004
80.047502 16.197411 20.312799
65.944731 59.031050 25.815948
80.445468 65.530991 20.143995
16.343401 37.464473 25.649068
81.852738 7.745714 16.353885
64.107596 82.514184 20.994163
53.463096 62.590229 17.501505
59.843073 10.057079 16.856257
61.237915 61.419507 23.176542
17.042701 6.466962 22.566751
32.117981 28.247262 15.171049
5.732392 39.764027 17.090251
17.419159 37.538045 16.972028
3.074864 94.234167 22.042464
98.370515 55.957932 25.498214
1.803798 23.629952 22.947494
85.170146 62.568019 19.498093
32.362792 55.308223 25.949979
33.374789 51.732149 22.198679
87.968800 98.887854 20.099562
0.249567 9.080328 16.029310
11.923318 8.256681 15.661034
47.810558 69.283109 16.781811
10.438941 41.911910 20.969205
85.649197 75.048978 24.685897
33.295487 35.222358 23.277699
54.319499 80.966209 18.374705
99.877015 46.370934 18.989064
47.117821 57.755685 18.273227
5.949436 59.114059 19.209087
23.385224 0.508316 20.795397
95.174007 52.354818 21.311851
4.580299 1.679081 21.460386
48.855763 83.492714 17.544853
73.163587 88.623715 21.627159
36.272670 61.877065 21.696064
45.854435 25.665567 15.640467
27.789347 35.115559 16.981961
22.829720 57.619520 25.496852
30.963396 80.769067 17.382614
98.799712 97.565079 16.812267
40.732823 66.094012 22.203345
32.259690 35.124183 24.963181
15.475671 52.779814 15.735858
44.819336 63.855341 22.286543
55.664004 81.865103 25.921470
62.877962 18.123397 26.088592
35.009275 7.342343 21.692807
34.414512 4.355123 21.539620
9.735391 36.869979 15.255771
43.191720 68.821020 24.218363
78.512657 34.022207 25.334813
10.453959 54.707369 18.168626
94.095724 98.304411 21.192241
9.183556 60.662417 23.164830
66.591151 25.660152 25.348814
33.981431 19.409169 19.725022
19.492605 42.667603 19.838620
78.613260 64.855793 20.630001
34.642357 73.614992 19.109651
69.169933 25.103342 23.498460
13.573750 12.756192 20.510191
74.036029 68.196873 18.572306
67.585895 83.097244 22.899974
69.609576 95.889700 23.500457
98.694513 21.209069 22.042892
65.461872 68.517699 15.204084
74.723618 99.740394 23.409184
16.820987 39.000104 22.595588
35.922189 36.800705 22.857158
84.585058 1.211618 25.063902
10.117756 93.499625 23.995757
47.296059 12.645387 20.743257
48.753989 23.939399 18.101853
33.662722 41.925862 20.808819
93.141173 66.755554 24.562048
37.345593 6.736397 21.410923
12.409550 68.543182 20.946430
1.723870 12.681027 15.796049
60.822626 88.041369 22.882887
16.522728 97.191325 24.784727
48.914740 7.268974 17.541520
48.084043 59.542453 26.206460
6.290467 73.791951 25.182294
45.767207 19.424474 18.569507
88.182190 39.173854 19.295450
65.846358 33.032283 25.666016
55.383828 49.407666 16.398691
89.539660 12.696308 21.076237
85.910317 39.209976 16.079012