30.541028 32.703125 24.918279
81.789864 67.217748 17.308842
47.381990 29.971029 19.062928
70.793921 17.663194 23.069675
32.115368 67.642900 19.263677
14.851270 15.038762 17.997659
57.218546 24.463733 18.603297
35.231228 28.054353 18.528145
27.328421 46.011879 23.965055
13.950229 94.019359 21.796718
57.807720 82.539858 23.128978
74.170502 45.504080 17.195926
15.035367 43.496114 21.736770
92.455118 97.263714 21.104552
7.832114 24.739571 16.583435
66.408882 87.548250 25.064300
55.665976 79.593334 16.250268
7.418089 80.673522 15.671057
91.956337 27.980621 18.606727
30.418812 65.731436 25.595733
61.235005 93.376625 26.066156
2.685991 16.597948 23.844445
21.931757 74.704275 16.229089
63.804196 10.923891 20.053415
73.213857 35.843623 17.366734
55.456270 60.444969 25.462331
49.711941 46.022705 16.493394
2.645750 43.004124 19.580777
94.523966 80.507252 15.150446
83.119368 45.784298 18.718651
13.748297 75.893548 26.096595
36.175569 66.871376 23.268788
44.361131 81.832424 19.369055
8.570986 11.371051 21.218621
27.147962 18.817392 26.184276
8.511209 60.336934 21.488586
13.121138 56.261676 21.162091
83.862842 52.958866 20.644636
34.890846 16.418809 18.024951
33.074775 22.022419 21.891625
50.317676 65.672761 25.154207
4.996328 27.027030 20.440257
18.936110 57.026880 16.424289
48.132733 61.715809 20.695368
84.481400 63.908823 19.259827
84.070317 67.243862 22.974576
76.417303 22.213942 21.987966
26.736634 60.790299 17.474159
19.794350 3.364521 21.887326
14.912844 39.328053 16.107434
50.209473 27.583529 16.350710
5.950086 74.311059 18.378911
15.602625 68.842871 17.385922
94.353260 44.930890 23.024023
34.011344 55.061812 18.954439
81.776375 0.348185 16.534404
68.097076 46.930222 15.467599
92.766366 77.841207 20.318692
97.266678 89.816554 17.567185
84.774449 16.046116 17.748631
50.661804 11.399042 21.559343
68.555782 58.125750 22.697164
95.307745 38.891134 19.611988
15.445571 73.711112 21.176210
81.579389 89.632246 24.108819
65.762221 43.273923 21.319541
16.162690 76.896383 21.245151
56.897817 25.019410 15.272850
89.138775 37.599493 25.100509
34.334187 69.328066 15.347783
26.560899 34.414897 19.862749
29.714550 6.547708 17.786175
48.981077 70.611777 23.586248
71.011030 68.399366 19.467180
12.034201 50.183956 23.056894
26.368208 37.087641 21.093168
84.909930 92.283044 18.332540
31.988731 93.948290 22.629690
7.403075 46.837150 20.482994
60.999929 60.713222 24.848627
52.557290 17.348293 23.288470
18.881325 19.304970 17.217959
40.098119 90.785065 21.893813
43.923667 70.585767 21.073269
77.558117 58.882163 17.922489
84.169060 44.089908 20.343887
56.741059 46.195539 25.228466
83.429937 29.334258 18.215156
83.134997 45.884351 20.254360
48.639546 71.356713 17.774902
19.905256 99.614171 22.317790
88.682087 23.080371 20.372628
2.302056 5.537060 22.848031
76.906660 98.905688 15.016008
72.123391 1.843888 22.753459
66.515024 43.560696 15.867003
40.954497 19.539888 25.326639
52.543602 83.438344 23.988042
69.278216 46.960013 17.112878
93.889606 50.504294 20.223074