96.884627 43.471425 21.447138
11.375550 82.623553 15.264997
11.775405 99.762212 16.454307
1.807092 82.656727 21.972647
22.718284 34.544562 20.161207
42.507279 66.726690 22.805061
80.347373 60.080038 20.655209
55.141874 10.881700 23.288109
2.105639 37.396836 25.122519
88.067239 35.470145 15.757632
82.052748 37.062296 17.906264
34.101061 43.097432 23.640562
8.849803 74.539077 26.034287
67.349767 15.169820 18.732235
18.010016 70.721020 25.379199
82.023683 35.240333 25.929242
56.877372 46.011427 21.778983
34.927506 2.041153 23.870881
80.965867 19.622584 24.274024
54.521151 46.520605 22.939197
3.886339 94.932849 24.235635
92.998264 13.183046 15.927838
7.876492 26.943129 19.059600
70.405751 6.095827 25.727121
47.854743 27.977639 18.721233
74.085326 29.869968 16.174413
97.662023 68.053352 15.127078
62.301944 53.610268 20.174076
76.567043 42.499432 21.370827
18.164856 79.004007 25.211703
26.827714 26.106749 23.659103
89.764859 80.981808 20.836214
47.610666 49.946020 18.860814
79.712536 49.861955 19.083351
50.817375 26.200598 22.841900
77.101458 9.410428 20.660822
9.695737 79.994734 20.037988
70.241699 59.655906 17.973615
57.453294 25.905135 23.363067
63.469992 92.319747 23.308721
74.131671 23.049621 20.180612
47.357711 69.254831 23.788135
91.199734 19.029648 24.106585
74.175747 64.319970 25.847377
82.369193 33.430301 23.122446
47.860104 83.454221 17.925661
66.452940 92.218564 20.147084
86.006416 69.644318 17.162118
38.187542 74.231210 23.418273
18.666243 26.893626 17.384014
78.831805 0.806221 15.298579
10.178874 64.214040 20.726379
76.054267 40.430858 17.219542
39.758216 60.799703 18.769043
95.019100 74.544940 24.636426
99.331290 63.607046 16.523151
46.783257 51.307996 23.075329
58.845722 82.571625 17.429586
93.386168 75.716036 22.906268
73.085502 18.091141 25.845036
74.851076 57.486035 18.252593
13.103946 16.814118 24.677764
5.860702 36.937966 22.886053
66.310753 45.957169 20.184316
57.183321 27.396658 20.604953
4.024692 55.460357 24.294907
46.348774 59.226503 25.267228
6.605601 45.817252 20.435669
65.279661 47.468927 15.780987
75.512632 86.883580 23.694982
28.993525 91.274228 23.784052
15.222070 67.694666 23.731920
91.042075 67.916555 15.493793
2.500646 42.205560 22.551082
65.908835 68.294144 19.141152
98.383194 20.244036 16.938140
30.639199 54.196373 15.191107
45.749634 61.845410 22.132765
33.837794 34.050080 18.218080
79.545316 93.869304 17.778011
15.562874 91.201569 22.020261
26.134213 79.346888 22.509205
73.066738 21.111395 21.824727
55.787906 9.821312 19.215274
79.339763 38.825726 23.594835
34.952693 6.439533 20.608465
75.400157 33.634436 16.095224
49.107317 67.157317 23.953098
26.292919 20.633767 18.758115
67.922204 89.741831 15.887243
64.176745 63.371431 19.850576
31.626855 1.959173 17.701757
28.254485 41.981039 19.310401
50.914975 45.446588 23.335280
11.040743 68.897439 24.944339
47.518047 79.213840 22.969492
1.180540 35.413457 25.760890
29.796889 36.401191 17.494159
27.552953 26.635084 16.578826
61.004155 61.268162 21.731603