75.462374 12.059120 25.960905
45.243645 85.035273 17.055924
40.321714 79.364185 19.889107
45.633423 89.632738 17.480912
32.853547 75.947654 26.132212
14.563075 78.971012 17.153995
76.730840 29.969586 16.970378
57.838149 68.234401 16.388981
46.010363 25.468053 23.386762
11.638670 23.493758 22.941615
38.568854 61.034780 16.496346
34.077087 83.645739 25.877773
79.842013 10.449388 22.820371
77.768186 52.403896 23.835438
47.184591 96.488520 15.839562
20.140701 5.881967 19.268171
2.068286 32.136135 23.065799
30.034731 93.226688 24.413845
15.672996 53.387507 21.625589
9.956586 9.574227 21.046354
58.213957 92.942680 24.583019
1.266924 34.913036 17.815899
43.142223 43.203929 20.002704
23.393898 81.327543 15.013145
63.900007 18.847811 16.863674
36.758256 53.195325 23.120982
77.466074 61.187689 17.708993
63.359033 18.662229 19.224301
7.067965 75.912470 19.691199
63.102929 18.702283 18.298750
15.832174 31.698108 18.828220
81.546771 88.732792 16.705004
13.097795 59.008110 20.155113
37.080194 69.272833 22.733554
21.120954 10.822175 24.891508
14.255411 61.039265 21.009784
55.005336 27.138427 22.097277
17.401238 14.267984 16.094866
5.760238 36.689786 16.254588
38.138197 69.283075 22.452412
9.201688 69.006538 17.800897
10.005569 86.728084 16.008577
39.725037 28.267281 18.811837
30.011861 58.278575 23.384616
91.407916 64.244230 25.307069
12.830881 52.002044 25.032215
5.835133 50.682623 15.868844
91.727581 84.366142 24.532680
81.580969 78.021951 23.321600
21.968772 36.001125 21.078100
72.536250 87.834748 23.911029
40.443787 88.074515 25.070340
82.544696 92.200972 22.896834
53.442167 79.632126 25.375833
4.347517 78.523481 17.062610
6.027571 10.771824 24.137600
78.546349 29.692632 25.168000
9.698296 78.251243 15.186420
77.420648 39.885856 22.919472
88.982367 13.971105 22.201590
65.153246 35.113888 16.155098
30.262047 0.268674 16.161187
19.096023 52.285878 19.839870
84.359214 11.146853 17.479574
61.944621 37.349975 20.895523
85.885007 30.783820 18.133802
37.251170 4.853509 24.928410
5.527889 74.785387 17.268224
29.409436 27.646193 23.933810
92.357687 15.167654 22.519106
35.187775 99.131983 21.716882
42.626289 91.879463 20.028498
61.861439 45.677485 18.946354
65.442212 37.756320 21.229797
36.515195 53.110845 20.927082
23.521168 51.047016 20.016274
76.691018 64.611511 24.498859
7.174612 95.551096 20.365791
16.894250 42.769341 25.920602
98.867076 8.837968 25.449620
88.312607 15.135119 21.798566
71.707905 68.923816 21.984762
8.556648 73.010701 25.314080
44.226919 45.768231 25.683099
46.591210 32.819620 25.263836
26.533971 4.145821 25.214393
55.852191 67.530950 15.784225
61.300855 87.603866 22.750614
71.251022 49.108036 22.985534
15.255702 89.785497 17.792879
30.470673 52.636507 19.223633
0.149973 82.382199 18.150253
92.544115 63.086786 22.578834
98.064147 14.623800 20.934151
28.631391 69.029033 19.041557
11.440970 14.244726 25.517820
39.148843 5.538208 15.259701
57.061542 63.886322 17.628943
73.896094 26.541499 22.375328
89.075961 31.412601 15.815167