31.233350 76.906208 19.229925
95.521170 29.052980 24.618943
30.751705 25.528533 18.956815
44.624833 39.194099 15.126558
45.929696 96.259905 20.574885
69.872537 5.457362 21.754001
46.843863 62.490090 18.248628
33.503497 34.032060 24.613104
24.968139 19.155706 21.682672
87.090589 41.890972 25.556108
27.173334 11.120895 24.372024
94.618244 28.330166 23.326160
49.549178 94.483883 15.247096
81.081264 35.707311 24.699163
45.308128 33.115248 15.260577
86.207626 60.362756 16.582423
9.556088 3.444324 22.224453
74.760596 56.977708 21.629131
6.694143 0.152215 19.049303
61.862499 58.684870 24.707053
64.750286 20.543785 24.781223
85.311094 35.068068 22.254292
39.852419 26.415385 17.952032
59.345804 30.899907 20.004801
16.464074 22.111499 16.626804
47.312260 23.797798 24.698387
1.549114 45.777337 24.788038
39.873763 10.141730 21.004239
15.716862 2.670656 23.839703
4.453914 32.374528 22.351865
86.371397 10.364419 19.754245
46.032143 38.591008 25.024756
16.423470 53.986635 18.117554
44.966012 59.280087 17.513620
11.941974 34.006365 23.173973
53.679663 58.092815 21.734584
66.786025 22.529724 17.112751
65.649660 7.062005 20.821848
90.211279 46.073393 26.095740
85.729209 58.249466 17.235596
80.454748 5.160781 22.226941
3.821033 57.567756 24.841693
72.063389 7.227715 15.134014
92.910467 91.628840 23.630326
41.394572 47.934936 15.978390
16.219477 63.857530 25.106523
87.896416 14.284924 17.133363
66.411155 22.882242 20.962546
47.893692 17.923070 18.299492
50.656634 18.102648 21.850755
33.182294 42.473395 15.498236
40.729925 87.731256 18.340849
66.301890 68.675548 17.503397
43.049829 21.221155 22.344914
34.337969 13.609550 25.447186
1.600521 70.630554 26.226719
24.800736 52.138543 20.459179
74.058790 13.482055 23.766812
96.770864 78.232543 21.731666
38.827805 86.766208 17.493596
78.328388 67.070241 24.297998
14.033420 81.709422 22.261016
91.298426 95.317092 25.583270
66.681609 43.836926 25.513138
85.191630 12.589909 19.144435
74.671705 50.717860 22.383266
93.287176 27.912253 25.397647
75.811498 25.777046 15.422077
91.891230 39.275998 19.820553
99.505475 48.087701 17.404794
54.924340 23.910634 16.342812
55.709103 58.604828 22.566209
30.968786 68.045690 15.536347
96.331828 53.533169 21.797928
82.463867 43.896117 16.514506
22.450422 39.231817 22.187733
56.571687 86.273278 21.979199
60.688620 61.857599 23.789416
82.558439 92.730079 22.288169
36.069624 53.830143 24.410768
4.068528 97.225933 20.558522
20.489820 75.685357 15.436068
15.337670 43.790199 21.741179
98.517482 12.420151 22.355848
33.479547 16.817149 19.453291
30.432774 42.760257 23.116875
36.606067 3.226215 24.592881
81.618693 28.626483 16.295071
39.695760 43.963863 24.864606
50.317388 50.951275 23.422340
6.729914 53.089968 25.403200
52.259924 85.136622 15.492055
44.371523 46.783996 23.073888
43.183738 29.668353 20.711357
95.447503 24.677849 21.889613
88.209667 85.534856 15.206097
0.483564 95.514710 16.051183
49.284778 96.602540 22.797334
76.275739 73.071268 15.016652
33.828854 73.693310 18.148046