32.139843 12.149842 18.406175
11.699496 6.301494 25.860855
42.469607 4.678881 25.833049
77.042754 1.729269 22.260913
54.498586 46.992198 22.987017
80.407412 14.221737 23.387674
98.241787 20.834630 22.071207
55.063276 22.602206 20.391425
98.640333 38.262419 16.956969
94.190711 27.484712 19.272133
36.821354 44.309652 22.529634
21.094879 95.106286 25.556026
89.728499 53.275682 18.620711
20.603287 83.544044 24.796116
93.013365 66.962855 22.149112
32.531315 0.863873 15.027244
84.519937 12.282622 17.554945
61.049449 60.594597 22.045344
16.608883 98.146789 19.242412
82.402373 41.195471 25.125876
70.771354 68.731197 18.762991
48.603264 60.328337 19.050828
32.276514 79.206822 24.527519
67.556381 49.582700 15.722515
81.553643 72.473657 24.189154
10.731916 60.905582 18.582252
25.702379 63.373456 25.451544
47.415007 19.553221 16.483080
4.758230 93.616030 19.944279
23.179492 29.170217 24.050969
17.181001 66.374683 21.158001
5.765010 34.446506 22.389677
50.179963 68.630636 17.875795
29.668504 13.685792 21.695321
64.037827 97.299518 25.333185
52.263000 31.462285 17.719329
89.321339 91.363053 21.068164
63.447914 81.981354 20.543358
42.137247 60.526853 18.993770
48.069818 49.813791 21.728929
5.927182 8.328922 23.292932
18.691740 42.069014 22.728500
34.321125 69.148310 21.982373
87.879986 88.481458 18.069738
28.268717 81.194274 22.073573
27.029064 59.153117 18.036167
70.381141 38.908346 25.222592
82.125073 65.162427 17.561140
52.209457 98.340036 22.936135
22.077265 19.171544 17.541738
39.393703 4.205101 15.767468
28.050087 40.148818 20.745301
58.106104 0.720361 19.974385
62.122393 9.481478 23.344105
10.092123 8.856008 24.137638
13.673338 86.611853 16.653203
43.728249 88.365707 19.126089
64.916542 35.457691 23.956907
62.212208 32.420843 19.689822
3.712991 25.934943 18.598651
99.889007 72.808859 16.415129
85.096941 6.350999 18.477030
76.255949 57.833909 16.710190
52.278618 29.267039 18.852588
20.064195 23.272198 16.615632
71.718366 26.871103 25.112571
45.122944 2.459252 20.696120
43.748394 74.849575 18.022851
7.081108 11.212719 16.500962
82.842992 3.352513 23.460861
47.697746 19.019024 21.357534
59.512791 92.394566 24.841589
91.300781 45.267750 20.448135
49.894787 56.775482 19.473982
82.074431 19.474582 16.386113
5.661718 11.122142 22.862051
60.467750 79.865968 25.728673
61.355033 23.817543 19.037675
71.375477 65.089827 22.376390
34.059699 14.676436 16.536503
5.866494 3.660823 23.840896
29.331939 62.828735 18.245519
12.519619 0.551872 20.382232
35.653181 70.402796 24.717593
89.226763 33.704540 23.332333
59.460822 98.264971 26.190063
50.044018 84.404665 19.855398
36.800420 18.425730 22.336454
40.178423 46.068272 25.118900
71.434436 26.042512 16.642157
75.600938 36.737334 21.779111
29.285728 23.917507 16.358237
58.378710 0.665062 20.922585
39.137967 21.143447 15.875806
39.003068 98.512827 22.369868
50.335101 95.186316 21.766784
70.820703 93.476763 26.118910
72.265255 67.012111 18.552281
3.372887 54.748098 24.087899
30.901115 15.358657 16.408487