74.523380 92.861425 16.132924
74.472138 46.684380 15.326905
51.325640 7.329478 18.049653
79.306056 16.963787 17.167203
53.858753 97.619977 17.826112
89.884943 68.502194 23.869244
92.257209 25.018483 23.138760
2.385650 37.560521 22.587630
79.012077 75.292095 20.006527
91.803686 26.037219 23.452279
48.967513 16.384678 18.926855
79.980865 51.859296 23.359620
19.780455 52.303270 22.092388
59.431989 60.030898 18.380532
85.736361 26.503096 22.334188
18.869375 99.535014 26.075739
60.968554 59.966440 22.549772
68.540370 46.526117 17.557064
46.995047 39.805969 17.650126
61.814436 47.323934 25.836424
68.385821 46.780934 19.249819
54.318962 10.055875 15.512877
0.514084 80.903060 25.223635
62.164042 48.579542 15.889224
18.962966 86.160242 19.590204
10.743105 13.392107 16.179669
53.342104 80.838398 25.763860
61.696800 68.921021 25.107150
86.916333 37.807590 15.963003
12.392342 53.883826 23.137513
42.129575 52.743914 16.663248
7.578815 60.576990 22.097129
70.091579 19.221308 26.217972
5.714414 75.082665 24.388506
49.695137 34.364490 24.868087
95.049838 82.926812 22.721752
80.062886 23.847007 20.534358
10.915959 80.240365 21.093538
75.344461 90.564558 18.316185
51.173177 82.111401 20.417382
37.898494 57.200882 22.060653
5.489094 24.204907 19.012592
80.859379 1.348342 17.729589
49.309369 87.830949 20.547747
62.656370 33.534718 22.037177
44.085141 12.498750 18.713596
32.046137 46.438372 16.763158
6.936213 21.032261 18.246990
51.044644 52.401049 24.311143
66.607296 54.507809 18.000388
98.281639 51.728964 15.809959
36.595404 60.776945 20.035580
41.787242 78.877839 16.720059
6.112150 75.500683 23.992681
51.364106 82.942278 17.796289
41.865259 27.702004 19.380034
28.019926 56.502297 19.350964
91.919917 16.353695 15.326264
46.947389 60.804526 26.193716
61.354221 85.830273 19.499350
68.744865 77.213569 16.583927
79.983458 52.202847 17.822858
26.330183 2.937277 20.693982
24.736349 39.187098 15.008014
89.899112 81.392242 18.634017
37.882087 17.071936 18.021429
8.307713 97.132323 24.854054
32.907209 70.103343 24.690443
63.154651 45.674083 16.229524
67.471786 20.746027 25.486896
80.126210 78.237329 16.464499
93.314875 44.331491 17.921107
17.331952 8.188397 18.535462
12.501644 77.764204 23.195226
18.586842 53.809098 16.497731
2.123030 30.800965 17.344082
12.293592 71.627201 23.418359
61.859036 99.983343 16.355433
25.165072 5.191965 21.870105
28.017285 97.269524 18.704023
70.624883 86.466038 16.541185
12.073708 35.138096 22.706014
75.310965 72.175014 19.708037
82.395072 77.186041 15.206592
43.963916 65.208477 22.874447
77.908558 50.786786 23.073758
77.173720 80.754957 18.023234
53.422311 13.105231 16.663310
12.085432 43.203919 21.323142
80.107231 66.148685 17.423971
48.615069 66.503164 22.734861
54.444389 71.231422 17.885106
39.692446 84.440034 20.945907
83.219150 25.819843 18.756671
68.295901 24.913809 25.700655
52.811526 31.075306 23.128326
98.659119 47.217283 25.675384
81.239523 96.698506 16.870231
86.549254 17.838317 16.142611
19.194296 9.976053 15.968592