23.739195 57.156218 25.735560
5.245812 90.610466 19.108602
29.952949 6.856258 19.995719
91.290225 74.866575 20.049144
57.058792 68.678212 25.511037
78.614449 2.204292 22.378409
33.140937 3.999695 16.568935
88.271529 57.881244 20.559421
71.047038 62.742666 23.918548
88.033884 79.033759 21.131509
47.114137 59.057270 25.450197
89.059216 35.148539 26.093813
97.819195 9.797296 25.092099
98.709938 55.014222 17.902152
4.217931 33.764169 15.277132
81.545900 83.324038 21.628855
38.804169 45.308702 24.945052
8.129447 59.886857 15.940070
72.170159 67.069007 22.240743
26.609656 76.602857 17.545828
58.760562 23.113238 20.359824
77.150766 82.205485 26.203184
63.991318 43.679711 17.603847
64.851056 15.900321 19.278783
5.857203 11.239623 20.220587
28.019301 44.402822 24.265924
67.631498 85.132984 21.972944
67.276519 63.057060 25.394191
68.139180 99.929704 15.910371
35.451272 15.049471 22.819035
61.286615 39.374358 18.732695
30.419970 74.921455 20.355299
63.115541 48.182673 23.203238
5.958749 75.500574 22.347595
24.262953 85.472849 23.784556
11.427149 95.994701 24.417497
48.712841 11.395727 23.240120
57.165275 33.373528 25.651706
46.203717 86.881508 20.824903
31.164269 26.308175 15.059121
24.694526 72.144055 21.565295
62.554739 3.760493 20.230879
62.507373 9.284463 24.558292
81.803806 66.250559 21.191987
61.366653 71.518877 19.768108
36.732728 74.783099 22.989230
32.564718 65.645584 24.343109
77.968392 24.301395 25.796412
38.170940 4.204672 16.447508
48.794428 27.936036 25.231873
35.414558 6.030574 17.909136
91.477185 21.143408 26.120323
5.785776 39.976797 25.063716
35.410706 34.708487 22.409241
33.646125 4.793133 18.335273
76.831693 29.727529 21.435614
99.381849 71.686985 25.044181
66.734085 91.597786 18.784421
88.647073 72.736733 16.067480
10.326615 50.369360 23.863494
11.768932 48.317234 17.725761
94.482871 57.256537 21.281190
22.071191 7.359127 22.931277
95.119269 97.755567 22.987846
81.367973 39.249025 17.231469
87.608096 66.920148 25.378613
67.724935 6.142599 23.598565
91.603548 54.471879 23.994526
32.877371 16.624841 22.026031
0.312989 47.721498 22.448567
66.382579 25.123022 24.385062
53.036813 67.861725 25.618621
18.897526 63.611554 23.179011
49.500851 14.455625 18.306908
43.557983 4.289344 21.074508
91.620549 91.394073 20.756836
42.897408 70.071749 23.181786
40.908865 96.556473 20.127646
22.850415 79.321706 17.759316
6.512557 86.677199 16.911270
82.649784 99.914832 20.104603
97.166607 33.632464 19.195426
57.608845 68.717827 20.917375
82.794516 16.772948 24.161805
29.488098 49.995960 18.941586
78.067317 58.065387 17.780546
14.399218 95.753682 21.714991
88.592728 33.977515 25.350664
42.018545 76.256861 24.217744
93.328074 75.945913 26.078817
84.111520 21.920155 19.558315
35.647568 48.688099 25.879729
72.842539 51.477604 19.964579
31.319045 93.902247 19.103518
0.003815 44.390925 16.089374
64.318315 29.709262 17.319980
47.113448 83.320325 20.735145
35.534574 75.833199 25.553372
64.482123 11.254249 25.121485
14.080498 72.828003 21.751642