8.081793 90.230927 15.028051
58.435895 0.062402 25.359760
22.275411 3.960072 16.324030
80.163954 98.005500 19.875283
70.014707 35.215418 17.520924
68.344722 64.322256 17.977639
87.732035 99.467733 16.296764
56.255336 64.215364 16.191607
68.575055 71.422818 18.407819
36.512992 77.320345 22.693896
56.923546 63.921116 26.231027
44.146732 12.091236 20.170292
2.040469 39.826024 15.368977
25.247574 96.470207 23.988730
29.461730 22.614039 16.152292
65.205145 73.316220 19.841250
36.618255 39.089741 18.104803
72.877883 97.797983 24.958275
41.633301 51.772069 22.261485
2.506083 78.697418 25.434615
42.817889 33.253595 22.837121
76.651939 49.254422 22.123621
87.904886 18.122538 17.690947
58.213258 22.265708 23.981739
71.551359 5.389856 22.946675
46.241464 27.111338 16.067730
36.852492 53.205965 16.723983
26.363647 76.573631 17.207602
36.115252 38.570555 22.525889
52.674117 35.963360 25.727284
15.607265 67.630156 24.942359
8.233652 19.412377 16.851248
99.734043 66.691824 16.470331
58.838653 32.131140 21.171815
17.181915 24.326249 23.787192
27.700728 5.718897 16.148294
83.201935 59.515857 20.617539
58.521478 17.191914 20.987609
64.491027 94.148003 17.101552
26.478211 68.666205 21.302632
55.605505 53.702235 15.209484
44.230446 51.018056 21.678432
41.166292 18.184647 15.913261
63.898709 44.359275 15.927491
99.513287 5.610628 20.999062
53.855675 57.731062 20.890305
35.801576 63.672943 22.970560
47.530132 63.280050 19.193271
43.542715 71.932555 16.571010
91.865626 97.419553 15.617809
64.547231 70.837985 17.289770
13.116050 5.308007 18.027311
49.637589 82.711954 15.828635
9.598528 52.340162 20.220059
78.800245 14.647375 18.533076
18.979934 9.261351 16.083097
87.456149 22.360088 16.702531
51.300910 31.319196 18.891847
15.210448 5.675019 25.784772
20.901300 4.388536 22.991538
8.563980 19.550100 25.725317
6.971485 64.096943 25.888137
60.968494 91.732588 21.753149
78.381886 33.930660 24.860474
0.664042 71.445186 26.063966
59.844147 32.218030 20.302608
2.880883 1.297567 21.167260
13.243361 83.357166 25.525133
14.507875 84.358408 15.415042
14.624686 32.558183 15.830822
95.791214 73.600522 19.312801
72.237821 65.347418 17.956587
95.746062 96.646688 24.928253
81.180505 91.106235 15.727055
79.306562 18.964458 18.425223
2.545746 25.135774 23.485555
32.500513 70.650377 18.300400
9.711455 94.951299 22.207993
49.420596 95.790622 24.837536
53.068208 51.524220 21.993694
89.979246 34.551508 17.236025
64.034868 42.847968 25.110921
81.633121 0.920928 19.261617
3.453254 94.869483 23.194038
50.003785 79.039542 17.161185
95.172081 83.472886 15.498373
60.809020 94.383797 17.920539
78.319120 37.352659 24.821802
55.340147 92.065965 15.585716
84.023747 43.445537 18.048906
85.496106 22.284858 20.212499
51.710161 65.322430 17.432735
44.823174 83.906839 25.058468
27.912051 60.278312 24.073043
85.207982 41.492631 18.235609
41.702528 98.339944 15.079164
30.081739 25.949592 19.324867
6.300405 95.285039 15.023393
57.467181 51.153351 17.915614
60.177254 54.201644 22.634860