46.417834 75.888849 18.639625
54.314052 26.734572 16.435664
96.756545 9.284343 19.666859
66.225646 5.438185 18.465186
25.890398 61.409386 16.768096
2.264163 12.130310 15.568296
87.404239 67.218296 23.159392
10.488791 53.268511 20.299841
80.941391 79.038864 22.415487
96.444844 44.272075 25.261747
74.647526 69.345220 16.684935
79.767324 87.039151 25.025238
78.313281 46.593088 16.306810
71.744845 8.777798 16.426464
62.448954 96.278455 22.071855
14.766931 41.902192 17.579065
46.661522 43.328452 19.172504
69.912230 23.661599 19.750727
88.594058 2.736121 23.169728
66.413769 53.168760 15.685399
37.514306 80.617252 26.059638
70.073222 57.265200 21.462581
82.180666 75.322637 16.889309
46.868711 80.301913 22.132559
86.240621 66.572400 15.555073
39.676581 3.712210 24.612791
63.261510 36.812929 21.411836
42.937640 75.576253 23.721425
90.590654 6.761168 24.976810
36.309365 52.615458 20.252420
72.643235 1.556375 24.977192
69.849916 77.567064 21.794973
68.555376 13.632526 20.503990
76.286305 74.160169 23.079259
5.082620 53.296856 21.535837
34.806426 6.467340 19.643424
22.077913 16.614293 17.392644
83.754546 33.784715 22.644681
98.129290 64.306842 23.220820
79.296384 44.738721 25.531825
91.170070 16.488223 21.457881
12.504064 53.776374 22.049706
64.323121 75.370213 17.406481
36.259327 99.500506 15.864016
73.581700 59.965163 20.793757
31.025894 88.953016 22.973516
77.008255 4.369567 26.241071
73.726568 58.672813 22.786128
90.861928 97.052424 25.220743
64.894476 55.205424 15.572542
67.490151 96.804657 20.612912
78.903551 5.168475 26.189624
66.192749 84.677526 20.937343
93.643995 14.940532 26.200415
83.266788 67.956610 16.311011
93.016996 72.811235 21.567504
94.960339 18.386205 26.076993
17.550688 95.461092 22.641404
33.565509 16.199026 22.251148
86.648524 5.171092 25.221138
97.703837 77.274288 17.914167
35.842683 56.484929 20.446384
17.318193 6.727706 17.125033
20.610179 18.243778 23.203085
9.895021 28.312514 17.006073
50.249255 45.539212 24.806799
21.535695 38.962838 24.858788
98.955860 0.980812 21.089478
2.952188 72.666499 24.881829
77.635574 73.014640 20.025584
15.323071 29.748790 19.392965
28.133435 62.754359 20.861142
39.941205 55.924114 18.737917
21.016811 6.047778 26.034549
64.526559 31.617210 20.573169
28.392342 3.650434 21.243186
17.670151 58.102807 15.851794
68.654560 1.753514 15.833459
65.106061 95.291966 17.558523
80.427057 17.139838 20.844143
87.776783 69.214083 23.480537
57.157443 55.250003 15.603909
3.323981 12.023578 20.494066
82.989258 48.166088 24.315096
47.869354 43.803861 21.360955
59.116569 34.794621 25.368312
27.372925 7.870983 25.254210
78.628704 7.616128 23.149932
63.102301 66.230659 15.722015
53.707132 44.134942 16.033140
55.270005 35.021880 18.812610
64.159389 41.927159 25.309234
28.323075 59.122055 22.792699
6.748112 31.277698 19.763062
0.575908 36.905992 16.826158
23.566137 11.701301 24.646307
56.523030 31.183808 19.301799
28.424738 27.677798 23.963531
73.648878 32.167906 22.933694
25.016707 97.692178 20.950131