66.625726 19.234793 25.520859
34.118958 67.257980 20.869032
7.086484 15.390979 17.178662
90.053368 54.654678 16.703697
68.701881 21.396134 15.552909
34.297868 68.068486 22.452554
66.374572 41.815986 16.540546
27.613200 56.488245 21.691882
34.034103 80.251260 16.511783
43.837454 34.451003 24.314742
37.326421 76.830044 20.488916
94.514400 86.566842 24.823587
41.534873 26.375594 25.588421
9.799874 7.929359 20.829387
55.348781 30.294730 21.795321
0.990135 70.248775 22.955080
90.070432 83.902691 23.766876
21.714317 65.910035 22.904070
69.873637 75.716291 15.653822
9.080423 95.633360 23.109056
69.544745 39.197627 21.903369
86.759806 83.031282 15.065636
3.531012 95.155150 24.527077
10.637765 10.822823 19.730319
1.949697 98.538684 16.675770
62.713190 67.249735 25.116609
94.557482 55.108360 24.751931
23.382542 91.980172 17.325046
19.840136 21.317378 17.434387
50.513193 94.188593 24.421013
64.009869 82.911890 15.725040
0.515179 11.062454 24.742467
62.968884 90.451612 16.697242
43.293458 39.663307 22.365424
59.050945 92.884686 21.158131
57.360071 37.020459 24.780589
25.391805 51.554116 18.234839
13.298577 11.336793 20.284234
7.872369 71.810186 18.426153
44.518388 60.814961 18.580746
24.249513 29.257767 16.726099
10.493468 20.546404 16.469453
85.866453 77.041822 21.830815
47.867303 17.457142 20.029132
2.468365 76.510645 18.378921
57.249815 69.693043 15.714954
27.249729 92.372833 15.771132
29.627429 1.076634 24.047061
34.927866 68.565172 22.707736
95.353690 22.332587 22.119244
99.447489 6.824554 19.057081
55.258962 73.744747 17.947595
81.565228 35.834628 26.196974
11.297778 29.701638 20.604805
91.104655 66.291739 25.884522
38.286797 41.510310 20.615740
62.286417 1.984509 24.772106
15.572271 55.151932 19.621370
87.440134 13.867189 21.736957
48.124069 91.618463 16.322429
21.818353 28.347837 16.493053
46.452880 80.538338 18.839645
69.994374 28.456274 21.094211
20.841336 30.145634 20.900557
10.166000 61.765838 15.975278
70.781173 81.036885 21.826884
58.817415 93.722578 18.761915
44.957101 64.582165 24.348060
60.314593 16.701339 22.875578
81.396532 88.233471 20.573211
99.582696 0.388066 15.752579
18.464935 46.906763 21.368917
35.267632 93.976523 19.195307
5.539676 56.050327 25.116747
46.538439 26.584515 16.410041
30.312039 3.532161 15.070858
1.762459 15.209846 15.926566
11.987879 97.713639 22.599629
71.698932 11.306779 16.878445
13.623299 94.974284 23.160225
9.742221 36.604310 26.053875
92.792933 68.472267 15.568604
33.917157 77.130320 24.491832
92.925127 2.956245 23.655589
10.330595 7.716425 21.709928
95.508393 81.824265 21.276907
19.722174 1.145308 24.130732
18.926934 98.306866 19.137788
5.286145 49.224642 25.242329
88.869125 75.891706 16.898587
98.754489 34.200558 16.027832
74.347153 59.663283 24.715165
21.070178 28.666674 15.905686
66.688183 70.566875 21.383647
20.310659 72.878931 22.155921
96.853388 6.948691 19.873437
84.760699 86.806945 21.776038
35.211309 15.233231 22.086115
57.662327 76.702085 17.118059
76.606362 49.796636 16.286671