57.170436 69.287298 20.328468
26.597090 82.295418 23.686384
11.571061 24.002972 17.727062
6.110400 27.760693 26.221746
64.553245 88.096585 18.265683
7.490995 30.216948 16.657983
92.784391 47.799136 21.750936
75.155224 9.098176 22.346502
58.942378 12.153877 19.465818
1.388207 16.540639 24.368727
50.246817 8.844450 19.754726
34.174783 83.534311 18.715441
46.635056 28.060775 18.644270
26.120454 18.747319 23.990671
23.112334 52.192994 20.128190
58.936592 69.973568 17.001206
91.702288 76.214431 22.411144
39.223115 89.315610 23.130276
52.861777 15.666148 16.648882
79.026475 22.286974 16.632285
54.874798 47.359025 16.887168
86.642607 22.793937 18.418315
90.329774 11.129822 16.929644
68.453165 34.257252 17.632970
45.437880 15.862411 17.853267
15.860356 14.306652 25.849218
68.420159 80.764669 23.969874
37.390808 88.932893 23.258509
94.708182 54.406400 19.485899
81.823002 52.711935 16.955517
57.977502 93.399368 19.547168
65.351954 69.325625 23.909803
92.774694 69.261457 19.887930
42.696497 58.969284 22.312410
38.686118 12.044872 24.903165
79.382479 51.787964 20.794803
72.104985 12.854043 17.941534
29.453432 86.718239 15.834815
5.031380 16.794402 25.061871
2.917444 31.055962 24.650815
61.907477 82.949223 18.814275
14.118624 6.764454 24.596760
83.120448 20.109199 19.873592
83.994413 72.439591 17.316768
9.091765 67.208413 20.320018
43.908388 14.256678 21.584687
72.927117 67.020400 15.346747
60.080753 32.834078 25.960605
92.879256 77.549287 24.497066
33.200997 25.581687 15.149273
0.709093 72.410954 22.520174
37.596732 22.721110 18.470139
82.611453 6.649026 24.862141
68.288903 10.705409 16.475740
44.910442 6.310221 22.006645
48.455694 26.038509 17.105053
67.788219 14.744966 24.864226
55.110076 92.505297 25.611029
95.103938 83.345624 19.757077
34.127008 80.461798 17.749257
31.623445 73.198164 15.800540
84.270994 60.443191 18.718038
30.963998 0.428643 18.405461
84.363193 83.765390 26.207838
54.378755 94.102637 17.509936
24.100083 78.778954 18.721919
55.899297 49.301616 19.088445
78.722965 17.858534 17.085190
88.518665 35.912009 21.497585
88.630242 69.719614 16.411030
97.155419 34.062592 24.452721
76.027767 65.239014 22.433805
39.171485 82.532833 15.261330
70.299401 14.839355 21.714564
99.120411 37.835250 18.104733
69.824001 98.494406 15.890885
75.447096 18.996319 26.023032
57.640538 37.307792 20.443809
11.588509 66.845868 24.311941
11.311184 34.812895 20.849779
54.690386 65.379150 25.011014
43.859152 64.857167 26.169962
31.338288 91.526649 21.334923
58.058130 25.720811 23.945033
66.311637 72.273394 19.269559
70.601066 59.020233 20.078125
36.712211 91.776429 16.576799
25.214063 93.739985 22.085588
18.919760 86.707305 18.670460
22.908859 75.858830 24.719588
46.567139 53.292682 19.848605
74.344613 38.035391 25.343247
93.152163 77.163500 18.494764
69.270272 41.151380 18.506659
84.698915 59.238914 20.045058
49.696705 57.365521 16.843747
56.700845 73.797161 21.296156
32.365704 47.196829 23.477769
25.659738 53.171871 19.172944
10.411667 32.706952 18.490492