2.841446 10.916939 18.133285
55.951050 32.866140 16.871139
46.901027 67.365855 20.196622
85.499729 13.662620 15.693673
65.096904 54.506242 22.029627
84.002268 83.032178 17.551236
39.036644 1.135951 15.157873
2.365846 93.701569 24.995931
40.780034 28.711789 19.466693
7.620080 99.077568 23.320804
93.077831 94.240311 24.153400
87.440425 84.999637 25.881606
73.333502 62.700792 25.028482
21.985722 5.321393 24.902885
12.569875 61.424349 24.665845
4.858377 85.026687 21.825951
88.647900 53.734796 21.447272
68.162669 86.599923 26.223839
9.257231 18.253909 16.930665
30.441254 41.493748 18.411818
83.420606 15.445207 15.118915
38.501163 56.051255 16.158081
23.642744 70.786167 24.279118
44.803895 5.911002 19.911019
18.595609 86.885478 20.356778
96.221328 94.930358 23.404726
5.784397 5.027569 19.757792
20.983197 61.764715 20.570698
85.092142 19.313180 25.014463
18.343018 74.170134 24.867758
14.924884 24.174773 25.073162
78.382435 66.738403 22.867946
55.762601 36.437088 21.359199
48.931231 55.031084 22.662721
98.805669 34.658121 18.745603
68.092988 21.260653 21.447406
34.613511 84.754135 17.851669
62.652018 71.710067 15.061851
84.233829 35.789638 22.535446
79.503386 10.189494 16.539373
68.226218 9.261513 22.422552
59.773406 99.136987 20.878694
88.305585 18.395158 25.531485
3.494503 76.395146 20.074056
33.947812 61.896905 21.457640
71.547915 19.709990 26.131209
4.490171 50.618001 18.755574
87.796033 49.604871 25.736451
34.412379 53.976922 24.825851
30.130861 13.701398 25.157220
20.756221 60.550987 20.051696
14.773737 83.934557 17.376391
35.461038 56.162063 19.493527
25.081086 85.029823 23.629491
58.670740 84.787615 16.713519
42.508499 36.952314 20.358195
22.291513 51.203368 17.793133
72.957886 50.807716 25.577425
90.000380 72.174649 16.339860
4.808146 49.315728 16.251816
0.395572 60.248039 22.381288
28.304056 69.985809 15.622044
4.106828 21.041290 21.893679
49.240475 25.242293 24.533555
56.921877 58.439912 21.310729
54.555146 19.722418 18.509472
82.313909 4.473386 20.253457
1.063615 77.135066 21.830856
42.495209 9.371847 23.519200
97.688725 18.273918 17.772198
47.863183 54.093657 22.753313
56.245796 98.971026 15.296479
37.979396 40.609057 24.450744
27.635844 19.530401 23.034900
21.913426 20.982890 15.702942
32.174756 56.935308 18.903403
35.257758 84.168043 19.194609
45.777043 53.992091 19.835740
43.572845 83.008205 16.587180
55.960852 9.011050 15.004200
87.141123 68.201099 21.250912
56.507873 38.544231 19.827924
80.856433 79.353671 22.146412
26.044189 90.550118 18.537999
46.084398 39.185711 19.380970
21.341067 0.415618 18.522924
74.297196 56.369695 21.620713
70.723034 92.886257 21.416679
11.984284 17.821931 23.457408
62.829535 63.953264 22.917701
15.639119 42.999096 19.620789
92.493400 67.384020 15.781351
76.387099 51.916131 24.098822
10.173020 5.766974 19.773627
31.461082 24.753487 17.103185
85.727600 23.662027 20.360079
87.773090 84.470272 19.861607
28.414452 80.424502 16.430515
14.078658 16.599181 21.518632
40.902455 53.746766 20.685424