7.253467 70.603577 15.411611
38.065528 29.184797 17.895531
59.443794 35.332406 18.605568
39.539008 45.273807 15.423405
26.324590 82.451183 19.937414
42.135024 31.764094 20.834337
28.961245 13.889639 16.184704
23.137085 8.810190 23.467530
51.845949 63.236797 18.950309
37.989803 97.837071 19.494303
39.100002 97.110934 16.835912
94.939389 52.391358 22.855691
88.614465 24.194509 17.186922
48.239351 25.349679 20.101212
78.976319 75.562894 16.960600
47.048214 59.933406 23.205306
3.364045 26.846189 24.816292
63.792440 64.780570 16.140830
18.374164 61.148167 17.709754
64.212875 51.120365 21.077913
21.169884 60.992154 21.054982
85.905108 76.963577 23.640588
37.781125 50.009517 21.212560
21.866722 30.809696 15.027077
19.063749 83.927236 18.352619
65.911064 23.734911 20.043905
3.665983 18.559716 25.661734
29.210098 80.762545 21.944118
56.979469 26.044757 25.135081
78.458331 56.411718 20.601491
45.164207 42.410670 23.685201
28.872478 46.900432 23.476742
92.506728 4.768492 23.917511
10.765984 23.491421 21.471379
82.075615 50.700222 18.288494
15.944635 52.164265 15.833307
5.358485 22.998372 17.827477
93.841059 39.497161 21.638569
24.459438 73.137180 15.836518
70.283420 38.435611 22.644235
78.036418 93.777207 19.594207
46.730242 24.712697 22.429187
28.686004 88.866384 22.359290
76.954378 71.853886 25.616425
56.077046 34.545613 15.424392
14.117033 62.403097 21.745685
48.380651 54.260953 16.676256
63.282795 94.375424 17.192287
13.998724 90.076931 25.537340
75.994386 64.013953 25.288690
10.495800 46.414879 23.642291
72.652881 94.491462 20.521139
91.419923 86.529308 25.552667
63.706363 64.587593 24.553118
30.645880 81.840150 22.860568
91.165489 97.548172 19.848150
35.521707 79.389954 15.473502
36.230574 41.395118 16.238846
3.485922 93.536777 24.617349
32.299706 10.802505 23.846886
4.261930 78.457848 20.375593
77.521421 17.368269 18.522559
91.318682 21.979187 21.921543
42.871680 8.411551 19.717092
14.641199 38.408915 18.165655
94.753813 2.978206 23.821989
72.136094 52.832054 16.457377
96.866271 15.808405 21.072892
60.153274 33.135656 18.153264
34.270483 26.269933 19.261914
10.351743 44.115733 22.173776
11.091934 61.986873 16.518343
72.794474 14.404188 20.591696
25.854021 63.999267 25.354349
31.272846 89.672120 19.104854
39.690167 40.917633 19.706758
28.295677 26.876937 20.670605
78.180314 10.669732 22.400590
34.554219 84.369554 18.435685
10.853371 50.226658 21.411439
33.374356 77.170940 24.632584
52.214741 56.957557 16.374177
14.686600 17.511322 24.071238
17.458425 67.892650 22.328153
1.210733 4.474669 20.366715
58.617936 18.723779 16.783891
18.753172 13.823203 18.607981
7.839773 36.398027 22.124678
44.448473 78.623417 24.385329
73.415491 72.309976 25.565716
9.193842 95.460904 22.658663
42.384750 99.376492 20.011165
46.737207 11.118556 22.664118
59.303098 30.197577 20.549490
4.801533 47.809689 24.003285
60.468350 52.068240 25.383034
51.567398 37.750357 25.543340
14.083428 13.957213 20.633563
32.556974 88.542919 21.658818
30.458745 2.261517 15.987482