57.538270 32.191454 19.102577
8.732070 12.775336 24.041144
58.199924 5.436010 26.233943
94.648636 66.769804 24.634810
56.116179 11.973586 25.848739
29.209111 98.242847 19.380019
99.011311 49.337309 16.288221
87.239416 41.384625 16.213483
6.502368 94.020872 22.381592
99.879099 82.572296 26.115183
0.882698 52.987066 23.455066
89.180761 24.444672 25.598653
96.817813 97.849307 25.742393
35.124111 88.082463 19.722246
7.145306 33.593960 17.875547
13.819866 79.968824 17.189696
72.126843 95.245726 20.942101
45.854434 99.288831 15.277759
19.810648 47.963164 17.547241
24.276746 67.315833 16.702549
59.076452 21.633809 19.127124
43.554146 90.691931 25.692314
37.557989 9.599490 16.341170
98.285227 86.626372 26.040475
75.398930 46.125707 23.063065
56.969912 92.861648 17.176618
60.293951 12.343488 17.021107
77.290005 29.328572 15.894275
60.770375 16.284729 18.969258
50.207756 79.996953 17.604707
41.825341 20.710127 23.928449
52.716175 81.157874 20.911389
9.961365 19.423187 21.602081
9.817472 75.867483 26.219536
7.359349 57.562023 16.833546
34.257142 32.222355 20.816158
90.016474 62.573587 15.254511
75.646221 53.443039 15.257757
1.352449 94.466131 25.565006
92.455814 16.743252 21.498824
28.183580 80.139494 15.525313
56.606152 90.490836 24.562986
95.525195 44.101583 18.355581
71.076243 37.199743 17.506693
86.855821 86.344953 25.930307
86.268616 26.038203 24.513912
95.373614 9.690721 15.370434
52.951540 55.296728 20.061105
38.022836 61.487699 17.339879
55.927548 45.811113 15.276107
98.384403 92.373462 16.180335
97.454077 17.191947 15.738216
67.558507 6.000716 15.338753
65.369033 6.277061 23.322311
65.470078 61.329262 19.435530
31.452169 75.058292 24.351770
77.579397 67.854369 18.222806
79.491601 57.602164 21.933119
73.661507 29.149535 21.110663
56.785049 17.025779 18.623114
77.041348 9.146815 20.155632
75.439142 16.071291 20.315249
1.773021 50.598666 25.168557
20.334468 26.338496 22.943531
84.450015 89.686546 19.670315
17.976582 81.389925 21.615505
44.902666 45.502207 24.577524
17.722561 42.193973 21.878072
11.660942 80.996945 16.230995
4.847336 15.187199 16.491822
86.634616 36.226828 19.689403
96.390586 60.213035 22.259228
3.257023 4.783158 17.356686
73.213015 99.409610 17.494599
32.302475 18.784794 21.106795
29.394380 32.592298 17.007938
76.933976 29.794742 20.418754
60.211775 14.993296 24.499055
28.657835 82.761301 20.442953
85.183289 28.773108 26.240412
59.505774 89.657046 16.559661
45.466148 1.430955 18.146697
35.099670 26.366899 16.817007
76.263577 68.940477 15.115641
17.706835 60.603981 26.065670
89.369958 36.389673 17.797907
35.658155 26.001935 17.183749
33.483693 51.831116 20.932526
86.576803 20.293748 26.057213
97.374991 68.301559 19.117376
76.558439 38.433877 18.678833
92.349134 40.503148 15.583242
80.717314 17.235681 25.310420
80.668479 37.004542 15.515722
66.702540 45.630788 22.048830
18.138683 57.474914 26.040064
70.135182 73.375963 25.913570
62.050984 4.018607 24.509429
20.160140 27.532187 24.075286
11.534333 24.046436 25.201720
62.311772 16.772426 19.061585
50.574711 99.830104 25.623889
30.753723 91.640479 18.834951
60.449104 95.635073 17.596346
46.040584 39.362114 22.935218
17.497275 21.945986 24.535300
28.729626 71.450326 21.910241
0.549435 48.483482 17.174688
0.330675 23.585313 20.040401
32.375698 73.389592 18.414919
40.665628 28.778886 18.907518
25.617410 92.644729 21.747003
85.874630 45.688771 20.150727
18.866979 75.914593 21.641166
94.036116 96.571121 19.354764
24.473785 28.988811 18.470054
90.406422 93.949428 19.932820
18.071950 51.420840 21.040169
53.886074 41.667725 22.404055
19.393221 43.630810 19.122110
0.469376 41.664954 15.751144
98.595694 53.022195 25.455376
61.445581 85.722543 25.171052
53.506838 56.099044 21.267810
97.478566 8.173413 15.611072
25.942756 55.746524 22.869712
41.140529 91.275362 23.480464
53.020501 52.166591 15.755519
41.825165 28.497307 19.376902
47.354290 47.969114 21.768100
49.215522 34.907211 15.241468
78.266589 23.335464 21.267528
47.415667 26.192482 16.653718
31.101996 53.392154 25.768037
46.877561 50.620112 19.553324
23.377040 44.199815 18.868756
44.040206 63.518232 18.461437
84.662864 40.191114 24.435917
39.318759 94.810005 20.943316
95.058582 48.532505 21.817521
41.430821 69.123439 22.304323
88.660566 6.724533 18.616144
79.524462 90.046057 20.988627
59.918508 46.967846 17.632595
33.893688 34.808924 26.148100
3.585944 82.020705 18.682781
45.520813 86.271737 22.190134
66.650190 47.930905 17.855171
97.421493 1.665204 18.360190
86.017324 34.043748 16.098352