71.601133 51.623982 17.677012
11.086994 18.571940 23.745390
77.518280 77.522057 24.929126
57.884010 87.176027 24.991344
11.959091 1.084333 23.679148
83.727716 53.626731 21.155624
74.072449 17.552375 24.611552
35.061452 91.393621 15.547424
40.148477 90.950225 18.422224
67.667671 22.833637 24.276412
53.469524 12.193494 25.923283
54.858962 83.535720 24.549458
28.963075 35.735447 16.338235
91.258080 71.257882 22.208792
89.905785 64.578270 15.401476
59.124999 67.647910 23.405022
29.028841 38.801242 23.462513
48.121031 71.326013 19.897061
1.626844 2.270665 18.901488
46.724303 13.077966 25.437622
14.306631 55.739631 15.306770
74.081286 96.730219 23.465358
72.227289 18.007903 25.890976
53.785493 91.668112 21.008318
20.678173 10.610318 22.576849
69.697345 21.847696 16.684945
66.343546 18.610288 19.040877
39.602216 92.851171 22.952432
65.891078 94.418747 20.523687
87.243864 12.307056 19.104985
73.825716 2.405897 16.021472
8.332076 1.952840 21.668680
4.118155 33.641671 17.860684
40.954958 12.092400 23.942180
70.650714 5.149645 24.953727
92.762997 68.420899 24.139299
41.117149 93.741120 25.785865
77.883669 86.563935 16.141429
60.082690 89.161965 20.375779
81.700810 36.048415 15.855614
72.888497 15.942945 25.940710
55.912093 60.199180 15.463212
96.920246 9.359885 20.722579
25.160625 37.344537 15.346421
0.328040 23.970619 23.015327
85.304676 41.453029 16.535294
81.726285 20.633050 21.579473
16.306797 37.339942 23.986248
56.679533 36.933056 21.562445
25.075292 89.138256 15.942214
41.384799 19.773751 22.058797
69.820911 49.896561 24.003590
52.714045 82.417680 22.569376
7.013466 44.960364 15.712578
60.746238 78.561480 15.583846
79.971273 95.808831 22.619722
52.179906 74.676086 15.597961
67.893653 27.543040 20.720242
92.366898 71.192177 25.192003
24.090898 37.421090 18.863027
70.649442 74.278363 20.444145
30.342910 53.125474 22.852578
9.404529 81.878234 21.583821
35.216218 88.218077 15.656433
21.717834 2.714916 26.014707
60.854499 2.770206 24.849193
36.289561 90.107418 18.147574
87.170916 16.582390 15.502456
64.927981 76.901110 25.802683
43.958490 64.101744 20.825423
24.467866 31.108656 25.116079
33.753692 41.189612 21.323262
80.246436 6.410142 18.239393
5.421134 74.265158 20.094241
76.237743 63.153961 25.270362
70.227085 19.914546 21.047623
97.252523 17.098286 22.015742
60.075863 32.912516 20.699743
37.996106 69.787107 21.753942
70.219728 67.519427 18.418552
94.138425 15.844581 25.227457
24.181774 85.924988 23.163079
74.009995 54.744656 17.414125
21.346019 57.606795 20.875887
90.215809 74.602398 20.292253
66.754090 88.188079 17.508919
79.806211 42.252022 19.126020
56.931782 5.101157 20.111712
93.230882 7.569431 20.478178
24.533492 33.693759 20.775143
11.845280 86.319995 21.459233
45.698438 17.228967 24.718930
87.960530 48.369001 17.229170
31.911923 89.001789 24.056039
37.950228 48.717529 17.738017
71.467673 38.817894 24.802625
64.791523 48.323197 21.741479
36.519698 36.664238 18.104725
10.910958 42.627373 25.154600
57.206671 30.723734 23.656974
2.932201 24.534687 22.938330
16.334981 35.215991 18.188607
67.141179 38.775972 15.302996
96.926980 34.447745 18.413410
97.591090 31.392980 24.188480
80.592521 28.460027 20.843531
40.129597 38.885201 18.831876
39.989816 76.672874 25.834188
87.793809 21.492113 24.129693
94.896848 92.290729 17.633560
6.547439 3.704807 17.675251
96.313335 85.985887 19.517216
33.283949 81.626999 23.130002
94.816123 98.886356 21.917068
32.299933 11.778141 16.514223
9.144702 40.988742 23.190376
54.001255 87.867322 18.416119
78.416107 56.249627 17.436882
32.503076 16.695119 19.514423
25.884257 53.342832 23.125233
61.052247 82.141174 17.930543
78.294398 81.120610 16.530793
81.180814 72.455046 23.296914
25.810905 97.785597 15.980097
98.637684 15.400017 26.091666
4.738873 53.935322 24.591702
8.904815 97.622214 15.944253
8.905472 8.798564 21.112932
52.139274 36.907114 24.551727
11.654784 44.458098 17.991300
53.860764 13.854174 22.854229
83.494654 6.050151 24.157106
85.363442 64.941926 21.613027
20.682307 0.123474 18.622652
77.082634 6.730031 24.586516
12.502930 15.742695 20.613506
36.734196 9.758357 24.804218
89.699185 94.456042 20.275419
92.291981 12.003638 24.738035
6.605126 89.971733 21.826098
50.179589 67.470728 16.882366
81.798582 58.818534 25.852490
21.083832 72.607082 16.405229
38.884181 95.883790 16.713245
28.716636 68.333690 15.945957
15.499095 22.581513 16.358364
24.592737 47.246044 25.850780
16.613703 18.851046 16.278265
64.509636 93.551771 16.320925
66.725654 67.384710 24.981025