0.502437 76.116412 25.523868
85.928155 69.199888 23.676280
96.795233 69.316719 25.120043
32.904103 73.879748 18.646214
73.056028 50.376081 15.713130
99.712065 41.283048 18.964464
10.449497 49.702364 20.675303
43.004187 76.551198 17.752967
90.086981 52.013859 16.169655
28.213407 40.020093 19.285783
63.523533 79.492877 15.948126
94.965149 50.863220 24.444076
59.475896 35.784539 17.638760
46.962821 75.783809 15.112656
31.133475 94.840998 20.881612
65.171707 14.671977 20.216792
43.422701 45.678974 19.677521
5.249142 33.543252 22.658009
49.785988 12.811539 16.377110
36.129386 37.206946 16.352322
13.645409 5.802792 23.158745
91.506214 94.819050 24.923968
73.196050 81.027808 23.564386
98.353682 28.580952 15.799790
97.190721 43.013586 18.127284
20.963812 14.212935 16.938267
22.589975 20.831599 24.251658
9.077363 26.555416 15.716432
23.297011 89.090468 21.301033
73.260570 90.969047 21.623604
96.110504 83.720663 16.564348
67.769131 13.483811 15.240653
80.500898 2.658807 24.253254
41.495705 58.827695 18.052020
59.977020 61.462006 18.753505
21.998310 48.293575 17.708788
73.299422 94.496095 25.803304
1.327291 70.461219 17.476630
4.458581 85.358695 23.328462
62.226047 67.330705 19.606764
73.952793 24.392373 21.172499
53.383584 98.327529 22.281541
70.673890 77.911820 23.209980
54.530973 69.311455 24.008867
51.681406 93.222411 23.884072
31.741024 26.798995 19.603960
62.425617 72.188588 24.062713
51.751526 39.784931 21.539109
86.810356 57.654702 21.284954
5.955686 71.248850 25.842070
75.240640 36.211228 19.014614
71.081595 29.097480 15.330464
65.056249 77.017703 15.373270
15.775588 85.465778 23.797333
82.315387 35.624854 15.771543
55.795074 9.392578 17.196051
60.496005 6.631384 19.187811
73.915259 61.049364 15.571649
82.508040 16.480691 24.804751
66.993858 30.653802 21.933946
85.415415 43.232885 20.302344
64.181033 12.278706 19.441862
63.725668 41.144645 21.171541
50.953861 99.250837 24.408240
47.952412 77.719729 19.976639
6.898577 93.095502 19.396222
35.649441 3.018211 25.108314
92.097702 78.427957 15.616007
50.418592 67.693380 17.329251
20.675762 65.675730 25.121148
16.433699 47.744185 26.092914
86.785482 6.738888 20.329068
7.265211 89.091336 24.753325
54.482779 87.888762 24.344442
70.392005 2.267432 19.759755
2.003814 22.551074 20.889620
89.783617 4.761672 24.098554
42.199135 87.577651 22.425439
48.032466 50.065112 22.739791
95.637303 43.309870 16.631621
57.284810 97.633657 15.164459
39.940862 81.013963 24.915643
91.035181 82.663186 25.657334
36.828911 38.530871 17.942299
10.093367 46.348947 16.010322
93.521791 84.664142 17.182887
45.973136 5.962701 19.141775
80.520841 88.981752 25.939649
61.074657 93.410334 25.318126
22.840520 22.790552 18.898370
30.577663 22.445704 17.146364
85.733445 50.273075 15.005051
69.491803 40.255959 21.076799
3.725691 88.176972 25.388190
78.653089 98.398394 21.151913
55.242318 34.929442 24.564955
44.516835 67.167562 19.102403
80.768527 17.990579 19.438965
88.275407 35.665085 16.647649
94.695889 97.535145 22.134731
15.276687 88.527360 24.765121
32.709513 51.670895 23.646718
80.851817 25.411320 16.242359
5.402003 60.560417 17.294622
35.533805 19.255596 25.422133
44.075873 2.265470 25.989734
81.598635 23.403107 17.701351
85.001814 23.289818 25.741891
30.864680 99.662352 15.100849
32.125478 11.428691 22.263022
32.311894 8.361819 26.005692
41.435347 88.634170 16.306092
58.109571 36.407383 20.438747
71.194337 86.071548 21.246630
66.653956 64.296877 19.237934
27.363352 61.046181 17.620687
15.088430 4.944747 20.130374
91.805397 68.142685 17.253611
90.948844 83.160563 22.703033
65.075488 76.791682 25.263407
99.863380 79.026702 20.589113
94.109717 75.237603 18.344411
47.522131 96.526599 24.469220
93.300742 11.499159 25.669853
50.345158 94.028784 20.192374
41.620519 12.126265 23.258792
9.921078 40.277756 16.299447
1.384059 87.719958 21.566458
2.570576 86.347521 17.658104
10.240657 9.432079 19.951349
78.056733 63.982119 21.392690
53.323303 65.100591 16.711434
36.294829 6.689260 19.993483
96.113266 69.729838 20.651263
88.012607 48.398979 20.828992
67.458195 65.591439 24.555077
26.840495 99.460068 21.467228
56.704445 35.569508 21.357964
20.524661 72.995568 15.422589
23.939724 12.295968 19.039669
99.889154 5.827769 19.701875
95.841528 17.066778 24.383601
72.309115 84.686993 19.103290
81.432420 27.926165 23.229526
99.096830 48.849678 17.787254
2.965540 66.934999 22.028779
27.785201 92.259102 21.692625
65.917341 96.126520 17.061929
82.998543 19.642661 22.208524
77.697463 43.081006 16.780583