96.030441 13.604103 22.562669
72.411698 62.708222 16.402409
84.939651 80.976792 22.665074
40.374129 82.192014 21.858047
13.912904 48.696888 19.868091
52.894407 61.716948 17.200414
10.364044 3.459596 21.413984
91.309084 8.920777 17.616093
47.808258 56.281362 25.481705
15.600481 8.769576 15.020395
87.235256 38.654650 21.855975
15.969245 45.943017 20.687527
86.750463 32.734367 22.172301
3.275109 57.460508 17.352647
44.246472 73.349932 20.429336
40.080759 90.756420 17.681841
70.176752 50.760375 20.200381
38.979513 99.216672 15.665816
66.345995 69.035813 22.958666
31.599671 53.712375 18.651169
7.305014 35.994735 18.993696
53.494450 79.778744 26.161251
98.623243 58.310278 25.222641
96.879587 36.531213 15.956709
73.649213 70.553113 23.161606
98.539968 38.326570 18.831017
6.838288 85.105152 22.860657
39.405307 17.885505 21.919059
91.098220 58.084499 23.705834
45.156730 37.796674 16.334515
9.554708 57.014732 18.751370
48.502795 41.720814 18.254404
85.029761 2.659147 23.545654
82.000909 91.795614 25.280118
76.799541 95.546862 21.590545
40.850583 11.128049 20.480980
29.411367 33.801260 18.339736
67.914077 52.647635 23.969812
95.220720 98.663262 15.456159
71.226573 31.531388 20.398714
90.686604 25.894078 17.914684
9.677285 85.862240 25.752122
43.253846 49.612727 19.612182
82.450901 56.017458 25.177698
27.273131 9.129654 25.213695
92.691251 84.297193 25.007259
4.341851 2.659687 18.975001
50.652888 69.908664 17.652716
96.320073 57.499778 17.893513
31.529075 11.559521 22.616964
31.514852 90.540831 20.097216
83.753535 24.165510 24.021625
52.792852 19.887899 19.695084
14.003501 80.244011 24.840682
61.711036 59.755581 16.558923
1.297521 18.911180 16.746559
36.994765 90.608964 23.852692
16.728494 58.159596 24.150367
66.285879 68.477447 19.421341
48.343749 8.653933 20.790266
53.749747 7.148549 26.169359
58.875777 56.022966 20.781693
83.145018 81.580948 21.549231
12.076621 93.214967 17.914094
80.360314 54.343587 24.559416
78.276385 84.814925 25.563981
3.125854 96.880009 19.868117
32.580931 57.771221 25.780979
92.768500 26.852737 22.366066
31.795768 78.196705 17.844882
95.941982 77.834399 19.339402
83.835238 7.747849 18.637047
52.935627 61.839148 25.048899
48.974970 37.478022 17.418352
10.685376 98.453328 24.457522
44.001725 50.289015 16.499790
69.561235 18.319642 25.289952
73.744152 70.522688 17.727808
48.715599 3.068803 18.581969
33.776146 36.703613 17.636418
25.324700 99.122221 25.437856
29.755635 34.205482 20.440050
11.080764 87.494951 24.214316
91.090461 73.430055 22.091782
85.477770 19.905657 25.919649
52.756899 46.227335 20.959833
25.997738 98.071893 18.650993
32.339540 90.731249 22.854083
6.045005 13.071899 23.390298
12.219209 18.895636 18.227568
89.451916 61.567579 18.264685
60.744908 66.635352 18.418246
61.057611 14.941555 25.160231
32.947989 98.594931 16.277652
74.191951 45.029338 15.442192
92.477897 54.461552 19.821862
16.458045 26.975744 20.910591
58.004682 13.275059 16.616922
86.215853 35.411181 19.722453
64.536362 10.716060 20.856795
82.767725 94.659555 15.519709
91.138928 95.690836 25.331141
84.489263 95.206760 19.535694
85.613501 62.427119 18.969258
91.559905 76.853448 24.640581
65.897870 10.741364 18.263568
80.455602 76.920482 26.154312
51.558452 85.837195 22.588336
80.979569 23.083712 16.624204
11.156452 35.768374 21.976580
63.097591 63.279485 20.812415
72.485647 18.269567 16.630175
24.042565 12.474552 20.399747
1.901421 28.997664 16.275664
62.114743 95.872517 20.608856
95.888789 60.262419 18.131248
27.326389 37.614443 24.685394
16.779811 41.150065 17.725705
48.859557 53.964255 25.729966
87.078283 64.385819 22.254448
56.865739 18.256122 19.705217
50.178028 46.993028 24.630504
7.932769 78.414574 21.715116
3.574342 92.958920 25.351489
29.389736 53.514749 21.552570
45.446285 27.478054 16.404768
0.055901 97.198640 21.039076
82.910696 84.804371 20.303649
45.172179 33.065242 19.146145
48.373196 35.843108 22.607982
23.835585 85.182483 21.247463
85.768007 93.434867 18.868007
91.684256 0.151790 19.879017
57.602265 45.456705 17.252863
36.249713 37.076764 22.991507
90.398363 48.144339 17.945422
77.947851 79.163877 20.572090
1.167817 52.370348 16.053642
98.973656 18.114306 25.132732
25.293770 72.151072 20.661619
45.284113 54.464755 17.994963
9.674404 94.683600 24.008913
15.728541 87.838485 16.007608
72.253578 5.752635 19.053616
68.240997 55.180248 21.081293
28.798833 33.905575 24.659184
78.872734 5.322160 22.048185
50.224050 79.524527 25.954272
52.116429 70.998809 22.607067
73.753197 79.402090 22.936782