39.282855 65.067610 19.146373
11.772982 44.688432 24.387358
51.963842 97.122119 22.765722
48.045650 13.688547 17.111296
93.988561 39.676735 17.465732
7.183459 73.400361 17.829126
28.637795 69.325418 21.492262
42.838107 59.053804 21.375281
15.156162 34.781891 23.244160
72.468089 94.184728 15.589402
26.287837 74.104298 21.672709
37.569125 41.149131 20.936512
92.639705 27.631586 21.091223
77.978032 82.329487 24.033904
64.057158 22.781853 21.033390
36.568945 83.213115 22.483881
69.473869 14.855742 15.640673
10.536598 31.250311 16.539693
86.441992 28.871014 23.700274
31.721761 76.932640 24.351260
56.710520 43.901707 23.834411
14.411236 83.665851 15.115783
96.708261 62.454437 22.483576
72.300365 53.230127 24.923131
68.030310 45.615890 15.000904
14.420655 11.276522 21.817185
77.801611 76.603691 16.456488
82.322184 47.396357 19.415239
22.417844 39.195432 20.370427
8.170670 32.369661 25.903561
52.324287 31.924914 22.208049
15.119014 68.957719 20.509584
15.126666 97.130870 15.234225
69.975226 94.059627 18.773030
49.532281 15.614314 20.136385
86.310790 9.420638 21.460135
63.429413 41.843019 25.623385
53.623759 36.692456 22.545279
76.804111 73.254352 25.423776
69.233172 31.974608 24.806695
32.091830 62.401319 25.258655
92.470350 22.212158 17.267040
88.859259 24.059309 22.324742
1.024899 71.394499 22.719371
17.050774 64.279810 21.213948
35.239584 27.928945 17.035835
34.428090 76.407781 15.926676
71.134766 22.092976 17.428254
43.775722 26.174182 15.636958
63.659087 11.909328 16.361182
58.983303 2.394066 24.858979
65.077607 32.271496 21.666904
89.533357 45.438050 21.250222
55.825718 74.604631 21.699313
35.660858 93.603720 20.820807
21.771241 13.021913 16.694269
80.584693 27.018324 16.269778
6.363821 15.605863 25.042927
70.464964 57.832441 18.628868
51.541314 47.926777 24.141865
20.843930 60.142670 19.596898
80.703097 75.192377 21.239223
92.559175 82.890901 16.141525
98.811507 76.711288 18.965816
94.572063 30.854595 18.497878
96.908579 60.018795 25.405491
49.925580 28.527435 24.755427
28.346436 46.011041 18.490708
76.106082 76.526704 17.431356
72.540279 95.736716 23.077743
2.438761 29.118674 21.070635
90.727205 4.381872 16.013447
21.202545 32.994062 23.514184
10.514617 18.510612 23.615950
74.785296 35.554042 25.637933
79.404589 92.493884 24.070357
82.664408 88.983005 21.962538
81.065934 99.933067 18.392732
55.667499 40.336144 16.425506
70.377323 67.277495 15.463385
50.997663 11.485522 24.233323
68.901314 27.090552 20.969527
67.078492 58.480009 19.839396
91.147305 96.460976 22.954768
6.176588 86.405712 22.335450
96.636614 48.289378 23.718558
36.259517 49.015157 18.965066
93.481663 62.672150 16.268025
65.148752 98.719152 18.972618
22.193232 13.479696 22.563752
57.091435 72.467367 23.560831
27.352979 19.582084 22.223356
78.094236 14.974673 25.281688
39.001131 60.655531 20.326169
32.877460 50.736110 15.066769
85.879917 18.568627 25.981343
55.875912 82.900354 22.743064
64.797019 89.489100 19.773922
74.681333 40.706379 17.402938
54.713634 4.355604 23.988022
0.430077 5.905434 15.796256
52.853657 28.556787 22.563706
77.503396 44.814992 25.967772
0.487466 3.144254 19.671530
61.938777 87.130236 21.169273
46.874940 24.798272 25.491990
65.022963 33.400087 22.971202
32.958396 43.235741 16.482173
17.431374 22.300226 22.072794
15.111852 13.059486 24.812889
28.826753 70.595651 22.667135
15.802568 24.022706 19.762705
88.954769 13.257301 22.480100
41.877698 53.736933 24.938089
20.693039 30.783208 22.605293
18.583846 8.002741 18.768721
26.389379 26.680231 16.692686
33.578339 43.310214 21.372896
52.701825 29.692162 20.744888
8.165805 25.913407 19.869137
74.149415 0.934700 22.405804
48.684994 57.088458 22.976213
15.293261 7.494700 15.896568
5.742413 22.965385 17.723833
88.340276 87.201125 23.826511
36.593053 47.212775 18.192069
52.618926 51.927449 21.276081
47.968280 34.298167 18.505783
38.173254 85.352996 17.686441
68.231941 21.218211 23.164326
51.224052 58.309614 25.279660
37.453475 98.766765 16.774210
70.483805 65.820532 20.983225
52.323622 51.052882 18.125120
90.069274 56.875878 18.554787
95.331124 72.413599 21.364319
48.344962 50.983562 15.137070
69.186621 90.433442 15.472156
47.579972 32.693386 24.445345
21.181018 93.789647 15.120464
65.152275 77.682837 15.415250
59.586384 63.833425 15.455211
44.271344 98.439989 22.589825
84.797380 25.797046 22.312792
74.630193 48.013211 24.841298
80.871790 11.867681 23.754328
22.292894 7.968522 15.556546
67.200797 88.672288 25.275987
22.902933 44.269503 20.331394
57.069083 15.223784 20.548817