97.092903 66.181602 20.114411
90.584505 6.236154 22.480956
27.089308 2.273787 15.589185
89.753089 23.852734 17.296394
32.552180 50.483778 25.274334
52.195520 48.684452 24.768476
26.032197 50.098709 18.631988
46.975348 37.197072 21.308800
70.384345 31.467588 24.030009
5.008134 89.045931 17.193025
58.940450 41.447230 17.211263
72.394730 12.597626 16.343502
50.649443 72.246712 15.216295
5.115084 69.184397 23.999475
31.489287 77.707295 19.014601
33.582716 46.522583 25.157435
23.413897 45.886627 15.417797
44.184983 24.182067 18.506434
17.174183 12.750617 22.323968
51.687769 34.945428 19.908907
31.100789 64.028816 25.454018
71.272724 55.370709 22.833772
42.005200 72.726939 15.932501
99.543503 27.798287 23.073366
98.041982 71.666772 25.140169
22.919119 41.702798 24.649232
33.293029 99.163603 22.434045
50.735706 85.333241 25.170266
58.434502 37.297740 16.110987
35.029009 18.381039 16.960301
28.168023 90.363589 22.374971
2.826349 63.288313 25.974804
26.234659 94.519118 15.606929
68.539141 16.103242 15.093929
48.606073 29.181076 19.182789
47.299620 91.187322 16.713906
32.976914 40.645315 18.698361
58.381156 15.421143 20.753532
88.984814 79.362554 18.286475
38.211934 94.968839 24.210007
84.555804 6.126359 25.348180
31.814226 74.555890 17.845449
84.380453 14.344829 16.320827
47.119355 38.113273 19.926455
27.288119 89.277354 26.157019
82.005784 84.814960 22.666922
47.146122 7.901942 16.816247
98.639154 10.055545 17.276841
74.474263 92.542421 24.924464
61.693886 73.752699 17.355740
96.077563 30.476222 25.523555
36.925972 82.795445 19.851116
13.418048 57.580957 15.971357
86.954722 96.865570 24.276572
57.877440 31.489007 20.933047
14.571658 45.013659 17.982367
58.849056 60.398422 23.386618
49.014390 99.188811 16.378585
77.743042 51.452637 17.042066
92.180558 10.053596 25.746047
73.249857 19.952469 17.428999
16.412461 59.626055 17.282008
82.320372 45.915189 17.103560
78.523489 2.587244 18.191855
87.601124 20.298319 23.688803
66.399537 5.402588 16.801817
86.757058 55.922561 23.876290
73.432450 55.380914 18.341174
64.502735 86.728291 22.165949
65.927959 14.663054 18.944325
26.306175 71.146985 21.032860
61.970393 17.189001 19.976670
70.411421 52.692272 26.186906
44.171320 38.790075 16.786797
87.132774 1.154051 20.911482
21.521578 74.572402 25.531128
49.101098 63.070476 21.482501
47.395270 84.973652 25.994162
17.722724 23.821723 23.155491
39.078201 1.655944 15.976282
63.753450 69.938623 15.183915
50.249958 53.849840 19.713739
16.224388 4.672003 20.422325
86.547364 73.844744 15.570961
44.276830 15.624381 17.860592
99.459902 23.606683 23.352085
43.467437 71.239168 16.242409
19.732898 68.033944 25.353171
54.221382 70.548113 16.763699
62.256342 90.777892 16.178854
51.907913 54.444122 25.068803
29.710076 70.316635 23.893211
78.941182 13.547439 26.055599
10.453633 53.277123 25.227852
75.355896 0.653718 21.897558
51.410614 44.331619 25.041201
68.214153 32.454031 20.951831
35.136376 30.761513 24.683161
58.192534 91.798002 16.569125
86.849580 40.610430 25.086803
85.947933 25.078284 23.429941
57.485073 62.064574 19.399187
0.283234 38.013497 16.536901
61.249277 23.717664 23.271602
81.661542 68.170402 16.488045
76.484819 9.274030 22.533264
90.519256 3.529119 17.481012
89.014408 50.044699 23.954234
59.761446 79.231860 24.263008
1.671835 16.277370 19.302529
9.281176 4.891681 16.445270
58.338476 50.986058 22.084579
13.204411 73.519389 24.687150
96.541442 72.194318 15.216805
68.127922 23.577399 20.490396
30.531859 89.265761 15.817010
1.379815 71.486220 22.299479
54.979074 88.601544 23.941568
66.502983 38.822796 25.886317
53.278585 94.916405 16.903501
24.081841 22.949457 21.199096
70.792729 95.496816 22.326680
36.143787 97.936196 18.128795
97.544937 77.022361 24.164496
83.834431 36.114627 16.970358
1.888426 59.669402 18.446044
6.479996 34.456777 19.587512
82.329422 6.213624 20.827755
60.711024 55.213331 15.093017
72.221301 47.000548 17.456337
6.288022 3.466776 20.724853
54.198165 49.339785 17.136169
34.851665 92.032580 15.069749
5.203449 6.833503 18.466357
76.736281 83.250180 15.723827
64.467926 62.016807 23.441062
62.503836 77.589645 17.895143
49.941818 97.322717 17.760439
25.714400 9.926666 21.745914
86.588689 79.376136 20.662640
95.383637 77.319195 16.039567
14.645491 89.389355 18.779189
41.361333 58.215266 18.866145
14.420200 53.212084 23.585465
24.060054 93.012157 17.333905
83.600773 95.508427 25.935288
1.843313 51.258625 22.016111
14.620253 36.679417 20.308733
91.844361 95.503599 21.382821
26.340938 9.241425 16.537735