30.888191 35.623189 22.048143
64.018199 13.683774 24.333420
79.947275 51.962132 18.409589
12.014372 67.871543 21.639675
36.811389 96.898818 25.040303
35.869962 95.112041 21.325270
29.585250 33.930182 21.039203
7.084589 44.878447 22.395244
23.758351 57.033968 25.383705
69.053273 52.358804 17.684972
66.446874 1.732643 23.659156
42.516525 47.732470 19.339331
25.443917 39.764049 22.468263
22.122105 64.011540 17.039743
34.613362 80.073206 20.011199
67.149430 36.958140 18.792216
23.073806 5.889519 21.786649
93.370037 86.329267 21.293376
28.305626 12.818023 26.027302
90.767526 86.536525 24.821190
28.175040 69.963884 19.285656
56.363585 86.106491 15.304352
20.494741 67.138339 15.814751
37.477019 12.833554 21.581155
55.099876 76.475425 24.740533
27.157881 25.300868 24.527581
39.883753 75.654260 19.414171
79.567495 69.875407 15.416122
47.818064 32.589627 15.779726
21.349807 18.686960 18.570190
40.646412 93.721768 24.281651
83.063552 46.132652 21.997045
20.975479 47.641249 17.843767
78.874433 45.637713 15.624204
35.585256 21.821772 23.118387
65.295373 94.396736 18.122798
39.327917 18.657422 19.698105
13.341105 90.628660 25.524106
24.121518 75.579077 16.959379
55.918601 81.083172 17.778346
32.995886 3.748181 20.112454
9.882300 55.087660 22.329656
72.893913 48.376280 21.278331
80.304524 13.294933 15.397935
17.816855 37.558529 21.214128
28.434619 47.254134 19.669156
18.267846 34.107305 25.781321
7.136373 34.607940 18.100796
36.515087 87.517212 20.465650
76.957697 73.604349 21.428929
55.242131 44.369442 17.147724
11.999283 3.273234 21.862871
44.214639 47.851904 18.394359
89.716145 77.992636 25.520473
85.343192 77.774646 25.940411
70.323071 50.665143 25.750860
88.645424 26.493361 22.218867
5.953038 65.342923 23.039168
28.511475 19.880805 23.420495
63.171492 59.250562 21.473098
75.202166 75.985721 15.151839
93.781453 81.357722 18.023613
42.773879 94.562913 22.132548
82.205965 25.039644 18.482994
63.396542 75.489624 24.802435
89.869996 32.769506 21.066135
82.118139 26.556044 26.039512
15.390420 44.144518 15.364793
18.450845 15.021203 24.496994
88.308906 41.527680 15.645020
86.689450 79.202251 24.816514
37.052897 53.647438 19.021049
90.665052 76.727506 26.142449
88.475620 38.433511 23.729200
72.305212 51.869954 18.078771
41.925987 98.544174 17.381884
32.602615 90.090281 19.020594
87.903854 69.781761 21.495730
80.252670 35.256864 22.663813
81.961238 69.135924 21.303238
51.465985 87.615752 21.599859
77.760447 0.098876 17.137528
83.806198 29.578094 21.652140
97.554283 49.251475 24.566517
46.383276 55.839598 21.520241
87.120061 9.408669 18.672421
60.888392 74.957107 18.604494
83.645604 38.465165 23.844403
68.951437 62.247118 22.633271
16.389262 46.475774 19.626229
60.133226 75.597772 26.175315
94.439931 7.810567 26.065420
57.363076 18.104125 15.037655
85.760756 84.284202 20.085545
66.338141 9.727054 22.009444
88.897438 37.479977 19.455620
28.864802 11.066696 23.826459
42.752718 5.014624 25.342170
97.833860 98.486551 19.953038
57.575496 84.925832 23.667853
87.075106 18.781458 24.847376
65.496863 86.555594 17.917193
34.327784 80.428367 17.145864
32.427899 47.251055 25.965912
7.514483 79.782763 15.072188
61.921607 8.209715 25.709302
17.300628 72.553014 19.922215
83.138280 22.114894 20.895175
87.253870 65.754882 17.734651
72.866103 45.139999 20.514057
8.786195 59.407446 21.356495
86.616466 4.175837 20.817527
43.144619 79.270383 20.165794
80.753858 67.264358 19.258409
89.543862 33.406013 17.886017
80.600489 22.892773 25.593740
84.989489 45.867133 18.286715
56.298586 19.752091 21.226499
3.307087 7.391034 22.169152
86.399446 29.490986 23.645017
80.737028 96.353091 20.003886
53.338725 32.337269 24.246411
6.472089 53.102879 21.296591
11.655071 56.424305 25.386914
57.237036 33.368466 16.658929
87.164869 99.846640 18.504755
7.017429 60.717485 21.579649
10.691402 56.360605 20.185675
31.019853 77.468950 25.929919
55.766440 23.049057 19.848367
98.502713 99.518581 20.688806
67.753259 98.489081 25.050579
82.979053 77.082062 17.868196
97.161615 99.027211 25.742902
45.090317 79.963259 21.292072
48.329526 67.960790 21.436468
5.010295 22.849751 19.107383
90.359459 26.403100 16.243279
52.958931 6.454858 24.509782
57.772194 7.108355 25.760501
97.114260 41.464268 25.284001
94.762591 9.157349 24.315639
19.879881 19.037179 15.474504
67.549836 53.660768 25.421869
57.750086 95.180684 21.156166
50.315275 34.453012 24.998888
32.665689 46.637303 23.785504
85.889717 41.300703 23.322007
6.859229 42.029685 23.042914
88.860817 16.097541 21.214648