58.536828 53.379571 21.229210
49.634680 87.218728 25.133303
84.560027 15.559004 20.332991
85.950965 55.340218 17.998507
82.655368 29.914317 22.051840
41.498459 69.716079 18.835570
84.271615 67.617908 19.464011
52.843954 89.641233 21.833467
76.944732 51.773890 15.979072
74.585753 88.734019 15.900060
52.214618 36.809422 22.360945
89.938245 37.261856 17.085489
8.576696 51.292747 20.049695
0.025407 10.624890 15.650949
69.588699 30.941049 19.120710
98.416219 21.728316 19.904125
62.271363 12.800410 24.412522
5.256751 58.819055 21.077844
48.857894 25.603589 26.030123
44.270209 44.721787 15.933630
0.287777 35.422916 20.847057
2.052048 37.240622 21.343622
81.528292 95.670181 21.905164
80.818479 97.741588 21.150455
77.716209 61.661665 15.919765
13.330592 43.813548 21.644337
26.565612 28.275369 23.657653
15.440256 72.433298 23.357314
21.624250 80.938102 19.843146
37.994459 13.743905 17.348179
75.822453 40.854393 21.806048
6.985271 23.407831 15.909922
11.494440 91.532924 15.139573
25.176397 55.818806 16.314104
22.850833 14.343804 21.188290
47.560660 86.941418 16.809077
54.245692 76.736245 16.910134
59.320292 54.465716 20.449784
82.545127 97.563633 15.630248
17.356724 88.801925 21.319439
82.789068 6.237358 23.134996
90.628698 3.493845 15.436218
39.364196 17.859790 26.186387
84.772587 13.560076 15.073143
13.246197 60.719769 15.783691
40.666895 87.674230 16.864639
39.067863 82.860613 23.780138
84.250056 71.848629 23.090193
9.214159 11.242934 19.837335
88.453383 4.947222 25.005662
20.781674 47.041390 16.964773
40.429740 68.621744 26.195989
92.570574 96.402363 21.257523
99.372681 9.967590 16.584454
88.490827 66.977432 23.354180
38.437601 31.712525 25.857782
22.575401 99.903326 23.749218
13.658866 41.260797 18.171465
21.958025 22.481530 24.803857
72.688027 93.928793 16.909900
49.381100 31.203199 17.552766
43.104282 52.966154 24.706699
17.742469 27.611987 24.070460
59.485465 43.067032 22.482893
66.728488 77.147178 23.371927
1.419551 39.820882 24.715047
65.268399 69.678462 19.449844
29.270010 71.363832 20.806838
81.454570 45.324332 20.781080
23.081791 52.860819 26.162586
1.943872 62.558212 19.181625
28.436882 23.525394 23.558853
45.172314 15.903812 25.415878
67.893207 89.369699 22.722652
30.829047 35.531937 15.621840
45.488965 40.643646 21.810656
97.197810 60.932202 25.884552
62.236545 69.298839 16.844954
44.697491 7.676362 19.605209
25.138856 75.106925 20.545786
13.427219 63.564923 18.004964
48.365695 69.624402 24.501073
95.351876 55.070838 20.954368
71.606940 59.635285 17.478341
89.068037 49.944542 15.660863
90.721917 73.804747 25.825582
76.403974 78.414072 18.598098
53.260288 10.846783 18.903229
91.387154 99.800853 16.977502
69.354752 62.522694 21.993218
41.718559 83.488659 25.608032
3.400821 12.830156 21.446167
97.414761 84.652511 22.225683
59.781985 21.217560 21.200499
13.350150 79.845244 22.939611
32.674737 88.652609 23.905521
35.201186 89.538744 23.739617
40.235275 4.341118 22.072947
5.718049 13.299034 19.703163
83.756874 40.687425 20.364006
74.734760 57.457711 24.953134
55.270810 13.693575 23.698009
13.811710 28.099654 19.992226
78.142875 30.243200 15.831497
59.254491 54.037059 23.922319
75.054183 6.516250 26.150713
10.367094 27.305043 25.244835
51.962720 43.497025 15.630062
2.746409 66.774906 19.001612
72.030922 7.448584 25.694401
16.067525 56.870836 20.946132
64.457176 30.981628 20.720501
0.931538 15.108667 19.830761
6.807411 50.776009 16.356540
6.601872 70.206074 24.228462
91.671899 30.980532 23.460986
84.992433 56.624978 21.917307
80.533697 53.241877 25.523464
26.487816 51.842111 24.757255
27.962188 38.097199 18.622746
7.200249 8.007799 17.846006
99.549683 67.589885 18.807019
39.513788 73.223752 19.742242
3.166226 33.285903 21.267862
88.790296 21.242698 24.390222
57.816573 59.806500 16.898600
20.328528 61.045888 20.691421
75.984213 84.327316 21.984449
82.283402 12.149146 15.425299
61.442602 7.683952 23.160585
94.556033 87.680142 23.759054
16.313479 69.809915 20.397977
91.749219 70.610866 19.874961
93.373010 42.754576 19.221868
36.922393 81.816238 16.368989
76.529635 97.393905 26.081314
45.394526 12.121361 15.904103
68.434646 35.378225 21.193337
6.980039 89.202132 24.312037
22.882827 30.771845 18.742988
92.857151 34.094632 26.006679
3.315587 36.978394 16.376298
56.659088 6.077314 23.047403
62.697000 96.017829 26.232488
74.506092 19.371217 20.371187
36.961856 36.622525 16.624023
75.295303 87.908667 16.149858
65.538367 56.600630 19.008133
7.392758 5.886946 21.964885
73.791807 57.164058 23.821500