54.976046 71.036586 26.091511
53.273659 4.664882 26.228982
82.770428 98.215038 25.317811
32.888949 22.416635 17.613220
19.825824 19.582064 17.958535
41.102383 27.323561 19.406310
21.729267 25.836482 16.224578
2.776314 78.334753 21.944233
49.408285 25.937208 16.642769
26.725601 69.460613 19.751340
93.329000 51.619799 22.532402
37.001631 73.618427 17.600268
99.646139 42.356280 23.959105
12.868606 37.800513 15.773766
41.609492 8.114466 17.597790
81.442443 17.761911 20.178363
67.722584 92.345007 22.294395
61.273576 41.568644 21.919820
65.378581 27.731167 20.544157
43.743280 7.741826 19.494388
95.376153 29.672936 22.220752
47.399803 33.290707 18.342231
36.553733 25.373016 25.147411
59.480839 93.583093 23.626129
22.835867 64.024161 22.720583
1.290529 19.666364 18.686906
72.586573 46.689401 19.820999
13.291853 74.912977 22.141389
44.641532 40.605909 21.005329
49.302651 25.327080 15.752008
93.653263 81.217873 22.110216
34.776097 78.168804 15.710228
77.803925 97.535152 18.928761
37.795060 31.239412 25.849062
7.742548 8.015461 21.997273
38.027510 33.885635 16.149869
99.136123 23.865482 23.461052
18.013819 16.031451 24.821019
9.699504 59.608872 15.632603
20.845115 28.585818 17.541042
73.801744 88.736382 22.140415
99.447173 7.305057 17.841066
91.469542 25.463904 15.651526
87.213291 36.441609 25.985937
61.436163 17.407665 19.837978
38.810889 14.475147 20.678302
82.633352 63.762565 22.208805
55.273849 19.842700 22.939651
29.373893 45.785352 15.781851
27.239181 5.417834 24.285252
2.503667 53.875912 18.617773
91.583435 28.035133 23.536004
93.135003 93.963449 17.716420
70.345020 22.990775 23.949106
54.926238 3.084205 26.234885
28.245613 86.251696 23.252632
25.381997 61.686775 23.048906
74.760413 43.893719 20.537887
40.431765 5.609010 25.315080
86.911870 8.586765 15.945286
92.988282 63.427253 18.685308
19.009191 59.893738 23.342001
77.002018 53.167294 21.793863
70.634003 94.972594 19.019863
65.875550 15.881530 22.204227
33.820881 96.363102 24.821411
68.873174 52.324306 25.641152
11.507361 78.799280 17.990454
85.959318 43.707891 23.732425
47.664421 87.749386 15.434539
86.628925 62.677967 15.140330
64.343796 6.327835 20.679005
31.992475 47.053255 24.543948
71.392735 76.361853 25.902545
45.254247 68.563098 23.884405
78.135867 7.001615 18.598678
91.044016 51.115759 22.438492
97.439892 58.165261 19.690389
95.996185 85.760693 23.901712
44.533831 63.015017 26.108256
61.822524 58.909334 17.671566
86.782974 44.873832 21.763782
17.991570 32.062551 25.378697
1.839656 84.159163 15.259078
12.938957 43.220642 20.709025
7.045127 38.526273 17.158133
79.188341 24.538160 24.526553
21.770153 82.885540 23.883435
21.606112 88.560111 22.730604
45.980502 39.075403 17.442087
40.070565 26.845612 24.501601
42.111435 48.337516 23.175673
13.890442 25.180956 18.917947
70.780825 39.376714 17.737139
58.362041 41.407504 19.757754
5.052914 1.895708 23.300118
28.050336 70.487029 17.727293
2.869118 89.800005 25.038928
77.896042 40.075904 16.025491
70.738297 32.547222 15.406144
60.439482 86.876453 21.843853
38.815012 71.158764 24.892619
4.326778 22.019301 16.135363
50.152400 74.782645 20.077165
53.269603 72.575708 22.662588
52.058702 59.248790 23.258714
31.957288 39.932085 23.207817
11.914669 66.030225 23.506249
23.572064 76.435780 25.371722
66.908055 40.106738 17.744816
51.415701 90.740362 19.502867
94.565087 68.042327 15.985987
78.810364 45.443395 15.185906
97.536860 26.580106 25.645476
80.462278 24.093686 24.109689
20.331826 90.085890 23.767404
7.810612 98.195267 18.752025
71.070262 26.292559 25.087367
71.700209 82.638391 22.690945
43.725062 4.999695 21.662220
69.179307 53.759311 19.592285
80.260321 78.093651 16.834065
89.343446 34.174611 20.074137
65.826977 15.294223 18.261459
33.522309 83.650073 20.874369
80.547962 31.192897 18.219369
82.438682 34.337628 23.080524
82.178472 55.810743 21.040794
0.665511 38.737391 21.069380
5.914341 20.893136 16.838130
67.368263 32.620093 25.522066
6.962836 5.358989 22.870733
87.454484 32.972326 16.384911
29.804829 9.151016 23.747518
92.704179 94.390432 18.808571
60.830269 42.765988 18.110495
33.929023 63.074239 18.695630
12.129119 73.133742 20.839681
63.676720 52.097909 21.279144
69.179831 79.989672 22.389573
43.171376 12.790989 16.614656
21.975857 65.702345 20.149956
88.819088 38.957799 17.545111
77.726288 1.461313 24.473993
90.797742 93.417084 18.175356
27.886128 49.932878 22.488194
86.974274 8.582360 25.946645
70.979796 59.485864 23.898807
5.307821 57.024556 25.979548
54.847785 44.772690 16.178138