56.010612 77.804676 18.150454
76.568953 29.922461 22.485823
14.432824 86.651712 23.558594
85.622077 73.363955 22.637919
72.720465 12.003196 23.421687
80.048062 10.733841 22.327431
58.392421 78.492033 22.166805
51.570517 79.609103 19.296729
22.472326 59.158767 24.180712
60.999365 14.517418 22.838299
53.551081 6.148341 16.104734
2.232332 67.736780 16.779767
56.539036 16.254451 22.966791
16.759888 6.534922 20.333272
6.423935 83.244702 15.069553
81.120918 72.780242 20.134361
52.394378 52.931966 18.197600
70.171927 95.417232 17.634274
79.512827 15.527485 20.810417
80.560998 33.935132 23.508162
26.215918 46.564985 25.762377
32.723793 26.433694 15.281180
76.842560 83.923935 15.166756
5.683113 24.740627 23.255519
23.905065 81.290702 19.717764
68.275189 0.429690 21.127341
24.458952 75.335627 24.248111
3.278512 45.954576 25.041463
1.725001 57.778036 19.183882
28.365680 63.709671 20.051892
78.958903 78.196444 15.284641
76.624188 62.964362 15.210902
42.622212 72.372985 23.066955
90.616596 12.243794 16.489591
99.474617 50.621308 25.386724
75.641126 76.360638 18.140490
91.067813 10.740176 16.575719
35.276522 68.617111 23.954088
16.775736 22.314655 18.299029
91.525469 41.120142 25.110515
95.690704 79.517573 25.690159
71.678301 10.472105 15.541049
97.336367 48.630023 16.028790
88.898121 44.353909 25.284945
48.420755 39.391188 15.059100
43.818802 35.198638 23.650446
6.694498 12.924854 15.793973
99.160142 14.743744 21.350880
52.959121 38.114747 15.765504
24.961493 20.912816 20.609863
98.486641 36.790620 25.712602
5.499041 79.550041 20.230354
56.401406 27.613764 18.967078
24.439456 4.680156 24.504319
57.583005 49.437320 23.824290
20.446624 61.569550 16.494628
56.058721 26.694854 24.345997
11.577104 6.237584 25.504891
80.836409 53.626450 24.121618
64.111923 65.393064 23.605999
28.691219 21.447406 15.045987
16.259448 34.059180 20.528415
51.055247 86.909988 17.848933
14.840313 81.583321 24.686216
69.111788 64.778483 21.962792
60.100277 10.721775 18.498098
53.202889 22.049069 18.134206
24.447306 67.916707 18.970120
52.373746 16.984306 23.911617
61.519368 62.631715 20.240926
86.296673 42.200508 21.782019
15.215588 30.083266 23.928399
43.001561 1.493258 16.042715
54.661770 37.644501 15.625401
43.572112 38.928113 20.668255
30.487500 29.956537 24.305715
40.344398 16.989352 19.917148
17.984890 97.115236 21.213698
92.229459 87.335389 15.405297
15.324334 53.912020 20.690154
11.088804 86.680550 21.159438
69.418034 85.326058 20.776922
2.736443 53.488096 19.000733
62.102889 70.725899 19.513098
75.517618 37.521186 18.111032
14.529586 55.661854 25.432653
66.400079 88.051600 17.340546
24.602686 62.064442 16.680750
36.330484 11.846242 25.945010
51.925947 91.781005 22.724153
92.948525 49.178216 22.270465
89.415148 38.279435 18.901385
72.769456 40.114272 18.124408
92.427549 44.578868 16.813929
46.401915 24.946297 25.369023
67.288434 34.243117 24.930751
12.343643 44.690764 20.828132
67.053055 0.511836 19.277341
79.101678 26.551607 25.337769
57.826710 38.922557 20.783441
33.078632 25.080016 18.778954
94.939490 97.804044 23.451895
71.755053 12.230008 20.501966
29.405741 77.068031 19.158712
72.013942 83.860919 23.874346
61.706892 54.574025 16.607328
40.876005 11.306438 17.587746
52.432385 57.400497 23.861138
57.227805 95.574595 21.814655
8.877515 42.295271 24.844852
29.434714 38.886365 25.322958
55.766151 55.362824 21.685087
7.616341 31.612895 18.649747
7.789401 87.670146 22.216364
49.299001 27.217922 23.691461
47.058636 90.264178 23.048105
23.597098 3.852784 15.985740
19.587165 35.985800 24.350570
29.288748 23.542176 24.654661
45.968060 10.664746 15.158439
85.421985 34.479665 22.479485
2.857594 48.864865 16.334901
28.063126 53.151398 24.225480
26.337299 63.835591 25.740863
42.867942 40.825171 17.332039
5.100480 68.026727 17.438510
42.966357 42.507944 23.754400
95.832450 20.836883 15.547763
43.063332 77.479014 26.045873
59.971819 78.278506 19.032908
23.023608 32.971822 25.637255
39.049261 66.171303 23.230630
13.864344 97.161459 17.381174
55.913740 37.036083 23.028260
97.412192 45.195981 23.805440
20.451284 18.818739 15.353088
63.491109 60.764789 25.281129
39.824382 93.637602 25.851349
13.650221 27.666835 25.264266
28.513781 55.134053 21.530578
23.791522 33.742450 25.323685
93.503348 53.780456 25.981511
57.117845 30.284699 19.900236
72.963025 22.071897 23.884462
70.373084 94.229406 16.251806
48.946054 48.963102 21.749977
46.685053 87.209311 15.870560
24.250703 11.137493 25.899736
64.060426 98.435190 23.422543
24.394137 42.608393 23.454733