75.727631 28.018358 22.768322
96.197115 44.099535 15.337153
81.885104 28.730894 22.721536
71.883877 18.461539 22.089426
29.177114 23.796214 17.056991
19.144928 13.642239 16.928041
79.005271 95.617058 16.712267
73.197895 68.460229 19.425883
93.331985 89.125282 16.750733
72.124809 6.244583 21.661739
70.178270 81.694754 25.964268
81.190318 29.610480 15.934603
31.248167 83.383862 16.140148
26.687538 36.925944 15.605132
80.495026 34.503373 21.317892
47.716528 53.052366 19.483940
60.130957 59.065322 23.366051
48.241823 80.014060 15.338694
85.346790 72.915118 18.691493
69.304775 38.175207 19.609821
49.066444 0.492089 16.627299
16.049221 23.308060 26.010183
99.673168 80.512905 21.104718
31.179229 97.033658 24.880055
75.454568 15.087323 21.740067
22.415653 76.404768 24.767593
79.230857 66.560356 21.288827
57.733500 52.414579 22.603394
1.239920 14.528927 20.450263
71.000318 3.370363 17.261862
58.848155 22.454401 18.944119
48.692074 0.466859 22.826523
43.522749 75.768951 21.802894
75.773026 76.195184 17.023878
15.424892 6.592586 20.012814
79.097133 37.290368 21.227320
16.438659 21.267850 19.181057
8.495568 54.357602 21.094277
66.247400 12.420350 17.373192
92.303075 76.234594 17.586593
33.995625 57.216065 17.586824
98.911306 79.606633 18.803143
36.964866 84.683929 16.121240
74.643009 38.323652 19.357839
10.562633 70.443721 19.568800
86.936374 51.533717 20.563267
78.762372 68.228457 23.306222
6.599447 71.375974 19.310699
51.478447 46.706138 19.960537
62.003136 49.993589 16.831192
93.470532 12.504942 20.827166
31.244658 64.474723 20.563049
80.737016 56.280466 21.535463
33.538287 26.862828 16.601196
24.202506 54.774245 20.384615
72.754827 17.747244 23.946178
90.164533 51.953972 24.096262
82.997769 73.114276 25.112734
64.091413 80.049977 24.079000
65.771376 53.680281 25.496767
31.819177 47.199884 25.123708
13.054941 75.169204 16.237864
82.250640 51.473986 16.010732
82.643671 7.255192 24.802028
6.490390 7.388455 20.441412
29.892813 12.494980 22.257470
89.843728 61.098448 23.892756
78.137571 41.393600 24.423160
42.423729 40.115073 24.172851
82.526121 52.524864 18.190840
96.235598 9.545846 20.362933
22.701007 97.388296 16.839497
78.710658 28.609556 24.838720
94.581349 27.897086 25.223458
42.293321 80.441664 22.585600
36.187917 92.553807 19.387069
45.832204 40.908193 16.151650
46.978846 86.980876 19.038661
50.029545 39.618385 23.718015
62.214543 52.903981 20.257376
12.860971 33.847335 19.547092
48.136390 0.511259 25.430090
5.773910 90.101918 20.155359
94.874025 24.703612 19.603691
51.638042 27.324521 24.502376
82.921193 20.171261 24.148754
64.116197 38.441521 25.411673
18.387148 22.268742 25.030395
64.132610 95.555012 16.747261
53.489293 86.021966 21.186237
80.531452 89.134338 24.278458
83.315507 98.859599 16.737615
8.757888 67.235544 17.559815
74.052832 53.595196 20.906890
96.366570 78.974891 17.019550
17.308492 65.578902 24.983975
27.782264 2.450683 25.999752
68.668928 82.878714 22.017304
4.000494 4.268269 22.915524
44.436261 43.373298 23.079760
91.031226 5.129049 23.909363
93.491241 26.653631 22.951279
44.097376 89.914251 18.372126
46.117127 26.193472 24.102446
97.609740 43.726782 24.630226
33.651223 30.353214 18.856091
7.667193 86.592980 17.163686
39.137570 90.883178 23.042170
98.013329 7.671566 22.479098
75.713881 14.725913 23.499580
12.898980 13.012800 18.719149
13.826308 62.884852 22.628047
88.055547 65.375116 23.263382
83.529494 58.936776 24.410481
1.647555 67.881298 19.067662
22.548724 23.997015 23.226085
51.010808 4.512314 20.267730
34.891765 7.942279 18.929394
2.157374 76.855573 15.565977
17.148838 38.677886 15.698477
56.074015 58.135522 24.365119
78.756676 4.017796 17.692277
83.875159 9.163945 25.701067
51.343386 78.930140 22.823790
49.269943 9.464400 26.038445
67.547635 41.554364 24.735103
42.955945 27.893187 15.525423
53.426533 92.480606 24.536365
59.474690 2.985126 19.086164
99.591101 65.662268 18.339482
6.819748 50.483710 16.778498
69.530403 86.673724 22.708674
81.491865 82.977047 15.075908
39.917882 8.584994 18.837223
54.459473 43.545895 24.359274
65.592886 34.038361 23.728875
54.047187 61.519871 16.709559
97.216596 31.335632 19.086843
12.462885 30.956598 25.783002
92.378974 51.828609 25.324609
0.386436 98.165755 15.556635
38.776247 25.404312 26.030130
89.577823 57.552860 15.098999
23.861567 69.442296 15.482257
83.456318 30.091948 16.027845
76.122790 40.912469 22.150221
8.833496 55.257014 25.436136
96.538464 3.927876 22.766074
6.097937 2.709547 22.854103
63.587310 65.125878 15.236413
80.428869 63.969127 22.705307
75.308194 33.273064 20.569157
25.888993 27.442996 16.756320
99.086731 53.687288 18.568517
85.704195 90.906029 21.406820
32.960976 0.954713 17.956087
19.982589 24.595908 25.393944
5.809599 18.843214 19.211799
7.468059 13.195328 20.643576
33.278768 77.077516 17.026965
84.059218 20.981557 16.381845
62.187116 55.821556 25.307760
22.221380 79.057531 18.660459
56.836239 97.867800 16.993521
67.552850 59.879439 17.479491
38.124611 87.614853 19.690378
17.029861 8.089853 25.707185
86.591336 65.352640 18.052320
85.691395 15.706605 15.402737
95.125777 84.117941 21.883197
38.167857 80.431777 18.447883
10.673494 38.467589 20.810318
67.250646 77.377769 20.155670
10.954221 7.472773 20.808629
9.697813 59.554536 26.171553
39.745054 37.771248 16.373014
17.905105 61.579789 15.920539
3.357886 51.829451 16.378373
7.266626 28.863635 23.744571
49.853514 58.525823 20.720343
93.755126 98.629918 20.469504
15.501668 78.349257 18.659507
72.672050 7.956701 19.683369
38.972792 40.332904 21.529849
17.026847 7.090646 16.233691
92.403723 87.295120 19.729384
15.654900 23.953125 18.568936
75.995514 48.929869 19.169987
42.380657 57.576508 16.449473
23.974396 15.257200 24.146246
88.508413 10.830933 17.189000
74.583634 7.801477 19.936179
49.210822 86.602844 24.237110
72.703382 78.904385 18.657964
76.518481 33.494168 20.012969
89.592646 47.874812 15.777019
36.472189 97.738335 16.538618
18.686683 47.738132 20.228511
80.205399 58.532257 19.513901
18.560254 19.980253 25.842950