47.826207 1.784428 20.077799
89.828314 1.185183 15.270425
71.780224 34.008351 22.571190
19.215875 49.822030 22.964088
52.558329 59.253450 24.278030
93.300922 55.292410 26.002927
5.273570 68.040766 19.645561
39.675365 65.986902 15.652402
52.542735 8.976419 26.209967
65.568429 2.981509 20.251541
39.144086 94.965178 15.060399
55.716845 67.918339 17.879056
89.420983 86.501234 15.434674
87.208727 28.247714 21.770472
28.240759 95.911279 25.335018
22.048332 33.198215 20.311512
5.019996 12.880653 24.105960
14.487318 32.499808 18.105120
41.218383 49.063550 21.517752
79.898070 66.735225 23.149395
71.434047 13.144217 23.638329
75.327890 10.842493 15.329753
64.592771 32.600612 18.734554
8.887006 28.841730 22.628778
65.034390 88.239911 15.678143
76.764406 80.936407 15.372931
36.790654 54.505684 24.542428
61.002947 23.467398 16.128312
79.775854 66.252889 20.856335
6.521195 32.643650 21.911844
8.615721 80.553620 25.171910
77.048256 1.522974 18.625482
37.750773 79.456696 25.348841
9.441023 37.561103 22.928305
36.845098 52.588032 22.676969
95.525214 26.044482 20.565726
77.950766 21.970771 15.707371
35.948621 89.007442 15.578745
97.088622 87.848619 17.047089
50.410474 74.621255 15.761470
19.390909 57.146392 21.020744
88.699208 74.772527 24.721931
59.637863 99.420048 23.875003
49.560511 99.012151 23.165177
99.553784 98.429281 17.332072
0.039802 84.764444 18.098472
78.277507 53.845523 25.454571
79.403083 69.960306 16.551174
67.600389 77.015638 15.131138
74.196364 86.196566 23.549320
14.275773 3.539662 19.463756
54.278957 91.568831 20.393492
55.163782 13.384428 15.553779
19.216477 19.680625 16.169604
54.876135 70.445263 20.096226
65.859018 32.846251 23.426809
89.995199 18.521936 15.199493
35.445811 78.359470 18.053015
21.959086 13.841455 22.680684
28.454296 3.598027 18.634446
78.325838 41.014206 25.619841
47.585283 7.998318 25.954303
98.316859 77.341060 25.891734
47.980209 25.548981 26.198507
70.961393 73.700217 19.139043
5.147320 80.013658 24.982658
75.087235 86.290076 19.470392
41.123873 78.088171 18.100506
90.013368 83.185255 18.639305
51.760233 26.265416 22.259233
91.491721 77.868881 24.607684
82.761386 55.337279 22.492430
81.413530 81.618205 19.421830
5.734629 55.701349 24.981996
5.790237 31.886744 24.764691
65.904636 60.883015 15.566501
39.158085 17.462207 20.234641
58.638106 92.557121 21.102613
27.765324 86.762456 20.755902
46.930071 24.321663 21.048334
15.253608 17.249299 20.089534
79.304464 19.612215 22.152820
76.887092 13.773912 25.917152
32.563307 94.840830 23.908118
86.087200 8.020899 20.424048
3.041377 8.653471 22.992841
51.683840 32.319105 26.132334
78.432693 0.280030 25.113113
67.699373 73.051816 18.124719
38.076634 67.606624 16.531867
23.290821 98.945230 16.902542
61.094291 87.719239 18.570458
69.226684 27.994309 25.330459
10.415441 57.571334 23.251510
57.935994 15.775318 16.390668
68.829718 59.207116 23.217096
93.141247 92.980468 22.142138
14.453752 50.070232 17.600788
37.720767 12.485333 19.254519
46.671052 30.664692 25.836308
53.373314 39.401399 26.127280
16.326403 63.879677 24.999396
99.931750 48.516301 15.981466
61.383219 72.714654 25.907986
37.096360 43.569166 16.824874
43.686858 81.609523 23.011665
89.984115 83.712830 23.292037
63.312127 23.922154 23.796196
42.367197 18.987768 25.915431
96.226173 32.579209 19.249568
83.114790 19.625046 23.248185
14.298404 3.369933 22.698813
51.743693 98.532367 22.776144
45.242903 50.995355 24.627501
86.043566 0.348685 26.185088
23.018007 72.617457 20.780362
31.684293 87.405299 16.745459
87.262114 30.208285 24.710172
63.533631 47.683206 20.779599
84.023008 2.620774 23.685766
55.537795 17.602954 25.283277
14.711751 24.188811 17.249019
90.615112 59.940516 21.405999
26.261286 94.060486 24.215335
82.165370 80.843449 18.256889
61.652887 96.154923 18.178522
6.619690 94.843891 22.184138
22.203302 66.647969 16.066492
26.393375 97.492394 23.496057
43.353680 45.278863 22.872359
46.343227 19.014077 25.191149
83.567947 40.889613 24.353296
79.500950 41.415794 18.316938
0.058982 65.662560 21.822742
15.370221 52.234483 17.768028
11.162649 41.356116 15.929877
87.293751 14.113305 20.781791
22.253097 62.413578 15.561439
97.270698 43.342002 23.982969
83.308670 12.150213 21.301086
60.680310 71.678633 21.852507
28.577732 5.557039 19.560402
47.426380 24.199584 20.878512
0.653022 32.383247 22.902247
6.701169 27.248826 20.484372
71.227415 87.088397 18.245204
77.786262 96.343488 19.204906
94.020566 52.007871 23.174771
14.956669 25.876104 16.392718
74.990177 15.370115 18.670123
13.585794 52.116477 20.816975
78.297792 97.848115 21.647148
3.847732 87.989287 22.396259
71.289413 62.189863 15.922583
8.179049 44.105692 24.078587
42.103328 11.631671 23.248919
95.931270 74.645738 25.575803
78.910566 98.790528 18.097831
6.415978 61.947910 20.332276
67.173205 42.156062 15.243405
24.735530 16.577868 17.322841
99.845806 9.620834 19.875760
39.113456 77.381340 19.952293
80.094792 9.563081 18.522899
78.215629 30.342245 26.081520
27.066225 11.925726 24.761097
37.690237 59.785041 23.298090
57.319917 43.062238 17.543828
5.943693 76.792209 24.776994
11.451189 56.143678 17.044619
47.940947 95.719010 18.243150
10.684905 26.378488 23.491426
11.122797 88.034606 21.437262
29.329163 75.584065 15.976434
40.510821 59.375104 15.020315
74.663059 30.796051 21.913738
26.642138 95.682781 16.274213
17.710062 43.823067 17.035093
84.728918 79.539358 20.391745
58.840478 35.884433 22.804872
32.337921 68.831773 24.190583
29.674425 81.308178 18.071074
12.326907 95.429195 15.442296
36.756639 95.954782 23.271476
17.428914 27.114739 21.452954
90.919871 73.120270 21.978147
2.238715 14.459129 20.845800
81.363098 53.024651 17.439724
60.415310 72.072814 15.634396
20.836846 1.244291 17.055731
74.858630 78.920863 20.872484
96.500925 83.548916 24.287780
78.071536 30.697139 16.812792
53.651269 42.790961 22.197508
4.816372 77.407194 17.043309
79.367614 63.660943 21.462308
21.244272 2.656492 21.953966
21.885523 17.858128 20.406653
70.074333 67.565300 20.180119
53.269067 11.823450 16.255370