70.020488 21.633233 16.377187
90.026872 99.490542 22.183713
73.856541 53.028698 19.256854
42.344585 97.408009 25.892559
21.916254 75.032784 24.548421
14.111678 79.124097 23.442140
59.801737 39.437793 20.554721
71.591047 58.512737 23.595557
83.971014 38.754089 18.336571
24.798329 58.706748 16.287253
94.886828 27.873348 15.314915
49.495504 54.624165 25.737369
42.703070 34.634211 17.366718
2.643165 58.820000 21.484594
87.707511 84.010691 16.707546
10.751018 61.130958 18.271796
54.731188 75.272280 26.120089
56.207038 89.237188 20.561337
95.776571 77.452029 23.648224
31.774148 71.781901 18.378270
60.360590 27.822945 19.701902
94.355482 97.795794 16.677811
13.160249 74.616266 16.009777
89.346058 20.178796 17.422852
31.799151 64.912999 22.177693
11.389708 99.276234 18.056232
67.671715 98.050233 20.529163
83.815832 30.464680 21.572185
22.000098 85.725729 25.113047
62.586603 1.722346 25.552687
61.070323 69.277413 22.672149
96.394077 21.942889 20.684325
94.770615 55.907734 16.256483
17.043689 62.193242 15.606774
83.464077 56.129665 25.853871
60.591681 80.276819 21.568114
46.047165 39.661444 18.144411
5.796591 29.510559 25.528179
49.102485 39.910561 25.343753
16.581742 81.065311 16.668102
13.458664 90.718924 24.783464
67.306438 77.192589 22.259209
54.073569 81.114706 26.236169
46.377707 72.984390 21.338010
80.908854 6.822914 22.259183
35.637798 49.029106 23.099070
49.096840 14.454383 25.372570
55.703437 53.420393 25.774987
12.656143 30.656052 25.046058
1.604121 10.878559 15.311132
53.989820 70.297443 20.620412
66.071690 99.756030 23.130681
87.108233 86.343878 23.467852
45.717451 68.415129 23.699385
96.235452 24.493549 17.987348
61.749543 18.765719 22.009247
68.212765 82.331526 21.182352
27.979962 85.614403 16.653909
14.702724 35.897438 15.559862
85.358217 77.715497 19.916275
27.536846 13.792645 17.002095
66.456435 30.102855 16.685890
73.953735 52.754863 18.630009
66.030597 12.519540 19.406865
55.209727 99.765562 21.228680
18.826486 99.624120 22.794022
98.989023 40.800005 18.557556
11.565558 85.881037 18.376192
32.022637 65.191091 19.573115
12.714605 21.927492 17.243683
27.131468 82.014011 24.917573
70.599645 71.689234 15.570641
43.084014 40.686280 17.188206
24.081022 43.778920 21.627619
19.181483 44.567948 16.121456
39.472749 92.937896 25.333319
79.886750 38.641373 23.003126
66.555718 95.121540 18.617044
59.831272 66.830280 18.764528
52.141939 34.252975 25.471944
25.744670 77.031317 19.839837
0.983462 65.492528 25.115350
6.125892 76.238459 18.622840
91.549809 35.176243 18.382336
45.787060 66.349837 16.042649
82.420164 73.295292 24.131402
11.428728 85.713773 21.155607
22.426874 59.311485 18.448651
13.673373 89.710311 24.069226
37.841599 64.778107 15.428923
11.787539 76.958570 19.271966
43.479565 89.957906 24.424285
97.263421 40.841266 16.657377
69.298790 97.870378 24.365033
36.558807 37.836278 16.098457
55.644568 8.820299 21.662200
69.673561 69.066858 16.193415
41.296302 13.574003 23.298565
46.334845 46.567721 17.881244
9.635608 27.117207 21.073017
71.984646 42.864637 17.398313
68.545742 49.271705 25.996640
52.512486 26.865228 21.250110
17.654007 62.144640 21.875289
27.090978 44.196518 18.980335
98.872486 14.092653 23.518218
62.225939 96.563698 18.439956
31.065860 48.448185 19.193688
89.452124 94.511105 22.427540
70.176924 89.235989 20.612221
16.378249 78.396708 25.559467
5.477093 59.978070 21.016563
18.972157 2.025325 21.992645
23.150483 33.790359 18.635045
56.691317 4.885895 16.559060
73.013466 17.350100 23.573798
44.195804 83.413946 24.105221
96.449132 41.575179 19.152172
32.681439 17.624987 15.745649
91.882171 51.072892 19.922900
5.935682 46.905424 22.103049
9.196986 62.062856 19.295087
67.050669 26.527888 24.097163
70.017451 20.487947 23.558050
46.016223 85.052022 20.065518
1.836863 12.604782 21.481473
59.019304 97.437944 26.037689
2.388895 80.452458 25.570557
17.082387 76.891943 15.783210
96.683216 90.359962 24.918291
29.083309 19.473271 19.356645
5.750591 21.553161 18.549317
2.537842 92.835430 25.388406
84.846893 74.197807 18.824668
57.587878 13.294902 15.094620
24.050708 84.293805 25.746380
10.529801 5.826944 22.223937
23.650449 78.469950 23.712271
40.572591 62.989214 23.942096
18.699808 64.914919 15.216525
86.050092 34.422771 16.317604
38.458582 88.679402 22.330199
4.449730 81.846324 25.975130
29.450752 32.319855 19.404233
64.614347 22.406622 24.440898
34.618913 23.962711 17.699640
55.430112 85.690091 19.222896
79.722848 87.181982 22.404624
14.375573 43.953454 20.569101
64.366802 30.948165 19.525774
72.272048 9.411437 21.215640
44.664025 44.628880 21.927064
25.015463 13.049480 19.633932
6.172351 62.041996 23.939401
61.734785 98.207550 25.284571
60.904012 58.066181 15.456810
61.044819 84.591304 20.912313
26.618588 92.030733 24.998341
11.393041 50.560036 21.498556
5.123954 67.553231 25.375829
54.989066 53.591902 18.722933
60.604025 42.753420 20.713617
61.054055 58.048551 24.419829
91.706998 89.395992 25.219341
57.554081 12.863224 18.630499
89.534985 79.158677 23.343742
14.992580 25.587697 24.725501
13.146437 70.638678 17.082225
30.115917 19.524669 20.907866
88.783499 87.493572 15.478920
62.321518 50.969435 16.469108
54.073025 59.743997 21.018038
16.333843 83.133226 22.865792
76.083225 43.386558 20.190420
36.075705 96.897554 23.866469
69.592904 99.048266 24.815604
11.409942 70.043992 18.993711
56.833569 38.941411 15.503555
48.493106 37.194132 20.924744
34.154937 99.004879 26.158149
7.997715 80.473879 24.188331
69.890898 15.158504 17.349503
96.405049 99.113280 21.453022
64.332249 11.479688 24.670009
55.671838 59.709311 25.833730
35.562849 28.178364 21.839158
80.366436 46.558063 22.082641
57.830418 46.170611 18.386677
22.000074 68.658283 17.639526
79.629783 99.561331 25.362920
90.021126 68.432856 15.819741
77.664518 47.107347 18.492275
75.645583 2.188497 18.022039
60.900393 19.389319 20.075747
27.304164 26.391646 21.541125
19.347732 17.834035 24.855210
21.262795 77.648872 24.154044
1.686613 8.181178 20.425539
68.655020 77.811060 15.607032
8.715906 11.250115 16.702664