12.436860 18.829830 21.184527
48.250853 62.753832 24.270209
1.574202 93.352820 16.726677
81.875620 16.383410 22.946169
57.418023 74.373648 17.541086
25.517174 45.112483 16.397591
97.701785 72.133968 25.274460
70.411078 63.909975 21.728361
64.029035 14.143480 25.080337
12.784662 23.014192 25.999547
71.597834 50.500158 19.892402
30.409456 49.094185 15.809986
90.607855 91.707021 24.321301
5.412391 87.708045 20.509826
71.814516 18.754976 15.055157
75.497076 24.543063 22.498866
12.161981 31.469050 25.054418
25.893993 30.777944 16.743467
81.277613 5.309676 17.783226
36.453859 35.689403 23.495151
72.429412 2.806971 23.521726
62.606408 56.195362 23.645645
19.008763 25.895752 21.325840
16.099067 75.893175 25.113427
55.290108 70.163967 19.492000
32.235687 48.507649 17.026251
18.632489 80.081636 16.004130
66.225851 7.672527 23.770032
9.620099 47.174748 25.958614
11.231881 37.322217 23.394391
43.937077 14.194467 15.069509
76.715673 13.639544 15.800945
7.201163 17.971490 23.668773
0.562096 28.428504 16.580083
85.576804 50.379485 19.483750
79.235603 71.941153 21.098599
55.755263 13.871611 25.609372
85.336812 98.355097 17.723444
45.599030 10.679283 24.070273
16.550800 44.300192 16.183734
32.058732 28.318842 19.507880
75.474623 47.057562 15.329188
70.400806 84.415330 25.684658
27.386629 77.195365 20.230782
75.657866 39.564300 25.032735
24.867973 27.944552 23.058611
68.287866 78.479270 24.471766
58.072993 95.452297 25.944392
59.725083 77.072868 25.477047
94.061234 20.578098 23.203174
2.165822 92.987516 24.660264
77.379012 33.259535 25.638647
48.442903 98.863168 18.770358
68.886390 91.466900 21.881740
96.537809 44.529425 25.421610
21.613518 97.899431 21.200574
75.519896 83.048671 25.997870
64.165669 37.958765 15.114416
87.085895 92.295434 23.296240
36.727733 0.713946 23.022021
60.468638 54.117015 18.406813
99.779832 46.465070 22.841320
82.242241 18.587065 25.307489
3.830656 14.763800 25.093410
61.045449 32.915457 16.697886
75.629734 34.403640 21.888973
16.111348 31.445176 15.913782
60.297733 83.238606 22.432394
67.285045 69.927353 22.479911
71.131574 73.939239 23.949134
14.019766 22.020275 18.421100
72.064295 77.528205 22.318029
13.167532 71.941622 16.535437
60.333191 99.094191 16.496922
46.889029 77.513345 24.450334
95.547239 34.512736 20.250429
56.148244 92.031467 20.267857
80.913272 44.401960 16.448073
31.565719 97.527432 19.162589
92.698451 90.604035 22.179882
35.930900 88.830246 25.932193
87.829098 93.613011 22.638909
62.919733 11.231130 19.236599
98.926658 69.810980 15.763683
18.176643 25.390094 16.469196
23.593341 10.714698 18.031523
28.420557 13.246016 19.298007
48.302282 45.436644 20.879752
2.883182 95.861397 21.562230
78.738722 86.114412 23.897789
29.807238 14.044658 17.468607
69.111430 72.909304 18.535615
60.303008 69.556516 24.741514
37.508398 9.644279 19.674018
76.525861 36.309048 16.193805
39.583106 53.754180 25.175704
35.355596 1.981582 17.494628
81.033929 23.987019 19.662410
44.892792 92.083211 16.097649
24.655109 67.023757 19.891703
94.147063 3.056804 23.316877
69.147255 21.564229 23.332796
76.309263 54.727498 22.391814
76.508327 68.116813 16.940170
78.737585 70.550668 16.727113
49.966459 16.910363 17.764108
58.236044 43.263408 17.357171
0.311729 16.432019 21.330843
64.688681 93.174219 17.748688
20.748056 81.845036 22.760131
91.233764 69.686049 22.285637
99.430037 13.384051 25.277254
71.512732 71.456670 23.055626
66.541443 51.617214 24.631620
14.050819 6.360195 24.196859
98.570530 71.471310 24.064313
15.983839 48.809068 17.538199
98.228306 4.347499 18.419831
40.354316 36.690064 24.009355
62.299042 0.695001 21.071067
98.383229 2.634531 20.117940
55.415821 63.734836 21.736108
5.194406 59.378322 21.530056
1.299658 2.886702 22.414351
1.165028 57.429309 24.107838
48.577611 81.551280 25.534241
89.921195 84.290586 19.032541
9.441723 84.253033 17.560913
30.301494 56.037205 22.508115
1.351393 50.243984 17.545237
73.440019 61.341251 19.799337
50.967443 92.620442 22.705680
97.195832 21.902352 24.772793
42.570225 35.416253 23.372399
24.699352 63.400251 19.827445
63.832406 29.758981 17.319581
23.605876 60.939798 19.523966
65.171112 88.893146 16.217327
1.413448 84.348590 26.183025
61.979988 51.048437 22.352776
34.204618 93.080896 15.015639
76.388536 33.566618 24.628307
77.548935 59.906767 16.684717
61.040821 72.030343 26.146512
89.398034 24.303254 16.708971
16.773761 88.615042 16.359292
55.094997 41.529633 17.148369
36.092018 14.760258 21.057629
63.540978 10.356688 24.625914
94.829238 88.709167 20.783436
72.910299 95.758511 15.288018
77.899889 66.013863 16.372587
56.555891 37.745374 22.299331
21.051445 24.648787 19.436153
93.057406 42.177964 16.084623
60.316808 16.152057 22.724476
45.504129 3.316674 23.117723
35.842246 49.954850 22.479975
26.222387 68.735952 16.986422
29.397643 53.850977 25.454773
37.132888 26.158467 15.980412
86.482051 72.051115 15.185479
3.154830 59.357160 17.400333
22.886202 23.848757 16.935203
31.265590 17.268418 15.980096
30.923869 56.365908 22.544824
12.553185 28.666226 21.577095
63.228146 97.051597 20.140695
53.086807 67.033575 17.541371
2.244029 95.436117 24.023837
68.272152 49.634960 23.764146
84.380852 93.015312 23.677901
3.220792 84.777193 20.270974
71.108982 42.715612 24.034749
4.892581 25.567077 19.363870
47.220739 75.413686 22.967523
24.586612 65.340144 18.370268
95.953910 92.481582 20.573484
71.471217 82.826482 16.673560
68.515328 34.816392 16.413792
90.910245 30.905774 21.179885
59.542885 67.325470 15.016674
70.494694 87.221869 25.890615
45.752260 78.899563 15.773802
39.741785 43.643132 17.517398
48.164554 35.148976 21.130346
35.045872 15.312668 20.951311
81.727037 21.682862 19.842783
70.228247 36.735827 15.251822
29.334022 36.850629 20.348403
13.779732 80.777290 22.916862
30.349151 53.645000 20.499671
21.858468 3.844211 16.529605
39.948532 66.229852 23.650345
29.545864 56.003084 26.091935
89.541517 33.587758 25.285383
24.600410 31.432172 16.808936
64.690668 32.359295 20.386181
89.350901 15.756459 24.676667
73.443021 53.532273 22.248768