48.399699 91.232731 15.095441
33.220698 81.579441 23.663280
97.777372 87.594071 25.366999
35.180449 19.692292 22.012655
3.343678 76.554320 21.641901
9.489382 37.769249 24.525619
10.367355 14.191043 23.030348
74.824595 73.616583 18.170261
44.178026 92.034567 16.966518
64.391877 10.626138 17.185846
56.297434 32.933354 16.931524
60.797779 22.277190 15.154010
33.080212 28.409266 23.333535
43.298731 67.178548 25.559243
84.679024 58.615020 23.835309
14.147062 36.666144 21.853571
36.380487 79.259398 25.201907
41.776109 73.587294 24.916725
65.033038 44.400520 16.624415
96.854903 2.971986 19.541221
95.556132 76.063332 17.731410
53.996517 80.770956 15.683416
57.587860 7.990410 24.141257
16.849702 30.480986 19.098795
52.993070 36.053441 16.406830
19.280219 97.943179 20.257152
16.689522 27.289551 21.652282
27.834328 83.327967 16.299833
37.868774 80.452025 24.612050
87.583183 52.841821 19.291296
66.898865 68.279075 18.563284
27.125492 77.933389 16.936311
53.816786 9.665710 16.141173
1.779273 78.516087 15.402462
93.046135 43.271218 25.318291
77.068940 67.594464 24.265666
23.521810 52.123058 16.136446
91.056230 17.904803 16.807612
94.375672 41.455049 22.517572
30.493231 39.751624 21.075018
68.876856 63.427649 20.253295
2.945562 52.633478 21.588935
77.300026 83.260468 16.263752
97.280477 81.483886 26.215859
47.107563 6.241346 18.746757
98.482335 9.546848 16.516139
83.487880 72.133474 15.603475
25.606129 83.266941 19.658569
13.697677 66.652533 17.481870
86.417572 78.685939 15.136157
13.238920 61.505955 23.926167
36.880456 39.280217 16.732136
50.820363 93.010274 26.069950
46.259145 25.398037 21.454415
40.275291 87.150815 21.812832
24.866314 39.649029 17.472180
73.231334 6.366955 21.414430
97.918266 91.265540 23.680582
48.173278 81.657505 25.822039
0.372773 14.952310 17.245149
68.412065 83.183307 21.929440
87.832351 54.883684 23.974309
55.428851 30.835855 19.446848
26.507775 30.471616 25.380398
48.295765 56.983895 23.126091
15.007434 78.690604 18.132997
91.417851 51.813633 19.001234
59.548958 67.240415 20.111580
70.728567 25.859025 21.776751
56.113410 34.040382 19.389077
82.217444 11.363109 25.874823
64.655699 23.746545 24.866358
86.294127 66.192068 24.515825
41.889899 22.977542 19.581430
96.736067 95.522027 25.367613
7.859660 64.458050 25.508743
77.367017 57.219055 18.082207
20.117212 58.345769 24.429847
85.425271 25.757831 25.644379
37.341225 68.508656 22.878471
37.337375 60.779997 22.548645
34.145638 93.985276 25.425534
89.166758 35.024180 19.666472
10.823206 60.298888 15.788478
75.137507 60.457672 19.977975
56.298382 93.368629 18.137796
22.106198 25.278969 16.484183
74.560620 29.091893 18.039260
56.018869 76.289553 24.148107
24.174708 42.191460 26.155284
65.671994 52.531834 19.133409
23.859867 39.980744 19.243507
64.577943 88.007668 17.381032
12.779316 27.738765 22.666596
19.557367 38.193328 19.174173
75.815366 54.760466 16.994344
72.104699 49.697465 24.080457
37.130686 78.967474 15.605907
5.095948 58.309007 23.010970
58.480524 14.158872 18.141072
21.773018 43.036130 23.611000
99.429308 48.828504 24.146132
95.585529 35.563043 15.302960
46.995881 0.447445 15.479970
84.112675 90.688953 21.122851
75.561288 29.194025 16.311585
73.427620 53.427272 17.368857
5.486665 97.383593 16.946681
71.906423 27.465553 20.247524
37.520842 12.490718 20.312429
94.175983 36.516166 22.024599
44.754977 97.205443 23.748232
55.669709 93.096285 15.111290
30.392362 89.550807 21.770183
64.442652 75.769723 16.285792
71.269837 52.212399 24.043192
77.531747 56.397678 21.627750
56.453049 46.964938 21.163877
19.761450 23.566814 15.438676
76.476312 50.776198 15.988617
37.621297 2.841454 24.887217
43.538566 92.404377 24.287581
63.193802 75.229486 24.502257
71.912445 92.341342 22.548495
4.322695 44.338279 20.062020
96.106571 82.451113 23.055152
55.969722 84.645642 25.595579
37.712364 36.260994 16.471910
92.441740 82.449540 20.210057
43.709286 54.095201 24.826001
54.886739 61.356278 24.211215
81.560137 44.978988 16.673454
88.969726 60.857668 24.476614
73.172365 58.950381 24.726177
48.707431 41.407514 22.451662
32.708658 28.974817 19.148931
43.169356 6.471934 22.855939
74.024837 59.935891 19.249510
18.834376 81.631726 17.815826
77.727065 65.060562 24.012486
75.869720 54.138604 24.572155
87.679848 11.141977 16.401307
89.701017 62.337745 25.065358
32.393300 4.045106 25.671895
43.812987 57.394171 22.473591
32.506828 50.100537 16.200278
83.483736 66.463108 24.661983
67.143144 85.534656 18.517134
57.627628 36.151938 19.067990
99.506386 64.046634 18.656558
83.070071 81.713208 20.886405
23.086743 53.287344 24.485441
41.351258 57.740247 21.242483
62.527629 91.294964 18.629503
75.513889 75.568831 16.748381
95.203999 30.898754 17.678772
56.548761 53.735468 19.349113
66.659751 66.910509 16.626894
1.285900 14.797560 19.535046
90.349350 98.948181 16.115625
63.184808 38.406500 16.604858
62.958265 96.237038 21.447113
23.990187 22.401944 21.281171
82.277380 51.602301 19.997047
91.020085 33.941501 21.250257
68.885176 3.057005 18.047577
29.012582 51.867027 24.673104
31.506946 23.198299 17.974982
74.688710 13.065689 24.175302
79.928499 46.832250 25.295922
35.992426 63.824235 22.442281
28.607354 19.099968 18.702862
89.962911 96.911316 22.654929
73.750816 70.103638 20.289355
42.477458 40.440828 25.634756
30.222306 21.671249 21.294746
34.423594 10.210055 17.493905
27.010120 21.195962 15.089681
12.850940 43.436092 20.001685
51.560556 93.076192 16.748073
57.788719 11.155914 20.676089
62.258144 89.230793 21.296668
90.512832 87.189392 25.861204
0.160356 31.671906 18.030483
66.725538 10.350388 16.301104
89.722420 58.799467 25.983577
97.646192 73.276561 20.186746
84.524110 36.347018 20.078162
34.536107 1.858093 25.680609
79.478990 48.551419 24.552831
31.223267 91.011614 22.160888
71.178013 10.509057 23.354927
76.475630 48.207906 16.935792
73.509660 94.362485 23.341147
7.427156 62.386695 17.815482
36.559858 22.703530 24.956330
85.127669 63.893397 22.377623
4.096508 7.764875 20.938840
64.565205 24.703524 17.097146
42.703686 32.534241 20.756148