74.401363 13.593005 23.853764
25.242834 27.754908 17.020330
40.610790 96.109726 19.961147
86.500856 84.390046 21.732242
69.418064 96.478607 22.639992
49.690509 50.919748 22.410116
89.878159 27.620966 20.295729
20.431146 67.340399 15.548671
32.699516 76.354438 23.855687
95.796830 22.048803 16.076941
36.981039 19.931591 18.494968
41.405712 41.082799 15.186409
69.729486 96.624398 17.610511
97.354524 15.793348 26.180107
97.868648 12.449846 21.857251
60.169180 20.399814 22.701987
71.193225 63.806832 22.205138
82.528579 25.229142 21.274595
66.708286 21.203320 18.112238
5.305239 22.954580 18.758427
31.043982 75.273949 24.261706
9.051836 37.589192 17.932866
18.185385 70.678731 22.172298
19.179223 21.385210 20.695357
9.730648 45.346453 25.903610
36.011092 18.371194 24.640116
36.428759 84.654341 22.081530
91.442308 48.119740 22.720739
87.720394 94.233367 17.589777
41.172001 12.002163 21.921549
26.473937 90.134769 25.833088
9.805830 67.169117 17.508468
20.790126 94.116420 19.363051
10.987456 5.284780 20.374672
48.720050 70.719080 25.661016
70.565406 36.288290 15.560826
18.902941 20.951401 26.232461
59.812150 74.311098 25.631315
16.019674 98.980545 22.063901
26.680607 81.778548 20.584364
98.137657 53.891709 15.199076
86.954890 96.882679 21.267334
60.841395 32.864023 17.951744
5.409471 10.882388 16.909235
53.220823 28.869431 23.907419
51.989467 94.007688 15.672088
78.662396 83.831982 17.000165
90.885999 6.473656 20.061738
5.353024 15.059815 23.316568
14.249067 87.193838 15.987094
1.411847 52.336540 17.718974
86.494509 90.180229 24.784471
87.834229 25.956809 15.550184
4.870564 80.785042 17.027688
49.251352 62.435221 23.239181
68.930007 0.218702 25.158839
11.377249 6.721172 17.480058
67.412701 43.812895 20.776885
45.546988 61.374436 17.562600
79.716753 94.374664 20.391309
93.732737 43.142576 16.456982
75.647485 81.823420 15.078014
6.147221 38.953347 21.017476
12.154880 96.114698 26.232794
48.490254 49.998988 19.724268
99.868723 58.959644 17.767829
77.007374 35.624940 15.705442
61.961094 83.167971 15.998535
13.707240 83.226283 21.050796
38.694755 57.967397 17.001997
67.826695 87.439529 21.791244
87.184262 53.614329 15.739576
90.073886 0.734167 24.384858
25.019540 4.556667 16.304236
98.947218 25.041680 15.330480
63.501338 8.606329 24.801404
66.313861 21.098290 16.730597
85.511068 21.632594 24.995804
38.154848 75.242949 22.541195
99.831487 93.647858 25.448807
0.178526 75.471774 24.185961
81.929258 79.860514 19.963740
23.039509 9.358753 15.872577
87.987071 14.709672 23.009787
69.544870 45.009576 25.923637
33.327656 53.601313 17.475090
12.044135 7.489833 17.343550
21.232371 7.630330 21.129434
63.009121 10.921933 20.519286
78.930692 38.046823 16.712957
40.923461 19.556271 15.568834
28.580712 78.764603 25.473952
65.897375 13.421556 24.002183
53.639807 30.264227 24.840795
29.480870 4.064539 25.441680
33.978700 84.811780 16.844074
88.374503 52.278526 19.092066
75.834707 85.931048 16.946161
27.522160 96.332457 21.744600
80.646642 18.894327 21.241743
48.692352 9.721622 19.591206
44.359209 14.494915 19.565736
25.218481 38.029634 24.093493
18.424832 54.181606 21.985085
69.334349 47.527429 25.546648
71.003821 60.744419 20.918713
24.732115 45.935746 23.853923
3.479340 75.694865 22.227949
80.237911 87.979072 24.405388
63.560373 94.855924 16.186693
51.090274 40.984996 17.102232
47.921780 22.097101 25.674505
8.984781 1.695310 20.823413
59.685509 35.803307 24.207634
41.007215 95.196273 16.544561
54.721097 4.084989 25.280364
64.667745 55.507069 22.174336
64.443388 97.931597 20.228978
23.806865 89.661762 15.305152
59.135889 69.561622 23.219613
3.448074 13.107946 20.202891
85.064120 33.973204 17.251385
51.206351 44.245870 15.580658
94.008420 43.405184 21.215596
72.849307 50.417939 19.841986
49.382204 20.018651 17.281984
80.217081 96.025981 20.650746
87.553829 61.268596 17.390403
66.507909 36.885808 15.821342
68.704047 3.016456 18.476715
94.752523 52.525942 24.805043
36.205661 3.001005 24.795198
31.335272 31.660535 21.399219
37.902092 29.676858 19.097880
93.699369 50.493182 23.518826
16.680659 88.508115 17.860967
30.478522 35.367175 21.024489
87.530772 15.602092 20.197366
39.916970 21.825144 25.784260
61.068045 88.940411 21.884832
63.385454 44.865738 24.649685
99.325339 28.380654 20.308569
91.555476 25.630343 26.221798
69.983372 3.039128 16.475529
8.342009 74.088979 23.910027
57.720237 36.207180 20.577900
25.412212 38.082419 23.575728
82.620424 67.126223 20.188096
12.371124 88.467729 18.879778
61.845643 1.406677 19.835503
54.637012 32.228832 22.853727
40.250200 38.618494 21.450269
32.032708 22.440362 18.142776
88.789855 12.113081 19.607090
39.196786 34.358036 16.109946
31.045385 68.450082 21.293338
88.883499 2.531916 20.987924
20.028059 48.820649 20.155552
98.189550 17.756183 18.408623
9.588935 66.125410 15.101974
64.549522 85.650115 25.961286
42.512759 36.470668 20.816309
45.709337 59.233409 17.151275
14.297123 95.395620 25.125471
44.286078 9.928896 15.240236
73.103723 40.411382 17.639937
4.683421 70.931316 22.006363
26.866792 88.510142 24.644464
40.553354 45.457386 25.276082
27.402740 51.109039 19.623772
62.119639 70.946056 22.240668
78.128040 84.653858 19.576906
58.799422 45.325679 15.156843
84.730049 36.259719 23.003429
16.152148 89.888121 16.896984
63.241477 79.318047 20.897527
3.556746 37.910578 25.628094
81.681820 95.895390 17.935917
16.097465 7.879770 24.985734
43.233695 39.168762 25.172764
27.118850 58.797639 24.842311
49.712454 94.361710 19.740921
44.992836 24.256915 16.891698
4.294783 78.754560 16.258875
63.981802 53.579011 23.366741
70.317023 46.319521 19.807130
70.073099 24.736942 23.095911
96.435393 34.806868 19.685496
26.429251 14.964652 17.463670
83.990087 62.029481 23.557718
55.842718 27.571646 25.648324
62.660145 12.498750 25.484702
7.207445 18.558291 22.356684
1.696411 61.576204 15.106293
85.477567 52.187951 16.814786
97.105485 69.290470 17.918703
62.698579 64.410773 25.519952
47.981376 90.291065 21.172425
7.778238 28.411137 20.108385
63.688341 92.457776 17.791719