2.309660 35.975973 17.143893
44.122046 93.293519 24.725665
45.265697 51.256225 23.913421
61.401309 47.422591 17.132927
91.020782 66.587771 16.977778
45.888609 29.061814 21.171689
42.424654 62.676319 20.056155
41.974763 28.366589 25.326049
63.012585 41.214004 17.676031
5.036995 30.953585 25.126690
26.106952 56.026907 17.800907
26.067871 80.844021 21.378089
31.210751 22.636838 22.034669
32.989807 81.821008 19.062625
1.694826 44.830980 16.470767
88.898852 91.650511 17.589233
79.730152 96.477297 16.963239
59.725818 46.196573 21.659255
23.700241 85.909396 20.532455
87.348012 78.470662 18.578335
1.886841 79.906823 21.303975
94.098947 49.615268 25.050691
37.821249 90.529052 23.489341
69.030771 45.563274 19.568098
79.741355 16.338088 19.518696
94.203374 93.914909 18.523907
62.987760 35.713017 19.453530
1.711739 60.698683 16.219491
48.416655 84.495935 25.995724
83.484203 48.901815 15.920473
90.642150 64.992186 25.310737
21.704202 7.810450 18.897626
52.894072 19.832387 19.585634
93.330647 38.119027 18.118633
49.677636 27.110997 24.328942
88.446246 39.609277 25.667660
80.999904 87.567594 16.054912
75.692305 48.412763 15.028403
7.704445 84.854553 25.932431
83.967565 65.712006 22.424458
10.527392 73.631975 20.248934
32.816277 50.116532 21.615798
91.234816 42.362480 23.567564
6.990114 7.457548 21.314441
71.162793 14.782570 22.414870
31.026235 58.609418 25.813371
84.497669 52.076849 16.171121
69.217527 16.817110 26.167817
52.697883 9.892269 21.762973
22.552979 75.990794 22.152283
71.591057 46.964633 25.461708
36.698501 64.548789 21.423145
96.990007 14.682812 23.211277
83.170070 5.925512 24.604882
90.425460 37.672420 20.408163
26.540536 88.518827 26.065347
74.455154 87.117047 23.545738
77.483823 8.536754 22.674582
18.699284 9.292043 23.318515
26.376414 82.738126 24.076905
19.209233 39.342253 17.365607
8.700369 27.944614 22.078636
69.370099 30.231764 25.063865
46.617736 56.159393 22.505718
57.954849 52.510288 19.765563
57.077406 35.316744 18.691745
94.704176 82.423598 22.735198
14.997289 26.671763 15.093194
41.909294 30.352505 16.837823
57.355299 12.011749 25.947918
14.604150 96.230487 26.089420
19.476497 55.433848 18.456570
8.219515 57.830241 19.352837
34.704689 70.851947 22.165593
36.177650 59.453363 24.588056
60.689521 49.325497 20.687573
12.319084 2.765759 17.825709
86.613921 64.624120 16.791207
97.812473 88.268902 15.888548
14.688556 50.713247 24.159967
30.171772 22.070806 17.640401
31.495688 45.113016 15.887947
94.637416 14.848779 17.639988
90.056459 37.789006 25.042301
11.591908 76.684320 22.831448
56.110577 52.063966 17.441793
74.312069 52.172820 24.769456
67.399784 27.133462 16.002155
68.589771 0.810240 23.884735
93.123088 52.729572 25.569235
67.504527 7.430163 23.009093
75.538761 34.993924 21.272051
86.747301 55.734880 19.924072
17.590634 79.458038 15.269467
3.010057 36.150247 15.458758
95.067364 7.100714 19.902867
37.087205 17.244073 21.020489
16.274482 76.141161 15.657532
16.382862 22.758961 18.066902
64.121902 73.806187 16.722757
33.695629 71.868414 25.740802
48.747490 54.685173 24.904682
83.511186 63.432145 16.038520
2.928009 93.212938 21.406175
93.833936 58.985324 21.914426
72.362079 87.704936 19.655903
69.933471 86.925309 17.132792
73.456551 83.415806 17.479879
42.528294 35.674671 25.712085
14.148824 50.236319 23.467047
60.157062 21.607295 16.746033
20.387018 59.794168 17.159597
79.876848 51.670432 23.203403
96.211115 54.373053 17.526748
84.793395 18.258706 20.135550
68.531043 63.649166 18.356396
11.272654 23.295647 19.806100
6.045324 20.476427 26.178011
17.044625 44.323524 16.484154
47.495668 93.038167 22.526671
52.265770 6.652583 15.147781
74.869964 17.446363 17.898513
49.812509 76.901099 19.085428
73.445829 89.011578 20.891028
16.765131 68.113300 20.326528
50.411022 9.000790 23.120870
58.340481 68.261594 21.012698
61.153800 14.599709 25.080262
48.352740 94.249131 18.155885
39.778063 70.431544 16.178939
6.869145 84.933362 24.468309
74.671661 13.859444 25.031336
46.481631 84.213647 18.184670
39.786477 68.601019 17.022913
69.057286 80.024365 22.678811
2.950703 61.784293 24.859848
92.577005 60.567231 25.965850
35.638183 91.684778 24.254647
37.797449 9.362120 19.445554
68.937982 98.703951 24.596155
45.941212 92.711887 20.153076
63.815683 58.967524 20.114317
89.246361 39.349780 16.873839
56.622131 70.126392 24.530829
97.519702 70.351333 17.124217
69.763570 17.200034 15.341063
65.166013 10.949054 16.060629
76.007827 49.087796 18.174701
25.262114 84.146527 17.284634
17.743233 13.185921 25.770939
96.810032 28.274260 17.264540
55.652865 48.921426 21.763410
95.278076 27.073708 22.832525
18.622524 12.551451 15.222582
54.986988 18.546022 15.363610
2.696996 18.206423 16.959856
21.204319 70.172663 23.852016
64.977219 66.378678 25.341072
8.442030 91.591393 22.711581
75.576567 27.557359 25.713053
57.186050 31.762301 24.714860
56.867371 66.199184 23.766624
19.793718 39.811209 19.894226
43.725010 65.229939 17.230760
1.018334 36.054227 25.973008
4.656767 99.333512 19.138831
72.934052 19.016674 17.112468
54.330503 91.862826 21.439158
17.915872 98.605165 19.045070
80.144861 98.111144 21.446544
34.317998 28.558280 22.754209
9.334396 22.033652 20.645359
40.237559 49.186032 17.292073
17.448712 13.853228 21.250262
19.580428 43.901208 17.678298
20.792110 77.509507 24.122186
11.233847 78.041055 20.328924
3.775161 80.392240 20.108060
65.106008 1.296758 23.769591
64.898846 74.070465 21.063331
63.001212 94.939216 25.159064
28.171554 37.566869 18.906439
93.612688 27.520477 17.404433
46.231754 88.501263 22.990629
7.358340 12.337750 16.562912
92.018654 41.720560 20.688209
12.095760 52.047419 15.291743
78.073679 4.752989 25.521289
53.745340 77.557664 20.743093
36.484381 95.482152 22.240335
4.445444 57.139338 18.527074
12.582405 79.127787 24.325279
53.770662 79.545713 17.058411
14.113948 38.899705 17.803977
66.694516 56.132528 25.947500
90.547348 51.557939 25.434242
55.973435 97.035944 25.251730
40.945469 32.589434 20.959947
39.148830 60.382456 18.911020
45.484285 92.922616 18.235776