87.415115 56.759226 26.026678
18.846215 91.234836 16.710394
87.404782 17.694524 22.665902
91.251651 49.882674 21.503475
17.484348 77.591495 22.397876
17.879692 61.620375 22.367407
36.043455 27.015524 21.772485
31.996635 46.126872 16.578456
81.161955 7.200669 19.145121
6.183958 49.176706 23.853733
32.305940 38.526990 22.320113
55.955668 52.968542 25.108230
58.286495 23.036711 22.648625
84.970552 31.454304 24.068665
85.506368 57.076658 17.403491
35.370808 1.195248 17.082720
0.822058 12.059102 16.862466
25.559390 9.592416 20.991529
80.173454 68.705805 23.868084
24.962013 22.271104 16.718707
55.318430 55.319135 26.245546
94.980684 46.889129 19.337955
63.463240 91.877123 22.642512
85.687373 28.540557 22.200006
94.113149 96.891132 25.668859
68.275469 35.370510 18.941130
92.477880 44.054644 15.963130
74.005612 33.700068 15.418013
70.929531 55.397662 19.672480
58.934466 27.245233 23.335642
52.961048 33.668516 22.845318
24.696090 91.414935 18.927314
61.638569 89.175688 22.999670
12.217389 1.503867 25.804263
5.338039 79.168250 16.571411
76.324357 40.746999 21.652015
65.669265 10.866649 25.677615
56.543596 74.785298 23.915915
96.474764 42.209775 24.384517
73.638370 69.243068 16.973687
52.475916 39.278278 17.881655
21.873908 38.253913 24.494782
85.622828 51.567484 20.349895
64.274214 16.123011 24.225323
82.838469 41.434738 17.749216
44.848484 54.204893 21.143797
14.903339 64.783823 20.098401
89.251861 22.538153 20.799960
4.482603 82.083422 22.621904
6.235846 87.358239 15.572291
88.206501 83.346222 25.994429
12.695743 59.854748 23.312665
1.659457 3.648531 23.813149
82.184106 12.016704 21.030803
54.317775 10.611555 15.694595
53.368168 14.014496 24.934038
34.343522 32.766859 17.329348
92.123875 78.735258 15.959737
97.954139 67.326925 21.323870
23.923336 47.480325 21.604355
54.893905 77.100363 20.701832
30.928400 52.099728 16.136557
1.375739 36.131996 23.829456
11.452167 49.524517 22.505112
38.617173 67.349951 20.005540
65.939288 88.934093 24.983902
81.341974 59.956827 21.592107
15.609246 73.670012 23.694388
59.630773 9.204062 16.968782
9.262900 40.519043 25.966386
64.259242 20.512149 24.805915
25.426087 23.040623 18.920054
89.796898 76.470209 15.933764
94.573230 71.680543 15.243124
31.262734 86.492973 25.273353
76.310208 60.491933 17.287097
92.414472 11.257629 25.022342
60.352905 97.702463 21.709323
32.760346 46.954342 16.870098
19.282996 56.912468 21.768685
13.050267 36.021153 26.097005
75.766554 49.081094 22.483396
11.305643 79.747819 21.928710
18.869457 51.409000 18.249476
58.493147 77.872926 15.077083
16.708924 43.976348 15.173786
96.992043 89.408006 15.766969
81.604087 93.251224 18.811578
58.451267 51.518409 24.900963
5.029064 8.315585 15.120650
89.376483 37.717777 15.479887
63.215827 8.023799 22.866083
71.454832 42.553595 17.550742
93.447669 3.948125 19.195590
6.579861 48.380760 19.231220
67.858876 83.641424 19.989535
77.219230 38.705944 15.116936
89.609027 99.905145 20.606999
12.892272 38.147195 21.667517
31.625463 84.108953 21.464695
66.555054 23.677924 16.150268
47.352338 93.872293 24.105288
74.478191 33.446316 21.804913
81.009669 90.360225 15.260665
78.921497 25.701583 16.863388
91.613443 65.315909 18.782943
4.787345 64.367466 26.203517
8.667985 3.930091 19.062283
81.932232 36.145534 20.994431
36.977137 64.233778 25.974994
90.299271 24.244640 17.275656
66.874324 72.576449 20.310665
90.699494 18.546285 21.432026
85.273966 41.407522 16.067113
26.190466 9.298383 25.836222
98.857232 57.046503 19.854049
39.288961 94.273369 24.158905
14.547124 92.251712 15.441139
17.935901 84.707465 22.184364
38.095762 21.554965 21.941803
22.635097 38.529945 18.897961
22.874124 38.602780 18.500339
49.237118 87.120507 24.909717
58.373151 96.606291 16.149726
49.687630 19.313688 26.189600
56.864175 94.309134 15.704583
56.047772 1.500305 15.372180
10.509542 9.554574 20.433812
31.209287 16.617896 24.546556
8.570680 59.279546 20.867002
59.962782 64.367410 24.637610
13.869318 27.310828 17.761000
39.373687 18.308200 16.734785
95.053925 13.047737 25.451939
97.897310 61.590865 16.391452
31.929489 77.612590 25.327759
0.093174 56.708727 17.286306
24.484006 83.809235 18.543392
22.200431 23.613815 22.423641
88.665289 73.130549 16.855680
98.439349 45.111361 25.577764
41.707242 49.396087 15.500392
64.664235 32.208384 17.626328
31.704124 64.739336 16.344079
21.116240 75.539848 24.164754
91.550664 3.528868 17.512467
48.748411 34.182866 19.781326
39.046881 77.235593 15.312969
11.490027 28.242505 20.126780
98.534155 26.260563 22.205785
3.462200 48.033227 24.234152
0.370372 76.376169 17.851717
73.706197 91.482244 17.259562
4.055215 40.745864 22.561724
98.167926 3.384620 18.380241
72.833651 89.073099 19.262860
97.782887 99.899518 24.421529
53.984434 94.491921 16.888052
13.005410 19.360576 22.711535
31.994399 58.986076 17.045137
7.202570 44.779851 20.736699
59.953907 30.074365 17.835127
46.707241 1.584755 17.143851
61.037062 41.521654 19.913999
42.261216 82.041737 17.905259
59.296405 99.807667 16.719248
49.324750 90.829024 18.955984
83.060194 2.211466 19.691136
78.458320 37.544375 25.815068
94.685304 33.818115 24.695397
31.796751 27.591758 17.202079
31.858192 50.157754 24.652841
32.426982 48.056921 25.475406
89.726997 27.896907 26.155664
21.931561 93.756165 17.644513
47.439766 21.963482 22.829295
35.886569 3.136075 25.948466
86.935715 10.888011 16.353990
96.237430 8.347720 23.010657
44.913588 25.481460 22.046889
66.926805 46.973076 21.081756
36.892194 94.462432 25.004317
0.884456 89.334265 23.448949
20.368368 49.508419 19.674355
56.681196 33.033061 19.216871
4.254859 54.022643 20.352644
96.524637 45.371116 18.480061
24.559172 98.277283 18.850502
96.117814 9.733539 25.627927
13.225215 91.756136 15.724412
74.862265 20.388958 15.213614
16.178715 94.124795 24.268245
72.446436 99.727648 25.124798
66.197007 41.611344 21.142689
9.137947 19.660325 19.358243
83.425112 18.128784 19.643543
46.545132 43.589549 16.151530
53.114153 99.344297 23.586237
7.980187 1.713840 19.312678
90.776231 39.613308 24.426096