53.801900 40.619913 24.557088
60.300977 59.649514 23.057500
99.758955 88.460324 15.012582
22.033183 67.411288 17.118212
81.391974 89.897892 17.740351
68.136183 37.014685 16.262207
91.736168 75.137275 15.483053
50.076451 11.577058 25.802468
60.410336 87.556579 25.231095
2.725441 73.287513 23.466748
17.239196 72.828951 24.537469
72.180683 79.335195 20.755789
66.793045 73.696750 21.154211
56.117829 53.568082 23.506106
68.055888 71.672131 16.573043
65.757999 43.808140 18.913618
49.431878 73.617081 24.561818
64.040681 73.420049 24.853774
67.758839 74.984540 23.749849
75.464617 20.345903 25.654122
75.563014 59.143402 20.470097
14.678160 92.980828 18.550099
10.817474 22.969124 21.789906
61.610997 43.631198 23.938382
63.645344 99.733103 17.930396
99.768678 35.413049 15.004488
93.550640 52.826578 22.371711
33.784162 66.967875 24.872550
91.968702 89.677328 19.391593
28.482142 36.680431 20.479850
12.371577 63.622275 17.399222
39.959940 95.430237 22.320172
62.194605 95.505675 17.613409
68.055940 94.980192 24.882264
12.504481 39.220607 18.969585
61.350614 18.119605 23.521366
32.391302 1.373442 15.959262
29.442332 72.093332 26.142123
7.467620 35.987895 16.388909
11.769418 39.367087 25.122984
96.719707 46.276908 18.082653
84.929782 60.556843 24.294158
39.859352 88.799795 17.889019
44.500006 92.963643 15.454090
61.200162 97.834430 19.056107
66.799794 37.376314 23.597470
11.658371 47.493799 16.638477
54.370486 28.028469 17.451678
7.990511 18.584696 25.744979
23.367646 4.627390 17.286875
24.041340 87.753653 19.505544
83.015049 45.218498 19.156106
2.878777 27.119392 25.342272
15.419023 41.395692 23.831093
49.474647 83.441896 16.523551
47.690593 53.665261 26.145200
67.582893 91.528441 20.091768
68.916407 79.279416 24.979187
88.664814 74.441445 21.354852
54.985121 64.838403 25.414378
52.074866 91.639321 19.700689
84.999864 17.655558 16.874914
12.944815 48.926550 18.400497
73.666323 73.835654 25.166111
80.375527 98.536651 21.517684
70.159847 70.405454 23.108080
57.165829 6.166375 17.559819
33.075597 11.865107 17.926121
14.899612 72.043399 16.001048
88.499878 23.822639 20.696861
52.441496 54.798245 23.406322
28.889515 40.491287 21.904850
0.649725 85.908080 24.987816
59.237766 80.120132 23.824740
84.116313 90.525026 21.509088
19.701517 81.491299 23.690774
39.785098 49.517031 15.218912
12.995169 71.960087 22.517867
64.613622 77.942839 19.395010
48.691009 25.825825 20.086824
12.298190 93.747893 22.993993
59.030701 63.211872 26.141307
82.822995 42.570297 23.643927
65.071095 30.666017 23.709331
58.068046 92.295264 17.852467
6.046297 92.548987 26.130098
84.109447 87.305365 22.024896
4.155172 80.267753 18.413585
7.716129 52.176428 22.411043
51.064849 39.024956 19.345460
83.865963 85.762213 19.128503
63.600247 97.429908 15.781740
50.739338 10.184457 25.613133
82.643726 43.260957 26.075890
70.783861 27.591086 20.026954
64.582900 25.683449 18.378629
19.419762 10.143368 20.730439
95.153064 37.442375 18.437897
29.082355 91.958002 23.028663
37.415735 67.311048 23.683762
11.385708 37.335923 17.365692
73.248444 60.013667 18.075856
40.805093 78.190107 18.156615
82.415310 56.196371 20.370965
55.716882 75.933669 17.382644
9.687106 23.784907 20.367691
22.498156 91.513885 15.944428
8.557803 64.103500 18.841947
65.146270 0.432440 18.231204
55.983703 52.333788 23.982636
30.186061 60.754662 18.854944
64.593992 6.186347 16.470511
69.141645 97.067108 15.827033
17.717987 70.690407 18.682348
26.678471 50.184137 25.061674
67.963907 68.832005 18.664704
4.425973 25.703385 16.458703
75.690160 38.357458 23.687323
95.795181 96.563824 25.102694
8.858672 14.753923 22.254799
20.911798 25.413267 18.604660
43.007004 12.075227 15.837342
60.538280 91.815426 17.032500
88.591937 68.685701 15.885776
35.253734 5.660870 25.290191
37.900634 30.410325 22.052622
65.281702 32.155051 20.650859
49.729173 93.357943 17.829281
70.443782 19.777068 25.304118
50.438967 10.542067 25.983468
3.440589 74.795577 23.650808
1.079568 58.018174 24.427236
2.117270 29.147067 24.022117
19.666023 96.611486 26.118356
65.489745 15.089747 20.458113
83.266681 36.738002 22.368599
29.545545 88.472629 22.716931
73.904146 2.745236 22.073665
9.512986 51.494330 18.470999
76.989265 63.425734 25.315626
71.854646 17.971455 23.047826
42.155532 21.471274 20.825559
8.268670 47.404540 24.688447
1.569492 61.803769 24.352547
40.503930 59.819268 15.317370
67.662133 84.515849 15.505887
84.941157 55.998308 17.015056
24.404980 83.958800 25.211867
95.966309 43.866664 25.721419
86.134738 56.764826 20.320642
88.306764 74.985701 23.189345
93.484351 48.260749 16.675672
24.347358 54.267343 20.572906
78.034953 52.061430 18.289907
42.341250 52.026781 25.012989
79.240917 69.753123 23.315586
9.869568 97.057320 19.348164
64.630853 66.867856 15.656045
97.638800 71.545111 23.185019
27.577439 42.295494 17.363050
53.043038 79.062912 17.626653
83.399582 77.697887 18.230060
58.315834 78.848070 20.017381
97.154512 96.133570 21.412188
78.093458 13.667612 18.108195
68.166053 21.431934 19.396500
6.720096 94.604483 16.888433
68.582848 45.107027 23.632459
80.024461 87.517219 23.849997
15.353452 76.383727 20.030484
84.427232 22.425258 22.183532
51.785642 49.010903 15.653243
1.658809 20.653093 18.300822
86.751125 35.554757 23.118647
68.398685 64.994580 15.905471
32.412900 33.853935 16.679773
7.600139 95.727409 19.479741
51.186919 69.111596 18.854142
23.749850 71.670962 18.260161
93.449012 48.931079 21.115502
10.053359 64.516719 18.474816
51.907121 88.773283 22.250566
22.890115 87.805615 25.482456
2.316068 8.432780 16.625733
83.149185 64.711447 16.746812
92.357518 40.925836 23.906460
59.725854 32.082634 15.558702
93.848318 48.768265 26.163168
52.478576 51.627959 23.971938
56.594815 38.311751 20.079989
74.814865 31.480214 17.912582
89.166678 81.582016 18.096961
15.966801 60.429574 24.582091
91.496395 25.028320 15.643980
34.193525 16.350505 16.189946
9.565139 23.111037 21.133591
38.458172 77.502420 21.509451
77.376434 24.715236 15.645942
30.286241 97.277585 16.854126
7.527108 68.676409 25.646513