89.423350 29.940546 22.583365
93.861836 1.714440 15.973490
91.873536 87.766236 16.824892
72.317691 90.097405 22.337290
61.801765 69.570768 24.257981
48.631298 70.879015 24.821077
75.437219 34.628361 19.467273
63.270324 89.832039 17.297681
78.798788 9.915670 18.579881
5.567909 45.815370 18.884142
89.133957 91.508100 20.089939
30.716170 42.710275 15.954661
85.065066 36.378082 16.501390
78.611581 90.643081 24.174886
18.949721 35.166851 21.925452
70.540410 13.384752 25.005466
56.161382 28.896527 17.052161
54.032786 18.779233 21.462607
2.687085 18.016540 16.970853
57.962787 0.468043 23.472758
54.117114 92.747541 16.728536
44.893493 40.196901 15.268434
57.634458 34.357410 21.759078
81.232584 55.102405 16.918531
45.267263 58.390416 16.559539
30.370117 1.917018 24.533953
35.188880 13.158685 15.948370
92.660627 12.229170 17.388907
98.004504 74.874322 19.858886
21.538896 43.255285 22.790689
70.345613 55.381986 20.954199
1.098483 52.681024 24.941583
71.495185 70.734445 21.240118
57.091312 84.368467 19.387513
10.384650 2.821376 21.736245
24.256136 17.623935 21.445326
49.308320 47.492482 16.768931
77.043513 11.221586 25.517240
60.654666 98.368313 22.996027
79.454789 36.592824 19.321192
86.985882 47.960886 24.934076
68.031023 48.957491 16.071311
61.647924 82.908413 23.777214
31.509347 12.293372 24.466199
26.889899 97.912329 20.503112
73.446533 87.927434 25.958479
69.514507 5.051891 23.320106
16.207377 56.766278 22.479180
49.889921 46.092781 23.341939
91.029670 33.568776 24.544174
93.272803 45.088414 18.907374
74.555740 58.535025 18.103843
17.253422 2.448427 20.099933
69.567920 81.792090 17.748912
72.593600 50.407474 24.749542
65.208836 39.229262 15.469255
31.634597 9.663973 15.280162
40.463680 66.906884 17.464486
16.596757 92.858372 18.968434
70.786138 85.628379 18.395597
25.189767 7.598430 25.475341
66.403161 50.334523 24.058126
84.721804 14.287009 21.747832
63.680713 56.569779 24.257471
11.222376 82.304548 19.460908
65.229321 47.847717 21.820355
75.584110 66.254537 18.837272
24.220835 71.207036 16.953584
19.964394 10.675657 21.900090
48.806215 6.916876 15.567775
65.316870 19.010236 17.647026
25.575794 96.529024 17.863611
7.427902 61.516662 21.350307
21.797796 60.945715 19.615805
33.465540 44.505209 22.067687
94.998962 60.545153 21.090329
29.169975 16.910375 18.921517
24.680354 74.925115 16.221347
29.282492 39.838505 21.924080
86.963826 2.718464 21.836714
23.895777 68.026353 25.269723
35.923650 35.060692 25.485889
24.255377 85.168479 24.069639
90.869464 97.352815 23.034570
64.247879 24.567723 20.533468
62.478262 16.973616 24.242784
91.768993 80.750758 17.988081
45.406262 82.152517 21.569683
39.155756 98.497419 25.705595
1.922742 94.617753 20.319863
14.459880 11.939697 21.072250
17.886172 31.510131 17.429984
31.671752 74.359543 20.262599
46.457737 22.681634 22.701540
65.450826 6.830933 24.000936
93.567259 49.233896 17.040009
42.896755 28.084953 23.270092
71.442950 26.826870 17.007104
83.438652 1.726717 18.615298
78.578053 3.593973 22.574482
15.903886 71.322068 19.749573
83.025113 41.238401 19.956564
46.117136 73.657418 25.252566
77.368226 62.795948 24.619268
49.013662 32.742038 20.809467
51.147196 61.506531 17.280766
36.009024 90.628421 15.444003
46.217230 4.544892 16.206582
48.734145 10.144136 24.134629
10.153166 8.671170 15.180744
30.942070 27.719029 18.828993
11.544043 3.748728 20.546613
41.658682 39.417584 23.796932
36.013197 83.259595 20.407905
86.261050 98.049986 20.624371
95.457864 27.416393 23.049771
75.171950 21.687626 23.456254
46.596047 29.810769 24.777009
64.953765 79.320481 15.991873
8.711912 38.270651 22.677631
81.499397 71.865649 23.070830
12.463683 45.994759 18.641993
21.931100 56.740778 15.630921
42.870861 85.620084 23.939442
69.947790 70.124696 16.399767
48.607616 78.947148 24.311048
91.123038 79.879149 19.920490
79.117947 0.346102 19.501371
6.989665 66.841707 21.663887
4.507423 51.832663 18.893321
62.770994 15.303832 18.927898
8.128817 15.347765 25.611466
31.991732 85.542792 17.356065
99.539886 23.644532 18.233663
49.929711 27.411922 21.866483
11.115216 32.627674 21.761983
27.974132 34.923926 23.904807
15.058455 45.397697 22.497181
58.592592 6.579766 18.394319
69.848068 8.597458 25.745262
48.492275 64.617370 23.195104
71.554758 45.925795 21.770297
7.104462 11.437933 23.867466
12.987560 3.279160 25.077646
13.444532 44.349296 18.984863
30.766220 48.343801 16.680472
2.186678 6.944307 24.519854
98.131338 59.284993 21.054264
30.573734 56.838150 19.347950
37.968230 64.450623 16.215549
69.987564 27.268431 20.597262
18.627640 34.570758 19.081031
60.246380 75.537936 25.220363
33.634894 10.932117 17.465186
4.768401 18.483503 16.573373
17.006323 24.452354 17.778833
83.494432 19.046600 16.745091
42.970480 40.230200 16.397280
79.474119 91.792099 21.203284
38.443858 17.125895 24.490792
64.388029 34.784745 24.992892
11.850886 43.408599 21.883267
94.303925 81.597414 25.141462
41.782062 17.641132 25.971095
87.837757 71.379389 20.133341
73.274696 82.579379 17.954228
1.427371 19.588493 17.757277
82.977982 85.870604 23.344116
26.676285 70.975647 22.547468
86.515931 25.716803 25.325201
39.691210 47.249272 17.965043
18.937746 45.029630 24.475164
89.531793 89.333257 22.868049
23.269745 53.699562 21.394964
13.528665 65.967717 18.679421
15.298987 30.691620 25.480085
66.052270 23.091403 24.174365
2.991864 69.513763 19.237607
28.726863 68.975931 25.419583
68.971735 75.078678 15.633396
41.715428 97.425746 19.335953
21.095616 25.582731 17.588616
19.717353 36.301555 16.322020
82.248796 6.995817 16.854004
92.745446 81.223272 21.081281
0.859230 96.248938 22.258927
85.906320 61.706327 26.036706
8.146298 39.189933 15.669031
72.536172 71.403566 26.215286
90.546981 4.005440 25.196208
21.401075 58.632167 15.858864
7.479418 69.156519 24.158912
32.747596 26.611603 24.935782
7.736276 36.984716 15.095970
94.551091 7.509956 22.603852
40.482549 62.001902 21.759640
44.917043 57.796509 22.743575
66.734284 54.163728 16.213777
69.866089 40.310785 24.369105
16.083042 41.346115 24.714349