45.042884 61.202825 17.295688
90.573345 11.366850 23.985480
32.338037 38.932913 15.273344
51.310610 56.469211 15.411779
63.800211 7.962955 17.351235
81.832799 45.119655 25.120578
59.089602 6.559567 19.870745
92.133300 45.502294 19.918468
2.574834 12.182581 17.817670
87.485429 85.322568 15.055296
55.316903 4.595857 24.408287
11.970964 82.893655 17.849919
39.495078 22.772788 18.520146
91.298485 83.059380 25.736288
77.634389 66.307291 16.323823
45.267354 33.115022 25.368519
58.022056 73.260993 19.142188
22.201605 85.534286 17.329529
7.398911 16.688808 23.509708
95.466617 57.786208 20.157605
94.391898 0.139296 23.147016
42.463131 1.704929 20.968916
70.363419 91.469492 22.469980
50.107223 76.897423 19.792800
62.044417 93.054743 24.594645
11.416842 1.240352 16.396407
75.647322 87.428700 24.070478
92.630820 25.927948 15.577837
29.200705 81.847942 22.760224
85.617366 1.785725 17.226525
21.958128 76.216898 26.158842
13.003283 25.469687 15.589335
71.101990 75.134335 25.295172
88.630311 68.102902 15.990017
79.619850 44.831019 15.660583
61.332746 12.207524 17.791871
53.334208 77.103589 26.022347
75.141319 65.447729 16.299809
93.619535 81.908092 22.925468
36.115021 27.152721 25.247591
66.278131 32.782079 25.767648
73.610506 25.500453 17.428753
91.439461 74.773838 20.523874
3.969259 93.152913 19.289934
25.978159 87.205231 22.359041
24.323888 3.869450 17.175769
7.845912 20.911480 25.003936
91.699961 21.763305 18.960044
55.455043 57.588690 26.198989
19.247616 23.112869 18.029364
29.602574 39.799558 15.747584
35.499002 66.513640 23.338559
54.292580 67.931818 15.422094
19.568470 86.354820 17.811918
54.094798 25.980760 23.488753
90.277737 84.449251 21.465046
6.811080 9.456692 19.803879
41.540189 35.794056 17.584093
74.088889 50.128272 25.868399
71.408126 16.164405 23.283340
25.700248 48.895770 19.337014
69.547329 2.209357 22.239926
62.355127 79.168952 17.300679
78.355753 12.979662 20.306198
41.278008 82.614998 18.083459
52.774080 62.801177 22.325123
61.702094 25.250432 24.530727
64.699440 20.620247 17.769671
26.084208 77.575058 22.720286
8.407784 52.461546 17.796542
36.088230 6.672647 25.649517
79.110873 8.766006 21.094229
58.909298 45.900256 16.165974
6.498765 11.183680 16.757182
40.416089 45.065059 22.291026
21.149213 0.466873 17.670177
57.065061 84.896911 17.916108
24.658791 14.503585 25.925207
88.855772 96.272722 21.127624
99.110986 87.112603 20.008483
60.453127 47.227471 18.470577
32.254171 66.836302 23.997333
84.427008 17.553886 23.127263
97.947179 24.868947 16.676681
65.421656 83.584272 16.199079
94.335978 96.117890 21.171937
54.506833 71.943598 20.096557
44.026222 34.006033 15.159590
17.109291 14.756459 16.198744
45.611908 20.091187 18.633126
58.158755 98.675924 19.122584
57.645851 12.189348 15.886917
61.000570 97.958863 15.696828
12.246839 43.786996 21.614747
20.472819 33.776019 15.071617
47.879844 41.024550 19.699464
24.570108 87.584938 25.606766
21.138933 29.156296 19.480314
17.489090 4.061405 25.953725
57.134008 22.760013 18.098125
13.078019 84.578115 22.978770
13.789316 77.396214 21.019233
80.476029 51.171075 23.074564
8.732806 80.688994 19.191365
95.536978 5.906855 25.456389
52.993854 99.616884 17.240148
75.652951 27.848060 19.295119
91.495863 90.412531 17.174266
54.747966 0.506905 19.764517
71.521350 89.332621 18.445544
11.050516 46.764559 23.856393
35.378744 3.558523 21.629488
95.209765 38.291781 16.236248
55.734157 20.863575 15.108858
69.198226 36.939551 17.108940
77.193373 97.148627 15.923260
24.283615 33.695167 24.863103
90.604351 88.153833 19.125190
7.945140 61.155813 17.163956
42.318473 43.303633 17.686122
1.084173 46.317244 17.120008
18.698232 35.298853 21.755001
72.711877 13.143301 19.390971
40.665564 51.778403 19.698279
77.395608 80.701582 20.468794
63.356601 23.814976 17.888862
51.780530 6.337122 19.826963
99.235264 44.309312 16.868480
96.125619 42.837489 16.241897
77.291038 9.059826 21.176405
27.016360 6.962621 18.551277
9.642510 99.189831 15.945211
81.400467 69.556791 25.583570
89.235636 3.944222 24.784133
14.514358 31.633067 25.076170
20.169427 17.047571 21.850464
53.475606 69.482051 25.191325
19.355957 98.137091 24.170134
40.180911 28.419860 20.635806
82.317129 11.863319 17.341907
88.341025 2.263452 20.275305
35.394672 45.864409 20.507310
5.945595 48.215795 24.524795
39.088509 20.031599 25.208107
33.940830 68.606222 16.875020
15.894552 55.316087 22.869089
18.856444 66.223734 20.863921
33.818606 58.866606 16.024028
73.375061 42.660325 18.233498
14.168894 73.869820 23.818587
37.848122 93.682665 23.213842
59.744087 56.755604 24.155084
68.484502 58.120124 20.020853
14.148203 27.787228 17.427658
89.785445 93.142264 17.763865
34.088779 68.348803 25.336883
97.976753 55.476670 21.185945
30.607865 64.611145 23.576484
12.310850 87.527988 17.547386
73.719729 78.521974 20.718290
6.696990 2.914430 17.938385
67.810019 15.155503 26.033020
29.019590 16.018797 15.536925
59.633680 36.067321 16.943092
24.368823 59.914259 23.070650
3.600442 43.388892 17.963836
29.313617 14.429028 18.053226
97.978684 21.766816 15.076842
83.953190 36.589007 21.536951
68.160784 64.216753 25.314312
29.448188 35.799209 22.958815
71.528462 43.465393 17.747231
94.793911 54.823887 23.826766
3.001207 4.592269 17.081793
76.674254 38.459272 17.206284
27.121372 50.877967 21.866539
68.321629 67.109464 21.447793
7.474567 2.182163 17.458021
86.879706 2.095718 16.938519
35.992144 16.217386 18.418703
87.548081 38.885895 25.775917
74.056228 14.023174 21.319729
64.993205 98.132164 16.108196
96.596818 30.667810 15.339675
14.437071 2.376331 20.169909
43.613859 97.575433 22.979937
82.234764 52.181029 18.643352
40.636273 33.389844 20.086301
32.855689 8.668949 24.377777
2.431680 15.581943 15.239939
17.663421 49.763923 24.563077
21.923236 55.406034 25.370744
91.947044 83.437457 16.888090
2.894003 16.638323 15.657094
16.002208 28.965787 17.431061
31.154413 42.759895 23.136985
73.823842 70.539311 21.506925
75.242909 63.025191 23.268490
80.416851 3.972267 25.489214
12.376438 83.602145 16.851729