63.722427 30.103450 15.918083
43.636957 86.798246 17.674909
16.599545 33.058761 18.312268
56.164687 17.134359 23.581269
60.578544 69.952408 15.324402
27.038261 38.978507 16.361665
15.883073 31.888793 25.335582
94.734172 18.985915 17.788607
64.185219 47.896517 22.433949
25.074006 68.417464 22.821925
23.799187 94.110728 16.311609
83.706901 84.617087 17.624467
76.344463 90.931786 20.020307
12.920136 62.724389 25.742159
31.031015 3.541510 18.742397
67.904380 77.446381 21.817990
79.613666 52.119085 18.100120
74.654956 4.487301 18.890035
82.883770 7.577807 18.574485
74.568004 52.212781 17.865195
73.343055 31.278510 24.723466
64.010661 40.948320 24.681346
21.720889 65.681496 25.212356
48.565743 43.210959 22.601527
1.313132 4.507034 16.237272
91.050569 56.204420 21.079605
35.066473 56.177083 15.827939
20.427478 5.688029 20.921964
49.605616 15.276078 18.422235
88.561349 94.117106 19.883987
16.863142 94.564312 18.410893
34.146088 41.108753 18.124153
11.900994 53.156466 23.230495
17.519769 16.093248 15.173951
24.056514 91.575282 20.678967
55.984365 11.109769 20.053575
3.827727 61.670638 21.232792
76.194404 68.608891 22.115435
32.318549 86.919642 22.375260
71.419179 79.504115 22.342377
60.603000 82.994231 19.165312
52.965179 24.094816 15.385786
24.433036 4.543993 16.945129
50.351870 35.750125 18.719541
95.047922 71.410879 24.596826
92.498975 8.950202 21.886042
89.131655 34.267753 18.481681
47.344054 51.311003 24.304116
86.988195 35.597116 15.759889
22.162987 2.655770 24.280768
15.817654 68.160141 19.492379
45.071152 7.553152 24.342833
39.544755 3.184120 17.299217
75.208467 86.853079 21.542735
97.588492 47.038463 17.499485
0.010513 66.938540 22.778383
65.244347 60.932072 16.102506
34.635106 42.655243 24.272745
94.341573 74.259492 25.225625
18.766447 67.113786 16.090424
14.626968 13.783034 21.798698
71.720814 65.481353 16.050091
56.578082 56.784344 25.626424
1.306195 60.748083 17.797467
47.516679 84.089958 23.409400
18.010462 10.368790 23.004871
98.748924 16.747948 24.694791
20.598405 72.139841 17.857302
67.780630 23.359668 18.599105
72.183753 8.406896 24.365813
42.875514 84.066497 23.639376
54.502474 41.745796 21.541575
64.506290 52.485124 22.873956
20.953448 14.313587 23.123569
21.912315 53.962021 23.052553
1.232687 13.993214 16.619719
58.423551 7.055997 18.397120
96.371904 67.617859 16.320241
15.465065 45.698463 20.585603
42.022400 21.443232 15.284847
26.002230 98.484605 21.433339
58.552783 12.725504 20.620222
36.393385 5.585539 18.104976
33.141441 34.859386 25.994683
21.340206 70.101820 20.807547
58.935927 18.831509 18.126539
63.132277 31.167649 24.903520
88.567486 61.289960 16.903614
99.783623 96.038740 20.124847
73.156351 27.306039 24.829796
35.966765 49.283473 20.012385
44.346248 31.218784 26.134383
35.903481 6.483751 18.825389
79.895448 72.450799 24.095301
53.516350 21.208167 20.470635
14.741284 70.522311 18.714676
4.136825 6.152358 16.453526
40.919927 31.608367 15.151015
85.917584 99.287542 16.452042
70.871583 7.488736 15.066767
40.673472 76.179930 24.426357
73.347305 9.959914 24.053984
74.079614 58.523539 19.186686
31.295002 84.371473 20.284743
19.373766 17.832842 22.672885
53.057780 8.112999 26.054483
10.190606 17.934218 23.546007
37.724031 88.621570 17.801684
9.582615 35.575974 16.099080
77.846075 70.024745 16.818862
37.830634 35.172359 18.899966
56.216050 51.100615 20.270840
9.857929 97.306159 22.153416
37.972157 96.998002 18.624491
30.571871 75.961362 17.431506
16.109300 37.774817 15.185286
34.063965 78.410858 25.761010
73.151279 15.715323 24.473369
33.560152 60.249026 15.850784
9.257723 73.928783 21.737726
97.001544 65.649542 23.623200
29.403458 18.692157 16.307750
73.296730 84.088239 19.238898
34.950713 87.866557 25.879488
95.999914 32.459866 24.281683
74.493248 39.941748 25.859710
36.159373 67.109140 24.331348
15.903724 97.509768 19.801486
16.908200 41.030789 15.104328
76.777102 59.464543 23.260627
82.932722 25.130326 15.018868
6.538000 35.227046 20.975151
55.651611 10.719950 16.769345
92.896157 88.746578 18.854661
66.368038 0.549398 24.763081
79.152284 75.864451 19.910817
29.230431 19.404959 20.234045
17.896042 98.377266 18.964952
26.930608 23.511580 22.184594
41.801691 94.365071 17.531949
90.420121 60.804776 20.263767
58.412155 24.406629 25.329193
55.985015 84.177462 23.459060
27.441665 61.935847 16.489854
63.641725 95.003627 20.122128
0.103185 4.373557 21.539710
80.128883 44.073750 23.008922
15.803766 92.192782 17.650986
49.271394 37.275540 25.055161
2.129563 57.020770 18.207876
68.258748 36.444140 25.451109
77.855256 5.233438 21.570592
6.396237 42.709239 24.705325
81.093373 8.635695 23.136896
98.549407 3.282041 19.615545
55.743367 47.185919 17.042019
88.661599 23.058964 20.496349
51.253869 35.893414 18.455528
69.539826 1.917083 22.705833
74.424569 37.592853 19.849365
75.230331 66.917446 21.086456
83.176085 2.974784 18.241048
54.822185 61.540830 24.703092
45.389782 9.664846 20.922161
31.623594 64.077947 15.879315
37.015208 63.805020 25.090194
13.786762 10.667038 19.802813
87.881350 96.971402 23.577010
28.363140 51.044432 15.151129
85.497946 69.764193 21.939088
71.039573 91.139704 23.897839
96.834776 63.589988 18.842584
74.825599 24.783942 15.999454
51.515749 33.195176 23.753537
68.641152 17.806309 17.575721
27.190021 15.628641 17.114680
96.769540 71.627170 17.955193
82.080289 54.692581 24.222193
36.406111 53.239546 18.127258
47.447311 69.446973 18.502941
1.262987 24.825620 17.659777
38.548222 15.235121 15.352268
54.658567 29.072942 25.622853
71.653105 50.382910 20.923510
74.110220 93.118236 25.847339
27.053949 98.621203 16.987743
88.911515 55.791995 24.742365
94.120873 64.317926 19.270594
21.954109 77.325023 17.708851
51.470074 47.851665 22.395499
61.669088 38.475227 19.256789
3.757918 46.048288 18.750152
10.909075 10.977559 16.483056
13.905268 58.127237 16.476702
22.105943 60.636058 19.894921
30.185742 2.809118 16.204657
75.368806 8.199622 16.601912
29.916905 68.339049 22.196811
97.674057 83.134579 25.126150
19.242668 34.378306 15.424654
57.358255 61.402440 24.060053
36.353288 94.439110 22.629702
21.228871 17.720726 20.015591
16.946338 75.096143 23.352932
20.105214 61.490788 17.461156
35.751760 86.900523 18.406114
37.883651 75.311541 20.123452
37.660044 38.138099 17.582496
2.463965 46.282539 21.617977
60.277129 36.990505 23.636630
17.227952 6.117137 16.198803
12.994726 55.467735 19.313340
0.318829 11.346250 18.515446
85.078391 23.137739 18.693663
31.133525 46.743969 24.285796
72.100771 38.222592 18.920596
37.599468 80.528994 24.460436
4.119377 5.069740 17.816961
42.801883 44.761714 26.072219
45.060509 5.179830 24.611146
83.205502 11.292821 19.199500
43.276020 65.664260 22.575304
67.921053 69.899558 22.177709
97.921186 61.890879 19.260107
58.232309 83.518454 23.902742
37.628114 20.755336 25.347188
65.692873 33.461771 23.040235
97.920436 42.371667 19.324540
85.781042 4.524128 23.545907
86.172325 92.925594 16.467613
26.322801 3.413281 18.855650
89.570366 93.075136 17.969660
40.325699 72.879932 26.154959
43.716437 59.029796 24.915552
21.298065 1.469822 21.133242
8.977041 23.375903 23.111137
4.181999 11.248395 15.920711
29.520380 20.232640 24.287187
34.181464 89.440075 19.598354
99.902529 53.466677 18.335256
99.453227 51.413839 15.078230
41.000799 1.990667 21.563704
2.458292 67.297782 21.692737
32.640000 26.950612 22.081895
71.260019 17.338739 18.498403
47.260539 52.938492 16.837079
39.994932 89.354949 24.774940
42.917660 24.404415 24.780021
10.248043 7.018413 19.646426
37.759750 27.635080 19.055896