55.948884 5.487271 20.742295
54.512551 53.490001 24.956786
71.738932 57.027138 16.787137
11.323697 45.013341 16.121719
54.482238 80.298684 24.962418
84.296727 90.340123 24.325877
72.614745 29.735194 18.260589
42.074819 95.682047 20.533860
41.530063 55.484296 15.821796
67.345594 85.484380 17.683674
35.025884 70.519489 18.016012
25.728692 12.807695 23.675328
3.323768 83.343678 22.778934
75.443102 28.917749 20.039848
34.464801 79.879018 26.089868
61.416725 60.333225 24.413174
37.236994 75.624331 17.727832
45.628819 75.102087 25.572077
68.988144 83.448240 21.926322
47.238640 28.974681 19.289863
9.137951 80.518052 17.620129
48.959140 28.458017 25.891116
54.561416 78.417941 24.620640
61.871223 99.624309 24.563166
91.951843 5.280768 18.411914
46.186385 11.675574 17.438435
58.379001 54.144721 15.397216
93.986152 81.469015 24.962694
26.290951 99.237957 15.056398
87.397614 24.877174 16.346592
40.362856 54.629499 25.601159
99.942731 63.798291 23.442060
75.054481 47.100364 15.005358
93.192194 92.131471 18.094230
77.292882 61.459248 21.480632
50.949029 84.683784 18.471337
34.755838 32.079763 19.708086
57.493504 60.767619 25.604039
51.507622 46.298622 25.661414
64.439253 53.391968 19.519233
87.801208 94.552490 21.186696
14.575873 94.593687 19.126014
94.051554 18.480172 21.982468
49.796586 44.728975 19.473694
41.688954 20.478023 21.068758
82.084350 19.308277 26.195396
10.661907 67.871231 20.787604
48.095526 37.115216 19.690283
26.479846 40.365708 24.966605
19.536512 44.689063 16.534764
60.843243 66.146362 23.804816
45.234898 69.170564 22.053254
94.497511 78.752753 17.200547
1.875936 90.793951 20.092865
0.367045 9.387177 17.259714
71.548206 76.613245 23.022495
81.824495 0.915047 17.978100
48.006009 90.093867 24.751916
74.274067 66.593155 15.062594
31.187302 49.288492 25.330633
45.438263 99.646863 16.025109
76.544574 67.131618 16.048247
83.414721 80.962262 20.931520
91.457406 98.413991 19.665121
47.424689 13.120457 20.722896
97.567984 46.253097 22.835821
93.587500 81.373075 16.631334
48.349917 11.082387 16.993992
30.560811 92.037311 23.185913
35.603989 84.065313 19.952218
34.577632 70.352219 21.897933
78.625717 38.906187 18.243192
41.802858 11.965536 22.185708
94.430829 23.399539 23.959068
17.542798 66.676808 22.433914
94.468294 59.803998 25.188803
44.970861 60.108889 16.415088
58.400834 91.947123 21.723435
22.742473 91.640791 24.493793
22.896652 87.504735 19.182687
78.041255 21.643684 26.059988
98.934316 46.958658 21.964337
10.752307 61.117543 22.528403
70.521800 49.543415 19.952944
28.201085 16.494234 17.131636
52.951574 65.733968 22.299234
19.576632 50.459119 17.141652
92.817948 14.914687 16.254004
52.953576 26.733281 24.539286
86.954225 45.390218 25.144690
43.155776 90.219392 25.959601
52.344211 50.497733 25.274083
39.380285 35.687439 22.631822
73.446186 15.368949 25.165200
76.289438 15.018108 24.630655
66.589791 61.732765 21.282747
18.868669 36.613681 20.186429
20.942264 90.256408 22.791642
57.137611 91.893206 15.414792
24.134625 77.331465 22.580748
47.941716 93.751345 16.656537
74.040957 25.874345 15.049328
72.096725 99.692021 25.065025
14.262040 78.646955 24.194676
1.641799 64.742521 18.203528
29.231944 83.245108 20.967741
5.332482 81.272086 18.223569
48.226128 81.560127 15.227289
88.331978 38.708971 16.166458
51.211615 0.579444 16.823635
32.313447 19.701870 15.328707
77.499366 27.890492 21.544584
15.457566 73.984569 23.010647
21.173526 23.870341 22.006928
58.660211 92.754196 26.119271
87.787880 37.022923 18.792241
35.398134 74.950499 20.884816
22.709445 11.878333 22.885296
57.610440 57.342683 17.603486
59.095301 91.109304 18.988586
32.799544 63.662333 21.091430
53.161583 87.776804 22.947955
13.426856 21.838933 17.564340
26.194470 94.934116 24.438526
30.224483 44.221546 20.891147
39.466791 10.900042 17.854634
47.777372 67.238914 16.978977
68.037204 23.570877 25.979591
88.293715 17.921567 19.318577
56.077508 63.125117 22.912494
41.650830 4.841764 20.732460
99.229521 78.952612 19.481849
86.738264 88.324970 15.347044
45.945874 38.156240 21.292048
84.207530 60.638351 25.676103
1.008788 36.948725 19.279997
12.960746 51.743959 19.765046
73.642521 75.304265 16.114788
56.160395 64.214677 18.057131
59.370098 85.939512 16.469878
30.394138 18.216568 26.229533
89.325966 74.531000 17.485499
16.338915 17.805101 21.988002
3.265631 83.001448 25.341703
83.479351 5.840921 16.864116
20.078774 95.740199 16.868694
63.375634 27.193476 22.185762
82.543047 95.170924 21.149293
23.436616 48.438996 15.730370
58.217304 34.208773 19.605940
30.388272 6.859819 19.838967
31.353118 43.027481 24.367679
40.481179 50.341434 16.582059
39.367501 98.063327 18.792818
46.443010 66.853746 20.188237
57.406413 55.137002 25.009657
22.301810 64.491803 21.814780
58.526149 44.951175 21.209263
51.111403 2.973049 24.561681
9.910115 19.819146 16.960066
0.352167 59.413129 22.853086
17.975596 72.415565 17.239483
48.902131 72.872559 16.082921
13.631121 90.217689 25.379275
69.253222 87.143214 20.553150
56.871951 11.891698 18.380480
41.991277 37.013957 17.375536
87.204788 43.312502 18.974751
2.319790 77.617873 23.459333
70.626837 63.713890 16.386673
87.617376 42.187071 23.080796
19.184165 92.699398 18.268470
30.460817 36.135413 18.270772
52.095323 41.751030 20.607864
45.357896 61.025543 20.252296
46.910336 57.907536 18.859613
89.868775 62.249931 25.332648
95.491835 94.696324 25.638227
97.257140 49.847439 25.672075
76.801842 86.939522 25.337844
73.675302 60.868403 15.374089
88.380277 60.266398 22.686552
33.916455 12.376799 22.117871
78.715055 3.329563 19.335867
83.582959 60.260393 21.745871
44.579720 74.935805 25.445100
88.637722 0.000466 23.932474
9.489961 8.536592 23.854382
51.530329 44.386221 16.764787
2.443317 63.016268 21.361323
70.314163 92.505403 19.641678
6.228793 2.315855 22.525713
27.817427 52.121079 21.904802
29.268017 64.329596 17.342535
56.052029 61.784777 21.787720
14.494011 27.414481 24.541051
22.086023 97.415934 25.634977
24.573388 9.019034 22.197321
15.961715 89.052557 21.520982
25.727442 94.770390 21.363540
80.228950 6.071098 25.057274
6.444194 57.018940 23.207121
96.087040 92.827552 23.339535
42.509653 81.635945 23.970022
24.859465 82.305462 21.826972
53.691739 35.831344 22.754743
8.686041 15.735686 20.729097
10.467274 8.122011 19.496288
95.263283 70.964953 19.900385
5.103688 92.915915 15.085124
39.568424 71.846766 24.580451
17.259273 38.488087 15.575994
36.155610 81.995786 20.533346
83.037411 91.740794 16.440334
36.214134 13.761620 23.725167
7.737726 28.361737 22.728475
81.922980 32.997891 23.442709
56.176728 79.441627 23.506042
34.668196 61.185677 19.634574
2.899344 71.340651 20.655483
91.256454 63.097915 17.702048
21.023616 70.426308 24.498777
28.185906 36.098380 22.551191
75.307099 98.880809 23.588172
18.167407 71.147360 15.278852
17.058022 93.638683 24.272581
87.202310 86.853510 23.401364
78.668053 75.431767 15.013391
74.520592 35.172176 16.722674
22.716817 39.874660 24.889544
69.026181 26.322450 19.050929
93.237551 80.747186 23.584080
8.336694 52.602932 20.542154
8.782305 33.893365 20.254677
67.691560 96.249378 20.833552
68.077446 46.217052 20.235693
93.932880 36.840551 21.143311
99.404816 3.675297 19.736237
91.625176 53.416541 17.971288
33.699539 86.634078 17.292887
62.769404 51.372230 20.763894
67.047490 87.626277 20.795710
14.097290 47.696759 23.343429
81.217461 61.511962 23.104992
34.768185 33.108737 19.069077
9.983498 20.659488 19.555654
24.024407 1.310231 21.373963
67.248633 6.410932 18.630393
87.501041 93.777489 23.964785
52.014099 97.848442 17.800867