87.347641 7.595756 22.568259
40.870665 62.622663 25.653702
23.513453 14.768612 16.457446
19.424191 98.281058 19.055268
26.169856 35.139595 16.642395
17.756784 1.075025 19.602837
65.718212 65.418641 23.594633
37.015359 21.473397 21.780753
88.872064 73.562435 23.266882
90.878689 12.355125 17.004944
95.974324 5.986260 25.230227
30.742291 18.776647 20.465015
97.825382 32.398092 22.387555
66.989879 25.897739 21.021201
1.600393 81.080914 22.462301
28.902581 70.320585 17.847115
1.898382 12.976064 16.386457
7.913429 71.737037 16.174056
29.926309 23.857000 17.991413
74.912650 97.176732 19.418561
89.713600 22.844649 16.348335
4.427785 48.315413 24.085141
2.456589 9.934192 16.942508
82.593268 37.865909 25.952153
79.606228 20.980934 22.355831
31.066717 76.346920 19.229809
35.572695 30.308530 22.898533
88.577867 15.024669 21.980566
97.810160 94.084471 23.129683
65.297745 97.984415 15.654266
44.942982 5.582908 23.678371
47.624357 19.544057 22.620946
52.663159 85.090601 25.788204
34.486658 79.743029 17.122706
83.759777 22.386161 20.370575
98.226572 71.063981 18.577725
2.321491 35.098406 19.188941
39.522794 30.177733 16.053038
5.033750 42.661424 15.152360
50.170218 64.740039 19.423131
72.747634 92.383815 24.632826
15.602794 16.608567 20.458126
45.971062 81.282694 21.249817
32.425116 9.097876 15.027814
57.045317 41.007759 17.589756
41.622795 1.242765 23.143122
83.510770 48.588180 22.606388
33.664035 44.286482 22.588983
24.881939 48.339527 25.614483
57.192214 21.790345 26.175259
39.558189 90.943511 18.576106
29.025585 54.942859 18.034002
55.194873 44.046350 21.805896
42.286169 40.450681 24.373897
92.615444 70.387184 24.461107
15.263829 31.159809 20.340422
9.241240 78.848310 18.492828
95.663557 12.668979 15.463221
43.665745 4.934621 17.573461
67.720715 36.616749 25.341998
6.329488 71.276713 25.092941
23.827128 31.712057 24.200621
26.970362 50.726618 20.571330
86.375533 14.442639 24.030756
53.577936 30.733632 26.192462
78.519340 14.849399 20.518923
1.877402 46.102822 15.422530
85.252420 3.768948 15.354716
14.381528 7.025049 17.242073
1.738488 39.611588 17.054320
97.332589 67.115884 25.618944
9.502115 99.897634 20.368226
63.906144 83.846226 25.580343
62.849200 80.867039 19.836271
74.793982 94.772579 17.669252
6.325589 5.874073 25.611188
42.422225 76.122024 17.863075
61.894236 90.326056 19.645068
93.731371 76.722858 18.680006
32.280428 25.563597 22.925504
1.181387 38.659381 19.446039
22.668233 10.123505 21.130522
34.230273 67.055610 22.705320
79.372638 3.126543 20.264725
75.391321 87.931842 22.704439
98.305575 47.839585 25.351541
91.525683 5.234222 15.374939
68.835595 82.157091 19.822585
16.200683 91.908643 17.771851
73.247609 35.973111 17.688735
75.655797 2.655467 21.997627
77.038212 11.292649 22.527259
70.727615 78.945308 19.985366
56.504032 17.934833 16.642895
70.155161 69.249142 23.290259
36.343754 93.925841 25.911944
22.402031 36.800227 17.648835
46.211943 10.357832 21.043225
51.226935 26.370544 22.209361
98.001471 60.040808 15.778762
5.310576 23.908568 19.511346
2.751730 89.398544 22.750907
2.361146 37.056828 16.361618
89.150740 39.825310 17.754426
25.911077 16.660875 23.954811
72.163407 67.856414 24.461324
98.661216 70.709297 23.322953
39.129901 27.917490 16.669181
37.821806 70.464874 15.223893
59.108951 99.118680 21.540875
44.917835 53.694898 23.152885
64.056753 49.514772 22.383713
2.570808 99.915529 20.662817
89.358084 14.069526 18.028059
87.794912 72.708840 24.900980
65.332518 38.876229 22.974192
91.792959 35.989354 19.059745
51.267629 85.119904 25.574190
30.896029 96.790435 16.456819
73.756991 0.828518 23.190979
62.195132 49.260201 16.597000
30.091230 85.556480 20.316977
58.035955 3.580228 25.175831
83.234483 47.302477 20.318116
77.102751 15.919737 21.033521
79.369327 42.758521 19.070560
4.489469 91.709768 21.877486
76.514149 99.286916 22.288897
87.247490 13.047061 19.410218
54.324263 49.473786 18.117736
84.423039 72.374717 20.043136
70.834737 97.950368 22.648753
2.248057 64.052145 18.306717
4.538963 9.703568 24.803394
91.292143 62.598188 19.623102
75.434839 70.872057 21.271343
42.590009 24.224873 20.181324
32.312297 2.564702 25.917663
71.852062 13.224322 25.654084
91.426669 77.604847 23.997765
63.944692 60.823817 16.193501
40.642236 13.792936 23.419497
43.504614 10.491866 17.519570
70.959679 3.211709 21.057479
76.903428 86.330555 17.445441
34.173943 82.482560 25.380413
27.418922 75.066002 22.431465
70.504616 76.968530 20.613526
54.530389 33.171691 20.564582
1.399030 38.651122 24.201786
39.104779 47.906875 17.808442
81.445142 77.800369 18.599509
73.383606 0.752350 26.215657
64.017213 37.384250 20.005090
89.708668 76.048190 23.044334
89.215600 92.275509 19.597921
37.789029 62.424823 17.330315
25.477370 8.970207 15.049072
82.912434 34.301725 24.921830
44.859947 0.977231 17.795311
92.667546 27.810200 16.044326
1.778224 8.502990 16.256505
51.739956 28.835975 21.508016
46.872615 85.432808 18.129596
95.329300 82.449904 20.883594
97.775281 65.149755 23.997106
67.987469 67.675910 20.378516
24.767770 35.892565 25.504759
45.397279 30.555074 16.590154
27.068862 96.617880 15.120903
27.386950 61.366058 16.969349
21.069615 16.927503 20.755547
5.002153 55.203492 16.872114
57.843734 67.517906 22.724496
40.861152 70.075740 15.958002
1.132392 79.452123 23.638002
52.648004 80.843085 21.150951
79.777845 76.408898 16.194454
66.118457 32.698085 22.434589
73.436858 78.788196 16.874848
96.356634 13.684700 22.244124
14.955560 61.540639 22.955625
65.123643 83.324786 17.837853
81.982635 32.074571 21.089458
84.736518 91.011153 24.612349
16.652582 88.660450 21.439093
10.250181 26.276041 16.639488
55.062489 12.906905 24.070362
86.290278 5.941741 16.166985
10.013543 62.371350 18.021945
42.129174 35.515447 18.846564
49.930878 42.801073 18.512145
87.036275 41.814686 20.810862
65.060945 34.025141 22.883407
75.427929 6.263794 26.246838
78.727389 69.416660 21.363658
73.613472 78.904537 24.273176
73.259932 70.915360 19.193472
67.194473 57.024102 17.593300
34.692933 94.939412 25.118319
24.880502 88.652113 19.644371
9.339829 23.905460 20.378716
44.759204 74.027296 24.588216
83.263089 87.881791 26.048690
68.382260 14.316755 15.950554
14.991507 40.963702 21.833349
58.837063 14.604372 25.916900
74.934043 95.541055 16.730353
3.973290 15.416758 25.224665
26.398536 40.128747 21.486544
80.090962 64.743389 21.506275
98.150069 80.614153 21.307460
56.968158 94.230469 17.579498
41.070891 36.650978 16.392525
52.398504 13.896813 22.526017
86.495464 31.842220 26.094695
8.819904 9.839086 23.519931
78.605923 8.036922 24.681683
46.454061 25.431553 16.627061
91.527112 43.181160 17.253819
88.853643 33.394694 25.653436
1.964500 10.239626 22.731002
11.111714 33.276422 23.003073
34.481284 61.801382 15.094538
45.829802 65.124699 21.355316
81.893835 62.138371 17.489051
94.630660 2.977465 20.807693
43.518648 35.364721 16.352888
96.658152 93.769195 18.078277
90.171276 86.891710 25.780250
10.389073 13.560475 19.297437
78.432180 37.242717 21.796749
52.644242 50.726700 25.283900
67.400702 3.645480 16.594030
28.944200 42.060437 22.002817
15.371771 87.804432 20.817078
71.739362 96.727727 18.162613
32.027475 96.348254 24.105947
24.146024 93.572148 23.653553
69.654316 35.388460 22.884503
94.766085 15.321562 25.344234
60.827290 79.270675 20.085649
78.739391 29.180698 16.034428
9.657314 38.028177 15.092410
28.498877 25.463128 25.572899
42.247090 29.962719 16.980194
68.130864 32.916473 19.869452
64.109327 97.157796 21.810952
84.482651 83.114890 20.366269
98.194705 79.674291 26.031053