39.624897 34.155649 22.536349
39.353204 31.500257 21.615909
26.258127 33.854394 19.573379
31.267432 14.099231 16.630702
53.231002 13.351720 15.968749
49.162937 32.739667 22.510243
11.917013 83.618137 16.240884
31.208027 49.813653 24.851027
7.253722 86.615172 21.839558
40.549947 34.252443 16.780312
33.897499 70.058325 16.713498
16.988707 48.498679 23.075173
20.118425 15.968498 22.433804
64.803672 95.743426 25.420527
7.945153 66.656300 18.946403
78.109493 55.203766 25.756319
76.412135 99.223768 24.489605
85.470688 66.952099 23.614884
50.374509 17.362234 16.880941
88.675623 21.382199 21.750344
38.129562 62.540720 25.838806
31.163011 78.119835 17.987968
46.641710 72.818754 20.105875
45.078972 63.615947 19.732664
79.329963 63.485934 19.721399
49.043219 10.246491 19.749992
34.543842 12.903822 23.394235
98.050038 3.838171 18.416496
4.662041 47.582244 16.452197
65.885317 61.062054 17.987620
91.307806 53.725334 21.140772
39.708359 10.032530 22.337678
25.352833 8.735618 18.794015
54.647222 37.075570 19.555206
82.862908 46.380731 19.377091
76.634480 36.068326 22.559484
75.535680 69.377572 20.105969
99.061763 71.358261 17.141563
31.978449 34.396977 17.046591
6.751464 49.964894 25.991096
13.193491 41.734634 18.750644
5.655051 46.155340 19.334259
44.549392 33.992314 16.126469
31.750454 46.241537 25.200215
72.195549 52.584664 25.091183
35.229482 62.243912 19.274858
19.309573 13.477139 18.507668
55.361374 83.462302 20.680299
32.379549 9.785237 26.105172
23.045527 32.750396 21.326979
37.226112 64.945609 21.924967
38.928058 91.198002 23.637477
14.175237 19.139070 16.641005
30.969046 0.000190 16.411790
85.687106 3.461012 21.742193
91.256510 89.359683 20.970179
34.392650 88.018752 21.827770
31.143953 60.496567 25.914800
89.481212 22.863352 16.209885
73.549133 30.125759 18.517882
48.557018 22.057485 17.698477
67.363658 26.302248 19.706196
22.454683 65.430033 23.505560
5.797188 69.846453 17.747707
99.237201 56.704903 24.504385
54.410048 18.853810 16.672620
82.397612 38.038278 15.210377
29.211338 10.377302 24.625125
68.805838 22.404042 20.446591
85.891969 0.889891 21.153554
71.523235 96.333678 26.093083
48.403402 69.304204 16.230184
55.636227 14.452787 18.070832
79.446890 65.784451 16.800130
46.715054 27.877249 23.689727
11.299973 84.832338 21.508789
2.458591 13.216386 20.218585
72.821376 30.749080 20.665338
83.460197 79.315778 16.960834
84.108533 25.043194 24.712724
2.164678 44.942603 16.955727
45.972565 15.354206 25.137326
26.374045 30.109275 20.785330
23.884043 91.236325 20.873471
59.623714 23.463976 22.829736
88.045573 83.072586 16.639274
76.824714 64.817307 19.346171
53.058775 82.384804 24.295736
97.152910 53.614592 21.109030
11.628348 49.654174 21.891367
15.455690 15.789277 18.028885
94.348104 79.927489 17.830392
4.735277 79.247103 20.102367
98.624515 45.531572 15.359005
23.515808 67.778566 19.638198
55.007493 60.886118 19.698678
39.705203 1.701501 25.236638
88.016893 62.383352 22.838307
27.889011 71.722252 23.775669
48.852818 77.104513 17.555314
97.003535 78.836273 18.337311
98.482654 20.081885 20.639588
82.462946 60.143818 23.545475
61.018879 3.118726 18.468727
21.463234 3.501365 19.309557
26.201817 97.604714 21.774617
48.214413 31.962965 16.353353
58.176859 0.162155 18.070561
36.594358 33.181629 19.807729
63.221310 42.943389 25.035468
47.709497 36.027704 23.872850
48.021320 85.538839 20.501013
11.897369 12.808774 19.909415
0.805512 30.323828 19.551135
6.620789 45.051936 21.811668
38.253485 88.062451 24.803384
23.687993 52.733198 20.657254
3.489680 97.045908 17.479214
46.708918 44.114497 15.764278
12.672868 91.799823 16.645497
67.439523 23.876809 25.039828
20.852995 25.863723 19.215611
39.209468 79.237175 21.125551
27.869407 49.886412 15.292007
47.632050 17.030020 15.296591
31.625242 90.873208 18.468646
73.279855 37.680492 17.646399
99.430084 5.344013 17.764120
53.053200 57.931194 21.603489
75.677595 3.025257 22.577784
2.330553 23.287222 23.667078
14.479498 53.208673 21.183240
54.848684 81.947561 24.590722
77.222127 92.186582 21.891012
52.112212 7.228324 18.093110
56.199348 36.459944 23.282541
35.772354 58.415281 23.070676
19.502122 86.023190 17.494994
84.807216 4.058819 15.262852
92.638167 89.049441 15.222610
90.113921 12.677486 26.115238
16.871383 6.670282 25.049741
18.087723 92.824837 18.324186
13.414220 6.983134 17.176046
28.775002 5.185865 18.410109
98.111233 83.855608 25.142684
56.764400 60.228144 15.785462
31.874585 29.751651 16.719045
19.472841 74.247890 25.901476
7.659253 53.812176 21.173220
29.245259 71.307275 15.110387
21.844821 18.158927 22.796833
23.169207 17.326735 25.883271
6.522338 57.433088 22.326519
89.574200 23.087747 22.092870
32.137478 32.216098 23.262692
43.470300 52.180003 25.296254
12.066782 59.025630 18.685410
91.550258 13.403723 25.305534
76.330301 74.458929 17.693577
23.721063 13.312464 18.983461
18.262727 35.281143 18.458020
61.332517 19.554019 24.263983
92.531179 94.373966 23.330370
99.456216 41.721763 18.474424
18.652353 33.871946 22.756155
43.990502 66.530288 23.415449
18.296508 79.760683 21.215128
16.697575 71.883731 24.583595
49.728579 17.760239 25.834358
50.192241 86.293124 20.852917
57.777949 58.317104 21.715854
93.073066 88.948599 15.904340
65.160553 98.473089 20.536234
41.305284 89.433507 18.898180
86.465456 49.742472 18.530276
93.401514 81.232369 15.178428
94.703317 59.714105 20.424127
38.952048 38.851839 18.382809
53.829445 77.910279 17.399301
3.646236 19.559832 15.703402
41.020821 28.991198 25.544826
26.220325 17.466088 21.229288
83.266035 49.868111 20.065715
57.335139 84.281547 23.395050
13.431750 56.757063 24.453629
31.915158 26.794460 15.323112
75.738421 12.209040 19.162237
31.196304 82.924488 23.122856
89.845651 82.276840 24.499191
49.319892 28.916197 17.631976
60.417106 22.136163 23.723300
23.305337 98.987453 15.503774
8.784688 43.335643 18.392836
45.915297 33.288801 21.714178
15.881170 58.452081 25.085981
32.834209 34.536877 19.325600
81.026983 27.542101 25.427359
51.857024 11.551439 19.200110
65.102680 73.288036 22.737545
12.556922 8.748447 17.950407
15.917633 64.385008 20.877576
15.173362 58.140780 23.921562
20.922594 73.144173 19.351059
93.893864 14.232906 15.411041
86.939440 1.853674 18.265618
52.714697 2.072586 16.392609
10.140958 32.976283 25.871363
48.999080 88.222985 25.507304
70.329494 41.661325 23.100254
45.172252 48.265165 24.472851
27.474179 95.880795 24.207171
23.942436 94.829740 25.045023
30.122467 11.118933 18.172916
61.057268 56.927038 16.211224
10.541130 76.037814 16.363472
56.729836 23.113273 17.665338
73.490781 61.625212 22.843528
68.354352 35.573145 17.734747
49.824428 11.390221 18.560442
41.535737 90.078605 22.966384
8.928626 49.672539 21.534190
17.414935 64.838583 20.200008
47.755179 18.595076 15.845041
47.663849 47.935822 25.338937
3.597693 49.557822 15.472266
34.425689 22.122246 22.963306
56.625073 76.132127 15.839907
56.537083 57.059568 24.119977
85.737177 57.559997 22.604477
7.549834 26.003632 19.437385
52.169170 14.224067 16.994626
43.359002 58.889144 16.699611
34.428009 5.752070 19.606048
22.848081 42.360464 17.638434
47.096793 15.128456 20.481411
40.583293 84.091224 25.126516
49.343797 23.755108 18.344886
4.036302 48.182682 21.963642
51.049903 19.784169 16.261544
44.333878 82.908495 24.313850
83.576741 74.261596 20.914116
21.472126 75.194221 20.000845
37.817697 99.053890 24.179680
80.251185 74.080614 17.740536
30.915901 19.069142 19.282752
60.304421 36.491445 24.269667
88.165431 26.754189 20.430078
96.101512 25.628904 23.014976
80.235042 88.261250 17.045380