46.553149 35.829301 15.078244
28.283949 98.647379 20.333693
56.490428 7.341588 23.042925
15.448655 75.003993 17.578161
10.401831 30.512659 21.688372
98.846429 47.028100 17.087062
36.360885 16.105850 21.236280
40.178161 94.398628 22.222161
93.335343 51.663355 21.147073
91.044519 30.176591 21.337709
88.588937 93.453442 25.792480
65.950792 45.731634 25.013649
94.648011 36.885959 15.384427
1.767427 21.219948 24.352130
8.636141 23.593796 22.714204
56.165078 36.035832 17.917364
66.604373 41.178191 26.196417
43.696183 40.281233 23.435383
63.578818 59.886031 15.566018
54.469446 60.526006 24.564381
96.301875 36.772798 23.105703
57.297134 9.132724 19.009642
48.932439 37.021762 22.173562
79.855273 95.411164 17.225237
7.211041 69.021865 19.540176
14.912685 49.198095 25.678055
43.272554 83.066974 16.100824
24.165717 66.898698 20.898447
24.349299 30.124652 24.825974
73.431081 13.071882 25.870137
53.765343 16.130186 23.571832
78.109314 65.296865 20.903587
23.795966 70.244299 15.095965
25.500408 48.110293 23.698510
90.590910 84.331815 20.361930
3.649123 33.291228 16.656399
22.039655 14.641093 22.924169
2.507332 3.511973 21.911532
55.442406 19.076136 17.548625
64.482765 50.785405 16.032347
39.982038 42.060474 23.780442
48.577721 86.207030 25.968814
79.630292 29.391478 17.681367
58.229511 31.137122 18.423848
7.551993 80.403244 19.921399
72.861805 42.369398 17.336240
26.825260 49.433125 19.330164
47.138232 43.288595 25.006567
52.206620 54.582934 19.805268
80.863978 38.007240 19.293989
33.797146 54.285899 19.190966
78.995217 66.063540 24.927875
4.657546 79.915908 21.941314
52.680864 63.399802 20.156029
21.043098 27.461412 18.445161
20.911268 0.076664 25.595027
98.776395 49.752588 17.618924
7.825628 71.857072 20.271154
83.114981 11.324412 23.103000
42.040891 57.361467 17.745743
99.988927 91.292364 22.475946
75.594379 56.616762 16.903244
78.829164 79.038572 25.069516
80.134123 61.256489 23.792318
84.191154 63.754299 21.943644
25.788102 7.595194 21.472122
34.694113 97.281674 22.876782
59.594873 35.644492 17.624350
45.055953 61.677118 16.730172
7.543068 11.937991 15.476843
3.135273 18.643377 21.953747
61.203560 47.963872 24.312765
60.205949 70.207109 16.883757
74.934999 0.725573 22.354668
89.819621 70.448900 21.014051
84.578824 67.192882 23.178655
92.909462 47.555683 16.880570
75.740650 4.821042 24.402504
60.572182 7.095657 20.435125
91.370345 75.587454 21.728240
36.742922 8.109908 16.073926
65.739804 91.749927 25.991609
1.009560 10.907183 25.428783
61.094399 98.332942 15.369301
68.119450 77.908959 17.097792
21.164703 93.228546 18.745715
76.206866 34.595533 21.492529
48.203738 11.778592 25.507864
18.029381 96.971954 19.988248
38.126862 74.963621 16.233068
81.205264 50.953523 23.173091
75.278357 89.388231 24.576168
38.839858 63.703604 15.921075
43.787495 85.595718 22.146377
64.443404 39.769654 17.462999
39.237586 2.981234 16.006189
98.374489 10.197411 22.169420
13.327535 51.692584 25.578176
8.142629 39.184293 19.283485
92.026176 0.163594 18.576645
94.863559 79.834617 24.081683
28.317863 14.270379 17.262563
80.646152 47.407836 16.817208
83.619392 33.450758 25.728961
11.287372 24.501519 21.400303
66.905536 51.464948 20.886134
49.963652 41.058504 21.733840
29.930440 4.305802 24.856078
60.534863 65.734977 21.859820
94.457009 15.433019 17.284336
69.996003 44.071195 18.396041
31.389582 24.326868 21.188691
28.629624 0.339591 24.950932
12.709317 30.443484 22.728250
82.060031 86.770371 16.998997
53.162049 93.784206 21.406707
80.050251 22.512489 24.470767
7.348693 53.232939 21.698102
88.268007 52.069421 23.802577
82.284751 99.742174 25.140150
74.407992 4.907754 26.132369
3.008727 40.790045 24.895429
76.713877 55.738408 21.942829
75.244532 3.948608 15.825256
99.034365 82.761054 17.957103
21.229628 24.815067 24.876141
6.932005 20.813968 22.476819
14.345572 39.254952 25.620853
82.576928 79.687800 15.335368
16.519461 51.845529 20.005334
91.558995 42.422413 25.933098
65.317145 14.419839 25.309330
12.996282 37.665530 22.245748
95.812209 96.305630 24.368307
74.128395 61.679914 15.456961
16.096677 25.967119 21.693664
13.885791 39.956687 16.875785
23.553824 23.698255 21.392508
73.589705 91.730803 26.184290
50.713383 32.696101 15.650987
76.587797 35.120238 23.335003
90.899671 69.034190 22.150769
7.414442 48.639129 21.742599
40.036110 5.634952 22.292368
46.981386 27.032810 21.321362
98.296900 13.798166 25.952734
9.849905 83.223958 15.127101
44.009446 6.108617 16.115041
40.577636 50.133674 25.686917
65.788661 73.094088 19.843019
99.599544 1.431142 22.861735
82.583591 7.476093 17.328115
58.075283 29.475474 16.443611
76.927199 40.394768 15.119093
50.464398 67.294279 15.916810
61.228501 95.921109 15.025833
44.477291 35.983661 22.158829
46.973377 95.347081 17.335319
15.494476 52.206046 23.564778
84.266127 47.576481 15.417925
52.410413 59.058709 20.994617
66.686785 68.163724 16.999919
94.160561 20.153741 19.215735
84.258886 3.708448 24.375309
95.123851 12.407031 20.338287
70.805828 6.990954 19.318292
1.304497 22.225870 15.930311
56.039162 73.272602 15.979602
72.462995 18.174343 24.430251
97.602281 63.205893 25.622774
40.225615 91.420594 17.843860
85.140166 31.240282 18.916970
27.323391 1.778583 22.394748
16.884696 96.818773 17.763821
84.189656 4.150706 21.119711
65.186964 38.342847 19.982619
65.482830 65.405309 23.221406
61.435212 23.067589 21.380485
34.019555 16.420271 23.980239
68.931338 31.125493 20.729319
60.021839 4.845360 22.163261
75.080632 30.454092 22.671372
17.895901 23.548188 20.392965
61.431582 59.692644 20.265330
0.971282 93.612307 16.246583
28.497207 20.713172 19.393334
14.132435 42.298720 22.933672
63.153978 44.001655 20.800331
89.718651 26.963813 25.151081
3.650390 54.988916 17.161348
59.880355 87.543126 20.654334
39.469034 5.919969 17.071358
17.552282 85.233015 15.948651
19.823459 94.378942 22.986299
86.909825 97.687572 24.702535
1.414057 92.668340 15.359108
33.513329 38.037342 20.653110
6.696713 50.799495 20.860607
50.168801 67.462589 21.375422
65.294504 0.312724 24.403051
73.922601 91.149748 24.246547
26.474025 13.191417 21.657544
46.315751 66.361843 25.565582
2.677329 84.646772 15.964394
3.227500 85.008394 16.718506
47.252435 50.631046 20.047015
11.493312 55.084798 24.072663
47.132558 39.579726 20.667495
99.054136 20.710169 15.049842
0.417390 6.225186 24.097389
92.823844 55.738208 18.248926
10.842429 82.509618 23.893154
91.300972 91.944859 25.769164
80.152913 73.272419 22.160461
84.070860 56.962976 25.861245
9.408526 23.538692 20.895595
3.478085 45.151146 23.540782
57.364329 76.167813 16.655677
29.391657 24.017939 19.837569
0.546284 61.178362 19.280304
97.515446 66.968624 20.201718
75.442993 10.926274 16.799366
34.916365 25.372198 25.641243
67.991130 91.537488 17.178446
24.161952 69.335168 21.597581
30.668181 26.357333 19.276808
80.552661 13.006228 17.738866
68.297150 18.612977 25.955426
65.207876 86.012272 19.273933
25.151529 39.089802 24.223465
13.409388 17.076989 16.163949
18.422357 63.335645 16.177350
78.535001 39.827731 18.131223
71.735668 1.745901 24.811695
38.495353 28.461653 16.178944
41.293407 75.516551 18.335747
81.216011 43.318287 17.123671
13.231418 81.050843 25.587885
54.635719 5.859504 20.163568
66.212863 28.924507 21.011364
77.849494 84.191339 15.672970
43.138402 31.459832 19.488531
68.413137 20.497206 19.794026
36.062466 57.120449 17.679822
23.422456 12.336620 19.270604
88.545215 23.997008 21.866757
60.478229 93.095779 19.891118
88.918234 23.395426 18.659092
73.303264 30.777871 25.323605
91.561924 57.033485 19.046494