31.417383 42.792776 19.453631
5.408823 94.658301 19.319628
78.024519 65.626693 17.149547
9.052039 98.633038 24.997206
11.021644 77.481233 16.933851
69.804331 12.530655 22.252076
99.395045 0.266878 17.579101
38.828470 50.306005 22.661450
7.589989 15.407025 17.474573
77.686192 56.287414 19.983161
32.450944 16.374539 23.189694
50.315946 93.515935 21.540564
72.063027 18.595811 19.772227
46.920541 11.633480 17.946737
19.982577 36.178155 24.138044
86.765103 3.760803 17.199994
22.713278 4.431159 19.926464
23.267895 63.670904 21.421772
38.517099 32.944681 20.865829
19.722458 11.428249 24.632798
13.668550 62.028957 17.448183
77.653825 74.252885 24.495817
31.510287 17.307276 24.868338
2.442826 67.226281 16.392340
70.772081 13.056496 24.000464
18.506972 45.527013 23.282962
62.829971 21.062158 20.513225
69.741766 52.180467 19.896603
45.035543 12.072571 16.527986
7.957029 45.421503 22.716391
4.237936 91.227798 16.348222
73.937142 97.367408 24.782793
83.270162 79.083093 15.287588
73.437598 13.711989 21.771627
28.424865 93.494896 16.705115
89.038137 43.485559 19.470276
53.307532 72.112726 21.439832
21.889631 22.016196 18.235402
92.429976 78.601438 25.972866
97.312214 91.625393 24.954087
75.505564 12.930666 20.107559
47.772853 87.477897 20.159858
47.358262 47.147667 21.005465
33.150775 84.316854 17.321056
21.339412 11.804231 20.693405
86.809455 13.424990 15.344485
44.321455 94.277272 15.933976
24.244790 42.554556 23.228216
43.474952 25.142459 17.215035
96.665599 76.226932 23.861181
7.799323 51.783024 21.417487
48.257578 62.613951 17.153990
80.702492 54.660117 21.239964
6.570435 35.584776 16.807168
59.086251 15.075366 17.094345
31.261541 30.879450 21.715704
4.864492 14.002515 23.344696
24.346235 50.303619 23.832590
97.602385 22.439400 24.510095
32.850413 65.502861 22.422083
61.138615 4.839986 22.149917
54.928889 92.401502 23.957432
71.405186 51.134386 16.786874
87.884618 80.605052 20.100085
71.837944 73.129177 25.748168
12.074259 39.823586 24.789502
21.776888 8.207053 23.423938
74.636942 90.787477 21.131324
35.644303 7.992305 23.046144
91.851298 1.576086 16.408129
11.086100 43.857511 18.221677
7.571106 44.136884 19.264435
9.260298 79.924972 19.588103
34.757708 89.806158 24.214325
27.843453 81.478116 15.283109
9.267620 71.318623 24.412264
63.755903 85.398421 16.189372
47.561171 79.242927 18.134519
11.648633 98.725607 22.420945
58.522531 75.929298 21.744126
25.170795 31.740725 25.398552
26.162890 84.648865 18.838304
90.798474 7.176786 15.131764
75.093844 10.168975 17.776727
75.473738 16.692258 23.579039
99.844125 37.791482 23.435590
22.608640 93.956716 22.412207
99.101376 1.961683 26.168916
97.574847 5.133206 18.864556
26.317895 27.272781 22.650031
25.795171 53.011880 19.996311
6.218489 8.448813 19.564920
6.342032 4.739997 16.864027
17.682398 83.329502 22.062853
84.140752 39.001529 26.018689
42.910142 94.233779 22.469706
87.640728 26.710701 20.684737
38.085353 60.527051 25.535615
66.007102 92.421895 19.623645
29.656228 34.656981 21.951749
27.624507 65.694403 22.117831
8.952314 59.062703 16.858838
26.284027 30.927200 15.711889
15.965192 61.650974 24.030972
79.594417 33.436773 23.447729
25.138744 21.703744 25.070534
17.907279 73.307920 16.591554
56.384196 23.115029 26.041577
58.168806 21.990153 23.462789
32.907485 45.909617 22.251561
96.842386 52.536190 15.342305
21.610894 99.405639 25.476601
65.229995 23.090785 21.719166
63.817107 92.696472 20.563349
36.711786 37.073136 20.907178
35.757531 6.942178 17.623236
77.310859 15.175902 19.144266
47.577485 68.291863 25.431260
19.022397 6.752731 15.569033
70.534005 67.106321 22.313116
73.025606 23.983493 23.684017
34.289586 55.573437 17.168969
46.836712 77.899448 15.106510
50.148070 74.622476 22.656700
27.518058 56.667634 17.937492
67.698017 1.871037 18.880711
72.798507 66.161400 15.472078
29.132390 4.453247 15.382130
68.855851 12.836406 16.460310
74.486628 52.655756 15.044136
73.633985 78.944041 16.729047
91.327633 16.630837 21.393539
73.915965 70.302515 24.645535
15.509843 63.397418 20.995447
80.805827 45.476721 18.189007
42.723011 30.862118 19.667466
4.111251 84.191136 18.502623
9.728784 70.186681 20.857601
94.051673 47.998204 15.482308
31.898568 31.580956 15.713456
83.761691 91.062186 23.008604
61.973132 2.674457 20.940263
50.501777 31.495057 24.554075
41.860648 65.976060 25.601766
93.133360 78.007613 15.485810
25.374340 62.815940 17.298905
40.337320 49.311900 23.648422
15.752885 93.742126 21.578416
64.693190 61.023974 22.931529
55.714924 59.982390 16.933240
77.659214 79.730374 22.705464
76.972813 47.207045 23.318933
20.884301 55.958795 18.717584
92.962406 57.010558 17.094129
41.616274 40.761859 23.097433
28.353356 4.811797 20.321560
91.691292 42.617798 17.387863
51.835057 26.796483 24.415642
11.410871 6.265371 25.375827
61.269392 44.435017 20.259792
17.984607 92.747226 23.002326
22.068144 6.383381 15.433253
60.874038 54.285612 16.263007
79.008275 27.155710 18.660875
12.099158 73.212283 24.426706
91.553255 26.728019 20.593902
68.338150 35.948971 23.317733
5.497883 89.292267 21.751403
54.309851 54.792147 21.031599
79.752725 79.590081 17.296351
86.349513 38.256909 20.711361
83.074457 29.267391 21.311150
84.645407 42.337121 15.268555
50.085944 39.262674 17.250536
22.942959 22.302178 20.500723
19.143802 32.898571 26.071531
47.531594 89.491483 18.157324
10.015740 26.434864 22.456123
34.855462 26.585525 22.144201
55.414900 7.466905 15.255106
66.230583 47.004481 25.348580
10.223965 27.666874 23.549317
71.779849 30.182386 15.716589
4.279219 51.305810 24.325688
83.564022 57.266335 20.301500
55.271598 7.879472 20.430220
85.967934 60.795587 25.769867
71.009613 1.114239 23.990013
85.161948 87.891623 16.324837
7.839142 53.700097 25.234797
35.096370 72.141571 21.586683
45.862470 92.746328 24.831276
59.929224 88.481236 17.566354
0.206396 15.383629 23.831603
30.968303 3.706046 15.465977
2.891435 43.187688 15.095389
33.585031 62.490383 19.444358
66.924081 84.021186 26.094265
61.234906 48.785516 15.536076
90.369526 70.990010 20.929465
66.631910 22.776172 22.224805
42.562855 78.244052 22.981842
51.781357 94.667515 20.938692
9.028867 65.937577 20.998297
70.067915 18.853817 22.733864
72.521618 45.746479 24.962990
20.700212 93.566177 23.199417
47.840902 37.423078 25.501880
14.849380 6.392997 15.274053
0.582958 54.872845 17.081524
35.468441 94.910325 17.148205
78.199264 23.102750 17.367095
46.641049 37.177563 17.319388
40.735203 84.965342 25.183431
69.856368 71.608914 21.878265
53.623548 10.378475 26.068525
93.713063 1.288395 22.482929
37.627904 7.599945 20.060044
0.576854 26.673794 19.442091
95.166327 92.299860 15.591423
73.612958 17.264945 19.243240
41.441692 26.357137 18.629963
68.110348 10.009626 18.636869
15.953159 3.315033 24.599393
21.583693 55.810022 23.129305
4.920540 49.599958 21.740419
28.264016 9.506289 15.178883
32.718226 9.681571 20.649532
19.809378 18.391178 17.793390
44.738780 12.978586 18.346727
44.181812 65.488723 21.233275
53.913987 38.629470 25.079789
43.168978 40.628004 25.190498
88.282507 8.829678 16.979083
84.221506 62.213387 18.563737
87.762701 1.331322 20.071425
17.156365 48.181224 22.699590
34.132294 93.427010 22.425537
80.386889 71.537557 20.496066
22.485244 77.650717 16.561162
16.699866 25.495473 17.941372
40.278983 26.688218 16.167482
90.752467 57.281564 24.281771
21.907533 81.612113 25.520471
22.557472 99.828972 21.855184
33.698094 65.108724 20.764330
40.224221 62.445729 26.130835
65.237335 48.459684 24.540417
24.507231 63.829792 17.434266
64.030456 2.100762 22.692904