32.176227 86.988926 22.758506
84.672411 48.792151 15.939557
93.992738 24.517095 25.138206
71.120898 15.006044 20.483456
33.999165 47.292657 20.244855
5.869882 45.884458 23.220373
34.461133 58.149901 23.338118
92.395911 97.621695 23.064378
85.333082 29.235490 20.928214
89.904014 26.345642 20.559633
23.525423 97.439798 22.001648
65.145438 97.194798 15.735480
67.614078 51.427194 16.343895
19.904706 40.844086 17.728578
34.167377 59.725688 22.612140
50.612901 85.388019 15.975200
48.308441 98.485782 22.751462
58.261119 50.498222 21.681513
60.055496 3.947104 19.253883
8.599526 14.857494 25.737599
43.413353 24.829216 25.969403
79.182449 35.036593 18.668462
69.192193 26.634169 25.653256
86.828495 41.152698 23.405452
91.317278 22.585701 23.144408
90.976600 32.768780 24.976993
37.055355 55.785005 19.365732
95.958043 5.192487 16.934221
37.003124 80.701952 18.196653
54.091038 55.815547 16.766534
48.220853 44.781867 25.606081
28.860634 29.620511 20.653528
72.990878 0.516160 16.906266
22.182957 85.287445 19.256928
30.622473 44.190552 17.162902
37.595352 50.084348 21.682111
58.140134 60.382094 15.641113
8.974313 27.753337 16.597266
20.447559 31.227524 22.353501
8.547787 11.877671 18.972508
79.612351 98.182747 19.400369
43.427672 39.463166 24.227795
92.537318 25.913700 17.660435
62.968087 44.664332 20.470283
78.947864 39.371959 18.755139
67.973817 49.498768 15.835351
56.468220 4.774565 26.168991
23.362733 52.034381 21.376997
64.410599 82.481941 23.288651
76.587748 92.628024 20.701138
40.491657 28.440145 22.433327
83.330918 6.586200 24.345943
63.353978 22.388653 19.723431
41.167869 53.080167 26.105513
59.126602 93.154972 17.637715
86.679341 33.179861 20.563263
55.597218 66.238902 24.682107
9.991646 5.359798 23.864433
35.519527 46.888278 15.377910
31.350574 26.162867 22.646639
64.177712 80.638767 25.738665
38.773097 53.481228 15.402391
70.651554 64.539553 16.935149
23.525558 92.317315 19.257405
18.824262 4.843026 24.185569
91.575451 96.744993 18.449186
13.120840 61.457341 16.814513
89.363922 14.218689 15.602466
41.377955 88.609004 21.053468
19.570502 91.385047 20.383187
65.375480 22.105682 20.941370
7.471089 49.300073 15.680715
33.722489 10.562923 20.834626
38.358439 70.430597 18.468918
17.746412 56.169132 17.940553
54.284959 97.623679 15.204167
2.652252 84.229003 23.610731
41.825575 96.605325 19.818033
47.838659 42.048649 23.577185
70.081642 5.238893 20.349168
22.677370 98.915357 19.226329
92.346097 86.565960 17.189802
87.612719 69.830208 19.485400
16.505779 3.866205 20.256878
5.708669 60.701002 21.698339
44.263418 3.987293 19.864953
90.244656 32.526711 23.285538
35.706106 27.492956 15.551887
26.711452 41.760544 20.026340
86.024172 90.201995 19.144401
24.673379 81.934874 23.859719
55.380336 62.766558 19.932928
58.929920 14.437126 22.651933
9.609893 38.912137 18.075755
71.834927 4.345302 15.259016
48.680059 91.015114 26.027202
23.069006 19.836870 25.136058
9.860459 35.042258 24.641560
41.829393 34.331700 18.789508
78.257316 72.963745 15.855310
43.652550 98.743137 15.163864
88.519354 49.738128 19.029621
61.973856 61.575011 21.535385
2.140837 43.783160 19.307307
92.882657 86.953029 24.817094
37.382707 99.462254 21.632660
78.927527 76.975375 21.316940
35.516750 79.826397 19.566673
31.240114 8.509426 25.197277
17.263803 37.036035 15.309218
57.819903 85.847817 20.654900
44.163269 20.190055 18.644816
25.537365 61.659382 15.351192
41.362424 19.197664 21.102108
82.335663 86.473550 25.854901
27.994484 58.953449 16.342937
77.972114 98.546831 22.374574
4.231398 17.752208 24.016550
12.204527 24.888721 16.268073
9.849516 91.219417 15.984124
97.175443 9.474027 23.931265
84.702465 94.251175 21.086039
16.832495 61.495467 19.914420
99.091521 51.105752 22.122271
59.172295 19.246959 21.812248
38.743404 73.827065 23.237902
81.833038 35.798106 23.158359
90.649182 94.714906 18.287200
92.395044 24.665799 20.837943
95.338639 56.489547 22.989994
66.432124 81.741416 17.369324
36.234617 90.455640 17.776110
31.229494 7.618338 23.650606
51.911729 6.430518 21.143335
0.242210 69.989744 20.629451
20.548130 43.322711 25.951747
45.327547 94.061773 24.567457
14.966662 6.230878 25.044384
62.054940 53.620793 18.687986
53.829752 25.611663 18.521707
41.654022 60.842971 16.553911
77.550118 62.575268 21.528804
85.554552 31.602799 26.109387
21.807606 72.257666 22.815913
9.760048 74.302897 23.179204
95.902384 75.934100 17.691663
78.325687 25.782378 21.896552
47.143924 48.368642 18.452092
49.910804 43.766360 17.085276
68.755604 13.805485 18.853735
60.804078 56.451526 18.719259
48.410219 53.926739 18.002154
80.403238 88.369762 18.196005
96.134518 88.895335 17.776759
87.625588 66.753517 19.103931
76.489353 92.534286 15.990685
93.342271 94.977815 21.174649
22.841530 18.720089 17.608728
14.814591 85.662020 20.392901
16.580173 72.834567 15.632720
79.125510 35.777338 20.825464
5.890395 37.656108 16.379754
76.693389 68.840288 20.861902
48.508380 56.211710 23.365360
25.986733 36.167260 17.064296
85.494806 89.749901 22.620102
65.543913 23.392530 24.024506
66.245402 36.438877 20.878998
28.872508 11.584657 23.898588
31.409440 75.952957 20.397618
9.975008 50.663569 16.749743
8.085230 69.760186 15.673781
12.500261 54.786785 16.725400
99.680213 8.751454 21.675704
39.075997 37.527147 25.854178
6.255136 0.236619 21.070227
76.424012 24.556986 18.528960
14.003188 31.304376 25.625313
84.041602 79.684773 23.210874
77.053979 39.259483 15.468409
18.876675 98.129940 22.928589
9.142368 69.186896 23.712868
77.942749 13.848206 18.100086
46.191470 82.530308 23.945720
32.428024 48.206263 22.761866
43.653077 90.219218 22.005521
70.426052 27.501721 15.006838
77.072520 11.504100 19.670535
85.911813 54.399532 15.986347
46.040804 33.621071 15.872178
49.260334 31.680372 18.211217
83.218948 81.694989 16.918229
67.348058 68.706798 19.053883
83.305887 51.430316 15.523172
7.588270 21.236360 21.286370
59.331261 32.159013 26.186604
76.544957 75.965471 18.752554
22.703864 49.400005 19.112049
96.085131 71.653561 16.641185
7.620548 5.293807 20.454958
78.726213 80.940584 23.557207
57.106369 64.716411 16.672995
51.338957 51.712839 26.194186
45.190477 72.123633 15.947379
56.346287 84.540188 20.836489
12.162804 43.611407 24.461694
32.816481 36.104114 16.864305
80.755792 19.071446 16.028429
40.798737 86.893956 20.158769
56.600800 99.956273 16.540445
91.859205 42.573332 23.696905
46.399931 76.009521 16.096860
44.996016 90.330449 19.465554
8.329013 1.030714 18.120760
86.474811 58.041238 15.252704
56.504781 53.239884 15.424623
75.628873 15.829843 24.363913
82.205499 51.141013 18.060858
56.279005 47.971885 18.946908
10.989878 78.914108 17.218244
21.495963 85.382668 15.328796
49.044768 42.761765 18.849011
92.074951 55.950471 25.109649
15.433485 17.001853 16.992835
41.122580 11.286060 19.123971
78.108602 57.566444 19.197475
71.637184 96.881286 17.500882
38.442745 52.936057 21.513663
69.684268 63.814783 16.422533
61.785646 40.408717 21.848172
73.096391 76.762381 18.468906
86.951722 2.912338 17.136245
93.514280 60.819339 22.942387
72.706653 34.725793 15.830386
54.606568 36.477606 20.188962
36.256947 70.376983 22.643345
62.239861 29.321858 22.524982
83.552498 35.970356 17.069751
59.453115 39.882044 24.832781
64.348559 50.799671 16.863240
76.043926 7.026058 15.458540
92.471009 21.749444 18.726353
40.756155 30.974348 18.163240
83.281918 71.958416 22.919719
49.714822 98.480433 25.529164
24.764102 72.761423 24.333769
39.237670 99.755107 24.620328
82.553605 72.264667 17.015924
14.650656 64.440565 22.627352
48.798257 8.452679 19.992100