17.955416 75.178120 15.897473
39.524598 49.055718 25.378727
16.348495 62.345622 25.681965
6.418381 33.830612 19.924616
1.995129 40.033598 15.366967
26.760532 23.391601 21.717310
31.446398 40.251536 26.019604
10.905356 64.126198 20.567259
59.322919 92.368591 22.030061
48.822535 11.440838 19.682707
50.290433 9.245194 23.871867
0.025283 64.085648 19.809325
48.240980 73.392723 21.184460
97.133292 31.248610 25.238506
52.938588 69.050314 17.904711
9.511791 87.571352 16.458650
53.072919 15.817161 20.058456
71.703051 38.423917 25.299716
89.268396 63.880115 18.777806
94.964425 65.542059 23.253501
45.606944 24.235994 21.067654
81.938192 88.130254 16.911398
70.783496 98.477823 19.824491
97.604337 45.727190 17.111657
33.157492 86.807210 23.196599
79.031941 89.418670 17.249189
34.270781 46.893710 20.367631
95.716389 11.625899 21.664380
68.780669 71.736528 25.970146
32.048131 69.396529 21.280202
97.202480 14.141069 23.628225
47.512847 63.346679 23.299068
36.318543 34.640287 19.453903
46.007098 51.186820 24.890613
42.603997 50.178482 23.210060
45.923354 55.977807 21.999410
55.842775 29.539689 16.459558
83.797600 30.544616 24.434119
87.169005 69.154458 22.686303
11.856162 66.956242 26.111014
87.274072 25.665826 25.312404
70.813796 99.361778 21.011473
81.798094 41.859500 22.081594
97.301552 26.952187 20.286302
3.680974 32.463057 21.894561
18.448695 73.440172 20.652391
24.061055 87.650933 22.812869
47.247612 32.989557 24.381626
73.365680 90.468357 21.469067
42.937671 69.381207 22.455714
59.438747 17.761550 19.171425
19.839873 34.000078 16.708902
21.612706 57.010357 22.226545
56.202972 71.541244 24.589856
81.466788 83.829133 20.545372
43.573805 94.764787 15.160618
74.281420 13.736574 21.659994
13.012316 14.015775 15.084124
75.657019 45.205573 19.299422
22.971556 5.460322 25.043851
43.505244 27.523915 25.502220
40.837534 66.429591 18.987084
75.407783 12.974798 25.320450
6.590481 52.898956 17.111161
74.518496 73.585874 16.498760
88.874192 2.191238 24.854946
27.490444 41.611854 17.470376
42.910443 27.039839 20.862073
75.621964 95.177619 20.837423
3.458262 15.205030 25.345451
70.077920 48.962361 19.029562
22.547433 32.590438 22.945176
4.758585 29.027954 25.565051
48.177126 4.807821 23.540768
85.070977 66.954656 19.994559
89.099686 88.716204 25.792321
23.626051 97.749537 21.940372
19.801016 47.795873 18.144890
44.146835 90.825325 19.702197
98.810965 30.909041 24.296297
9.369453 57.519222 21.594237
30.113531 54.765076 18.578826
8.464609 0.920973 16.951359
58.687659 75.395786 17.418025
87.524804 58.990688 22.025607
40.095151 18.815129 23.023774
48.622290 12.925247 15.723379
45.496014 50.084227 16.910789
86.014424 52.411610 16.278452
37.872397 42.285530 16.917935
1.884665 98.889047 21.842759
65.718462 68.795082 17.555809
17.532375 66.039835 22.013123
73.172024 10.277753 17.142183
80.411661 37.862773 17.496750
97.157203 99.965252 22.224520
35.049690 98.559800 22.829737
37.469743 12.215805 26.248273
41.510906 18.736142 20.868624
16.732462 88.062297 18.066351
75.405431 23.847770 18.576175
14.843423 8.956880 22.055189
47.089078 34.371017 21.651371
49.696753 0.331264 23.571793
16.118751 28.044976 15.584501
47.225339 5.293733 19.681746
57.782496 22.251782 15.500382
12.277404 82.235748 16.855986
82.005169 52.638982 21.998304
98.421329 21.056577 24.195779
13.713538 53.705844 17.322954
61.311723 5.789268 25.046560
30.760227 34.676634 22.643974
99.063923 33.409142 19.321273
16.898953 39.269738 15.771098
44.952381 32.166964 25.802478
81.400711 95.865971 15.167968
60.403922 50.088798 20.043937
86.943144 21.627918 15.348162
2.057195 45.815218 20.433079
21.018728 67.423120 24.547850
24.281849 36.629430 21.551602
13.562348 55.767892 15.417249
36.386513 21.890779 16.540627
69.526983 65.261833 17.624443
83.812611 78.690576 18.697864
0.689660 48.282673 19.919506
68.206404 67.016902 26.161239
22.452925 88.971795 21.789109
91.349049 68.182800 15.929363
85.184968 1.732437 18.291678
13.181486 79.803490 21.022266
49.945006 32.067891 19.623604
20.475646 95.969571 16.746321
2.787241 39.130121 15.528558
70.482557 18.997556 25.911502
70.407211 57.869644 21.680806
7.724497 25.159254 24.173495
35.476190 60.771017 18.306565
67.639961 73.927934 23.642017
85.198422 12.036158 18.569051
53.691130 42.141651 21.413921
42.369826 82.559866 21.523448
5.988229 57.219628 23.990977
59.945105 29.297675 18.671569
91.722203 27.960895 23.965101
34.658674 59.707462 15.192873
13.170963 59.615410 16.956335
82.212932 48.585817 16.606553
67.536440 53.871254 22.565755
90.955145 66.597090 19.929317
34.449266 94.704891 24.507247
19.075201 19.193744 24.852106
29.354563 42.836986 23.811751
24.070374 52.011755 16.374390
93.677602 36.100496 24.112278
65.358252 4.161222 15.789364
65.238532 38.830280 22.264498
1.534292 72.017436 19.950118
51.835372 5.757261 22.412399
44.028502 8.635126 23.556790
97.536505 36.734195 25.099463
43.314831 48.252878 24.256627
28.687705 65.763310 22.150322
41.406976 62.717050 16.918494
56.671666 7.965756 19.685745
20.333126 27.083845 25.277881
0.697293 28.761368 19.835768
60.088604 62.399600 17.150070
11.022449 8.647814 23.799568
19.168773 80.513497 18.682889
75.887886 73.727383 16.867117
73.486657 62.742083 16.739193
27.786675 5.093789 22.720267
54.958074 29.894174 24.383630
97.457634 7.434842 19.788885
45.332755 99.940112 20.615585
10.851493 20.371617 25.877281
20.628864 64.571874 24.893587
67.330797 45.500616 20.893975
88.970008 94.681127 16.672680
4.448615 49.561481 23.455526
14.329031 18.969685 23.940601
66.099320 97.282158 25.331376
47.409251 9.874789 25.370375
18.140733 35.487090 17.750605
8.264774 39.783096 16.748233
47.253909 51.763252 19.749999
44.608490 91.289060 24.901211
48.887373 94.929608 21.502150
20.734939 52.505839 23.042055
67.770663 76.980834 19.945671
71.627844 66.338025 22.029779
56.217703 54.364587 25.140878
7.433546 12.143905 20.793689
70.845818 11.569236 22.778820
97.895234 39.235247 21.238237
6.876465 39.253910 16.278584
64.372008 67.392865 17.182017
85.382963 53.406881 16.970709
21.710860 23.791627 22.559184
47.483144 21.384636 16.509831
80.683413 75.261866 20.417170
12.049485 4.431462 17.989245
20.148400 77.898652 24.009223
78.078785 17.183130 22.607501
20.504383 82.071798 23.324672
96.150476 54.413525 15.823286
10.466380 99.154073 16.253734
44.221796 67.167909 15.391454
89.370823 73.857663 23.487563
3.049816 17.516068 19.365395
92.103062 8.634983 24.006347
70.240556 90.780207 21.330654
41.762639 12.830756 17.578544
88.645695 0.810971 23.077190
20.487575 47.755343 23.546301
12.031300 73.283718 17.198762
4.010983 26.361816 23.221243
80.020076 77.923414 15.729848
26.046237 86.179421 16.332375
0.194880 83.714472 15.737091
1.297704 12.002573 20.401765
38.748175 22.118188 17.786467
84.558701 23.782573 24.139420
4.128571 36.274513 24.549563
58.726190 73.916949 22.903615
50.884154 89.341678 22.608007
70.115884 23.011729 20.089854
42.226782 40.333136 16.792388
22.121182 80.698659 26.247147
55.511515 96.565774 23.355609
13.656201 7.241064 17.673376
77.815531 95.877534 16.197404
82.742403 30.052122 18.654815
1.724649 30.621015 21.144354
19.602279 89.808429 16.430059
31.557789 68.656671 21.995888
36.365223 21.850164 18.227205
57.411266 80.566136 25.122514
43.099826 73.420433 26.220566
84.504516 76.487714 23.628147
2.176812 97.009177 21.951357
42.303457 52.377932 15.613965
99.023309 49.033623 21.510215
69.195128 63.872945 15.063295
5.678872 92.843211 22.977604
27.959163 9.677871 17.241121
15.739460 90.442117 19.148226
94.251436 8.130613 20.327975