15.685647 10.894589 20.613649
2.073300 17.079545 24.897348
37.760459 6.306606 20.118563
34.792972 70.112371 17.043795
59.774818 16.281043 15.715563
50.189783 11.579174 24.223123
77.662563 62.580070 19.539491
65.404928 8.264221 15.626467
83.018884 67.572145 19.421335
21.147114 97.258630 17.926901
72.278916 69.889600 20.205419
73.093149 76.185017 15.003241
9.620192 80.657004 17.375426
88.607291 33.465781 19.191684
17.628405 7.756675 19.898710
54.354671 63.962316 24.347209
70.895666 38.069946 21.448051
32.488481 86.814879 16.314187
50.231199 55.110525 17.251849
67.997872 74.114077 17.675025
23.523716 96.130847 24.657495
86.580591 27.493661 23.932775
77.578507 86.398132 16.615905
51.217694 99.213140 21.616416
96.753534 73.962766 16.804700
1.866457 19.970555 25.710864
17.243887 43.698660 15.094721
84.452251 23.627727 17.283422
43.301972 33.904988 20.945593
9.903593 78.973960 17.180392
62.105366 99.763609 18.904159
60.859674 47.991633 24.138382
52.016458 4.708226 17.886194
23.283616 98.185673 17.360512
10.018558 25.460422 23.511615
66.764642 76.965480 23.149945
2.107158 98.474339 20.792864
54.333126 73.414460 16.754199
63.728626 41.267102 21.705082
70.706841 73.665761 16.378510
12.423477 64.004219 19.387102
8.355232 33.770020 15.903981
84.076761 41.870074 15.241370
73.129337 56.086076 24.046771
98.699761 52.615180 22.729098
78.271768 44.187426 17.384076
76.463965 51.207869 20.918265
50.124073 96.808339 26.237261
81.298273 40.456271 21.174378
93.726707 55.546366 20.897606
55.893299 50.863511 19.488417
3.730987 23.570197 19.164954
36.816433 16.177231 18.181126
26.205510 38.139271 22.575776
31.814979 93.857660 21.564097
51.007686 82.444756 22.780264
30.956683 9.433880 22.404232
1.718845 92.029952 17.779962
64.280695 82.775758 26.045401
37.735632 68.124572 17.976092
29.610894 1.680754 23.127868
22.536186 7.759932 22.182920
64.890965 23.776277 17.352178
6.845616 83.024028 19.170141
50.298659 91.679992 19.909325
78.216954 41.997576 18.686740
1.053237 78.555112 17.669513
87.003533 6.316751 24.302484
22.569500 38.960087 15.127613
59.038978 18.286470 20.454530
25.440165 90.919671 16.169653
53.893754 26.208699 20.757860
15.982599 26.467547 15.748219
62.391534 49.730275 26.026109
93.043824 71.143112 22.374911
40.594494 55.836253 20.011281
14.231115 32.212688 18.307171
18.335075 0.874635 22.716683
14.594650 5.853593 18.064679
4.648621 90.622834 22.260361
37.628480 40.289419 24.483456
89.431169 94.135021 22.422390
48.987721 84.783331 23.504535
84.939791 10.993720 21.777936
48.561838 71.517101 18.643339
31.218105 14.621235 19.248831
92.765149 79.824064 15.792698
97.560375 9.254962 25.287341
34.761641 56.224481 24.566068
97.427474 36.322184 23.869797
17.859913 72.424677 24.361906
20.203579 52.321588 15.730936
22.598060 71.542472 19.528473
4.533038 88.985783 19.860517
64.600328 52.650811 15.139732
10.619778 17.517577 21.847267
42.583489 67.103419 25.337603
90.916395 36.794136 18.475012
75.434558 87.998804 16.629329
37.975581 98.935114 24.914560
36.692198 70.922699 20.744940
6.263718 53.228972 19.281257
44.718097 18.981137 21.519906
40.375349 4.990433 23.402086
41.612569 78.678373 15.824004
54.464935 40.622289 22.279961
23.570627 53.904241 25.303955
19.702849 49.590698 20.995792
7.766011 21.930167 19.327622
88.916339 65.639004 17.475349
45.616273 99.824345 22.632213
97.206594 99.501090 18.061432
91.067491 92.819105 20.815910
25.558970 60.321389 25.255941
96.922850 66.905901 16.324948
31.451072 22.082831 15.468567
11.945559 76.751522 17.356819
15.552371 39.103569 18.525604
3.264106 79.922720 20.638515
45.048559 38.072292 19.641412
86.016447 81.057314 24.624961
79.217810 34.510042 25.909403
62.993441 61.178645 20.193310
83.501243 18.966642 23.445851
4.195942 6.840933 16.176854
43.189377 80.562616 19.966747
56.849055 72.024721 21.297220
8.949960 79.446323 25.755495
90.774612 31.435419 24.310016
97.405228 82.461945 17.149265
57.736701 6.015944 21.165270
49.578837 60.158871 25.278152
85.865625 68.805169 25.818420
29.152149 41.047750 21.779199
85.866902 80.829349 21.777867
82.138806 24.837528 23.325548
60.362509 13.643847 15.438371
20.461703 32.142250 19.304993
59.498929 38.226498 23.749737
55.221342 76.930706 22.384544
81.796471 63.251256 22.802208
51.460042 88.342224 21.914868
81.149451 0.877435 19.918664
52.557664 86.465837 21.718822
71.756573 74.250684 16.712165
97.932793 94.509835 19.602857
90.840634 85.341184 15.871791
63.636896 9.843098 24.654214
31.525948 9.494933 24.982667
51.772798 54.489414 18.293388
43.953122 53.300351 17.069591
89.909026 27.387471 25.290561
70.841867 35.603487 19.159959
53.719993 10.832342 18.650099
61.536460 94.911610 17.829725
52.162559 95.103842 17.066457
45.279218 90.247815 22.933677
64.360751 51.442381 19.802335
28.912170 87.117057 25.543980
20.305978 17.453503 17.959155
59.968372 32.238531 25.071291
55.709034 41.009932 25.457256
49.849948 94.709390 16.352644
19.242566 31.418347 17.840057
59.067243 56.365293 23.618476
64.802448 4.593376 23.226314
59.316228 13.610591 15.788575
99.462321 84.915426 24.076452
11.696336 25.286367 22.501162
53.997734 24.734407 17.428417
61.481208 83.313163 16.343646
64.615954 0.220091 15.513824
48.841320 36.159311 17.576214
47.689043 33.300930 25.620934
34.421936 83.029370 16.940509
15.718000 31.437655 15.733641
27.372006 34.589415 19.753858
88.593556 16.131922 17.977912
50.237220 22.051825 25.527351
54.382221 2.317054 21.890598
22.001088 35.924525 19.096875
93.035204 78.909621 18.327895
87.989973 13.280294 26.108012
60.007895 92.550795 16.398012
45.723574 32.637807 19.495150
99.143271 77.735417 20.810127
88.528600 67.701931 22.426551
43.372771 49.829602 24.639597
6.661601 79.213540 16.752173
84.723315 63.434605 24.393491
14.370125 89.248538 19.133601
58.098597 61.858204 19.805657
17.812310 49.858769 22.944969
32.607783 32.301158 15.692974
78.966110 95.291618 17.135086
42.963830 7.383656 18.349940
3.544531 56.657673 22.085594
15.078377 73.437264 18.314895
46.055632 57.579246 19.267657
41.148959 5.794762 19.246274
10.960462 90.514904 23.510402
1.589048 97.821733 22.806448
31.913095 87.868825 17.806180
24.821729 27.675151 18.747228
80.041452 53.459305 22.807403
74.392624 27.058566 19.795410
97.066724 18.184748 20.251437
53.062114 81.416938 18.375500
35.828630 18.132930 23.115874
84.729628 80.154015 17.754213
61.428589 12.839406 16.817757
86.342395 21.765585 19.083832
33.328639 20.075161 16.457541
83.209078 90.842000 19.495665
5.397969 17.526805 19.159201
93.529196 96.428828 25.326958
95.240039 65.329696 18.803980
98.488160 8.415507 25.837222
73.077397 96.346035 21.651567
88.488309 71.804099 15.767627
84.697918 12.151994 19.808363
87.470479 66.382036 17.778126
66.004503 81.936590 24.716076
95.243414 10.214915 18.539281
43.864348 89.807946 24.810403
56.691440 89.356244 17.783645
62.700879 21.025274 25.329645
63.679635 86.663525 19.944561
87.703241 45.979650 20.046603
30.267743 26.083044 21.358765
45.729546 42.646139 23.188954
6.992279 57.643920 15.462271
0.866955 7.749467 18.109960
50.351324 42.412109 16.332739
81.890992 50.764123 17.551235
25.064441 77.461662 17.172403
36.260938 14.163992 18.207454
18.854700 50.030601 17.159057
59.904803 83.580490 23.210951
93.271812 70.852063 16.509597
76.436612 28.529287 25.759120
85.041205 58.883496 22.056718
87.083602 52.724849 19.907349
56.737422 32.486964 17.651821
52.119845 36.470228 25.745808
12.577929 42.399839 18.167750
15.364915 57.275423 22.412964
37.191441 44.153144 20.977202
8.130994 98.209042 18.143035
46.539255 24.753955 23.176804