68.432313 53.129693 22.893098
81.230182 51.387160 20.919588
41.524495 41.061144 17.232098
32.543764 12.074789 24.181648
26.949605 43.107475 19.555799
97.335189 48.661381 25.017187
85.080814 90.198666 26.196853
66.764615 32.563101 17.142544
22.645168 77.165790 17.694740
96.847357 16.228206 20.196332
93.196515 93.670572 17.552092
71.731133 64.929918 21.484098
33.284601 85.185129 15.908517
24.586081 79.543253 17.273914
26.787605 79.185050 19.267470
68.435731 10.590574 21.705975
92.814835 91.119356 18.317227
79.608969 2.189682 15.126860
11.426015 17.509458 19.448485
1.324093 44.758751 16.190752
46.142439 92.079168 18.887066
92.553434 3.659127 18.860281
88.476629 55.778469 15.795559
68.597444 8.278612 25.680132
42.415282 70.383867 18.771152
52.022116 2.691133 25.831216
70.029761 83.197733 24.167282
70.202697 76.685100 19.485171
1.481100 11.698588 19.494573
34.032608 34.677814 16.952427
60.968050 6.679532 19.344851
81.596613 15.416884 20.938353
38.173759 35.721840 19.508248
53.475779 48.815189 23.419952
59.941740 55.436886 24.652541
3.609991 6.240444 23.636755
51.998464 45.033282 18.499545
55.088569 33.175353 24.591856
48.453385 46.472191 22.019719
29.526076 98.976758 25.325028
31.594684 41.875068 17.742500
38.778350 55.400192 21.038656
58.602862 4.411320 22.444934
9.178787 18.924031 16.099093
32.917259 93.668835 19.818898
27.370739 3.639657 15.556144
25.693654 45.487149 25.732033
25.858732 11.671195 23.129536
18.338144 92.468833 24.072266
69.515264 19.694725 23.373541
54.963060 54.873594 16.523176
49.742985 19.247409 22.938065
62.129444 73.944237 15.972650
77.632530 59.996841 18.149600
19.183300 53.609785 17.922606
90.835109 65.661966 20.125575
65.678309 83.175386 24.697204
26.327250 27.169585 18.236326
38.429873 77.761256 22.343496
69.965108 90.166721 21.279650
81.714335 30.878346 17.013090
0.339897 45.751640 17.911264
64.887988 43.015215 19.621411
83.857233 5.003393 24.080128
51.532832 65.704588 24.084168
11.483039 46.108161 24.350056
18.877498 4.102089 18.326120
90.264567 6.044643 17.315620
31.995779 14.461558 19.279660
63.317924 55.543109 17.348757
57.947553 91.170309 19.715821
94.012072 55.348558 25.024593
61.774569 77.976684 25.818255
99.606527 20.968219 17.484235
26.802659 20.184358 18.783654
4.671843 21.539725 17.174600
45.105155 28.089570 15.058835
82.925999 61.799589 21.457829
86.646347 61.668234 20.746596
30.586950 66.112594 17.069903
22.904320 58.496188 25.247948
66.021457 0.034012 19.634086
15.695744 22.033322 25.857907
39.185001 34.285063 18.315974
31.907406 25.039193 24.990730
18.187634 14.267400 23.599402
54.537763 95.079900 19.833738
10.963052 60.629801 24.502168
8.707017 32.289774 17.743623
17.503300 36.229164 21.138324
69.696515 0.508314 20.361568
85.921420 64.275397 17.022380
5.864169 29.223533 23.753533
80.265625 96.652350 17.061814
75.893593 67.768552 26.006052
33.315312 92.359215 17.952296
5.509587 40.036032 18.418599
34.586708 42.255114 18.589682
30.518350 43.491015 23.929310
5.792451 30.660528 17.953991
34.814269 94.390939 20.742618
94.449230 71.550525 21.882354
43.729966 40.655401 19.920107
67.122792 91.345547 20.016388
25.328998 14.276043 22.445901
73.815645 79.599188 16.052821
79.250842 73.621728 25.502257
17.104732 61.608736 23.685146
40.968253 37.320632 22.190919
48.066384 75.893867 15.274909
21.914812 91.704022 25.115548
14.002357 49.639633 17.920397
21.518123 9.982272 16.539908
58.915055 82.468956 25.108177
43.705043 69.693530 17.458075
70.661885 71.523476 22.115844
55.320600 68.144388 22.883055
77.139159 12.533328 25.778442
24.845956 22.597341 17.343927
96.346193 14.076278 23.717027
49.526125 23.685168 20.028614
19.197640 61.032928 15.972277
89.959193 30.985680 17.883891
89.829124 82.189731 20.035943
57.924516 41.494637 20.184931
60.301479 6.489675 15.148791
71.017934 32.787452 24.642918
48.175154 94.563127 18.984442
74.926295 16.093343 22.881800
91.161298 47.663734 22.907743
90.612684 38.837901 16.108043
0.013068 80.524507 23.171707
70.324707 87.145123 20.538260
11.295475 51.843216 15.771139
13.082531 42.865204 25.220199
87.165254 93.588100 25.748837
84.657968 19.063582 20.230573
94.774556 22.127056 23.299374
23.173421 74.145238 16.271255
6.911297 99.218574 22.584358
88.624445 97.094076 16.075667
6.105488 7.070363 22.008915
18.062912 15.989639 23.079481
37.238940 3.612313 16.175645
3.935351 38.242374 15.657490
66.513976 2.880076 22.255296
38.371545 25.847144 25.285166
40.367865 61.706491 24.967640
76.619372 14.223038 17.133405
24.982368 95.536857 21.663034
63.057330 74.049286 22.838717
92.662070 78.599777 25.189695
88.408273 62.025467 24.021526
51.670516 44.902751 15.670391
84.376660 67.948646 23.453766
50.339873 27.364051 21.150225
32.166683 60.365981 23.589643
56.709166 38.847791 15.841376
59.563791 30.199186 23.071074
31.548925 30.003857 17.230184
59.325803 15.863274 25.584309
91.641489 3.578421 22.458433
48.360433 79.797324 19.397634
52.816701 72.096375 23.897647
95.703370 0.720190 24.278903
95.349047 41.290408 24.234774
43.466424 17.697868 22.391477
88.682540 77.083909 25.098429
44.689974 28.825360 20.771968
40.899635 40.690083 24.493893
11.066486 82.600900 21.332783
68.148286 4.477867 18.189470
32.072213 63.365287 18.916108
36.001682 91.319523 25.987739
92.117515 55.124921 18.118906
56.093393 7.020833 16.419139
73.821161 71.759243 18.400725
43.754554 3.877880 25.779552
65.056946 53.197898 21.755987
75.946506 2.517646 18.380246
90.780512 32.038793 24.157517
80.083624 7.170241 18.561978
14.271461 47.175911 17.322447
81.594266 12.744742 18.604048
34.638477 29.326403 22.611402
54.917527 21.051219 20.482088
23.886291 90.215998 19.873062
21.303699 83.420504 19.512424
32.085206 77.507390 18.316752
84.299609 33.756308 16.300351
6.608351 4.807089 16.650923
83.388862 46.423133 23.112383
55.617020 17.714318 16.244152
33.036069 93.438806 15.017567
37.515699 61.660184 19.787824
22.656396 29.161361 18.921149
6.968965 82.687570 22.140084
98.884546 0.780200 18.991680
69.912939 13.655248 19.571849
50.316521 58.421908 21.683574
37.487033 22.643339 19.149219
63.870496 44.874395 20.246849
80.308645 33.397066 25.851677
93.274257 40.724914 22.808465
58.717431 21.468744 21.378949
5.861485 51.753186 21.176167
4.653706 10.614677 24.970782
16.576882 13.516418 21.852521
21.680538 88.239937 17.505016
69.266722 6.938879 16.189497
96.412473 73.899549 15.267115
36.061275 5.099226 20.353861
7.073552 97.413088 21.372175
98.723094 6.167121 20.675110
24.245593 33.125416 16.671859
2.549707 85.794930 22.753922
65.310013 96.328203 23.718868
52.993434 41.025406 17.415485
97.242266 13.184792 16.587184
9.174850 9.118795 17.949878
76.029712 22.116441 21.405410
99.178811 63.582330 16.465575
66.003759 37.401432 25.636878
6.809073 27.293449 19.824276
94.996944 58.499935 20.626064
79.556080 13.418687 24.389278
70.497602 62.095299 24.590406
45.794089 50.856339 22.355969
90.768467 56.332072 20.683433
46.937155 53.378835 25.440330
12.085775 12.209627 20.159462
76.030714 27.772201 21.051394
77.943602 87.637304 24.465608
88.892890 99.563828 26.201217
53.066148 42.376482 25.905186
81.107577 66.489298 25.976525
49.255842 50.211929 19.988468
75.515756 1.359564 26.027237
99.416984 48.483106 23.895175
4.752086 33.709929 19.829134
38.270688 42.588667 18.828162
4.124303 42.391105 16.041718
88.599955 1.628192 22.645978
48.927587 57.149065 19.351901
2.637709 27.188286 17.143537
33.688840 83.922234 18.945348
68.855364 58.626226 15.232046
15.977867 96.863352 21.534307
37.617491 54.642110 21.473268
27.439514 14.256518 22.955875