25.890876 70.147551 18.036812
79.653893 77.806018 20.488185
75.157723 89.713926 16.076530
33.420974 43.941113 20.221780
27.304826 71.093795 18.449222
15.466818 44.930035 18.201883
44.090017 45.123860 16.094295
3.474481 98.178784 15.782738
22.783692 75.859425 16.099373
61.196289 11.209539 21.563018
19.535612 88.948039 25.612061
59.943485 71.736034 19.833846
82.405039 95.841893 20.175547
31.087202 92.428858 18.554047
55.770032 95.517792 24.552584
80.017025 75.301535 25.089308
14.892472 45.092558 22.149706
59.864399 93.324690 23.648472
85.884197 91.939765 19.386312
86.240669 72.666759 19.360352
72.272175 83.194509 20.872842
69.241593 35.475065 18.826554
31.679893 5.995485 18.833291
28.403004 65.035768 18.067108
6.694127 81.771246 26.011828
27.466816 68.701330 23.860827
72.484864 78.918595 18.301177
23.891842 19.119014 16.087570
77.185932 89.485039 18.373121
34.533041 93.178346 22.475703
74.820896 63.039905 18.847360
30.118146 53.863284 23.837034
79.774321 85.324680 23.881234
64.628093 90.188794 24.925376
41.341494 77.088066 24.127956
38.016903 28.562816 16.122256
90.634631 64.679720 24.556828
58.910349 86.912017 18.858519
91.002322 81.660809 15.958038
76.652255 48.944477 21.166158
76.215665 14.402767 15.265866
37.216180 83.860933 20.248329
9.561026 37.124745 21.345221
22.201356 78.285300 17.165334
92.553142 53.955089 20.993452
4.685898 63.359224 22.954317
64.399445 12.517332 18.035841
54.927576 93.368545 17.469396
81.860649 78.485811 19.533826
81.122849 50.141449 21.805854
8.258591 89.024869 18.162991
33.012130 72.051152 19.256986
96.253298 52.174387 16.013758
48.574686 46.566537 21.508501
10.034860 5.869277 19.115824
56.247351 40.928655 18.284462
6.796270 73.312881 20.618855
58.485902 57.626230 21.155610
51.912133 34.085772 23.399948
55.617783 89.540110 22.402217
88.142802 10.295846 19.553044
4.144765 99.536417 19.378762
27.309498 62.459066 25.533418
38.055362 57.696924 24.777237
54.679359 30.699059 16.501149
8.798257 71.442821 24.247060
97.606895 1.671359 17.509229
80.672636 83.173238 15.218910
98.206250 12.819445 15.125319
31.643728 44.153598 15.164913
88.051100 87.926998 26.113455
45.284818 44.103739 21.667647
54.463323 42.325000 16.572464
88.992682 15.306797 21.253074
2.669734 26.358510 23.189150
72.977439 43.126638 22.572363
82.463389 0.727840 21.522242
11.252290 49.996242 18.930677
94.793026 23.343463 22.151521
55.665132 65.735214 20.312182
56.733291 43.504536 16.165446
34.262831 27.936386 23.228134
48.492835 25.543413 17.027337
9.281098 91.376319 23.206632
79.898659 88.510414 23.384080
47.255397 1.570853 23.684239
55.119483 61.995950 19.427131
87.845892 27.064628 15.965589
41.497829 43.682949 26.211666
98.938836 42.568594 21.131070
47.011350 39.781683 15.041614
27.490923 52.781601 15.647937
39.290047 73.913227 25.313786
11.799456 63.139540 23.254896
37.084091 46.245080 21.095008
22.827738 92.925029 21.992825
19.614326 59.458549 25.084804
62.763228 72.118376 22.068940
65.051495 91.242296 19.122800
41.284114 18.620460 16.791621
8.361224 88.012758 23.766271
84.110052 93.739802 16.263087
34.182073 16.982849 21.541066
54.882347 20.131090 20.759856
30.616043 97.030412 15.632376
15.206181 8.100931 20.821826
84.106297 23.130076 24.756269
25.102731 16.591277 22.460001
19.077287 47.300697 23.259868
77.963178 71.938951 15.685990
92.480578 31.083415 19.348100
48.313854 65.788991 26.069056
73.184205 7.785221 15.279682
67.823122 53.615831 16.237969
79.246444 81.628156 15.385839
74.848703 41.472762 21.802923
14.616911 31.164371 25.664206
19.813814 44.824071 24.767944
58.993226 90.814997 18.976795
52.356333 43.672945 24.283043
10.505478 55.283917 15.356174
50.725984 10.948250 20.287282
92.416666 22.972731 21.243880
17.257315 82.655607 15.590945
15.011482 11.888365 17.066189
59.097241 13.674157 21.982530
7.700306 57.380074 16.218344
51.124840 78.278450 18.691707
27.233120 41.336258 16.037580
78.804776 16.087166 20.523004
92.166163 83.835575 19.593038
18.890193 13.920245 23.629308
76.586739 45.065707 17.807510
56.010823 47.830027 25.136258
13.033705 85.026232 17.490303
76.474942 81.189128 16.473759
93.621687 44.964338 24.632072
88.866152 0.779282 22.305984
71.782622 67.892297 26.009262
59.352317 39.778003 21.732452
12.038620 95.000001 21.403547
9.130054 61.110330 18.660569
39.213910 54.957502 16.984736
49.329319 72.105162 15.919212
88.702615 20.294951 24.069651
33.433274 89.705715 17.465116
62.793751 29.159044 20.978039
58.321923 34.461660 17.176464
14.804923 85.136957 19.791771
14.971621 99.942807 21.637842
96.439616 94.186073 15.754195
28.049650 51.670243 25.716296
1.071029 56.865546 16.239923
64.409879 77.514577 19.416390
47.262297 13.267467 24.845829
7.042325 88.760260 18.459522
77.961392 8.909815 19.395769
30.574597 2.621774 22.333474
43.376942 84.386791 24.554345
38.702253 64.430490 23.439855
89.431400 34.032194 20.545942
10.354620 47.217071 20.173103
8.067865 91.109012 17.635128
93.166351 44.199760 16.435282
59.890713 60.226481 18.040161
41.089286 5.223955 22.618481
58.079486 26.912549 22.606318
23.018658 30.260572 23.873407
14.394712 70.885257 15.602951
94.789378 58.570522 20.596768
94.181931 97.147103 26.037136
11.135618 0.513118 21.983001
34.671827 2.445700 18.177189
13.368487 1.206103 22.197631
73.558436 23.552613 22.587826
71.149345 31.622654 25.706118
78.788671 11.291204 21.973927
79.697456 86.633462 17.306578
29.698219 72.309916 23.434362
57.106840 56.894311 20.357933
64.014746 94.645631 16.638413
39.543494 73.764694 19.150027
31.819940 12.480903 16.607615
64.294782 68.387888 19.597846
62.982587 75.665318 23.773838
0.874401 43.359008 24.409009
99.862458 83.081798 15.383209
44.472155 36.901327 19.706907
53.563122 77.539895 25.358997
67.890730 4.280181 16.706764
46.112316 11.574539 24.050238
65.227849 86.223427 23.667720
85.339944 19.508098 20.782087
63.400722 98.034167 21.103371
4.572879 55.922967 23.306178
2.438563 38.986725 21.908754
97.526524 6.083974 24.449942
21.661888 4.456566 22.727070
61.208103 64.341433 15.309458
63.889584 60.519027 22.830300
14.188376 25.375832 19.636777
37.538368 9.634862 17.055417
13.845887 41.284246 24.914517
11.896680 33.131973 20.296249
63.107093 27.881046 23.888038
85.589743 89.800774 17.019267
12.968508 81.669187 17.937386
7.497939 63.792957 19.440302
55.594026 30.722504 24.811383
10.686225 57.947327 21.005476
85.741329 53.574284 24.224332
62.886546 28.958536 23.916073
99.588228 6.331364 21.509914
60.732784 36.800428 15.889671
55.656353 37.595418 24.547153
8.274838 76.615315 21.039461
16.951482 78.011724 21.894123
66.920231 5.759997 21.442649
70.193999 65.251437 19.443769
38.859585 64.247843 23.220278
20.313010 84.699546 16.386659
21.873426 81.464824 18.752044
88.926198 68.938771 22.639902
16.885681 34.785173 23.787828
96.755912 55.301923 18.015346
71.226529 22.064919 18.082324
44.309702 67.649286 17.470748
38.504500 41.925037 26.012165
98.452296 51.812102 23.607042
54.964939 34.577191 21.827188
97.862768 38.543325 23.553740
23.959586 20.672113 20.478569
54.431728 35.081178 22.544710
27.305848 94.063326 23.437347
57.705137 91.610239 24.046503
61.227457 3.607159 17.316276
70.232521 38.007544 16.093462
4.289923 59.863107 18.788178
68.893963 43.603028 25.731779
78.933815 28.748411 21.477661
69.088519 59.987216 22.337331
47.045240 77.613698 18.884519
85.348292 86.801591 20.441828
23.670495 33.638509 23.311073
8.308514 36.211895 16.784053
92.680341 12.145508 23.941164
80.405233 9.632371 15.507379
20.577676 54.312893 20.690166
74.467209 37.369322 18.097222
71.877468 17.003513 25.095051