66.238832 18.692097 17.579102
85.654473 20.373422 22.221954
35.632186 8.221020 24.359424
35.752788 65.711966 20.299379
67.323823 28.286760 19.995121
29.154060 55.607175 19.638905
54.858532 64.887696 17.427263
81.455643 38.973836 15.641215
55.680550 59.679974 21.024854
66.548272 12.129980 25.092962
18.165557 75.652466 24.267814
70.217496 78.673082 22.452204
31.506581 79.715902 16.814982
57.450600 8.658241 23.973017
10.318290 41.829328 19.075632
99.314559 76.103689 21.191606
37.937535 99.982578 25.720874
33.768125 14.860497 16.470134
71.296311 8.976491 16.249031
43.653254 49.697810 20.172520
69.102164 28.285069 21.160479
66.458516 69.069502 24.108383
97.738176 21.969301 16.644140
14.831483 47.599717 17.739753
3.911245 36.421484 25.048984
61.553385 0.533546 23.143356
35.464095 58.828980 17.475286
62.248966 8.827850 24.045711
38.685971 66.900355 15.120295
46.523558 4.757637 17.685683
58.876396 27.741408 20.051312
38.876455 51.141212 16.543734
95.971082 65.973980 23.712322
45.116941 9.668055 20.763580
69.566848 93.495791 26.228640
80.707114 69.428601 16.016235
77.442332 58.113150 24.249834
18.115744 88.108061 18.408329
67.458412 41.733777 17.277218
81.109851 55.907845 25.591552
20.702145 97.313113 21.851142
57.707490 51.402349 15.669823
23.609331 8.498207 23.659839
14.655638 89.860674 26.216637
38.711213 99.000583 16.190000
14.620291 93.006777 26.048725
74.203241 0.638052 22.349871
55.637507 48.387985 16.188826
99.113550 72.498357 15.104408
89.304315 6.843985 17.750948
8.545170 70.380759 16.796002
9.747476 59.929117 15.579656
23.198754 37.354821 18.013454
81.433907 70.769501 24.574684
15.460761 21.717750 24.777945
6.372104 81.542037 16.849164
18.857504 85.892738 22.087890
94.116411 5.854737 20.040795
46.087506 93.888408 22.878242
40.438266 36.310899 15.445153
56.938197 52.149981 15.946753
27.682722 64.392578 17.202090
37.656796 87.673807 20.636361
76.080152 18.699426 24.584824
28.136446 30.489423 25.882329
80.161355 16.368727 18.011096
42.914936 43.096787 24.111161
72.112340 53.839617 19.415935
5.234886 19.857211 18.834751
54.893872 16.154209 25.026463
27.889369 19.549296 21.788048
52.078691 76.025279 25.136805
52.053201 56.844426 19.385958
70.922534 35.004488 19.890969
76.677092 14.041800 18.369569
73.101312 32.228835 20.982246
23.555592 97.012674 15.770081
93.056363 32.517926 19.247961
89.810506 77.589487 15.058843
14.375599 97.056767 22.757981
13.559255 44.567197 16.724999
13.073970 26.381431 17.135522
86.313607 50.940464 17.342842
76.966191 71.579221 17.002522
61.501554 46.464778 17.220160
99.148118 5.597112 25.741747
82.643906 6.122479 18.916979
98.202796 24.510708 22.600104
1.363142 94.330180 22.763927
34.014872 25.883881 17.550050
22.859487 61.971316 21.400860
18.055600 59.024719 21.003445
11.916573 36.406902 16.067412
32.703902 51.737467 15.508253
99.138407 39.197269 25.681281
89.429992 5.357411 24.115696
64.953388 87.624441 21.556112
80.082716 92.729546 24.264188
51.825226 79.848063 25.105538
44.806940 7.138763 17.271166
71.330101 7.726823 22.852719
82.690789 22.613713 24.881387
76.182257 19.218385 24.097158
93.767573 40.454226 22.296967
38.842313 3.826854 26.189458
27.545233 45.255347 17.524292
37.900516 77.177893 25.678459
23.380904 58.318609 18.968904
30.374091 72.897784 19.216603
43.333204 29.730609 17.861428
22.967777 71.644988 20.496073
82.493215 51.009812 18.087481
69.766092 9.517836 16.344033
59.523975 29.212267 17.215339
12.883570 87.478035 17.029853
51.359715 1.995350 15.660573
19.191581 42.687031 15.875264
30.644150 19.979232 25.812290
1.445971 86.862306 18.666741
77.428470 90.961760 15.380976
76.012165 54.408534 23.787118
38.405394 65.281114 26.121003
65.135505 65.474349 20.966839
39.329788 75.716319 16.762165
28.816716 49.449730 23.938061
39.715771 40.315779 19.668587
18.553050 95.294931 15.756443
87.335838 98.019112 24.168308
88.838753 90.807150 26.219422
96.358838 27.637929 15.523668
81.745406 85.265831 24.602642
53.335027 81.369998 23.562746
53.997283 53.054357 23.903124
39.899682 6.583755 17.371610
7.480736 13.443396 21.425354
66.423475 79.111975 19.307968
64.373060 4.735533 19.627438
24.308089 13.815507 16.633349
5.590533 99.503341 23.959123
31.178489 73.497930 16.702493
5.774809 82.103673 19.747276
81.689976 84.841430 18.419498
87.605011 54.844504 24.429803
98.742208 82.609664 16.809582
33.439005 59.956484 17.728322
85.975173 31.704269 20.423837
34.252938 88.427616 21.193763
57.255020 35.807802 20.351302
3.012774 34.229435 16.290981
46.733362 61.426939 23.442206
72.381879 97.434970 22.748063
84.471385 71.650361 22.656218
93.067844 15.302434 15.764002
23.206463 55.842879 20.995592
15.099943 61.464185 21.114999
73.467378 34.449021 24.238504
91.004937 0.354482 22.288181
90.880310 5.090301 15.928758
40.382601 31.456575 17.232732
81.197722 96.992791 23.383619
41.032951 39.206593 26.025711
27.497760 0.293553 17.152962
36.498118 51.684597 23.486563
67.824862 22.504997 25.964833
87.053556 99.178729 18.202867
16.299915 85.639571 17.625118
53.058697 90.335584 25.698470
64.019480 16.398434 15.001208
73.146126 95.254942 15.069873
17.553573 19.910126 22.793825
49.226722 25.302898 22.258276
21.557548 22.634165 19.077722
46.655046 46.565175 22.137938
97.581150 10.008204 25.834959
60.659781 3.316652 17.829800
1.148490 74.117685 16.753402
1.160729 44.794759 21.553820
95.534244 41.845815 20.013795
29.174955 51.695748 18.407269
69.688664 29.956329 21.269838
55.100956 42.531231 18.217829
3.979674 42.354527 17.399301
56.780612 62.216766 15.535409
90.326827 20.026552 22.483024
12.513482 51.178000 21.599523
72.717122 24.776845 22.051890
29.136706 34.830581 18.993957
62.194897 1.672873 20.369992
45.857568 26.754347 24.050116
68.139981 23.690965 17.658656
38.182913 40.549910 23.425895
58.169074 61.620912 24.918011
88.740095 93.097703 18.722448
74.680582 19.181694 21.681328
97.731774 53.776683 23.318071
73.917846 50.373470 22.651104
97.115448 47.128629 15.989731
5.761875 54.912136 24.324306
83.295707 46.997422 18.806638
24.110435 3.841664 17.207701
22.525660 67.030733 21.683643
70.841942 19.725072 15.581553
55.961337 42.920512 22.841033
12.522600 70.754099 17.419700
26.216468 58.820359 21.095818
82.367972 26.688629 17.817043
25.232833 58.910031 19.671357
13.309409 40.288855 17.180027
99.345696 33.437452 22.324399
15.951296 95.530209 25.436218
1.383190 53.112969 23.921482
36.851524 90.065932 23.417343
50.293022 40.344060 23.852437
1.798022 81.587954 18.634430
95.485129 99.826435 15.527016
53.644866 21.987891 21.291649
52.797769 81.821512 21.229693
22.799586 59.882437 23.490314
98.002050 12.825827 19.172901
77.294288 66.399680 18.063559
97.242963 16.849825 16.937712
68.152706 64.478893 25.880575
37.047276 65.057909 16.562580
96.978254 23.547680 20.203154
93.518860 31.856084 23.215391
77.068587 80.024232 21.472293
74.462934 1.812114 17.808286
29.804748 84.386001 19.286554
86.024107 43.342481 24.197090
91.215470 67.742168 15.900796
81.675391 65.944816 23.066781
99.087641 90.896570 19.229737
43.583402 82.684101 17.665149
28.391779 21.769272 19.787651
8.129103 1.199592 18.726039
36.341991 37.179895 24.213065
6.399927 51.742949 19.796530
67.359754 63.535016 22.641440
64.334427 76.292888 15.073130
98.382295 39.233022 18.761951
43.746226 75.758923 21.585579
67.917451 9.990251 16.356679
61.441103 18.583396 24.251397
49.188028 23.772237 20.609001
82.418850 42.334533 15.443947
40.486589 75.438895 24.835978
39.585336 83.768753 18.974861
78.759013 72.295090 20.096515
27.262094 15.653758 21.918274
16.105148 47.698734 19.440865