85.255446 88.811349 19.415244
17.355413 26.147999 23.026902
40.565700 86.212175 16.213964
99.881256 10.321919 23.284461
93.099185 83.054438 17.481899
36.837896 36.864847 25.817277
66.660372 25.441801 22.361081
22.714877 5.609770 17.884800
54.257227 76.956502 23.990564
13.184141 67.471015 22.419093
65.745353 82.831660 18.204867
27.764059 66.049019 21.783331
59.168319 42.313516 22.449057
99.852754 87.923269 19.919817
10.074141 81.711137 19.141963
93.374491 68.319395 16.758707
46.665868 63.882845 21.838498
96.612167 36.060881 19.389745
35.162966 5.823448 20.743097
97.330343 40.492979 22.137037
23.924536 79.142705 18.958566
35.926086 27.512171 21.603067
81.568774 2.062790 20.743268
15.882272 95.792214 15.842312
62.297894 16.107130 15.831458
46.504675 90.707024 24.306482
92.849952 42.801835 16.431070
75.414260 24.959641 15.458219
50.146747 99.897252 15.904541
99.174258 37.806015 16.925999
36.951991 93.696239 23.609526
9.360919 54.452238 22.848854
59.745696 85.537364 18.000412
21.504856 11.063434 24.469440
55.228877 30.926450 24.921407
69.885904 82.332578 20.502442
99.033433 59.103013 19.873475
66.741250 27.547371 18.781797
99.269655 97.997224 22.838241
42.905203 35.860907 19.116808
86.696415 21.863445 18.237654
55.573272 91.979947 21.047042
10.104535 74.016605 15.274287
87.212912 98.318802 17.894685
35.980181 17.156107 20.229384
29.255620 28.857376 21.627226
8.029819 8.084840 22.735869
50.393556 94.007454 18.301596
44.898994 31.652558 18.527029
21.532265 48.028288 23.367271
74.968764 58.827943 23.438349
30.682550 25.523458 23.327840
92.987272 38.519800 19.634739
89.841582 35.431666 16.078788
63.591227 72.252704 19.757834
28.694548 23.300588 23.223527
15.490315 99.236879 15.882140
20.040052 17.186326 24.712428
20.520437 53.645095 20.431565
97.995848 73.747204 25.891362
62.610041 19.676714 22.439431
75.053244 29.112040 19.790366
88.874191 25.751572 15.891711
4.135112 10.569871 25.077922
18.777598 32.985832 23.166755
82.986334 94.921056 23.532749
24.456366 57.637986 23.706285
90.896589 60.442928 20.331956
64.962245 61.464657 16.876526
5.677334 38.248405 20.020289
82.565502 10.634980 16.347414
42.289941 66.472809 19.510423
8.621977 35.073552 18.708857
18.028922 1.748150 15.353467
96.558226 60.450226 18.723746
24.241170 41.201712 20.063474
34.917987 5.090852 21.008133
14.914764 17.400217 22.194448
97.701904 26.965360 16.051773
53.537920 49.658083 18.241884
87.169377 7.215635 17.555532
17.391273 82.884747 17.693468
8.014433 29.333464 18.594462
53.309500 77.565045 16.563322
92.827830 67.617348 20.637397
2.068096 36.292972 24.041323
12.865842 47.119245 22.971883
24.458462 69.084703 17.360551
80.104154 44.764009 20.970839
3.112227 32.066208 22.326490
60.357205 3.650378 25.542016
33.564578 30.391344 21.844725
55.759986 44.943498 15.712842
8.484953 81.475466 24.925252
87.496094 38.637750 23.156202
91.778471 38.703737 23.011269
42.774994 59.655073 17.368358
20.869796 35.020832 19.033672
44.655672 99.635996 20.925031
28.265216 4.441255 15.514964
95.226067 84.912403 21.237869
87.606601 82.680203 20.694734
78.923139 71.585735 17.855891
86.410322 66.733335 19.282012
65.502394 65.282975 25.559552
57.423487 3.173307 18.405622
99.848426 79.106558 20.964937
36.540476 69.034420 15.707981
70.467333 78.763748 20.538698
58.861331 30.884064 22.033693
34.209806 46.403695 24.787537
0.648291 36.376276 15.311412
14.774961 34.981195 23.669048
91.267203 82.356660 25.391285
2.486687 70.570438 21.196750
18.080943 27.985472 18.149777
44.417477 11.262778 17.663868
63.701869 14.894737 21.326511
37.515420 35.573511 22.112164
44.621437 37.232971 23.839773
7.080207 2.428025 23.847712
80.405528 26.331256 19.230894
13.794438 84.151370 17.680744
81.993364 32.591753 25.676502
37.546524 10.234587 25.696730
2.313297 22.090187 24.341513
13.117194 24.235632 22.576493
76.723551 50.741738 20.668344
10.421527 60.095945 23.393539
13.282602 94.473330 24.802123
56.712830 40.234816 23.202743
99.225943 75.168376 19.888893
73.889503 40.399712 24.509006
31.697885 28.519439 21.863858
16.045907 1.887361 19.491228
56.884992 23.314787 15.082729
22.452899 50.553181 18.736586
63.373214 44.762425 24.048568
29.539879 61.851364 16.035823
94.091337 84.635056 25.942289
74.353356 74.486046 22.658950
44.928463 80.605356 24.591857
89.660392 19.486897 19.326544
95.822577 98.386494 22.365514
23.843834 55.134649 25.070541
19.813454 90.641812 22.560788
56.272230 68.200976 19.245771
75.449332 23.528010 22.720892
91.781318 56.554301 15.302036
54.201258 99.493580 22.374436
36.206973 25.293749 16.132421
2.654706 93.183355 21.590664
54.189966 16.565240 23.934095
45.435406 9.429131 20.037267
35.280697 48.412180 15.346943
4.760385 39.683526 20.905685
16.320131 34.560263 20.388421
60.967213 85.483048 23.558502
23.410085 41.648858 20.883719
12.858468 25.200140 23.967051
15.920459 73.298486 20.013594
80.095769 26.185225 25.057997
94.090259 72.660876 16.056561
59.584541 87.614947 21.557363
64.064821 5.982867 22.245174
5.423959 90.918143 17.339682
44.178977 76.524574 17.225968
40.470471 59.004560 18.688017
82.606592 35.933026 25.207733
15.109908 25.421055 15.439422
88.126058 55.715139 21.029483
67.870427 43.457267 20.320085
38.066479 75.201205 22.730360
60.480643 11.064826 24.977833
3.808976 27.483863 18.419008
83.993347 10.993452 17.817293
20.120282 87.203137 25.915754
26.792535 36.105239 19.464317
48.087162 51.923859 18.699574
26.555973 0.638864 19.222783
55.296272 8.168224 19.552679
47.596736 79.078571 24.619777
77.252033 35.596954 21.436581
92.034246 37.914971 19.306504
15.800796 1.026144 22.489434
83.561525 15.033102 23.658996
97.571629 41.224331 17.799760
52.312228 25.585583 21.689662
8.117640 35.798619 24.037507
46.617582 15.668637 19.207789
52.061068 83.787183 16.780952
4.209994 15.090455 24.712527
48.187006 20.161662 25.950000
15.201890 41.274245 25.540538
30.582544 50.915426 16.151589
87.801371 45.951267 23.363725
40.773761 3.369667 21.651185
76.736750 20.833584 19.039986
44.354975 54.328997 24.423233
97.359543 50.120743 17.174466
20.773532 34.681862 15.253387
68.417377 66.825425 22.898366
25.732178 92.862970 19.975208
17.936627 48.897555 16.328824
18.045143 47.622256 20.670990
58.613289 42.594638 17.041881
41.262555 10.710750 21.782437
7.128627 97.045760 21.507968
52.294432 91.306762 18.673830
55.868937 22.565286 26.148149
26.561688 39.939470 26.233766
49.584526 78.614991 24.891836
16.983880 67.635029 15.615386
5.331995 3.753779 16.483017
61.018393 38.392760 20.027417
64.969087 9.666846 15.371831
3.730897 88.378086 20.378899
18.717763 63.840512 25.803488
75.638055 27.717618 19.407471
18.164909 37.025303 19.798002
25.212497 2.232559 20.218774
64.184268 50.653140 24.190510
88.331052 87.774189 21.028625
29.397131 33.870762 22.445537
83.934275 84.672972 16.937588
25.452930 22.767355 18.592663
64.859227 36.677454 24.930122
67.506614 60.346893 25.188616
37.460361 0.959393 18.417862
97.122611 12.503908 19.990100
12.112926 87.802660 20.060919
38.982697 82.391333 20.983872
73.927259 86.566304 16.363206
9.490875 25.350245 22.453536
1.016278 68.316750 15.008234
57.799130 10.221303 16.724161
34.559952 2.129538 22.012263
23.356796 84.881091 24.277874
32.777526 28.442324 17.202170
81.355962 24.204125 15.547146
72.931508 30.420674 23.757734
11.982853 34.399027 16.448109
5.067394 55.875538 19.893449
45.235925 17.746114 22.673554
73.037060 37.660140 15.611287
2.277341 6.695835 16.533620
52.061840 11.878438 17.032715
12.818298 12.075290 20.161983
37.359824 92.791718 17.148513
81.331560 32.285766 18.166651