53.819137 86.858097 20.220558
15.292104 9.398677 21.424714
92.558414 12.199621 22.593759
10.579673 33.106174 15.776547
34.804317 29.719513 18.661423
11.510539 22.101068 16.226469
48.582788 10.982766 19.668463
53.403585 94.522787 24.125091
14.780988 24.115072 25.116809
33.675365 67.332545 25.755188
59.593415 93.244800 15.352931
14.494797 54.257335 16.206503
36.815573 52.324085 21.092940
34.024963 2.396665 20.415126
63.886546 95.650479 17.461106
57.686719 10.453730 19.180898
57.324456 49.944201 26.146924
40.713314 25.427840 23.661797
75.451982 31.913805 15.284825
66.891767 95.962395 16.437527
39.858937 11.894248 24.200132
50.441451 92.016733 21.578067
51.865153 47.044863 16.723392
51.639669 34.854354 19.102044
35.108583 53.673158 15.770620
55.334116 96.638814 17.070227
1.273158 79.164344 23.429469
8.512571 95.847069 15.071382
19.613237 35.221997 16.669120
74.110827 30.921300 23.262319
94.092572 49.802080 19.763855
16.641995 19.590220 19.566052
36.853527 82.849861 24.257185
92.355742 94.055728 16.139636
74.099186 48.337917 25.841837
20.017349 89.593368 23.773604
37.186062 12.256825 23.728841
40.790521 27.914179 25.037870
39.975955 97.934249 22.099867
19.617088 31.973937 21.442676
32.979644 85.838591 25.378690
91.621802 49.747609 17.590865
19.665917 49.485312 19.097941
61.247924 8.602866 19.333039
48.091979 30.934293 17.143579
29.571523 91.953588 23.661526
54.077769 38.550417 20.658923
69.770832 46.663297 21.648377
91.671555 1.253451 23.093674
71.191632 16.979374 22.515118
87.726500 14.891277 25.431075
83.100111 19.228969 20.905226
28.045303 43.624013 24.213182
94.435279 66.637105 25.685924
32.656427 77.319593 21.048009
13.506634 12.063128 23.272142
7.763450 48.411038 16.723178
52.013987 7.962846 15.732039
74.177710 73.179099 22.691470
4.693177 32.885920 19.748507
11.438070 65.971270 26.026169
68.080388 74.241152 18.978801
98.407813 26.614619 24.147062
93.677530 45.684194 23.763398
92.109424 14.533523 16.821417
85.639177 84.364996 17.275535
6.533494 65.280039 22.420034
57.078530 21.509415 18.166931
8.430535 31.358727 25.099876
90.977890 73.528342 18.103344
48.768062 11.529341 24.035778
24.434772 11.045707 23.301620
7.072526 10.489656 20.807009
8.858008 63.718022 23.023678
64.940248 64.890605 25.359985
1.937477 89.681847 19.487152
17.378782 8.250225 22.500670
38.963691 20.667999 24.046433
80.801330 88.490587 18.273293
93.875199 57.829554 25.472894
87.984265 36.945021 23.549543
57.234302 66.765681 22.038759
50.469444 64.239963 21.934324
57.262758 69.866450 24.882247
29.648128 89.076610 21.528601
81.263705 36.849961 21.914621
3.771678 43.767677 22.092360
26.076131 39.635709 20.030551
56.597715 19.760374 15.188320
99.898302 85.062119 23.448624
67.673801 3.184833 19.462349
32.401449 45.131712 17.414160
19.788072 19.549225 20.809323
39.103467 69.953870 20.113628
0.594788 38.224609 19.777958
1.324596 98.928311 19.460259
81.236829 56.904376 20.534256
91.942809 9.100449 24.072146
71.052059 86.938678 15.633217
98.129726 0.204165 17.818182
26.178915 83.466387 25.161253
43.967462 11.837580 25.745987
14.732898 94.477962 18.914140
79.138136 1.347338 20.348684
39.004136 52.756698 19.810060
4.863399 22.409099 16.736823
58.645517 0.354442 17.184881
33.692208 86.783999 25.402277
12.297158 61.963945 16.051282
21.654031 53.932472 19.681397
66.601840 54.074435 22.257576
72.058313 32.025721 21.304828
97.093715 14.621677 21.985056
54.713287 21.171302 22.568497
88.063059 40.027032 21.500823
10.650468 10.309510 24.861949
45.528393 59.745672 19.055526
9.043332 80.315765 25.609757
31.514968 51.491274 22.222614
56.460978 84.453807 15.838130
91.486346 19.855894 23.432154
86.946186 87.007533 18.896213
75.777740 74.363080 24.658452
3.407178 74.100191 21.859139
64.552122 90.350255 20.044458
32.628204 32.211092 20.892858
66.291273 17.524783 19.102626
6.502236 74.206686 20.981951
51.028233 25.271148 18.740000
99.955130 83.232810 15.934091
71.752123 42.764773 25.924097
87.682956 85.811875 18.515211
60.297938 83.580335 22.007834
86.931153 0.490921 22.264603
77.740464 46.701569 16.902046
74.762405 84.233864 24.123034
98.880722 11.430439 21.933601
59.714930 44.889982 21.856428
72.081166 30.109076 17.717260
21.612191 17.234182 15.155884
6.326120 89.024408 24.593188
62.868655 86.252040 25.349844
46.064257 49.017798 20.727567
24.325124 29.522953 22.545202
83.070214 65.016032 17.701704
81.653000 62.341169 25.330245
64.579693 61.655073 17.665278
91.032891 44.512804 23.654538
87.126695 63.114787 22.767013
5.696890 61.108662 17.992399
94.359507 90.413164 24.568643
80.740210 11.683335 16.550150
41.079261 59.879081 25.236814
71.445638 25.453721 21.336645
49.612834 13.796500 25.298342
91.267121 67.248880 20.848424
18.167916 50.924003 19.529523
59.063809 93.119065 25.470010
0.550260 32.094666 19.548827
55.279218 71.743183 16.252506
50.119511 18.718720 16.754945
81.007390 36.518188 25.462210
64.770291 44.913501 17.287807
28.568937 34.310361 20.455581
73.721330 16.564863 17.761976
96.191899 31.462005 25.156442
52.994721 47.889998 24.330431
49.597622 5.180627 24.598685
32.872299 85.045430 21.986517
12.393111 64.534611 16.040835
79.112456 58.841361 15.138149
96.508102 62.229172 18.997015
69.389894 20.816250 16.289566
34.214463 76.993556 18.298450
70.709996 38.542907 17.370087
59.257477 71.659981 19.864437
93.077380 89.010883 15.450538
22.147521 71.243007 15.319363
38.216294 98.373413 17.398660
61.922284 90.620520 26.097335
55.542220 86.148302 16.990725
16.017418 52.410863 25.143240
92.776070 44.305677 21.409595
88.880759 43.527164 21.540108
29.578530 7.084896 17.135772
93.059689 69.458921 17.632610
27.388375 89.999230 16.598188
64.574142 94.749764 19.449994
90.212901 30.328484 26.191034
97.589903 37.443727 19.321153
38.922853 56.358560 25.866758
93.856056 83.533110 17.553567
53.978963 18.446866 23.623955
35.597944 27.914368 24.167262
4.052001 95.128263 24.596742
68.424820 19.487578 18.661383
45.551266 45.909086 20.357806
19.972681 45.635834 20.732027
66.832345 22.332699 19.939324
21.699956 58.896045 25.396496
67.201202 49.193510 15.248253
79.293845 62.887237 17.169298
3.429969 36.491285 21.520688
95.890413 4.006090 17.702733
46.288237 55.158780 23.942100
68.666364 17.353999 18.204794
77.109965 64.581719 24.289855
47.587549 89.596878 20.719110
54.593975 8.724301 25.479119
69.740942 94.397368 16.094479
9.937357 57.927202 26.053966
56.650201 56.350964 17.721537
74.272224 14.192675 21.412282
92.790956 96.188927 18.201089
82.184276 30.674874 23.489772
67.090900 83.656858 23.337235
15.891975 44.444761 19.546957
1.866331 70.760101 21.957191
30.225275 99.082737 15.721867
89.846423 27.265996 24.507834
25.772514 9.646046 25.080812
8.372394 6.477714 24.546232
8.683671 87.282959 15.512249
25.778705 32.398912 23.833487
54.044265 9.907403 22.948071
46.115556 47.433974 23.561086
23.399441 67.576962 21.393893
18.151473 69.765437 20.584035
68.278286 76.624151 20.503187
85.564240 7.219748 23.401527
4.336501 51.446122 18.080949
15.615085 23.104471 24.706517
8.397604 28.134449 18.983580
81.842053 40.591046 25.866117
16.741713 69.560839 20.140719
70.205412 92.254862 23.572198
47.128387 64.673605 23.848514
40.949524 24.277112 22.831492
98.182989 47.383431 23.077504
85.579609 9.813861 20.855802
33.837752 32.787522 25.339255
2.582459 86.779222 20.690609
90.081258 50.500800 20.185495
58.647773 8.286976 24.987708
65.391799 53.349522 22.521694
55.420748 8.182499 18.691954
36.916298 34.130802 16.362504
9.670071 95.283381 21.040200
73.095386 62.635419 18.840151
64.218698 58.857411 25.527282