62.994736 55.422161 18.230036
52.555107 70.763070 15.385215
29.301466 33.079092 26.031441
12.228740 48.515202 18.347603
74.961595 64.911168 21.999266
3.866617 23.954038 23.814415
1.471188 49.295671 22.266493
58.721882 30.472444 16.421282
35.009104 8.992576 18.721374
97.504125 13.385415 25.368142
24.928505 36.367231 19.141727
98.712389 12.016764 20.256346
47.999209 32.319744 18.259342
14.221446 50.384884 15.887297
82.464982 60.294813 16.643625
81.216438 38.728690 18.345857
93.501618 81.617697 26.129640
14.815621 67.715994 19.198130
57.723430 44.678279 25.147601
45.812806 67.893120 22.757857
34.504444 42.748339 23.354684
93.029016 23.259653 16.244439
8.065616 55.949923 23.999305
23.372974 31.333258 16.841672
78.190500 11.084086 23.968974
6.608513 18.120553 18.401864
67.951614 92.917349 20.889298
18.625753 80.228032 24.360465
35.951644 52.892492 24.099144
9.688158 88.046303 17.236275
92.800409 86.799937 15.609320
86.474311 8.748631 22.050998
50.596395 19.465616 19.322934
52.816333 5.734316 15.551070
13.922928 80.930883 24.450641
18.732882 23.404918 22.491450
36.016915 27.510985 21.120985
52.712956 55.921772 24.440873
46.074065 34.278404 22.352257
86.455998 45.834947 17.293252
3.169781 92.481285 15.171763
31.114824 36.138763 17.018982
11.273446 48.326171 21.412985
16.792462 1.619914 18.454636
69.946746 13.038376 19.648066
44.272807 30.847315 22.845857
56.861532 26.880483 17.852617
33.422189 97.025999 23.811934
16.821841 42.915535 19.402983
36.273129 63.511970 16.142991
64.821798 69.091145 22.284641
93.297976 81.972118 25.765510
13.182561 16.096819 15.471352
13.624624 5.211039 19.386020
23.661798 21.524548 25.494687
33.352604 13.155602 15.669311
4.693536 2.934311 18.202967
69.747802 14.478322 18.785692
25.496590 54.220578 23.738099
20.474240 65.390998 24.761146
8.183311 18.093077 19.822694
47.533056 52.076929 16.726347
21.825415 67.050383 26.167122
61.314666 40.343604 17.058291
40.336051 28.312140 20.685384
18.563697 25.063514 22.518417
18.907859 57.222322 18.611735
60.339936 63.249238 15.799029
81.009167 85.434747 24.259629
64.961449 98.310860 18.426296
5.445819 48.815634 15.672238
59.555415 39.414116 22.343697
58.195342 76.845535 19.250015
85.312060 92.457796 18.199890
28.597614 77.938046 21.061006
17.455641 28.649267 15.933847
48.645808 62.607696 21.903391
1.093030 23.567990 22.443734
54.672556 2.970320 25.547859
58.924860 43.151062 24.315049
46.056138 18.322121 20.497535
70.777122 17.452238 17.099121
69.480350 4.640232 23.385731
51.554604 53.083534 15.167311
55.704820 46.914038 17.700808
28.232770 84.844096 21.952355
21.986736 32.548861 20.624909
32.798457 52.888370 15.244090
45.048133 25.744437 20.196595
54.357915 56.054183 22.836807
57.864491 72.617055 21.154609
5.537722 43.613088 20.784843
87.495806 31.634860 23.788534
10.556493 43.394416 24.953753
41.853214 6.450756 21.409734
14.077137 81.787313 26.233577
67.768894 87.330846 24.033781
57.677207 94.620411 22.116668
20.574473 31.928088 23.609292
47.580615 29.643459 18.817821
84.777995 43.702680 25.906633
70.936706 1.153498 24.989482
89.530828 45.594391 23.024475
98.511333 66.001563 18.854269
54.704376 49.803659 18.831986
9.224690 35.262638 22.906040
44.162607 40.327453 15.196762
4.169218 83.924676 26.238681
2.800047 94.460894 22.155869
74.851218 24.459090 23.887533
19.944622 4.351376 24.657450
68.903654 77.154202 19.618853
85.723780 86.686012 15.435949
77.920642 90.235267 20.415031
69.307926 37.861141 25.343239
49.710498 89.542121 19.060296
94.449728 46.592790 17.677565
61.377399 67.683880 16.410126
85.597465 52.951839 21.421754
75.566959 99.579727 19.142521
54.460222 81.913770 20.576366
32.077351 88.108110 23.369371
27.456916 16.024378 15.365048
39.575953 13.741536 21.961827
79.030097 99.189151 24.785971
72.206336 15.857209 21.555503
16.556575 29.490951 24.377694
16.846108 79.809747 23.627902
7.637516 5.880172 23.770548
27.169876 80.309119 23.881559
73.291380 2.023699 16.293249
95.394545 79.070670 25.394004
95.168678 44.891272 23.838094
66.711374 59.245641 24.460168
60.982598 22.350057 26.245736
83.565341 3.695327 19.769515
47.957100 33.096080 20.316228
31.833567 37.031143 25.832374
67.006433 38.499846 15.270684
0.886452 64.210021 15.057015
13.243554 44.530679 17.088397
86.392432 10.872991 23.465132
55.120094 43.237030 19.530018
92.438185 20.686109 24.461877
92.107825 34.022692 23.853612
38.503124 24.772194 26.107378
56.148396 63.240727 20.339372
76.348804 55.538824 22.977570
66.777154 1.088334 15.454867
0.662953 34.508938 23.432664
43.627542 31.383488 16.390288
48.208723 19.541596 25.619473
16.783043 36.488803 24.422632
45.997640 76.543725 15.974353
45.391161 48.837089 25.292594
3.306936 88.590667 25.744951
81.021439 30.220943 18.405976
65.929804 94.489640 24.368888
26.449881 31.345665 19.666486
51.746842 13.964054 19.563256
64.191264 9.070014 19.099068
86.326656 10.799790 15.615559
55.219727 68.500201 20.412413
96.267637 13.272133 19.225226
60.294902 2.454425 24.433619
66.904364 80.040523 16.861978
27.545920 9.481863 20.438817
40.050325 93.164962 26.014817
7.008168 95.636206 26.170475
64.521523 67.631661 17.922788
3.767719 55.895886 26.069910
9.581023 65.175430 21.744697
22.529658 56.037175 25.119781
36.621747 78.574607 20.214289
85.685877 57.369629 20.835040
60.118305 94.986247 17.768735
21.058563 56.736653 25.992201
81.794679 85.605035 17.785141
9.732700 23.808759 20.618349
40.095803 48.614599 22.116750
61.049393 30.924695 25.105477
29.555762 12.188423 23.088240
71.260795 67.890441 16.921527
56.756044 97.253392 21.733654
99.904881 25.002406 24.145697
94.259352 69.947769 16.252750
55.484865 61.484036 18.733405
39.517487 18.463117 22.535945
80.318286 19.385392 18.189688
61.728093 14.834291 19.545948
27.186203 52.538699 18.827214
55.520986 73.445418 16.565947
8.475521 6.539562 25.522294
17.541020 36.055254 24.996235
41.311230 80.897249 19.082054
44.114626 43.483589 21.769047
74.035729 24.577257 24.529767
24.235964 49.534812 22.469220
88.028325 62.355264 17.898511
21.759200 77.129229 17.155059
65.887255 19.944791 20.267046
78.555932 98.471803 16.238345
29.144079 63.438690 22.530918
26.908757 95.870932 16.929109
77.194761 36.457890 20.484079
97.277059 27.253858 20.768134
82.370990 87.528277 16.265917
16.272753 7.284745 15.261282
64.278858 49.070458 17.162578
50.220023 55.353819 17.672628
56.311559 36.953614 25.008695
81.343601 32.498495 19.804084
20.119224 6.051449 16.236251
53.693727 47.706191 20.696085
78.530320 76.997961 21.009436
54.968165 34.164908 24.793284
81.380266 11.450111 15.393844
71.571499 12.372067 21.332125
58.682257 4.706980 16.694460
17.826091 44.271105 23.548347
71.369481 84.900721 24.922595
71.431388 5.736856 21.074476
62.800648 89.318226 25.051406
74.699712 20.959890 24.554690
69.775504 93.944256 19.516896
24.534299 89.187823 24.575813
22.633660 16.893017 21.811447
49.954704 20.991487 25.236706
64.221735 41.412800 20.572655
18.856872 3.462302 17.532675
68.479114 34.045720 26.065147
49.944065 39.386241 19.081504
26.810897 57.853738 25.875175
31.927262 2.967997 20.917663
50.744047 10.338737 25.038011
90.682333 84.984175 17.094921
18.041843 19.907071 15.394477
97.013056 84.608558 24.026681
81.710977 11.643187 25.234239
16.233824 39.097970 20.643358
98.257482 97.667618 24.662996
4.206006 45.377105 25.105316
55.129402 74.571105 21.779624
86.271200 10.622657 16.785980
81.333244 65.899979 25.659305
58.578334 9.899901 23.957181
29.777343 22.145180 21.734793
23.532470 6.965051 19.746491
14.499429 34.003766 25.383461
6.434446 86.771821 18.227530