85.471598 65.665578 19.278935
80.972738 49.341972 16.066178
9.272316 79.124966 23.504274
71.963345 87.472506 23.297366
84.266314 68.872063 21.834639
24.521189 16.723450 17.184383
29.074190 32.829370 22.492742
44.259000 87.354311 15.507082
78.687167 69.179465 23.297039
40.563815 68.125588 17.017902
4.304879 5.773813 21.204727
86.461099 7.276015 18.726841
62.765405 52.163073 25.925002
51.102534 95.845224 21.587554
70.776455 2.784608 16.435330
56.040697 5.196879 23.061608
90.614624 51.595001 18.891538
80.945166 71.078815 20.510793
80.906598 94.494706 25.902436
30.978004 20.556115 19.826656
44.140911 79.198110 25.625458
77.009759 92.977185 22.084528
24.611710 6.886109 24.948074
34.792210 84.196954 26.008856
43.811269 70.684821 19.250300
39.058380 24.429444 17.286612
66.575529 0.944492 25.113726
14.003533 77.286070 24.902471
23.639471 98.189785 21.518154
76.934952 91.118568 25.228441
55.915154 18.435370 24.730369
50.237501 56.113586 22.914990
58.782454 95.825168 24.134347
82.032020 55.264201 15.020842
19.489567 51.227736 25.182895
84.035426 70.933563 21.081697
90.766351 78.615420 18.762266
75.744282 10.963379 20.066509
89.399098 69.052033 15.156393
19.641703 2.679265 22.896860
25.875454 81.057542 25.768656
10.224687 84.445117 25.195819
90.323646 72.852497 17.115899
56.573718 35.972144 16.613167
38.977083 22.908472 17.364232
64.231901 71.849238 19.391695
55.495964 47.096999 23.213854
56.494240 66.742118 24.288393
81.498450 27.479711 24.032401
84.085759 56.438721 17.919586
27.400797 22.427401 15.581092
91.005448 53.083619 15.682870
22.324492 99.280087 16.512319
92.039600 86.846711 15.306801
1.711368 45.665288 26.058996
85.567184 23.657986 24.374871
44.186675 89.172499 25.736459
46.559769 39.070562 18.877712
56.447784 98.362569 15.425824
74.788302 9.589591 18.719647
67.988226 2.600296 15.978271
22.453609 53.199492 21.284174
59.949226 0.910664 23.057735
63.613648 37.579089 19.355458
24.156758 38.221818 16.731828
34.364722 34.986204 22.577515
39.087874 68.623236 17.155565
26.663110 79.672514 25.115870
43.884437 19.846525 20.589225
3.283857 61.741150 21.986208
67.375762 43.168871 17.957515
64.749421 14.628757 21.163273
37.777861 96.431233 23.223866
11.531305 28.031090 15.552460
93.993287 82.891740 15.642081
89.559971 54.136108 16.336012
75.482392 49.194044 18.163770
95.063405 58.303737 15.352044
55.637160 27.862774 18.371122
22.233474 23.431478 22.358682
8.275626 9.011904 19.981534
70.642588 40.434301 16.119637
14.355371 88.947063 22.946038
96.769748 66.862172 21.609363
19.522514 33.314681 19.843051
8.752433 25.291077 15.289836
63.534671 60.018358 25.573890
54.254088 40.498140 22.139445
45.922464 26.324861 26.070295
8.599421 66.627292 24.768619
16.148314 71.016668 24.255775
88.392049 97.337564 18.026431
77.799218 83.890623 20.943540
52.139643 4.441920 21.358736
3.727326 0.836392 20.231469
57.496786 71.410896 22.894209
98.699092 43.600491 17.706422
97.088091 72.696807 19.751722
71.155609 97.612473 15.402088
41.948463 0.336804 26.156834
59.016454 80.570093 17.079799
98.356882 67.812620 16.002037
55.126217 92.905272 22.106895
56.238246 49.009281 15.563678
65.501369 48.666649 15.221284
68.293199 73.160881 18.535057
97.337196 93.709853 16.485651
73.724689 16.357971 24.059320
21.698749 41.247710 24.945421
1.043615 72.087586 17.777598
75.947587 44.561084 18.283634
37.787183 90.093667 21.844628
39.708520 45.300430 21.962277
31.440892 38.250907 22.130409
14.895490 46.819973 26.190971
76.199865 38.627215 17.747058
80.162586 6.349364 15.451472
43.212219 36.884763 20.276619
26.930887 42.248639 24.886344
80.620238 53.773671 22.940928
6.658309 92.370474 23.406855
89.796032 57.157605 19.375147
60.012023 44.595457 22.425209
70.758999 44.468760 24.647796
89.475674 71.252335 16.542603
20.543935 41.363203 23.482332
80.761131 94.435128 19.055324
32.208520 63.979827 26.140565
78.021210 58.964434 18.510231
50.821004 29.622214 18.331252
62.272114 60.826814 25.184660
43.689230 46.327797 25.275482
27.910846 71.518244 21.850237
70.427925 21.560066 15.100159
35.149318 62.335290 20.523744
26.875525 57.477393 20.375084
40.844775 34.589819 16.045047
60.002488 23.168637 19.990559
5.262165 57.259484 16.017899
63.509469 3.140111 25.972838
38.745550 30.774730 22.344491
2.368993 87.844904 25.448933
93.197134 63.972426 17.151419
99.623809 5.177187 18.046239
2.433459 0.754212 24.348689
65.575701 88.461757 25.986120
40.369313 42.476470 24.311697
12.386651 38.781668 24.026491
67.939757 63.296967 20.555916
31.789521 12.878472 15.245347
37.211684 17.662258 17.862418
63.723516 44.387112 24.782822
78.271344 80.700560 20.701856
9.075564 34.552883 25.358052
42.039508 8.456768 17.293426
48.455730 86.192906 21.820153
47.669249 66.224559 18.420396
24.707991 90.674272 21.289530
72.584341 7.010718 16.802593
32.616818 84.226751 20.720545
85.669013 65.507805 25.666173
74.180591 76.511026 19.727963
64.291575 87.742939 17.591452
38.816772 59.899163 21.896646
97.409706 15.519252 20.880524
78.136820 89.141599 24.287605
82.877498 70.620411 23.707872
66.152829 84.213080 17.028250
89.694012 44.784135 23.347864
12.500262 87.834701 16.761379
50.360726 36.797147 23.740021
7.078648 38.266990 22.568615
65.646324 90.585127 20.318121
5.254712 37.609082 23.817467
91.830612 40.626502 20.489309
82.921473 81.729051 24.753870
73.302767 75.340153 17.129275
76.891277 44.159544 26.148229
87.740497 93.974925 20.878882
26.560684 7.645575 23.323846
74.730716 43.636342 20.489419
16.302197 21.753201 15.526553
7.654260 89.213721 23.379550
83.845563 27.902935 25.801402
86.478433 14.964292 15.480650
72.123442 77.493954 20.762874
19.023223 18.893824 25.266368
69.662213 59.372231 15.135058
18.268784 94.861397 20.543200
14.215264 96.425132 21.777101
20.932326 0.599903 16.494364
40.315874 48.910269 21.514625
81.590096 59.394681 15.745323
53.620591 70.949224 20.897589
29.930450 72.754577 23.896563
49.398468 52.239866 19.100759
1.211332 50.020099 22.737115
58.773136 10.686036 18.555486
62.154609 21.275488 16.316739
67.019791 66.441155 23.886312
68.628989 2.829945 17.781394
92.406145 56.233174 17.966737
23.073095 79.194644 23.830059
44.508071 48.762331 18.139906
52.190830 20.870481 23.858512
43.709730 34.898651 25.062376
37.764543 60.127120 22.349561
13.974377 76.971225 15.092488
30.163142 46.486335 20.475676
27.009813 89.808983 18.774027
44.050500 10.095737 16.453251
62.040137 25.287717 18.639114
24.345262 76.969170 23.197902
87.995677 76.335278 18.103693
90.632798 31.480273 19.252969
50.380706 60.928433 20.604144
25.609642 81.019475 25.032507
60.256127 6.798273 23.015407
49.256329 58.930658 16.750837
13.515786 10.988528 19.833758
92.324507 29.924148 21.502406
61.911023 35.834004 18.265751
27.789337 38.131249 18.217074
81.893442 99.049038 25.945714
2.981105 94.706788 25.873016
47.341615 69.353201 17.178539
85.907925 57.614077 16.131131
92.338283 37.424322 23.927494
52.171580 32.086109 15.953198
39.398418 31.157919 15.955423
62.945456 86.465794 18.815589
78.727322 26.008211 18.841612
87.612490 42.872478 19.085792
36.172380 81.483017 23.264292
4.563901 13.918173 25.036051
63.260755 47.422226 23.649331
5.948856 78.718060 15.385088
25.406592 23.645581 15.682478
86.563971 12.291704 22.293547
27.055092 69.695800 22.751675
11.414361 95.147829 25.578394
21.756765 52.035417 18.896764
54.196924 37.209508 21.471744
92.513887 82.706959 18.344791
88.240916 8.350415 19.468476
51.058119 68.274015 22.287166
96.289050 78.844080 18.665958
33.916972 99.221452 21.306453
60.291565 59.511364 24.146926
51.956384 36.862080 16.774996
59.515238 40.290596 20.762843
74.283301 56.479537 21.744989
79.338290 52.892537 23.702617
75.764643 16.689072 20.129333
42.374556 51.658575 16.143795
1.576261 63.606745 24.778245
32.717515 76.703216 21.682977
78.826431 34.343352 19.620742
52.242366 62.533936 16.205737
63.733126 17.070858 23.576310
65.926389 93.048850 22.169402
55.115250 76.868740 26.208765
60.346551 95.933369 25.953774
41.782129 79.557469 24.482851
74.453153 47.543668 20.112265
67.217213 17.269650 19.542521
65.639434 34.790396 16.012923
77.168316 96.756747 16.694152
23.392980 38.801852 16.217801
88.625229 57.026423 24.148652
56.577016 69.802585 15.213702
25.441338 33.134342 21.216612
91.814745 7.989440 24.995253
65.253280 64.240802 22.744477
28.794029 81.616790 17.069262
82.632802 75.237844 21.519251
18.759704 75.537194 23.662339
77.316017 77.307738 22.106704
31.425015 92.287011 15.646137
95.587211 8.685167 16.179731
91.617001 41.855514 24.431319
74.744187 19.507845 18.885442
43.215012 7.265433 16.346881
45.336268 46.080729 18.089725
76.546519 33.126196 25.001964
30.604900 85.034236 20.349939
72.453672 64.303185 23.495814
0.558259 13.866385 21.748383
96.146093 23.573501 25.067560
45.458131 42.131166 25.363479
87.908284 91.564159 15.955998
37.422247 43.941946 17.234493
12.682495 72.754126 15.878124
31.236524 72.438776 19.188390
90.929295 31.410764 22.380918
76.532960 12.226345 23.822227
81.909179 25.252411 17.938844
46.727536 24.976642 21.546393
72.196304 46.405621 20.239300
7.266951 89.520250 19.340583