78.895675 89.501999 19.049269
49.828495 11.894587 16.450628
16.957807 15.312249 25.709957
74.789534 57.924873 21.502456
46.604694 5.794974 16.152432
62.023993 58.634096 16.113132
62.188542 49.373785 15.092286
29.505172 99.577859 25.784694
45.984582 41.421845 22.634403
5.778925 11.450087 16.563582
71.340338 4.797527 16.872959
91.591179 94.667855 25.223106
98.329225 61.104310 25.491068
65.444556 5.161773 18.381836
9.792402 4.324696 18.126963
12.429550 22.907942 25.587569
25.941265 44.170631 18.169548
46.635859 6.473206 22.328282
9.905253 38.678964 24.098836
38.276084 48.547414 15.366763
11.157417 41.602466 25.768263
37.069876 61.598629 21.904337
81.904922 88.591261 19.879042
47.393232 21.388508 17.312836
13.484326 2.461753 15.351851
37.604080 70.494479 20.340336
10.757175 80.195668 19.741817
92.851269 58.606480 15.747764
36.318272 30.581854 19.197885
51.022751 79.245914 25.605048
11.808220 87.217317 18.311680
22.049097 70.608338 17.902166
29.390631 23.361538 23.685108
96.835006 46.164340 25.701189
16.751237 87.944980 24.843035
34.767133 82.890461 15.299163
77.762843 41.355329 16.478335
78.301528 75.918645 25.553556
93.913856 84.894380 26.164055
3.976793 27.722452 18.835142
81.249624 51.016506 23.628729
84.434231 33.635031 17.517200
31.240816 29.517520 19.590634
93.641302 58.237384 22.263987
83.657793 67.202849 22.420761
52.481848 48.997372 17.062590
24.288980 17.738745 24.415586
48.411889 38.959142 22.276102
62.599604 58.540685 22.476493
42.112598 29.290982 16.549366
89.149463 59.845650 21.426363
11.430186 32.846752 19.224191
94.589219 61.124506 23.860085
30.100445 71.057802 23.335016
61.644170 19.701759 22.892362
4.268086 42.535759 21.152277
16.232894 45.209100 21.266397
44.939909 62.715736 20.037294
57.599953 24.459230 17.499716
96.485631 80.010018 20.585323
58.455232 63.898989 20.541033
24.322984 8.924783 24.817672
56.239019 39.918526 22.302762
46.097732 35.380367 25.445445
44.859873 66.893196 20.111435
17.999121 4.678676 23.854740
30.236386 43.920802 24.358468
76.572143 5.792180 23.547590
89.615365 99.825314 18.408809
42.769395 80.467926 16.050676
2.198458 85.776649 18.310397
12.041506 60.791173 21.071770
26.638442 7.444881 19.785695
37.108700 63.217786 21.532013
17.735127 13.977271 22.967458
77.170754 96.231960 17.170604
34.957978 70.540969 20.064633
10.739272 21.678899 22.328806
90.232150 32.026354 19.925131
23.239128 49.602241 25.752102
47.080251 86.012859 24.557296
97.186162 95.683219 20.450131
85.025652 30.361647 15.819252
82.600428 45.198324 24.657540
90.008659 83.031851 19.266639
97.959351 54.302790 21.785421
25.043355 93.128444 22.436605
84.394375 95.898765 17.097668
1.069463 78.811812 21.644973
97.649616 67.051150 18.453368
8.208957 39.952743 25.086873
52.797769 76.485659 20.523501
66.568401 55.909740 24.719134
7.726966 2.183021 23.304800
15.565005 35.173057 17.585510
7.126361 44.092529 15.876248
2.803317 74.399145 21.930121
35.474032 43.984941 23.001221
21.136946 72.835851 22.428282
37.251517 2.449891 25.427015
69.622306 25.087648 25.790669
96.117082 37.636105 23.821528
29.019636 48.604366 15.609691
75.895899 48.574145 23.177701
61.095317 61.575315 24.267010
38.458099 10.098029 24.408924
7.496794 53.660029 18.827129
31.787530 33.917503 15.433683
86.097146 62.364695 23.449397
7.816794 49.135156 17.381837
38.679854 33.415296 23.812860
23.715999 22.961532 18.451711
22.648566 57.754083 17.853844
27.355983 49.355593 24.113505
7.349851 81.746626 22.875687
9.028329 3.583236 25.546459
28.649212 31.388226 17.574046
34.560660 48.502288 23.459135
21.807256 40.335332 21.914164
34.064389 38.565186 15.465932
11.048743 95.880948 26.157719
32.457897 10.632033 16.946527
90.358651 25.557841 20.914182
68.449267 50.752255 19.186031
12.033303 26.536411 24.493253
37.589114 85.096561 22.246669
38.889098 31.573195 21.560708
69.369751 55.397991 23.317582
32.243914 66.860117 24.816836
62.849291 83.013809 23.033937
35.797847 18.973216 25.211170
82.160584 56.299985 21.222865
12.084425 64.222657 20.131491
50.308373 97.286837 22.683972
38.606774 34.839813 17.005493
17.369490 33.280384 25.937256
81.551054 66.025135 18.381815
6.357814 78.939472 24.459464
11.732346 90.948870 17.410654
81.128558 54.858450 25.587494
41.372895 32.559347 23.065606
1.129784 77.702460 17.393708
91.432729 14.884697 16.994233
19.001302 89.835780 18.377422
98.254458 50.702799 21.493232
35.317339 5.561954 24.169757
46.761211 89.514261 24.813662
30.697608 74.941366 25.206150
28.754661 73.563656 21.265884
40.056483 99.555387 19.309358
18.279539 65.239270 25.877940
35.958828 45.312434 22.684604
27.814886 36.386365 21.006321
27.902261 68.237091 15.803199
24.737342 81.765104 15.242664
76.603762 24.814483 25.837087
2.098675 46.470627 16.549402
39.066930 59.317470 16.101388
81.675936 78.235549 21.402213
82.070356 74.617806 17.988300
82.773023 65.876695 21.586143
51.653590 14.346021 18.513314
39.723900 2.968772 16.446752
69.176757 92.005251 26.068495
5.737174 71.653744 15.203459
32.216048 25.021485 18.935949
57.617853 6.336762 19.843213
45.952058 31.485291 17.013750
54.490771 40.033745 19.586183
29.635235 75.831148 19.297940
23.376746 98.018380 22.271403
99.437737 76.014579 20.681014
37.378164 75.188869 21.597071
9.469587 95.852930 22.566403
25.465023 34.297432 18.900181
31.492445 83.037940 15.193430
55.987679 98.190388 26.048917
16.255762 60.171642 23.361060
32.726516 38.329112 19.768586
92.512939 3.404940 19.145453
79.091475 65.187326 20.297333
39.584971 80.208219 22.147044
69.503376 31.339589 23.704080
11.720183 58.898920 15.206835
71.149489 44.568301 22.140368
26.133949 17.181137 20.316715
90.355059 40.578856 19.479560
68.767746 97.373784 22.296927
22.801572 73.275257 18.244054
92.752518 2.774757 17.866260
74.266646 54.926160 18.482756
12.678998 93.791509 20.867963
45.279320 76.653643 20.847993
89.089394 10.678278 18.150178
18.126579 59.861055 24.460278
87.625267 45.899651 22.806213
77.724365 77.148376 22.324513
70.482313 69.768673 15.390421
58.802754 54.382524 26.071791
56.600139 98.973071 23.599905
10.781643 65.047798 24.285323
65.178882 79.241948 19.194584
98.614245 51.331144 23.880016
75.019118 15.624585 24.876935
34.364006 10.085014 21.849116
91.878495 58.444205 21.893184
63.108749 64.627164 20.376591
5.961972 97.644744 25.366121
31.382921 30.406063 24.559932
12.675515 86.286989 25.534113
87.314590 73.123912 21.431494
78.771569 68.924471 24.037540
67.355061 55.170368 24.518944
84.512418 0.643895 18.356540
24.872661 21.416847 17.187902
17.290771 11.090173 24.771060
25.393456 42.684956 20.061293
91.541215 82.928127 18.402379
32.512304 28.698808 20.090611
79.184683 20.061877 25.402516
23.173373 86.096771 24.094454
5.459524 46.635357 22.193794
95.362473 44.389542 19.141337
42.096068 70.992112 21.314811
57.217475 9.617203 19.087970
30.560196 69.040627 15.916987
82.311661 0.982091 21.827129
34.403198 12.104838 18.046616
29.724900 31.089806 21.980249
23.059425 33.120142 15.319297
32.141868 56.784713 20.038839
9.236396 25.542734 16.540227
99.709385 5.201412 17.442992
29.424561 14.881394 26.195986
19.033507 77.483824 24.460419
87.770466 85.085124 24.022967
19.752194 98.102287 15.698327
69.422694 1.123019 17.832336
96.284569 89.227912 24.933601
44.303253 12.707223 22.913001
93.508448 73.288071 20.580834
91.514962 21.527038 20.787842
78.457421 29.809932 20.347606
17.091350 4.179030 18.573218
24.496291 81.824692 25.175301
10.384173 3.015758 15.943563
67.683436 83.645843 16.362902
32.359022 15.493604 25.882459
41.576660 23.214226 19.957546
39.015707 99.345557 21.104856
55.604015 84.093629 18.066301
64.819686 4.167523 16.186026
6.375875 47.306777 20.890986
0.489926 99.754614 17.218063
8.892228 45.097596 19.604666
75.426275 99.521210 26.091895
15.390541 95.654877 22.340995
59.859869 74.133938 17.283038
41.229523 41.368246 23.666179
76.078019 57.233721 21.251973
23.396212 20.652744 20.779998
86.643512 83.242087 21.097164
42.295040 81.633327 22.137587
79.329523 40.865685 18.912418
85.024248 87.189893 20.119047
32.228769 43.603106 18.007015
25.382834 52.398446 21.920616
86.201849 91.021668 17.810536
91.002057 92.429237 19.307254
32.291030 14.916006 17.671742
8.580971 36.484968 24.186617
60.571672 76.930611 24.219486
75.752543 87.374715 20.869574
75.369677 45.458475 22.530498
80.326232 85.482854 16.763238
22.932274 25.177222 20.146031
28.631528 31.946857 17.586259
69.299335 75.313008 18.532291
61.077888 63.596807 17.243452
15.471459 39.279582 23.025306
16.354134 24.385315 16.754027
71.051705 68.898789 25.504175
81.745684 86.867351 19.894556
89.494458 6.601059 16.547967
24.772362 74.950872 23.855004
24.360165 26.852861 16.233452
3.350668 97.164638 21.919421
71.955141 5.222545 25.005524
59.796343 41.591080 18.302554
34.982397 6.854318 24.440548
59.881539 2.545876 26.036424
62.195406 51.434767 15.097512
37.231046 74.417821 25.846386
56.314767 31.828192 20.494767
42.783300 7.227582 24.928819
60.524617 35.419128 21.096664
43.979721 18.139689 15.546104
3.972250 31.629340 23.133015
38.080809 39.152650 15.255505
50.612754 97.758519 17.911490