38.661518 13.519531 20.658915
92.350710 6.270226 23.023274
15.206965 71.004031 21.344939
97.706146 76.915761 22.436375
29.692071 59.901930 18.272662
82.979547 13.180386 15.802594
23.185017 85.406675 24.467887
5.784788 78.802347 25.714339
1.886907 1.620737 17.426385
13.023204 21.160779 15.653126
43.371419 27.418443 20.965888
86.048746 40.663504 21.761462
83.165129 22.000887 18.910439
46.495438 49.500024 17.148318
86.545276 96.820590 15.770125
80.547441 58.921431 20.291145
55.123439 79.629429 16.044374
99.670851 55.772449 22.862256
38.866510 12.445341 17.644592
18.854007 32.993802 25.457136
91.689114 70.683317 16.974293
57.201062 44.331099 22.763364
96.735752 67.022274 15.713276
26.064186 61.324082 20.480311
66.738797 27.787429 18.007989
65.787289 99.893454 21.855819
1.408538 71.421704 22.123465
45.488225 56.755736 23.114502
5.703652 17.631634 17.773311
46.915688 65.354704 16.989835
62.311476 31.602611 22.167694
60.185527 34.992205 18.606420
96.900206 88.756077 15.376268
61.187805 32.457565 22.046227
27.043767 34.748285 21.231691
87.652943 29.021004 20.101427
51.948249 85.735329 20.533865
81.790032 86.423378 22.893271
44.771956 45.797070 18.192301
92.564387 28.432325 22.827743
29.545627 8.499015 21.361772
93.213936 49.977383 22.616843
2.797765 22.222492 24.081309
21.498720 64.570824 21.490472
93.094144 50.015506 17.655926
85.942906 63.334897 20.814390
92.576888 13.723253 25.080284
98.472279 65.857661 25.816150
18.121948 76.916107 20.409817
80.836947 49.889763 23.682643
26.366657 3.618011 21.632121
54.883877 15.857634 16.157504
14.946260 90.933266 19.219594
13.012235 27.918217 19.387098
76.771048 39.758299 15.538820
69.925050 56.263984 25.721258
72.768918 81.485202 20.952174
73.809914 95.596172 22.221416
39.226512 45.601951 17.046130
23.087560 36.054529 20.074891
89.734453 96.657218 25.065004
33.072973 93.110909 17.001799
47.653098 85.511179 24.608315
19.949551 29.257398 16.087289
76.820229 68.245378 20.276188
4.520901 4.379953 19.922217
87.423523 40.268790 19.045557
25.634409 91.410523 19.138618
25.800514 15.990140 17.150912
45.736900 5.159013 19.683257
35.096323 7.514443 23.426655
4.969147 31.904190 19.144900
20.417434 87.967618 16.989501
67.936688 1.478201 23.461310
83.228506 55.236461 16.175495
76.418225 38.441874 20.470184
50.275738 23.205294 17.987091
31.730894 71.273914 17.961508
69.309537 56.939424 18.874093
26.123852 15.856108 16.282149
10.253204 52.245651 18.636578
94.603836 27.092329 17.161538
91.206345 58.069265 24.516368
77.830708 78.352338 15.955543
49.288728 19.972992 22.855297
73.461951 19.456993 19.585911
38.801206 39.102886 20.056817
96.147719 99.655431 18.097548
54.963837 91.390394 20.183449
76.781029 67.726333 22.253414
55.280312 72.480976 18.074735
19.742279 47.389648 15.962416
42.136087 61.147552 17.123934
81.546354 91.902751 23.484054
98.812759 33.362041 20.159858
16.799997 58.151415 22.532574
24.086752 72.350257 23.432730
17.323663 6.381906 23.096205
57.587333 96.667670 15.260811
50.767271 8.740658 24.563124
41.943691 3.993248 19.206631
83.949494 94.500302 16.662498
78.081047 70.885830 19.337938
17.076202 83.072976 20.529925
30.166940 0.068073 19.288625
13.279593 9.210161 21.241082
91.299256 10.209394 24.258879
3.705574 81.634727 15.065190
59.736431 71.339749 18.718757
27.166021 75.678686 21.263641
11.960861 5.987750 22.352181
88.612179 22.720397 21.072731
46.342709 31.441943 19.737363
17.380311 97.653640 19.392424
5.965749 41.462242 19.152603
17.409273 62.903677 15.533963
11.060816 93.806961 19.631202
55.726299 84.505452 18.423528
99.452486 91.053084 16.790443
53.820682 28.918089 15.928569
73.650375 74.339814 24.123160
62.699112 48.368819 22.068275
16.392904 59.492774 18.461538
9.704862 30.112978 25.509191
48.004187 11.877290 19.160038
82.393232 30.890883 22.220860
82.955913 71.789777 18.656266
54.581728 84.456649 24.586850
27.927402 30.128426 17.631401
94.659625 97.788516 22.887825
86.718166 21.234208 19.544785
69.832694 3.635857 19.846630
82.587777 46.662111 24.293946
2.539878 42.491949 25.592929
91.799308 18.073910 16.453892
88.324152 18.473784 22.685167
55.003695 99.214243 24.378658
32.268070 40.112281 22.310152
58.241696 42.355248 26.229737
24.794059 41.134946 16.606285
50.263047 9.202704 23.076791
26.346714 47.786109 19.803768
35.844766 15.707143 16.030623
59.153595 71.402774 20.744725
7.711490 31.251788 18.053989
70.984952 62.254733 23.762157
80.400756 57.668625 21.358709
2.494530 91.255762 16.504999
41.497723 8.089221 24.561216
22.516976 87.321319 18.074405
6.861730 0.382988 25.132974
38.148553 40.845941 16.339622
31.423884 70.602076 17.957510
82.417556 29.186372 21.372146
87.906419 63.763028 22.318665
58.113250 54.305400 17.006823
78.187711 72.124615 15.071581
91.768623 52.095235 17.116919
24.577789 95.839953 18.372498
62.354725 22.897636 17.875723
1.639314 46.692830 20.350607
92.297840 52.296481 21.712592
28.306133 27.152587 26.240030
34.636316 41.271029 15.398427
11.755123 38.242893 17.916808
48.833692 95.682383 23.736279
97.739426 11.367900 23.417061
10.831341 20.045829 16.783361
45.863264 6.059603 22.284576
4.914113 32.313715 23.620483
26.146748 50.049733 15.853752
86.231123 58.613974 24.305439
54.064751 78.287760 25.199927
21.233194 22.725404 18.668869
55.866901 20.641186 15.166001
83.119758 66.624526 20.216784
15.613806 94.934926 20.564508
2.165145 75.912452 19.120126
15.611642 24.171526 19.706516
85.820754 4.777211 22.384757
8.952192 28.469496 16.609276
98.997189 87.091463 24.832733
71.333604 68.403185 24.963568
39.322779 20.016418 21.547393
50.851182 71.775405 19.736636
1.366458 30.326098 23.204494
18.345139 92.932685 18.397785
99.632453 89.025341 15.195004
95.327454 83.328816 23.000588
46.536211 80.002193 21.428340
69.951352 97.219037 18.661399
61.148926 90.387713 18.965898
85.275978 75.817600 22.943547
5.007839 37.566573 20.926781
25.455968 81.209054 25.775090
61.882417 28.069738 15.041312
90.418620 98.588206 22.806425
56.404893 50.658688 16.754743
54.689247 39.636453 21.177884
93.688545 98.045158 16.633312
87.194464 23.740365 21.789175
96.212713 70.212170 22.699955
51.348590 38.229757 23.412072
10.002706 35.180825 21.427172
65.234312 30.160245 24.642328
73.104674 75.712293 24.516827
96.340717 10.513762 25.691973
62.597834 32.809287 15.145919
67.328304 69.530966 18.324950
22.125771 60.598989 18.356279
66.301346 93.662665 22.712098
71.580766 3.034797 25.705623
18.947066 64.992165 20.334291
69.368692 9.392587 21.493555
88.320970 36.971329 22.148219
40.161614 70.895539 20.443493
55.662489 34.443105 23.414989
51.261696 99.028686 21.980504
0.931385 27.978103 23.072006
8.819805 73.696084 19.204303
74.971741 20.093059 22.769391
71.381925 96.569430 15.297579
18.604366 61.039931 20.642347
25.891053 1.044905 18.126017
33.085455 43.852703 16.676469
60.075616 36.214113 17.629992
59.397221 81.000776 17.903459
72.554035 55.860855 23.140716
10.741423 7.265675 22.995471
32.069278 0.975712 21.950640
76.871229 1.465571 15.388591
97.822644 48.043578 23.232106
67.438489 23.576021 18.255749
97.204551 80.936985 18.567817
41.336748 36.524469 21.855218
57.670287 64.462587 19.067387
99.132747 40.659670 21.788641
81.966728 95.250748 22.806351
55.152240 97.946312 22.577261
41.569406 12.495016 24.631374
49.954260 56.574948 19.239674
5.002256 14.875669 22.440627
19.876293 59.117389 25.881115
53.783578 32.896662 22.807449
77.228041 18.710347 16.649176
50.517147 56.209988 21.236078
56.924034 72.991844 18.791088
55.854924 70.249513 19.392117
81.214691 78.558176 24.922572
23.224448 71.916763 25.864460
61.260811 17.858692 15.840219
19.847360 55.584990 21.172655
43.093034 47.575574 19.129119
1.429835 62.927036 18.831307
31.759113 56.291903 21.365895
95.164771 94.973242 23.977680
58.532008 92.471485 20.789426
67.972485 42.856150 20.871433
63.499290 83.093725 16.593689
28.417038 99.041658 16.629447
41.581036 47.306124 23.505831
42.592811 42.827426 19.342306
45.466254 64.850408 20.264589
51.087548 4.457258 19.536595
41.135747 15.008685 21.795825
77.555566 29.451458 16.328527
70.863121 58.938518 25.601961
36.697584 20.848617 19.844771
53.753845 17.092138 18.643877
17.433097 60.086923 19.039560
46.862759 2.956036 18.834816
5.238096 81.488265 24.609152
74.206292 20.930286 16.022561
9.094771 27.386460 24.796092
29.081027 12.718851 20.354875
44.029248 24.644412 16.872761
70.662704 38.762824 15.938532
5.921287 67.335611 18.081460
2.036666 40.707139 15.027706
38.981855 71.906421 18.544071
15.271523 17.038690 25.031823
9.066958 32.498346 22.037119
45.487868 46.389869 20.585506
82.816340 39.998417 16.473257
55.886704 85.952159 19.383520
78.656000 78.259294 21.253088
34.718110 72.547848 19.758833
86.679647 49.122618 25.198989
3.890300 90.687001 15.863280
76.785160 1.350611 15.586354
49.677790 44.506364 20.188598
21.034352 19.053902 19.540871
42.562234 32.263446 24.781738
16.642931 89.722075 16.952107
8.402586 99.531620 16.936795
16.926210 75.576870 22.182387
24.263422 51.162896 20.062065
31.301971 52.965758 16.014690
60.624890 46.204402 23.673370
93.230291 23.517281 26.160527