42.784500 17.505190 25.780030
37.246351 24.231435 17.922960
21.901950 9.148871 18.721292
42.179867 33.116719 20.847752
96.422184 13.685753 15.240941
48.836635 33.674473 19.471046
58.999292 15.571233 17.794950
96.633265 95.244626 17.951095
85.653548 15.501551 17.708960
48.358602 81.019028 22.945168
27.803519 27.138409 17.889800
71.621928 47.041888 20.363926
40.278129 83.043547 15.413637
63.139515 14.773302 16.633661
41.785108 56.738840 16.919852
78.069904 96.222260 25.959822
44.070200 34.295359 15.996456
17.785422 70.992990 25.490757
82.612955 30.473203 21.242319
85.019095 10.281125 24.362336
60.147084 0.048575 20.138496
80.872472 31.433530 19.315462
55.172598 31.295188 21.307970
69.169776 42.458272 24.979300
85.500474 84.317502 22.583975
59.349170 9.948450 21.279752
43.221922 45.900744 24.315807
88.130290 93.248105 23.277787
88.746879 3.843706 20.768160
94.286524 63.045372 23.880498
98.070747 6.773047 19.794606
42.887754 80.862101 18.942529
49.697674 59.455075 21.649911
45.602330 66.711496 20.318342
26.311809 17.531003 15.953842
48.381324 25.264324 15.543582
11.106056 98.500957 21.274400
76.490564 15.995449 21.206889
97.956513 82.945931 17.083384
87.929279 29.020740 17.634509
12.453891 92.640336 15.370997
65.855783 74.859349 20.541308
25.333031 53.320298 16.470516
29.905256 70.954250 24.533431
85.510263 97.649419 21.588265
85.826394 76.254823 18.947365
88.353093 10.197060 23.046740
77.970852 20.749662 17.761976
11.923257 7.619226 17.279630
98.803691 2.327078 22.390737
75.423803 74.404001 20.104241
40.801412 40.900648 24.336587
91.451230 80.885217 17.984920
38.707744 7.402821 18.675189
47.987927 39.954015 15.507447
77.919549 85.724842 24.065326
3.654112 83.436980 18.573454
95.849363 24.109454 21.478503
85.441611 34.617989 20.987959
62.046733 28.795917 19.339083
52.509089 97.028889 16.264687
18.509000 20.148215 15.515616
76.171528 79.582872 23.934598
75.249135 93.608186 23.302578
72.603032 43.320612 22.015078
11.472467 43.143448 17.326556
96.006531 53.040436 17.610936
53.977517 83.445647 19.584007
60.598989 66.754051 19.858875
65.996751 5.666661 19.212932
11.479333 88.081372 18.734571
9.737493 38.960718 17.079165
16.010260 63.247906 20.806416
60.283314 84.687447 22.086087
63.676454 30.839214 24.235582
92.522756 75.735108 25.883880
36.203019 32.990652 17.244831
57.204749 56.814733 18.372987
80.202273 80.335678 23.890359
83.916298 37.879736 22.563876
7.785283 66.956655 16.443326
3.771354 7.847088 26.014676
37.465456 65.344481 25.446544
44.593358 54.293267 19.454191
12.567010 90.922075 19.268648
9.796409 20.910644 21.062404
93.090240 9.685183 17.940204
69.850672 33.978785 25.309532
30.959612 36.156993 25.162672
6.359286 80.522201 15.061570
66.575788 36.557507 22.446885
85.917710 87.054729 19.346613
8.129411 79.354407 19.257610
62.417487 72.730203 19.649848
38.811684 81.286309 25.544157
98.625254 39.237479 25.946258
49.071766 92.156616 24.483857
66.953653 80.102421 26.222789
24.298595 15.094207 21.223090
87.214298 25.712393 20.779252
4.565578 85.070544 19.944522
82.583831 25.571943 19.592028
72.923140 46.811775 25.203014
19.473003 38.809674 25.871675
6.590039 12.920481 20.038142
79.763116 59.629814 24.379916
97.610705 44.181858 25.044699
1.548146 4.135123 23.867158
21.461493 14.909771 22.577601
41.885323 91.924985 23.503771
21.140309 31.054982 17.168554
4.793057 90.566760 21.079217
68.357346 82.952775 20.132225
9.365629 80.273805 16.932438
30.247257 96.904261 23.478499
99.421601 13.781401 16.938534
15.387914 26.956732 16.354383
28.629378 30.335173 24.782333
34.096657 63.427421 23.686194
4.802480 9.435154 15.281715
76.912512 30.958055 17.312367
73.739409 62.859181 16.262976
95.986362 98.193160 19.728852
4.724555 39.215578 25.978997
62.275924 43.272821 21.687598
29.350203 38.379141 22.264576
49.966947 90.040313 16.074612
28.046851 69.172365 22.129811
26.390873 47.752389 25.796263
88.061476 41.496912 25.797533
58.379307 88.231897 20.495003
5.775221 83.332793 17.253340
46.238975 12.181246 16.721909
69.330681 8.400283 21.395613
7.395343 44.550631 20.162960
85.769002 54.493329 25.179793
69.135396 60.965425 24.854789
23.496872 41.839452 20.790879
96.892965 18.694649 19.463655
11.939005 68.803038 21.582789
27.358674 88.355264 19.840067
62.890399 39.036309 20.635290
14.386534 36.905171 16.873178
27.549528 97.091346 17.400603
90.406712 86.601376 22.810907
99.561418 18.211081 22.267478
80.370701 90.011289 24.257049
52.426326 29.551502 21.271588
84.407732 12.030814 20.049393
76.160294 24.673616 17.627477
53.954766 60.121870 15.960039
83.636841 85.591280 18.937054
12.768081 77.270757 20.593986
86.652020 90.178645 15.253594
94.530206 41.084707 15.148938
83.297609 59.037336 20.723374
40.158125 90.664535 17.293075
78.407380 98.279044 17.247418
85.120579 54.250637 17.918028
1.530740 39.284245 22.870729
94.072173 57.099843 15.892989
65.897552 41.798434 22.572988
10.160228 27.658508 23.156724
88.300828 58.429446 23.441687
54.801037 29.426976 20.067090
40.788167 29.809000 23.837149
0.300891 90.032815 15.908074
24.138319 64.142340 22.587994
40.289784 75.746630 23.560477
17.380018 28.994349 20.889319
16.523395 28.015086 23.012516
87.697793 43.571771 24.216312
88.937526 96.266953 21.691621
75.129584 64.066264 17.738055
92.166175 39.587875 26.171926
8.582152 99.613355 22.912487
3.096804 78.120129 20.933104
58.237792 86.200783 16.312028
23.327451 83.650215 23.849839
49.670722 5.081662 26.039992
1.052356 50.625510 19.607673
17.916037 41.808462 22.275359
57.502002 34.674673 22.437763
0.506930 58.776613 17.932274
55.173447 15.387822 17.555728
81.268814 97.055294 21.871100
49.004499 7.567216 25.244126
26.246679 42.366132 19.198431
81.877213 92.259275 15.409213
17.122718 7.746775 26.165819
68.615961 77.202393 19.213913
99.939819 41.892589 21.634869
14.780222 87.573507 17.479084
59.917015 28.799114 15.785769
8.630323 25.347707 20.325187
96.720289 53.223454 15.593765
55.098690 62.068824 23.086671
59.857322 38.141412 22.130299
96.024525 55.060146 24.259788
17.174811 57.757896 21.136015
74.797084 14.261617 21.618746
30.984052 0.899904 18.697457
95.993005 53.867443 17.734239
92.722201 33.158570 24.553423
79.650521 74.688262 19.189737
14.541343 99.799581 21.113002
13.140756 67.071769 17.324906
0.277749 34.095252 22.846088
11.317989 37.067455 21.037583
36.387098 52.938362 15.014289
7.880493 86.541407 17.211999
43.658584 99.115212 19.984606
22.532485 34.449451 15.182441
39.425668 96.035240 18.109065
73.017855 32.779480 15.004674
47.330912 55.753123 25.717342
16.495020 62.708905 16.418719
62.656031 0.098418 24.005127
24.300985 29.152846 26.043558
97.840887 23.342300 20.726076
64.315118 88.313511 21.309388
54.513192 79.316376 15.135841
71.403545 23.215843 18.035290
74.365182 28.007387 20.767017
62.526449 70.369805 22.651732
31.034691 93.589483 21.815405
20.150337 51.001542 19.452570
61.062923 38.787739 23.995097
56.421703 10.936280 23.065888
33.873121 25.612314 21.639291
76.638564 90.917482 16.034834
91.566707 99.745158 21.997652
95.968074 41.559005 21.023353
5.700616 19.538835 25.757056
32.630887 17.416104 17.477579
78.936370 59.654050 16.483674
40.343602 27.919613 24.303260
54.140803 91.536537 22.643831
43.689207 60.456429 24.069636
75.481317 28.624720 22.306427
58.017664 41.106839 24.472127
56.300090 5.679072 23.047731
14.070607 7.871805 18.072156
62.277608 30.247134 19.955312
35.259030 58.267028 24.151634
50.584288 87.390839 25.200641
81.476995 60.345717 21.127235
61.057780 90.295238 21.311329
52.553461 53.061299 19.955996
85.647673 97.210589 25.326207
35.746968 74.237261 17.638833
73.170082 44.533414 25.153726
5.842647 70.330087 23.235176
40.329339 42.802584 16.450020
36.176684 6.845980 22.532998
69.191250 30.199945 19.436625
63.326866 3.123964 18.158273
45.047125 8.105338 15.717289
89.949935 64.622942 21.159334
56.936925 48.059521 17.539176
13.591383 24.192400 18.336764
41.442372 91.544312 25.362757
55.699073 44.697951 18.540835
43.692602 13.459271 25.208092
87.227016 44.870662 25.771884
54.230158 98.958372 20.832999
42.858102 11.737854 18.436542
41.693546 11.421494 24.795975
23.479747 46.182497 16.855318
11.533394 9.943429 23.606190
33.959726 87.927973 19.948682
90.394663 78.163678 15.027781
77.599032 6.575920 20.354293
33.445867 73.637091 16.173212
21.957718 0.352771 19.356517
6.115621 9.451208 21.799810
64.097420 21.066248 15.015844
23.963500 25.543556 17.507589
87.953243 10.152494 16.102989
81.977737 90.856495 22.196836
32.406283 36.033328 23.574527
74.066271 59.067661 17.621557
71.436397 21.749539 23.009741
3.002705 55.817474 19.566193
96.574143 48.332677 21.536264
12.750357 37.024214 22.534464
50.672342 86.786930 21.591367
36.920782 92.357560 19.997317
19.169194 41.134228 16.703727
25.634663 3.642762 17.822722
34.815701 60.050455 20.573451
15.487794 92.010115 22.443277
86.771895 83.531809 18.244343
12.457706 21.510413 25.228338
31.628507 54.462204 16.143851
15.880304 33.005522 19.024774
78.676780 64.678941 19.103541
97.625759 22.141120 19.249246
57.548554 81.233514 22.181324
31.286979 83.256528 21.397334