56.644553 8.200828 19.131713
88.684591 38.812093 22.560607
27.911355 20.823828 20.339253
9.821237 65.040276 22.573739
68.757773 60.209627 17.977891
2.288005 98.774767 20.023592
64.005266 29.660408 18.095779
41.023826 40.507363 24.025742
3.245216 82.200461 21.889374
80.964722 55.858326 23.662319
26.962827 48.586125 16.250430
45.931495 92.514594 25.429152
79.185848 83.363140 23.247389
36.684687 71.291429 19.201174
24.854064 40.424082 24.284347
87.726016 20.411965 21.980549
14.314797 46.135599 15.135862
57.285246 97.736315 25.611119
42.675228 24.327601 16.801602
5.733260 31.918681 19.449765
59.045737 25.525315 16.348224
41.667708 3.301591 20.124786
72.012879 27.659564 17.290927
5.716136 5.691482 16.047296
14.491065 41.870285 24.279011
17.610913 51.649916 20.624841
26.796104 83.535785 26.205401
17.285614 28.173500 15.613387
81.747668 91.140729 23.239929
76.186627 17.457505 20.433897
11.086930 74.454801 17.110545
2.917314 4.310451 19.057642
67.512230 55.382629 15.066579
19.019402 43.510720 25.528320
96.372451 28.879241 23.409301
89.539334 46.870848 19.871335
16.810395 38.343803 21.632181
85.014227 71.776869 25.908071
19.464369 63.212228 15.387892
78.402703 14.131881 23.297867
9.166497 77.816977 17.909719
99.816821 15.433864 18.844302
21.619545 98.088009 19.794458
85.248740 36.710732 15.469046
68.789190 47.409168 25.730228
93.201076 88.063891 16.848400
70.796658 42.178685 16.656853
62.243717 93.286948 24.106527
38.486560 20.820692 17.675970
39.631551 18.562853 21.443878
1.813566 48.844403 22.583154
23.730543 87.903153 18.316286
60.083764 67.208800 16.309022
46.110751 98.519360 20.195064
11.432692 0.057936 25.065346
72.122354 91.595653 22.264133
8.727513 61.331608 17.242910
68.603462 63.115682 19.603504
98.329584 41.344051 18.404251
83.357156 20.458990 17.244942
79.191281 35.236162 22.146570
59.765407 93.018746 19.440806
37.632967 67.518092 21.630194
70.716330 39.326106 23.880034
28.683021 9.751267 16.048697
46.791346 63.985693 25.550777
55.045490 34.649799 17.137324
85.014192 52.349395 24.019692
10.984187 63.123519 19.801697
55.130684 91.584127 17.948813
56.754435 79.979701 17.859389
62.267206 81.926615 21.458888
38.928915 15.391576 17.533486
44.138065 36.863997 19.732959
45.935716 44.744381 15.446629
35.851710 9.068263 15.229161
86.924779 84.291595 17.916275
19.656201 12.362573 19.331682
36.311664 12.534543 19.956698
89.423132 93.611819 23.695865
79.286737 97.376494 15.629470
3.648614 43.326733 25.921964
20.560577 17.638228 23.746131
26.627270 92.780940 21.769432
3.300930 99.589629 15.195301
77.760465 56.186523 22.942415
32.920401 17.972147 16.408626
74.025039 65.782581 20.952015
70.979574 42.570469 24.160655
61.031138 23.282645 15.782037
74.752532 67.799327 23.713408
73.242026 93.683859 17.275624
45.330152 21.425981 25.838988
51.839276 45.216540 25.880129
31.116845 80.203796 21.995831
46.955019 77.069716 23.845580
22.923300 28.406366 24.602821
0.530680 34.488286 21.406409
52.807007 86.756265 15.595991
86.888344 45.601161 22.796501
87.474895 23.872979 18.953980
0.791993 25.471756 21.353819
52.999707 77.245672 18.811961
71.837985 72.660506 20.498671
78.544433 14.931156 24.641185
13.456107 75.394581 20.623297
2.341989 9.569874 16.741257
42.287468 92.670949 15.029820
14.339217 41.081243 15.398447
93.304676 77.327576 15.878119
8.599155 66.007498 23.318883
84.868593 59.847893 18.881678
37.482230 34.671842 19.775237
99.950269 78.720864 15.841737
48.375121 29.077934 25.385106
70.100420 85.375725 18.990310
88.656979 90.717768 24.780531
18.524249 42.313840 15.817140
29.747413 53.986219 21.456248
43.718197 25.842219 25.327071
58.990320 13.195529 22.644315
21.408276 89.635365 26.094799
61.601685 70.428007 20.606529
45.529530 81.519014 15.315944
27.610925 49.073608 18.905892
53.284157 46.516654 18.373303
15.514799 14.368419 25.620988
27.832465 84.534738 15.190630
53.507229 0.376301 19.394620
41.674927 31.362886 23.710554
68.946930 94.316340 23.407530
96.891449 56.856192 16.342964
17.226746 29.278603 15.243392
54.235873 85.125006 15.552768
64.703445 5.984641 25.782333
33.920146 37.413720 25.252085
25.899361 97.629778 22.554739
67.057479 37.097576 18.737363
10.388723 1.751041 24.435182
87.285297 85.778810 20.643524
76.455963 74.733645 23.672140
56.168329 31.157974 23.410068
71.355212 19.821018 20.624148
99.251129 50.139812 22.717189
56.274853 68.215377 18.403537
40.170126 21.585685 15.862920
88.518929 21.985489 21.343027
40.044467 19.950610 25.011533
21.936454 79.694811 21.583917
84.932702 7.329941 15.247458
11.306947 73.548941 25.666851
17.266788 24.724219 22.427626
14.297446 98.489569 25.115255
18.461232 28.495513 25.837768
68.002984 3.731756 16.565719
4.076577 69.635702 15.476100
72.085349 83.181937 18.811359
20.306188 72.766681 18.658240
14.668147 81.485702 21.099203
96.164436 53.770964 19.007104
85.768499 96.212801 15.509881
4.066115 54.049666 24.306618
63.177851 94.067468 25.535679
60.547469 97.143931 18.969966
73.930702 43.030050 20.191976
99.696514 97.434627 19.202198
74.418486 53.260434 19.810847
64.147907 30.590178 22.851307
41.266689 63.050587 25.183932
41.821384 23.472764 26.052455
81.781082 65.389721 22.984592
10.651976 81.146170 24.003774
75.396145 26.330889 16.082436
12.176696 73.514158 18.027708
32.372499 15.354322 16.200759
55.455507 11.660670 18.028017
21.391872 75.683484 23.780886
24.934589 1.129445 17.490408
83.472213 81.760792 25.055296
28.093506 53.558924 18.724717
90.806011 63.313264 15.278754
79.704108 82.600355 20.234160
75.200277 33.114939 19.124305
37.984785 12.664243 21.264144
66.580218 69.937252 24.683504
60.907040 98.911515 17.870771
11.873473 28.597245 17.847273
73.887880 1.448422 19.096759
54.403592 47.486679 20.285043
40.237514 90.616817 15.717852
6.185203 62.593773 22.840169
97.766367 41.943770 22.089604
72.192542 69.695422 21.433798
43.554421 24.311238 17.894850
23.548239 51.139711 16.409063
4.349179 26.877377 20.109275
63.696283 25.470293 23.163795
56.737019 82.910199 24.719628
43.209433 69.045246 23.447739
38.167716 47.631499 22.368164
86.939104 60.467746 24.644395
89.727694 88.713685 20.183731
22.308869 95.542138 17.762272
19.056456 35.046619 26.151859
18.615177 24.023495 22.696160
25.277313 45.489543 24.007213
89.219812 13.251460 24.863421
60.551675 30.734021 17.220761
83.859503 13.003389 23.905460
49.308461 47.870216 17.423827
66.030324 11.067593 21.590830
65.866836 21.008016 21.318042
45.157160 79.346518 22.195447
70.543512 61.201800 19.542293
33.430522 30.032390 20.953577
63.224005 77.117595 16.885218
80.069865 70.261853 15.794924
33.443667 40.571913 15.696473
72.746406 98.862346 17.066876
49.292856 0.856460 15.707789
5.226896 95.731901 20.285635
20.164193 26.968009 22.273341
13.922723 61.787577 21.762154
33.662063 68.171005 17.036077
64.808421 55.377667 18.441383
56.493594 66.567957 22.515641
78.084337 46.789625 20.037568
13.804642 5.745488 17.311616
53.472301 22.164456 17.962767
37.086763 74.510256 18.540619
60.853464 79.102698 21.424358
83.273735 77.547662 20.348208
98.378143 45.098213 20.745928
78.630599 45.666960 23.799410
50.035376 24.931340 16.030048
25.126368 89.596394 24.212802
11.680990 57.740613 17.453979
22.125202 54.590709 25.792670
78.563925 87.458015 24.996664
47.696915 68.549532 26.198933
50.086969 54.930829 17.128914
36.169731 49.583330 20.973045
55.612646 33.786068 23.387539
37.435260 42.843183 19.040899
28.246761 71.417437 19.380143
54.610151 75.842925 19.623854
25.516201 77.426894 20.323696
7.398029 59.710174 20.768941
84.331277 2.710256 23.375750
25.078848 21.652259 16.600917
57.075302 0.970624 22.988814
48.955338 95.767740 24.811299
2.787080 4.034796 25.831198
29.117987 80.058159 24.147506
42.387230 21.923148 15.024303
17.838278 6.753204 25.819617
72.937248 60.201418 19.777444
28.399339 40.976542 21.177263
75.757128 11.302584 24.948993
12.035721 8.202881 23.488227
69.805822 81.301578 16.633056
78.066408 26.827225 18.015239
35.493530 14.343105 23.816008
45.276877 96.084657 21.077558
94.108887 70.569685 26.037460
21.957030 75.063919 23.148545
44.651060 30.796428 16.728967
92.561214 32.521393 25.049563
51.439352 38.276339 25.637003
83.443844 89.954614 15.685108
17.787060 75.660598 25.860302
20.785050 72.606992 16.790637
89.877249 10.060059 24.688301
99.483833 39.574704 16.556590
79.978899 51.175387 23.508536
27.179617 4.232295 16.779337
13.155288 3.335552 16.884814
59.403259 7.121523 26.033084
81.568378 72.936439 24.590547
30.840203 38.466333 15.684150
22.155445 14.416805 18.910772
33.334540 40.644791 20.396857
39.194138 37.677440 15.032388
75.044294 74.940995 19.718461
63.287843 20.301824 25.339955
23.556995 30.296183 24.326870
92.875445 19.058403 24.580371
46.423455 52.721511 19.350360
10.723955 19.086513 17.583952
83.314992 30.845781 25.200687
93.535883 0.584945 21.447341
15.226770 8.100538 22.066933
63.055861 24.612709 19.861644
51.251257 54.946850 18.698365
17.198949 7.005457 20.959688
28.033912 15.166359 16.545371
27.299957 46.284784 20.373233
23.537822 58.357857 18.861226
85.921322 47.630705 17.964233
9.092500 23.412871 16.197855