80.404946 24.096495 25.020461
26.023493 27.346979 15.420757
57.487928 61.382162 20.136734
43.070212 9.129406 23.318832
12.894225 88.447108 15.018915
87.500542 14.954033 25.025459
37.508445 29.112878 26.023222
91.116282 33.285310 18.518475
51.347425 96.311581 19.174451
93.979877 46.207050 17.489819
5.740509 10.214989 17.679233
3.743453 66.091086 25.007838
83.477421 88.527273 15.454776
86.918106 91.186843 19.304156
22.877519 26.207470 17.242135
59.515085 68.461523 21.823389
45.786336 37.966627 18.393486
63.204051 26.978615 16.271212
77.396482 67.988615 15.732177
78.493406 13.480023 16.825960
94.337976 56.631077 25.350011
12.636307 14.547953 21.764522
77.963742 23.421191 20.924235
69.406533 14.627009 20.955147
89.008922 14.356271 22.275591
4.603467 15.768739 22.205938
13.322259 85.093614 19.701042
61.718562 19.312970 16.282403
64.325786 34.484488 22.075898
66.718864 84.001553 23.905022
43.070568 14.430185 24.991291
72.946456 31.594445 15.407812
37.306103 54.578507 21.591334
32.447715 61.407324 18.645402
6.225925 3.618386 21.430357
20.120922 88.494150 21.321330
78.071489 22.910210 18.353586
29.871771 58.863483 22.592413
89.668094 19.961653 15.652240
8.705088 95.966826 18.876134
67.658323 35.721594 23.973587
21.509318 6.976359 19.506946
28.462177 37.356390 25.895814
54.948173 70.466233 25.580613
92.959041 83.050079 21.089904
29.749049 72.787170 21.227977
79.368451 41.788155 23.399959
4.291958 9.089269 21.757816
62.158863 94.933696 23.830159
7.411761 50.124320 15.278659
0.919878 45.493863 18.904729
77.702886 54.110801 16.713475
66.837479 60.328878 18.409408
59.701922 54.330882 24.887345
70.868627 99.816370 22.578223
14.246283 42.685203 25.854514
57.221019 72.788873 15.661561
38.794127 60.868634 23.390506
1.331202 2.054975 21.636026
38.366541 69.071822 15.867362
17.444826 14.847248 24.718865
33.535417 66.155443 15.076283
43.824957 96.101683 19.881258
47.873348 66.277767 20.351680
88.702977 34.713182 25.057936
54.534202 36.605701 19.164586
62.969427 26.599454 21.889432
96.748487 92.026544 16.261553
62.281317 56.850741 22.639881
62.735894 27.286376 16.310931
7.840138 15.704283 19.086035
67.551738 81.927221 18.279512
21.026037 95.245380 20.242915
18.826094 84.360229 18.487986
64.963208 12.293567 18.722002
79.125504 4.045460 20.931723
71.614327 59.175712 16.628428
88.757146 23.527361 16.665627
31.036947 20.084658 24.803477
19.373558 16.146019 18.595444
32.305443 83.132753 18.417185
63.586886 28.715994 16.362292
31.842007 11.373892 19.584708
55.892960 34.291730 26.118592
39.960324 44.999050 15.532214
37.516394 16.169054 23.919675
36.133811 73.834342 26.229390
94.759313 32.512550 15.393565
81.095351 59.362051 17.226559
68.761823 54.457947 19.113069
43.854369 72.602426 19.052315
91.023822 14.008101 15.535026
70.197867 86.459786 18.657331
60.232548 56.134435 21.176325
85.397365 62.960982 17.674062
38.203100 44.958267 18.381159
85.218635 65.683232 23.165903
10.657035 64.077418 16.274297
89.933231 2.826804 17.229886
12.390512 43.701526 24.146415
54.494489 22.156564 17.824319
59.094218 33.914913 19.745905
60.604938 63.439852 19.733876
87.107841 50.587249 20.828251
77.956464 30.512997 19.503872
90.300569 84.041008 17.616475
43.263859 60.752668 19.983160
35.268059 89.615166 23.618072
85.764284 36.517352 24.664126
99.252555 62.538789 16.452341
15.153709 76.373553 24.242295
87.022727 38.986346 19.333303
98.475461 50.801526 19.429686
66.340329 92.363199 19.621771
21.588256 66.527354 22.508768
3.414979 29.326339 24.562793
4.987914 45.119340 20.367601
62.754351 82.212258 20.789503
66.170719 84.767767 20.657092
38.791193 15.082937 19.199389
1.940394 45.142582 18.948286
44.921499 34.209701 19.391083
28.130382 73.063256 21.294365
0.404668 5.717096 21.707046
45.975352 48.838439 25.102088
44.455781 25.522296 19.991093
36.414270 52.966129 25.846865
99.347104 58.277666 18.585524
14.227517 7.760935 18.785002
63.944498 4.928249 17.109208
75.475548 76.517505 17.375691
33.921500 7.085052 17.148588
10.903214 26.081572 23.756105
91.903816 98.624521 15.209572
7.830198 91.300499 16.540464
63.167639 76.876560 22.966710
21.745123 6.265367 19.588845
69.333456 19.739090 25.462415
5.614739 23.286325 16.575369
82.664990 51.952359 19.281119
9.998616 17.001683 22.299381
75.629507 0.857424 15.170084
98.645771 34.690795 17.998625
37.513030 78.541450 16.374850
12.350144 84.097137 15.759254
8.313214 93.102575 20.628310
28.185825 76.075166 19.818958
20.886316 89.730095 20.909487
40.681881 74.805728 19.161707
66.569969 64.715798 15.817019
74.109058 80.946348 16.176530
50.914757 15.618604 24.759940
57.092199 29.792939 23.773851
27.544133 63.825998 20.371722
7.685016 86.105345 15.055719
44.220704 36.826364 24.549649
86.643565 82.916535 17.790301
48.919689 21.580127 16.383512
14.693505 29.103870 21.399169
21.995238 83.561041 21.633060
37.286278 78.760842 18.384841
86.501882 99.948680 23.510225
46.006559 98.194985 17.264999
3.824402 19.997837 17.237570
71.928331 8.389307 17.913064
42.404155 54.015235 22.390104
28.802011 74.451821 17.985887
61.030461 55.404298 21.125410
10.510016 97.316099 23.905719
5.277913 17.493242 24.644301
20.989326 60.169879 23.505763
28.019528 54.850362 15.298880
18.766853 89.605456 18.150285
82.515244 31.836538 25.415635
36.924515 58.820217 19.375100
64.972603 16.263615 22.453681
55.905249 11.761261 22.707102
80.656300 72.785206 24.115438
57.446319 24.603413 21.696497
47.996577 78.146198 20.839093
4.553094 45.613373 21.751562
8.484176 74.957082 16.098723
3.846943 96.164062 24.528277
72.927118 41.467013 22.946903
45.380136 3.153744 19.167605
90.945402 24.584062 22.373664
82.311597 61.597738 24.482414
85.459872 58.127280 17.584032
83.190152 39.280667 15.816600
27.303740 76.845328 23.605158
18.529480 10.509109 17.792291
85.208326 18.187969 23.648103
92.088762 55.884040 20.124581
29.931112 79.054964 22.997868
23.399981 18.342487 20.626840
40.115180 76.274676 17.265830
26.244327 68.166167 17.162610
42.125609 44.028842 18.492323
17.020359 17.195780 23.437427
68.152090 25.285755 22.473500
51.404820 90.569985 15.743290
54.238551 3.294054 16.509197
76.004077 39.285906 25.712773
4.638354 53.975796 23.205299
41.109901 59.823156 15.958480
72.044935 71.380060 15.737757
77.894446 85.558165 25.174525
97.427586 56.715563 15.986428
4.445918 15.513162 17.224604
28.395444 4.233998 23.221163
15.286703 6.175838 20.791529
53.698052 24.182848 17.485466
60.009821 60.890684 16.455841
95.548779 66.712990 21.399130
16.938611 14.960136 26.045380
9.316546 47.357380 22.241382
31.609086 40.632862 20.006125
0.950852 69.483851 24.430559
13.183566 46.742168 20.818098
2.271372 65.820060 25.232656
81.278478 28.082897 18.987144
86.386379 58.603920 21.139379
64.713366 82.492157 23.800913
40.895864 8.488709 20.198963
1.874874 41.336350 24.640264
60.347529 20.746217 21.669419
43.674588 55.864145 15.621042
48.366617 49.219546 22.305607
98.849519 70.247982 17.599263
34.308202 6.414526 20.780199
26.386059 18.198846 20.981861
20.324525 26.684747 18.825118
17.580721 36.429855 15.118044
59.990602 37.415964 24.268912
61.536895 31.982481 15.201000
54.559281 2.132647 16.498647
46.562099 85.133811 18.456920
33.407444 30.757058 22.492867
27.645239 92.050130 25.369671
33.104592 25.596218 15.472693
35.513957 39.992996 19.801721
11.738791 80.964502 25.102579
43.052347 78.811817 17.550684
55.863533 75.578826 20.516670
23.038856 68.235536 23.394435
17.061852 78.383735 24.803675
23.133218 36.650376 18.789012
63.625752 66.731516 15.544589
65.956842 28.495060 15.415470
51.097555 11.649597 22.918963
15.554377 44.802309 25.448174
3.367179 74.378491 19.304025
80.304767 27.677005 15.580614
68.187183 40.183261 17.315799
38.068554 34.899570 21.189343
55.186104 68.514479 16.127026
1.602667 6.523197 24.480567
48.152473 90.331574 23.105623
61.394114 50.853396 23.425419
21.080144 11.174556 22.027572
71.680016 23.374726 16.895076
0.820142 51.939091 22.747445
72.230981 67.746906 21.576937
1.755463 38.793245 16.978794
93.130328 93.776729 22.637376
39.636749 93.538616 16.056342
54.458553 54.025373 18.205773
12.519077 84.804364 21.064746
3.815203 30.088101 25.441464
88.487662 99.238043 19.325293
39.184819 76.312575 24.465038
46.753735 64.595379 25.300509
81.864719 90.060903 21.544319
2.084016 10.141070 24.494411
92.393135 50.797936 16.041358
45.866756 92.563348 17.392616
51.648095 48.262191 16.431501
71.337336 76.350606 17.534312
20.219548 43.908153 25.469972
55.480426 29.031392 17.909901
64.865773 8.865802 23.914799
2.877831 31.649146 21.874091
13.170448 75.295242 21.089132
35.355659 20.731594 17.193554
87.587432 99.983555 18.740048
77.669673 13.754651 26.210510
30.268955 99.145542 24.881805
40.301496 54.075177 19.254634
62.075721 21.356346 21.723163
7.302793 57.079066 16.661091
24.056885 71.899087 20.975039
6.705696 57.269315 17.865983
3.704524 56.047374 22.805516
69.765547 33.738946 26.027436
51.504993 28.435760 25.554590
0.063212 74.853488 15.348894
83.602383 1.148169 21.909946
44.408246 34.698173 17.316907
8.481302 24.720574 23.141449
62.247122 44.403982 23.440793