76.279654 39.483603 24.898246
41.093309 44.745058 15.883517
17.043457 18.754575 23.169569
33.155902 20.096362 18.392005
86.454250 92.456799 24.665892
46.116477 97.775550 17.472821
43.920951 31.637864 23.819429
92.852712 43.480228 16.773144
82.158992 30.529712 15.484812
71.759034 14.681519 19.592685
82.721893 75.509498 24.362111
79.119214 26.798393 22.781666
4.369307 63.225433 15.804055
90.040459 32.014766 22.391762
69.660115 86.452472 25.295965
75.002407 56.036085 20.463381
74.411660 85.958400 21.401860
56.623271 61.283217 21.399780
79.611730 76.118713 25.934668
51.801025 80.753035 22.804958
46.829937 1.207382 21.033537
17.392645 63.412821 19.185586
96.023314 50.042202 21.239156
98.233541 74.683962 15.028818
83.721026 62.872202 19.473271
75.947451 71.356092 18.313360
52.148510 48.021104 18.727123
39.340454 36.099501 15.273028
91.994439 41.997821 23.622373
65.765096 56.362130 16.696316
70.814892 53.060852 25.055419
23.467865 49.856366 17.244910
38.548013 82.888495 16.518332
71.629760 97.024714 19.803543
12.912739 74.726239 24.685523
85.092963 94.091542 20.705902
80.954832 51.313247 15.139036
41.397200 85.495058 16.239613
63.924892 14.167302 26.100387
0.012606 38.087408 21.408508
4.356015 56.815397 17.441223
58.781889 52.729228 18.691705
59.063521 93.024192 21.209997
49.177033 8.994974 21.025151
42.308543 16.708283 25.237222
50.188993 70.170117 20.117110
12.493198 47.809338 22.982905
44.005673 43.920960 15.261610
90.247347 63.242751 18.159784
57.492796 85.933651 16.053279
81.401929 44.625694 21.125758
14.857601 13.380617 18.477655
51.767131 53.946065 19.218235
1.103982 14.701498 19.553361
83.214556 6.788338 22.240896
36.217727 62.935800 20.168545
58.971183 58.087404 15.780468
46.315357 24.767521 25.619567
31.336448 70.805519 16.818538
18.242053 96.953317 23.358797
1.083896 36.299317 16.882515
81.024388 43.079598 23.396415
74.205424 80.888022 20.784265
49.104937 74.242944 23.071504
12.868346 0.836516 20.655782
98.011555 63.411174 19.447642
77.898983 37.952977 21.329600
4.788166 8.874911 22.430382
36.484402 8.524985 19.011850
38.121557 87.006606 21.769200
76.308794 52.702732 16.184617
32.477816 66.061256 25.691984
93.505190 16.746026 18.581466
83.933058 79.483301 16.149846
30.667855 8.685249 19.390123
45.740576 77.522539 15.077165
6.181460 65.337307 19.010378
19.966201 83.510527 20.650978
2.096961 33.953805 20.366950
44.799722 4.966250 23.116381
5.297661 47.385789 18.775406
52.245999 35.048409 16.390611
22.715274 80.523129 22.731730
90.227657 6.649060 16.325298
54.948232 43.472846 22.274957
33.021309 86.263763 16.911505
16.236032 59.352744 22.921205
77.279398 81.718059 17.353029
32.017396 35.790991 25.962627
7.343765 83.147486 24.403587
50.984687 62.671049 21.074790
56.827288 74.611182 15.746454
92.570252 89.877404 17.079102
51.892704 21.534698 22.368049
40.753470 11.231556 16.131286
51.334925 43.185544 23.490907
81.099034 69.081612 23.142773
12.935083 16.119554 20.244682
51.420701 42.737077 16.818098
73.742392 15.680183 17.694824
59.018008 29.245879 19.179419
86.811123 41.308398 24.587682
98.030093 29.284124 25.837829
82.192496 58.796707 16.876173
66.646497 85.526230 26.133177
57.285141 28.759577 18.462354
75.129905 8.414896 15.674120
76.520640 55.669406 25.437232
97.886952 56.181462 19.937150
30.096379 51.346182 17.726336
26.201853 64.543980 22.389538
32.410581 3.203939 18.500602
14.172370 67.669648 24.277981
86.507077 12.744866 24.397631
89.007818 6.542471 17.316234
46.462136 44.595859 19.227279
16.080118 28.758281 17.157075
49.233288 1.560167 18.549508
83.830580 69.380557 23.405093
0.091072 20.317990 25.682816
41.421070 42.513746 17.779621
3.173817 34.182523 19.665338
48.541249 78.656848 26.238968
93.374945 12.692098 18.969734
21.629033 95.987490 24.093797
95.605222 80.958403 17.264186
88.990705 93.808809 15.093352
39.450270 69.110786 16.995295
61.573896 54.608614 15.756133
45.781032 88.529557 16.676798
46.117975 51.818610 20.831909
63.925600 71.228838 17.166077
72.983560 31.423140 23.005904
80.777632 28.090206 15.142231
50.097756 98.383944 25.100326
38.663574 35.077763 20.560503
82.252917 46.213200 24.750925
3.221547 70.526495 17.929619
31.301278 65.445449 20.161474
41.094251 19.270204 20.537062
85.562674 39.580292 25.398368
76.502789 94.860077 17.218598
16.068759 87.876806 19.118838
71.048984 96.989641 22.812303
73.442696 20.232624 24.134739
24.423019 94.208255 17.153082
86.507030 70.729501 18.719331
36.139832 75.179194 26.077835
92.701731 19.964116 15.247427
46.694167 80.559363 15.645294
89.376704 72.641021 16.387390
3.312060 25.831204 19.041962
33.032329 36.483512 25.122795
34.823829 1.208138 24.154555
43.929494 35.548167 17.442794
12.662783 58.907104 18.753071
60.414608 5.297954 24.539224
58.312094 5.851812 15.312233
20.614280 89.001479 22.716641
96.246049 82.477654 15.648918
97.510435 1.363871 22.046743
33.188399 54.328127 19.623996
12.888075 79.180171 22.825939
62.429050 46.982570 23.848154
48.474800 21.475728 22.608750
14.930838 64.325632 26.013176
1.662722 13.306996 16.974264
25.550403 48.786354 18.109536
70.297912 51.596647 17.278550
88.447803 20.651419 19.552150
66.259842 16.816972 16.048927
30.638342 90.889442 21.450435
31.985102 72.924852 15.864668
2.200299 88.260000 20.437540
37.866039 31.026973 21.128548
83.379525 58.356939 21.730190
55.285146 62.066343 25.848185
13.032608 16.565090 22.485976
59.115953 51.685477 15.870755
73.042981 1.310159 20.481602
69.158835 8.752225 16.671309
70.560812 44.100221 19.882458
42.249961 33.493255 20.584967
74.570301 41.579141 22.561052
63.812698 29.549550 21.375317
79.785646 95.284158 23.626337
84.130441 95.540211 17.556710
21.592311 53.136806 19.386369
81.648321 57.610130 18.693241
62.073205 18.444603 25.069737
85.023894 2.647478 25.315624
15.354145 38.763547 15.845656
80.532701 73.103481 16.376955
64.813618 76.299945 16.119836
6.129512 17.817384 25.684691
42.928602 60.821632 19.421100
64.282688 89.229716 17.326401
64.325814 49.134551 22.963910
27.883905 18.023824 24.993522
14.979992 54.364442 18.288976
71.339232 13.480421 24.955136
62.196793 40.794160 15.352290
10.256269 57.032366 15.010970
73.191216 23.896481 25.869857
48.234392 25.757094 25.487557
18.161844 13.344723 24.373833
45.882344 8.438176 17.775379
58.294988 47.814057 24.905889
12.476797 87.836854 16.845101
65.625041 75.426927 24.762578
51.701805 52.170004 19.931291
65.707721 73.341084 22.986449
90.021362 50.721707 21.324579
87.826750 46.428014 24.099064
62.610664 87.916681 23.682480
60.142313 97.727765 23.388478
1.072257 27.591130 23.481933
19.537214 11.019548 18.482915
81.871915 71.205603 23.231980
36.769019 3.423331 22.610464
26.153552 58.060943 24.894401
64.356615 28.082782 15.539459
2.420772 76.881067 20.363633
71.463582 62.629293 15.285644
87.208384 97.203135 22.366803
95.073015 28.957403 20.851961
4.715157 3.224543 18.349429
93.648633 2.467550 21.293649
77.955220 28.276148 17.154515
5.602708 48.209282 26.199441
15.967018 83.276795 21.004334
31.384327 6.315344 24.440218
10.508582 78.773017 19.633506
60.074725 2.043201 23.892728
33.903080 37.341328 16.460575
46.596764 1.219651 17.695173
1.823254 64.528110 18.012982
36.267604 56.766855 26.035028
86.996289 85.046631 15.981148
86.957532 24.378420 19.108936
38.407761 3.549556 17.220844
96.033434 96.807131 17.251887
3.698700 13.712239 24.682259
14.719794 97.098028 23.285028
79.899640 8.630295 23.417143
93.024355 16.119616 25.113976
39.954810 11.747314 23.334224
28.037714 53.417391 22.492384
3.001478 42.495048 22.610797
82.416149 37.556592 16.076074
44.439470 53.507419 23.319909
27.512408 79.887339 17.378981
72.639419 96.437106 26.125036
7.825691 92.986617 18.578838
48.573648 24.393357 22.738382
81.418675 83.253456 25.095421
2.342098 63.734310 25.358678
92.130650 17.575610 24.325832
3.039276 13.788327 25.714149
70.144499 47.775710 15.821514
98.352382 46.236259 17.403697
83.578879 32.953197 24.149121
66.085462 70.705220 15.985267
36.030441 50.155505 18.964771
62.548161 37.806499 21.260587
37.629671 64.239841 20.510724
0.125635 15.018182 17.366986
29.526314 77.409427 22.193452
28.327033 35.023522 17.353299
95.173279 58.670158 25.466014
91.877116 81.664274 16.666916
71.614366 49.693277 15.570121
90.996713 32.079318 15.246735
69.066564 46.046081 15.209014
81.997385 93.385051 17.637563
17.247384 71.217913 15.651332
96.246909 96.357330 25.835280
25.234091 44.367943 23.844569
97.497828 41.115229 23.157044
1.433788 37.856584 26.235529
24.309269 45.292645 23.773054
26.425341 58.157507 19.880668
65.929114 70.616525 20.851982
89.730568 99.755619 16.982059
70.021896 15.388346 19.505412
9.223513 37.458854 16.580644
18.012453 8.420168 24.674718
81.631733 54.769129 17.195326
48.565518 23.587408 17.240504
34.633819 29.842726 17.626383
81.160969 14.363596 22.035874
10.892902 41.909500 18.629101
51.101216 31.568609 18.211796
32.237827 69.160182 25.868059
80.495921 10.938613 22.432801
85.801075 81.082391 23.357533
33.009503 88.122016 15.662022
11.599251 54.639109 18.430217
20.178539 61.388434 15.783925
11.372900 41.945559 18.273537