68.062221 5.753659 19.414636
67.043961 11.623094 25.036988
89.528247 32.634621 16.309801
45.678079 31.185785 18.368064
12.465463 40.093498 23.406240
32.682075 49.553198 18.447223
81.866252 73.190315 17.166356
95.961321 14.464760 23.053875
58.288563 19.323788 24.532254
71.096397 74.915696 19.811021
55.736904 7.631838 16.594340
60.235204 87.783952 25.510314
10.723440 50.274923 15.232076
70.490672 25.115643 25.599610
86.249289 21.376772 24.572873
91.051153 19.339930 23.646535
77.101745 27.000709 21.920873
40.461176 94.967549 24.400251
52.566122 94.767054 20.967178
24.567780 13.202161 25.980870
87.444506 86.068615 21.528121
2.863782 6.976480 15.566631
43.250599 89.260001 20.566333
97.253891 60.050075 15.787277
42.684933 48.028809 19.061029
88.494894 6.974552 19.537213
35.673286 22.141588 22.486592
4.074214 20.135466 18.300544
99.173747 13.596593 19.961215
90.673211 20.839326 15.752325
83.925950 9.408245 17.916551
70.189251 34.073752 25.342860
34.051274 44.512215 20.252609
81.241907 84.381757 15.721414
83.294993 76.121746 16.184994
42.555035 53.538093 21.257537
38.803014 0.021925 16.000563
17.467004 7.190265 16.769554
48.929076 54.944246 22.937955
52.089648 87.403486 24.698517
59.458790 68.014846 16.967572
75.853980 49.708096 18.480477
79.802071 88.880788 19.015541
49.419448 24.966126 18.877819
17.817384 48.033476 21.188322
12.281898 80.324568 21.051496
50.860543 88.631289 23.195426
72.382248 24.523513 17.424650
45.957553 49.829730 25.673812
30.556502 97.417280 20.698450
36.617669 18.000447 21.735512
52.724092 46.790906 22.750669
58.876976 5.578390 20.950652
76.540778 87.366599 18.666034
96.011654 68.043632 17.498955
66.338525 80.305854 18.795146
99.799885 87.920793 18.737555
56.997346 78.326041 22.158834
6.370988 89.301232 23.697186
64.531959 74.328468 15.415646
79.246841 98.426033 15.059762
68.394388 68.699591 22.331521
57.655180 42.955740 18.324285
77.153106 32.094934 23.621633
23.018168 10.161986 17.896228
34.693280 57.766833 23.626127
35.666324 50.311064 25.175962
39.519506 62.880989 25.410749
68.011885 16.357784 22.587618
64.460508 27.331844 16.893475
66.365215 95.461540 20.663085
21.959648 14.527604 18.677882
11.691968 71.292438 19.860201
92.918761 53.421955 19.211123
90.928016 17.751330 23.584636
17.004767 23.790074 24.819465
73.350490 54.587086 19.678757
47.709711 77.655219 20.357984
68.470701 29.354973 17.970423
2.202196 95.582098 18.543536
72.002562 33.563769 24.516680
91.887888 6.060146 23.207203
16.403353 80.049456 16.529464
38.277464 64.157447 23.004940
84.123671 38.604035 16.791148
71.358281 28.097001 15.695791
34.337957 44.397492 19.631947
33.837442 81.283299 16.468482
36.904310 5.089201 21.680101
83.762730 39.805847 24.132848
87.113931 80.851613 16.917422
81.407131 87.403926 17.705161
72.835769 95.464701 25.741780
75.810307 45.239135 24.825623
40.995080 93.658657 22.923593
56.067263 91.450674 17.395000
94.546023 84.801976 16.150598
88.651532 72.081431 25.515630
42.160272 4.119037 23.262581
29.466132 92.085667 24.354124
85.122945 76.740984 22.914167
90.329719 82.399704 19.223596
97.789268 17.845938 24.468889
94.363868 50.835336 26.056139
43.639557 44.727987 24.701863
56.761967 63.434868 16.433512
73.547835 34.650348 24.524787
96.978107 50.429546 24.069490
61.460778 92.750624 20.864541
28.812165 66.463662 15.424317
34.487630 82.061874 21.057450
82.457746 28.826162 17.070098
84.574886 23.725319 21.386129
65.741399 71.839370 18.097111
99.373232 92.531871 22.197259
74.889881 27.489449 23.139042
51.869802 37.912295 23.087418
25.753700 27.545894 20.228678
53.101977 79.864006 20.073592
53.848167 12.313086 25.616893
79.239561 73.131481 20.716909
40.022808 63.185314 24.571665
21.810200 58.120004 18.590064
62.468305 67.342497 21.923671
90.425924 62.358558 22.225006
6.822745 5.679872 22.982532
29.327261 60.093587 22.032981
8.645920 97.811838 16.644538
39.719448 44.136908 18.933557
38.892783 14.752698 23.736073
1.378014 85.995798 23.037799
76.267271 35.609081 22.676780
51.973879 92.944886 18.483606
64.837964 22.676046 20.051578
55.037573 37.371779 19.653615
82.761157 59.612265 15.538323
47.555759 85.703021 22.780050
97.413560 19.168434 19.941924
69.474648 65.879379 24.635130
93.875136 50.053020 23.208171
98.047251 38.621200 16.191774
94.428030 96.261041 19.153251
96.719122 4.542308 21.170280
75.354874 35.076634 20.628842
61.049508 52.745771 23.374358
62.773187 54.193637 19.609010
2.874726 82.076971 17.948472
1.860455 97.067425 22.708053
91.285074 22.939638 23.565165
52.020594 65.310835 15.399809
50.583749 1.342275 18.295902
69.301015 98.915632 21.853805
80.133241 59.766473 18.605257
27.043113 42.908489 17.053803
65.061852 13.460964 21.604686
13.346532 95.561695 17.847015
34.470018 24.625875 17.692716
13.568586 34.866900 16.623616
46.386599 94.697396 21.768864
9.260183 43.924652 26.058173
64.955216 79.695221 18.870989
95.503633 86.053505 19.021904
61.363459 39.533599 23.872513
71.122043 46.096203 25.420826
81.284572 6.294119 16.106447
32.910247 22.772171 19.315487
11.624864 62.753725 22.666444
6.104176 0.313325 17.965829
6.490788 89.909064 15.503791
93.108578 59.030039 22.055388
33.771755 44.641112 24.677689
19.506317 43.853657 20.274918
51.738559 72.239439 25.481162
51.731108 94.666381 18.476479
22.380311 43.279180 19.424610
20.525758 91.139184 15.907916
60.319206 33.054415 18.480794
28.432612 10.224301 17.067018
63.647644 78.267803 21.089906
12.750895 18.175693 21.111369
11.570164 21.956222 21.525527
84.829627 13.601145 22.559730
5.030756 48.820478 15.810627
89.899426 58.535154 15.382946
22.316651 26.488343 25.798601
53.694210 36.718228 17.299807
43.696153 34.321888 22.012762
40.640475 27.312980 22.775784
76.053186 6.255722 15.675133
38.467728 15.045733 23.739006
42.439435 41.177117 23.770049
29.262724 33.884419 25.995151
14.141854 36.297079 15.100010
65.368902 77.487926 17.373804
54.237240 27.971998 16.107980
99.134437 62.439372 16.800033
93.659285 74.534124 22.466982
15.228376 68.891120 21.272058
73.595528 60.716990 19.848229
95.962414 84.314767 21.545941
53.918472 74.830176 25.985350
22.000175 30.707411 22.015968
42.365950 62.680176 25.942781
41.444124 86.032618 16.778326
95.570113 68.879874 23.396524
80.450981 0.767436 15.915733
81.677190 99.025920 19.558405
59.957579 26.771119 21.464430
80.110142 80.840766 19.336761
94.870461 71.247261 15.868185
64.487584 72.383443 16.883515
52.692891 25.168881 19.353279
90.860564 23.975866 20.560134
34.890632 26.838887 23.645397
83.123210 46.597482 23.009268
81.675807 18.258986 20.528770
51.231601 57.136054 21.329240
59.111869 98.428443 16.375315
88.259946 47.690050 26.138744
48.770179 2.656631 26.196977
43.095404 42.904614 16.268413
39.472703 87.614969 20.053611
61.798804 35.513358 22.516320
96.119605 83.667503 26.193793
17.329321 18.444594 18.466602
67.625313 93.251315 17.705356
49.728887 6.432507 25.709435
27.635432 37.407214 19.980421
16.559603 70.285897 21.314072
89.998616 95.416060 16.546967
20.367058 90.477445 20.095427
5.011351 29.827291 23.513776
64.075028 44.325213 15.596269
55.619465 22.544291 24.435744
60.369271 78.551948 20.063507
27.888601 89.486381 25.171993
11.372854 71.990307 15.138075
49.157958 57.599747 22.185620
90.877811 89.402641 17.475052
1.719124 50.008021 19.704162
47.198891 6.956398 25.512165
69.166706 2.085860 25.857942
0.648334 19.436171 22.657379
81.935180 50.534799 17.722583
52.902223 48.268701 22.406489
3.617211 17.142101 15.088303
48.817056 93.121037 20.786501
58.564577 55.979728 25.203177
92.077356 24.119922 20.987465
50.306911 43.403943 21.136304
3.092607 21.685778 17.104479
60.558409 51.330427 24.179206
85.328239 34.462956 17.084276
39.043282 74.031438 18.373667
82.611141 36.202626 26.081836
38.333841 84.881499 18.581370
34.579069 65.294998 22.261025
37.095453 37.829017 26.118962
37.973463 51.304675 16.796022
41.237661 93.072676 25.229371
5.398943 54.168987 20.490981
75.902406 92.542642 22.588642
71.409797 31.527600 22.650297
75.898185 19.364954 23.363527
66.467716 83.466187 22.858653
72.889003 73.918410 26.054604
62.037109 3.767999 16.655484
13.204294 95.235352 20.526395
70.530395 40.543413 18.155305
55.014128 59.032938 19.189718
97.256853 41.642369 23.099006
67.958019 84.286013 23.042271
87.927364 91.525607 22.860388
89.343854 10.199333 15.511149
41.507321 66.379558 23.649436
77.253688 2.791476 16.040696
38.126133 67.248695 19.497903
45.969721 6.643095 19.703820
38.637680 37.631399 23.401087
16.958776 68.750204 15.826364
31.613875 16.458173 21.208060
63.318194 30.669015 21.843554
83.121922 51.552318 24.728498
97.086142 39.239247 15.134951
77.412099 6.278752 20.108671
0.117752 10.273180 22.032102
59.170130 15.949465 21.424014
51.991153 16.445345 24.041882
77.823548 21.127086 21.011665
77.471146 36.849789 23.273306
57.134756 23.315177 21.326435
76.934106 89.850016 20.276488
33.720683 67.208356 25.047829
42.284524 57.404281 17.293412
86.046657 26.103652 23.674363
78.306624 96.489559 21.682617
49.888187 46.589663 15.908589
98.193549 51.360985 21.827070
61.231760 77.451092 19.482363
9.685053 10.519909 21.077708