63.595819 55.986137 17.805936
29.688770 88.479197 25.416538
72.751945 36.900041 18.855328
33.216168 38.756138 18.886667
92.031304 85.903711 26.008954
50.461750 1.867931 19.442708
80.784699 80.226218 19.387185
85.364438 90.147676 25.972460
18.123162 34.564045 20.265547
59.486786 92.794827 17.499802
46.530206 73.056218 24.813099
44.186426 62.714184 23.270359
92.632322 65.031287 20.073224
37.440610 80.699712 24.377205
87.361293 45.606645 22.516980
60.242936 13.261514 18.323834
85.706903 58.300587 16.200112
0.296040 48.840693 23.491266
3.634343 45.969753 15.927480
96.500677 98.032525 25.222412
57.666795 2.391768 18.396602
16.272553 47.401208 15.472553
88.521106 5.998391 24.859195
98.934304 20.861348 19.732337
74.852620 20.732779 15.367678
30.093916 71.945372 20.860226
66.894230 94.446999 22.385643
19.327438 16.616191 21.274359
91.298590 41.450193 21.720869
33.978448 68.455285 15.222539
25.725476 7.730347 16.682975
7.337742 40.121019 22.931998
16.897765 50.161970 23.791208
44.047814 19.665009 22.359004
73.869536 29.923117 23.457647
73.964272 66.484661 24.905235
31.138975 62.978968 17.910730
86.232936 12.603410 15.285583
91.614487 17.103168 21.062284
18.362458 58.557471 21.453804
93.334619 41.673052 20.891510
87.177321 89.497933 20.080313
73.283733 17.873948 21.420034
63.321198 49.439793 17.133173
24.719080 28.962124 26.113633
72.540802 88.836564 17.155447
49.348393 43.192169 21.574750
29.367377 91.445126 15.888337
96.961521 40.776920 22.863290
83.539516 98.406022 22.229058
25.926160 23.383563 19.622610
45.393401 62.695569 16.465247
29.317981 90.608320 15.294841
60.557832 37.998273 23.363203
5.911041 61.392197 24.766981
81.062329 40.685832 19.004796
74.015320 26.425679 19.899039
21.809904 1.948576 17.915140
67.312350 83.334123 19.430880
39.107400 72.598573 21.165317
44.893800 42.274971 15.055094
63.726960 68.864622 25.797067
45.206622 14.883109 19.617144
58.831495 84.539613 21.259831
85.282674 94.516691 16.299297
89.136014 85.717772 18.417817
52.703351 90.808506 25.369081
5.385290 59.656110 22.642122
94.566439 33.466482 20.085463
73.276420 60.665220 17.033514
28.141004 30.771213 23.737840
0.075518 33.158364 19.669021
79.959790 93.121641 16.182940
86.513251 97.462627 19.192244
95.837008 32.911101 15.093812
86.754301 21.510696 21.539759
10.646662 82.372661 17.195638
80.139870 69.686899 21.078591
73.708327 87.624186 19.263286
21.859596 75.879736 16.961736
45.163211 43.297401 20.410092
91.824589 89.521751 21.474816
69.111344 86.555919 25.277565
22.358077 10.245731 24.979883
18.198119 88.404757 24.337620
93.407375 61.284236 17.545133
98.093133 52.520901 19.090257
99.756842 93.943872 15.841388
21.905494 71.705804 18.100574
13.599626 95.130713 17.182934
46.488397 56.108033 17.329975
29.132609 72.496235 16.935696
42.967007 68.784376 20.540057
28.287273 38.033125 20.654086
73.477465 38.275198 19.529026
20.543920 23.012059 22.612948
80.391311 23.992886 15.135088
1.805235 71.671078 23.513481
2.653145 21.277505 25.882383
93.584557 96.765138 24.937324
62.576109 51.075965 15.701274
19.521659 16.137530 17.345287
29.753820 69.793082 20.491127
37.041423 48.703939 19.452211
8.168990 97.607585 21.477113
85.141951 13.298621 22.981405
99.320793 50.048060 24.262124
43.771745 25.360425 19.467394
75.254732 63.166177 17.319207
52.391837 71.738503 22.685874
98.423375 62.759831 20.472236
18.477909 85.276450 20.268767
48.787826 29.080037 23.929035
75.765859 60.363453 22.880120
76.710277 75.240701 21.703162
19.758838 28.476114 18.449512
51.559639 97.661652 21.942639
93.028868 67.813348 23.650456
9.418849 67.729720 17.473384
56.137628 26.635794 19.595549
20.194761 14.844691 23.770615
85.439696 5.498782 21.456252
11.146820 14.273294 23.691586
55.799557 57.483233 24.133836
22.540619 17.898740 22.015335
75.041940 63.142427 15.835861
9.067466 40.444360 15.803253
1.126247 53.183059 26.229092
1.141484 10.485088 25.083591
29.309355 34.767043 15.305592
55.158816 91.918282 17.987674
45.591290 2.752591 17.088840
89.219006 87.018470 23.410299
70.299427 25.833619 22.063694
73.927808 0.867006 24.434713
86.695489 47.256007 18.842963
94.282686 63.688964 24.954881
14.709844 84.350237 24.116589
9.843234 49.024953 25.173392
52.138719 59.792329 24.475942
57.962935 98.781956 19.545888
87.064296 0.090866 25.460630
38.336031 51.524009 17.143868
77.456634 0.565537 25.417000
7.544480 24.312653 19.757267
36.357569 45.761430 23.487055
37.476437 32.697308 22.058189
6.952982 69.974659 21.813753
34.583863 39.638393 26.133165
43.363538 67.659262 22.421138
19.471495 38.879118 22.971641
16.264271 96.917553 20.149140
33.416022 76.115549 23.122672
49.755179 65.911726 19.762118
20.122610 83.386999 20.088092
47.252879 57.878802 16.001774
60.390840 23.579768 18.086106
24.760336 22.280593 16.957279
93.158003 33.658812 23.555765
87.920249 69.334556 19.630307
70.747676 10.684398 22.560803
24.216672 83.442279 23.749688
90.632666 15.914941 16.936325
75.152634 12.596883 22.212797
34.261149 44.113051 26.107432
57.103164 74.880926 25.979707
49.110858 80.781897 25.383268
82.440203 47.006322 20.299072
10.032582 24.456103 15.890128
14.270433 96.438041 17.032758
92.362308 54.722621 19.221336
83.839362 80.992132 16.208836
41.481316 43.461323 23.470061
5.845159 76.267137 26.219529
46.671121 94.504569 19.341584
53.428583 27.081217 22.546596
98.491226 39.581673 23.532700
97.347320 24.835153 21.055403
89.287323 27.739647 22.585952
12.938045 43.767217 22.275679
91.010810 68.549842 17.497223
62.472879 59.851691 23.259218
34.399540 54.185436 24.713705
18.786396 28.048332 22.607442
13.518855 62.122140 24.150458
4.698385 72.618949 17.084510
69.732453 94.316430 20.998217
90.792007 38.801765 23.589419
74.372034 17.761362 20.950144
44.160466 47.204161 15.514867
4.560874 83.122392 23.311943
77.654606 13.555113 16.371453
14.283758 60.361042 24.175043
39.720298 93.100782 19.548235
29.559050 83.923981 15.101343
67.815561 51.073897 17.933674
21.286520 77.718466 24.855104
28.956663 24.342944 19.901446
1.890182 68.922984 24.530252
4.870502 27.725167 23.080594
0.797323 43.443174 16.988575
53.902029 17.923284 15.326081
66.841529 21.678231 17.016322
7.146400 52.025768 18.434668
19.644326 77.102104 21.650961
40.508283 12.679867 19.280320
67.899704 16.204429 18.854828
29.903814 12.937397 26.174657
74.630935 83.860600 15.659951
42.041611 94.983936 24.655160
7.016499 61.005787 22.907358
73.800324 19.522378 21.449737
64.474207 78.566110 16.235923
53.158312 54.219921 17.840664
83.443571 82.363695 18.505971
25.130339 89.040421 25.891314
66.959153 78.943382 26.091640
44.877032 82.720687 17.293990
56.913509 54.478546 25.005838
34.569844 91.015506 19.429021
71.522660 23.959551 17.204179
77.114635 73.866936 22.580245
77.984292 73.959449 17.309208
80.372374 22.084796 17.888007
20.203179 11.850799 23.109171
93.417258 65.348451 25.251235
11.446291 82.098876 25.368589
96.858020 42.731224 22.529646
27.517169 63.241349 16.863994
39.108959 41.110818 23.176469
81.772262 38.654964 15.993849
49.281559 93.839320 17.648748
69.713625 67.158698 19.801617
52.054930 25.273025 15.683060
57.203197 13.970989 23.604437
57.539650 9.904235 20.585239
61.971949 48.395300 19.575227
48.915382 61.085407 17.339942
31.907347 39.950498 23.793689
24.446544 50.024536 21.289220
47.991146 94.569322 26.065065
7.841008 34.057792 16.751381
36.727144 18.070223 17.625974
30.082393 86.738858 17.136355
97.581184 0.689121 20.203894
53.857948 23.343401 16.864193
42.928503 80.446579 18.547913
90.896388 93.334256 23.034297
10.930536 95.934085 16.445095
20.769605 56.689496 19.086654
42.011752 36.851689 21.549034
42.869684 68.319208 15.336097
17.092980 16.770652 18.537552
92.584203 69.584064 15.093643
32.935144 63.048871 24.806283
47.860096 50.489446 15.173602
69.232475 95.602266 18.313463
13.275940 4.564675 20.758939
8.286607 68.337348 25.783720
41.406689 55.525843 22.253763
18.391686 26.198236 22.322315
53.031414 9.909383 21.767531
22.143169 72.443413 18.451776
79.478130 19.366424 16.435045
79.322734 56.719877 23.069069
62.236931 54.713519 25.287171
65.917429 20.850842 20.821327
88.641440 74.022757 17.831507
64.942846 12.753908 18.900334
82.953315 41.891092 17.193312
72.994701 79.946225 20.513523
6.442799 0.597746 22.455790
43.821598 80.262483 20.469434
2.297611 59.372120 24.598514
81.741869 23.542798 15.205849
46.381223 76.103169 24.242745
55.269221 17.659984 25.683684
46.807155 98.647254 18.216656
90.647401 64.483130 16.762431
70.021002 66.693289 23.885353
96.894424 84.375233 15.081896
92.613678 88.582109 17.692087
6.299297 17.632806 19.819359
3.163024 44.372345 18.849007
16.529343 61.756081 24.669304
3.015921 21.952109 17.226511
52.752417 27.928238 23.261417
85.902353 84.212227 18.811266
93.006639 43.795812 24.890496
41.724176 61.902315 25.091410
17.793531 9.327817 21.544226
36.923377 13.243437 21.222779
28.392212 75.090536 16.573981
5.499133 66.826708 16.960282
79.686919 50.812725 18.292857
26.783133 94.689216 24.398872
61.545681 2.998765 20.739391
27.617110 43.606021 26.173252
63.060318 53.830271 24.275346
86.620744 35.298292 18.283140