53.972331 62.933478 18.171473
58.396871 41.895128 25.134061
46.232065 69.345622 18.880702
53.831589 29.754315 24.321699
9.383019 58.945058 15.193033
41.172710 51.635128 26.034647
10.162799 1.769024 20.930911
29.782737 71.384294 20.984647
33.377443 55.870606 24.518759
51.403490 87.765828 19.824363
65.794295 3.817132 24.738515
66.288657 24.444724 17.840614
25.733098 67.763840 21.016399
46.728182 39.465381 21.719723
35.897547 92.823779 15.783041
21.055077 12.069494 17.684255
15.170987 98.849934 22.951481
87.944192 74.254093 17.655213
75.727123 58.323450 25.726356
35.827004 40.274880 17.420668
10.589569 72.166060 21.497210
16.209409 15.687434 24.290165
50.020549 12.400725 25.411899
27.818231 72.414019 22.653960
74.571481 32.256842 25.855714
8.939323 18.224661 15.864402
96.771477 60.992795 25.362673
92.296981 14.055645 16.922094
86.665198 53.682258 25.269381
25.811385 54.462595 19.472329
99.103101 66.590712 21.716941
54.166917 71.223292 25.981138
37.985997 24.075065 18.581687
88.896573 65.572493 20.420095
59.551371 18.823022 17.954292
25.865086 49.730701 23.697623
85.875037 27.211696 18.228239
28.989376 88.620335 25.169678
10.788432 30.495252 16.155854
90.375678 97.796777 24.863622
65.180673 14.132624 20.934151
25.737746 56.259594 17.609102
14.112957 75.384139 19.990633
70.414476 72.513535 16.177683
18.534100 65.188847 17.361977
49.539107 15.867828 21.478802
77.610851 48.832728 25.633068
43.275153 37.584660 21.537321
86.453355 42.153744 22.119306
57.203108 54.153648 15.633202
35.388241 91.275183 25.319628
1.113133 50.335327 25.958383
67.091853 78.656424 15.026891
56.173506 90.553130 19.056028
78.962686 23.130358 21.064579
98.552596 33.933161 21.393166
92.918189 72.545623 15.256276
93.370180 48.290320 25.499323
29.972917 99.104284 19.765221
81.010377 42.423791 23.217902
13.918370 50.369336 18.956087
85.370099 44.465930 23.704385
37.067172 26.190178 16.463839
28.721019 0.184794 16.615239
88.996416 25.589404 25.114357
81.205708 42.780933 24.913091
27.720750 70.607955 21.656105
91.203074 62.372866 18.883006
78.671992 45.208903 16.786970
16.187209 33.204117 20.910570
1.230947 56.676853 17.350643
23.624919 65.423279 15.922233
96.956542 9.734880 17.819096
47.442344 56.785725 16.316416
86.512937 84.299480 15.733749
55.065305 82.348038 20.026473
9.336787 22.300165 22.836863
85.168046 96.145550 16.256354
24.141423 22.200057 16.874177
73.297944 24.909985 22.992509
34.051038 42.020643 18.417000
99.793456 67.013844 21.991377
58.395053 41.929325 21.320079
47.989544 64.100481 21.751311
66.722215 54.099333 21.721516
83.974949 53.986132 21.232798
61.154657 96.638722 19.150471
1.487901 61.408772 23.498427
4.695443 53.136973 23.463391
64.554833 61.700593 17.372804
27.364927 57.913874 23.012245
10.847288 80.772311 22.551054
4.720484 16.383903 21.561866
76.630416 44.396881 24.510472
87.726952 71.397206 21.329676
40.962088 84.712813 20.783844
78.020602 6.878639 18.159367
63.674542 25.017645 17.812777
26.902138 53.051833 17.554404
94.276920 83.554099 16.294997
79.983533 16.726135 17.445437
84.507604 23.814435 23.381531
60.719872 45.888162 19.998846
88.169948 33.666560 20.710267
86.336320 90.247558 25.966246
23.643482 44.197233 16.208062
89.394372 81.745753 22.333311
26.223704 97.284821 18.212606
84.706447 55.037638 23.879574
83.762689 46.589603 23.134496
87.292339 29.257648 18.647484
80.444127 27.982622 23.452848
53.783111 92.410056 26.247499
92.338879 19.355022 24.940451
23.965229 29.987675 23.956600
79.333480 1.039891 24.514210
22.679647 4.183508 25.453718
88.219342 39.648755 26.221768
71.309111 97.522792 21.195319
5.996702 79.866794 25.604342
43.811983 1.897042 15.227097
79.065745 11.953114 22.700299
43.067772 56.401652 15.048905
24.978379 98.219384 17.150625
84.599632 32.090633 18.756166
15.106811 91.921980 15.835167
2.343122 79.297278 18.278623
57.764631 16.430819 17.813518
62.495672 18.681751 23.826273
78.555992 54.789903 18.048127
39.206782 34.190004 21.472052
36.959085 91.867584 17.487745
65.702602 5.650981 25.009716
50.916312 92.741309 19.079260
80.736513 63.481162 19.617039
8.543844 66.720633 20.021756
34.067857 12.325247 20.431015
61.734099 8.286960 19.980048
96.915530 22.347148 17.195210
59.668848 65.478084 24.033882
26.351846 85.429650 23.442568
72.601389 97.116360 24.901229
63.979867 80.204346 23.341819
22.228517 39.667564 19.797854
55.072782 48.811939 20.809613
15.360012 30.370777 15.607099
7.529684 93.312703 17.768939
17.776460 22.637175 21.351314
19.636227 19.079245 26.029389
72.806719 53.981398 24.954271
33.410626 65.495906 21.869762
5.625306 9.801960 16.540964
5.959234 17.515875 21.578034
36.095619 3.206562 18.710846
76.330806 85.336260 15.271815
98.215397 6.133580 25.737726
77.087962 1.767064 24.402349
60.401353 81.266487 16.845205
2.967876 7.267797 20.206282
53.134175 34.181303 18.779191
21.755009 65.232791 15.835276
15.594196 13.046138 24.524620
4.560463 76.386826 18.800773
73.237741 9.630238 15.756959
76.980709 71.360255 16.174781
26.289010 35.419890 18.615989
90.753486 23.393490 25.266749
59.107136 37.732736 25.206794
56.573181 12.746747 15.413447
67.475406 58.828829 26.244819
58.284931 0.023550 25.460249
10.651565 13.463184 17.792727
49.190907 31.291226 20.612592
46.286911 17.106755 18.937244
52.280721 74.901071 23.881927
34.570326 11.272803 19.091828
78.688813 98.685086 16.713164
5.831954 25.237342 23.040482
8.246671 67.298694 15.080664
69.355780 25.747239 17.885863
12.028662 56.558654 16.221781
60.494323 78.807902 21.091753
44.994966 18.987977 23.619146
29.977824 26.307557 24.069530
20.312598 37.331468 23.147458
72.116438 16.781707 16.495594
2.238806 6.042084 20.126265
12.494875 64.139906 22.662195
38.137329 48.560640 19.846633
7.661403 40.792738 17.592077
82.792969 77.935788 22.005764
50.006798 19.293538 21.085666
16.991545 28.581603 20.386040
94.328653 13.244193 15.579040
40.474816 84.122644 25.878239
85.544321 31.940952 21.937120
37.413289 59.774436 24.263829
6.237555 16.318048 22.349218
71.360379 88.971783 19.165068
71.491171 33.973407 20.124623
8.881757 82.518922 18.853456
91.671068 93.725152 16.482632
96.649353 26.701884 25.495312
74.511831 99.104860 16.831525
97.243921 42.608911 16.191020
83.303106 91.194524 17.407624
15.176545 68.340548 25.982876
69.332027 9.787522 19.916245
75.972156 97.496437 17.909711
78.786393 62.627828 24.601368
32.064785 16.578411 25.296890
74.471172 29.489341 23.377811
97.626210 8.789966 16.529771
51.251487 11.704169 20.671578
95.329716 32.889334 23.136581
93.629670 70.718297 20.133564
74.260173 88.697035 23.404225
90.410224 53.192875 15.246698
49.113836 31.749093 18.016391
61.788168 19.425811 24.318322
12.218181 64.204610 20.540367
97.721385 22.636812 23.881791
11.515406 75.226942 23.637905
0.407461 16.527647 25.442916
96.693345 4.060448 17.274415
63.424249 16.325827 24.862495
73.130214 64.972517 18.552700
79.982124 41.492484 24.868981
98.734119 70.384190 23.924686
24.626337 26.248032 22.097582
15.286226 32.991950 21.208449
3.327058 72.491445 25.319777
27.198397 21.605691 23.569069
58.392175 49.354765 18.361357
46.870887 60.446247 23.753219
23.354692 72.158823 20.510323
78.390037 44.808633 21.106226
63.778907 47.519374 19.482963
61.142670 88.704907 24.557145
70.524325 75.652487 19.329922
43.460300 22.552010 20.882392
66.335806 39.528094 24.101549
42.114698 17.943610 15.408289
55.505383 94.715808 16.896882
24.789804 18.458123 25.602574
78.735894 12.523354 19.576564
7.037248 82.070221 18.631530
53.319628 58.698386 16.106995
56.654808 61.030441 19.707953
30.237596 50.520570 24.313180
27.704194 69.675196 21.339941
59.830267 94.799565 23.185488
69.793124 37.994459 15.791681
62.755925 36.035373 20.074917
27.398640 85.925686 18.922291
86.249196 81.936274 17.427008
76.210684 74.299617 17.988856
46.792825 64.508304 23.134195
42.870694 12.980721 16.289263
24.219668 83.948161 25.991990
76.078352 48.161668 22.733904
0.219970 54.629952 19.709928
73.399725 49.882259 23.633129
70.554295 40.748769 18.754878
13.609290 28.119777 21.893505
71.200432 90.161862 17.251435
53.130442 11.223155 17.292563
57.224869 82.319909 17.533961
79.755932 15.271479 19.076417
53.780140 71.985478 25.063028
82.659524 98.695800 15.287798
43.436073 90.881715 25.652481
97.677025 87.367455 17.690748
48.329688 58.743268 26.011085
90.409403 17.890478 16.614501
70.112233 46.708378 22.456627
87.103350 51.238386 24.814501
2.331060 21.520795 23.786315
78.324234 68.462795 24.517493
27.194248 50.675712 21.639321
39.567689 36.466094 24.723661
51.566926 19.051080 19.845745
20.231832 54.985324 26.140915
41.327953 45.395523 19.267462
33.673558 38.139828 18.344306
27.746359 13.385110 26.154705
38.468708 74.167637 19.097712
35.713456 77.688059 19.460211
88.943522 13.185254 17.956074
98.305224 22.490738 22.253242
83.950439 95.210267 18.690173
12.374755 59.914197 20.635040
44.135126 55.660426 23.209494
52.440896 35.273591 15.813397
69.968638 14.230404 15.677096
30.761830 5.113148 16.492610
62.308935 60.086416 23.117273
96.307247 2.389800 18.420449
12.426063 42.737507 21.151370
11.385271 25.303811 15.696334