43.417139 99.665750 21.916632
38.577166 33.767268 20.905481
34.825878 71.993043 15.296061
11.825916 32.485787 16.417182
49.441497 20.096182 21.797890
46.421093 97.973133 23.008325
42.688169 89.591954 24.692463
49.140052 15.762451 25.978040
82.892045 8.543478 21.872629
83.333835 80.330035 25.861981
6.204679 42.815986 23.098329
51.219583 92.349474 25.847627
47.188204 3.749541 18.253454
49.629510 84.811412 20.297002
68.840996 97.095388 18.218399
63.075758 26.913553 23.744386
54.635835 68.585719 15.699310
90.770451 45.861146 19.946015
61.344951 11.309592 17.726082
47.216135 90.573197 22.605218
45.837151 37.600138 20.055253
10.897464 54.425149 17.647947
44.591033 38.238831 19.224182
68.286694 25.678855 21.219791
29.523651 66.637370 16.418638
95.530540 37.816125 18.530262
61.056750 99.191774 22.141387
41.613838 86.309899 17.866684
63.015953 16.705662 22.685552
27.378095 0.318620 23.450866
87.824334 35.677741 18.236196
56.622303 63.878425 21.119389
72.428604 74.779959 26.182000
8.152335 82.995861 25.116942
80.393761 18.928117 21.265556
16.753015 83.047963 19.361760
92.964801 33.280616 23.100191
92.044213 38.540950 16.681060
4.751825 56.701339 18.610768
84.484176 23.118950 15.882443
52.168275 63.765147 18.094020
6.693877 94.695729 17.291842
71.654429 26.735222 25.174223
26.201149 41.094512 21.008098
5.342573 31.175728 16.772435
58.698290 89.079324 24.331550
17.416181 73.057691 20.224071
61.820212 95.592325 21.994034
38.591947 18.529021 18.029584
28.481135 1.183646 21.764409
44.006491 61.322317 19.387117
80.030065 57.940241 16.106766
33.838711 89.055690 26.049698
68.960847 78.851066 22.967696
3.099260 22.991616 20.725065
71.834751 82.793872 18.970791
95.709395 55.754499 17.801417
22.919961 97.211855 24.824697
34.405010 71.483868 18.430303
83.073976 49.629954 17.863010
39.532147 89.826263 25.597483
18.086428 94.785426 17.824051
47.749963 34.463617 20.306571
75.338116 26.161410 22.831915
82.497203 12.603324 19.450172
4.363756 98.910985 19.941759
96.060393 18.122747 22.844014
65.140437 77.005927 19.570396
58.771217 60.336206 24.223801
77.995019 5.945896 19.777298
8.507284 64.194559 21.028498
62.463782 19.448148 16.848778
99.968014 73.503828 16.525899
91.369899 29.248029 25.734877
19.060192 77.653126 23.704009
5.750845 74.629667 19.910623
51.249731 24.114267 17.176779
58.839033 47.768641 19.891897
93.558888 61.239769 23.498471
56.851354 68.090358 18.029423
68.796458 7.119446 18.463922
48.910010 65.611634 17.500628
59.829079 68.420836 24.188611
71.885483 86.937066 26.096232
2.279230 74.457928 21.278054
93.450146 26.906676 25.281971
20.928281 97.037983 16.801684
82.501540 81.927841 20.048089
82.464583 72.942612 22.191167
75.266283 77.900005 19.138529
52.056494 55.534875 24.484667
18.094357 25.448475 17.503176
68.293047 42.750476 21.718883
71.803010 49.275829 16.990649
59.910074 23.247672 22.881572
77.757724 16.502643 15.583137
50.275673 70.135112 17.292695
2.981634 71.761521 15.000476
38.293063 3.647520 23.119346
62.556460 74.822865 22.395914
16.205445 20.220792 24.513281
34.566942 5.516926 22.353476
50.261792 86.843726 16.863428
1.629105 57.603246 16.608477
92.978251 54.454527 17.464137
42.379940 4.980908 20.127741
0.620067 28.476725 23.405777
85.689043 76.454752 24.630386
44.311733 49.896653 23.167569
32.349561 83.380345 23.132221
70.821424 83.102756 24.198068
60.844509 21.253435 15.381443
37.546186 32.017444 19.349086
46.479130 11.799231 18.738909
36.820514 14.058033 17.743828
41.703151 50.195216 24.496734
12.682261 43.834801 21.098706
38.276445 2.366103 15.360208
0.956963 43.046723 15.567944
78.260461 83.901072 15.430380
6.300270 80.781322 18.058013
38.023220 1.764807 21.091589
35.950472 18.405739 16.898420
89.764995 66.769525 17.318038
43.993169 5.998264 25.172080
0.834042 54.736483 22.302544
47.468034 11.671460 17.989270
76.130356 16.468923 19.878167
63.292425 28.119652 18.431195
64.704167 34.710006 22.471559
92.641977 18.387725 20.058154
34.323976 44.986533 23.451390
97.274596 44.771571 22.124988
54.827300 46.347283 19.213771
63.045895 2.023430 20.124178
6.547232 9.521074 17.861357
1.786428 8.004714 16.624112
53.593438 6.257177 21.591744
46.155517 23.106943 15.806305
29.366323 42.637919 22.279350
80.042464 10.934246 19.688394
45.718466 23.473182 23.793950
35.425329 78.610755 20.627649
22.673818 43.781829 23.053905
74.435773 31.955118 22.180760
69.120320 86.832961 23.748478
89.995415 45.443037 21.983166
11.321560 51.527358 17.861184
6.847857 28.221218 24.804648
88.142004 32.528391 18.773832
46.373860 18.951382 17.785893
96.709678 22.163956 15.646748
91.800761 90.836543 24.414885
25.499473 6.794792 25.545959
32.151425 58.010122 17.305120
42.749992 30.391590 20.449715
46.649678 56.845555 23.441564
22.053614 78.285742 15.871952
97.109454 68.693455 21.534675
37.944039 56.275426 20.655481
69.779812 87.932796 21.662648
43.110258 43.275244 18.190714
63.722511 74.386337 21.427079
97.753750 12.816734 16.551724
9.988423 4.811181 15.218510
89.936148 65.749886 23.577137
90.785740 23.968838 20.934263
95.970950 37.613164 22.723983
63.693133 91.599187 21.123551
57.009865 51.875194 25.008742
90.515254 23.575252 21.489669
44.750992 70.695489 20.254872
96.185845 75.902132 18.913779
84.737405 3.873012 21.127608
46.254994 84.639212 15.929633
54.575928 5.718386 26.141300
1.594588 79.449455 17.520500
43.546583 99.753524 21.425521
35.146210 7.053649 25.389723
48.414334 72.530924 17.333444
12.402102 5.575548 15.418944
30.434631 84.532773 16.251151
70.200502 38.411251 25.051412
72.895403 28.711197 15.626402
21.854375 9.681600 25.393563
43.283636 11.834940 20.311154
52.483076 76.047479 19.509417
78.908369 86.796851 19.867668
20.633297 75.098727 23.152981
94.482554 51.040288 15.805753
63.561753 21.019083 15.207678
53.499255 41.739501 22.643154
70.060820 66.178676 20.758961
35.663068 45.171132 17.635380
4.349878 25.855739 22.403638
86.924607 69.354087 20.446054
64.877376 11.851292 15.199649
69.168882 71.627742 16.659209
18.395916 64.152974 16.219528
93.142308 9.875604 25.245450
22.001197 71.457577 23.980417
13.115381 89.548988 17.512948
83.820885 14.493763 17.859528
30.715493 59.252677 16.269241
7.215170 24.479396 25.521655
48.803742 40.862544 22.034818
9.149780 22.220194 18.938119
67.205344 18.653681 22.001350
51.620029 81.469093 22.962722
24.218019 38.362663 23.521064
28.122759 24.077671 20.198014
90.437645 28.843274 23.837613
65.044936 64.841019 25.267121
92.058883 6.701111 19.925432
69.442874 22.717552 17.086040
16.298247 16.758843 26.229605
44.792283 63.554900 24.285180
26.682873 86.632312 24.676836
64.686194 48.787461 21.331070
11.800401 86.926485 17.064746
40.913946 46.165461 25.445804
5.236758 15.437609 22.946733
45.966119 61.789731 19.234527
28.801898 80.030578 24.584662
71.364166 74.456900 16.751376
58.974234 57.159236 23.998822
87.554898 32.639241 24.228617
29.013567 15.270466 22.093848
71.201456 28.366071 18.223357
13.626664 9.066410 17.833146
0.532435 57.329250 23.661528
82.303562 76.410628 25.175455
5.812708 38.011253 20.635609
48.139093 86.732989 18.572531
52.440148 67.762038 26.203287
42.394422 92.582569 20.795184
92.413923 70.178687 19.922565
6.569966 31.745890 25.333477
61.107998 25.395282 18.476519
60.715812 42.331953 17.815442
29.987196 65.720194 15.899741
31.759908 67.202961 23.916246
1.750959 54.826263 25.678590
57.637867 70.092687 23.104210
5.853949 96.084259 17.441172
14.491775 86.684443 16.791620
9.203679 14.212755 21.408945
71.539171 89.967106 17.230006
85.569683 88.797285 17.218996
69.438533 35.582294 24.137721
7.998770 86.189586 16.408159
54.726960 89.106745 23.993023
46.808709 95.058193 24.524413
74.767283 8.479532 26.004134
98.586425 85.386279 24.023150
58.025105 48.104245 19.503264
66.257883 17.338515 24.618831
90.986046 4.099733 20.729727
79.843968 43.960024 23.531790
96.319921 90.211686 18.117730
39.769860 62.303460 18.244891
35.854859 59.362073 21.839349
49.824741 19.380045 18.125946
14.713552 35.942262 18.154689
87.427330 54.907767 26.151755
99.613762 13.315979 15.959373
59.543694 80.675895 21.924580
73.149674 84.668100 23.914790
70.332703 70.583111 22.728851
27.283004 60.085446 21.816462
53.123831 7.942134 22.117642
29.873426 96.054007 16.663647
96.892972 36.475051 19.501953
2.741668 40.685990 24.492964
68.496616 43.190714 16.587274
76.889933 22.699194 25.264416
87.763992 45.510681 15.213244
93.223439 24.741759 16.867881
35.486362 76.253506 21.077035
29.318635 3.249559 17.101226
97.990384 22.068986 19.880182
92.617298 84.803081 24.604716
44.480986 25.884668 19.644250
86.310366 56.274600 20.160190
37.934896 29.278087 23.778941
4.927712 4.072016 24.488847
16.362895 76.486872 16.778046
50.806325 50.452697 24.266930
54.889458 31.279126 25.581257
65.266523 45.872455 21.957769
72.161611 30.642997 16.669291
10.912724 7.377666 20.933528
11.568501 87.709598 24.243193
39.789305 64.388355 25.431048
76.030850 98.515779 24.976215
54.562978 64.337065 18.797901
8.032338 49.873584 16.906535
17.819705 28.880015 25.924105
84.523502 59.982807 17.727030
94.428479 81.383874 24.283754