62.446066 8.327761 22.676934
49.763870 89.843124 17.955670
26.360130 13.499215 22.294783
1.154033 72.577342 16.545174
28.773646 78.600261 23.632222
17.686383 60.867983 22.833701
67.001541 49.314246 23.024234
2.841026 59.508736 20.643992
38.320798 19.175341 24.977529
72.602321 59.683759 16.291425
6.834702 13.153991 22.654129
66.950963 32.747437 17.657950
56.886571 7.231260 23.487501
85.194908 53.401410 24.773083
76.369476 65.702481 16.358270
46.238474 74.056109 16.996259
4.652182 40.746931 17.802037
3.365619 44.738123 21.468892
37.905295 47.384147 19.895949
8.467304 19.108251 20.420623
81.554855 8.536226 15.518657
56.741564 80.860945 20.075127
41.371943 55.567315 24.280215
16.520651 24.284940 18.624869
83.726159 50.364000 24.515219
62.434715 29.330707 21.459350
79.037960 99.626627 15.205672
81.192495 34.184005 25.689892
97.749531 13.337951 17.450656
68.782416 76.147475 23.780961
47.464264 9.791901 17.265850
44.785490 82.179756 25.612778
80.885894 18.039348 19.985382
89.865572 44.052152 17.029633
75.807930 65.559196 26.084236
6.904091 53.844428 17.701958
38.294438 42.073780 25.323327
96.469699 30.755288 16.114684
37.540094 25.549658 16.816756
6.393574 54.028448 20.726252
5.830575 62.396074 15.350406
35.726081 60.506276 22.251519
51.271553 39.451620 17.823941
13.726576 27.455374 15.390160
20.491676 51.788288 16.527690
41.038496 60.567687 19.221702
25.596615 85.435419 16.101925
83.347558 2.981487 16.709550
42.171740 12.324161 18.218631
2.884102 19.776201 18.885592
14.502998 8.835411 25.040760
69.232465 47.675481 19.743987
27.513083 56.508811 18.827069
6.476610 60.143585 19.402011
24.925921 8.608560 21.037025
48.925304 47.147550 24.868979
54.776517 4.140451 22.721045
50.886687 45.825096 16.942953
93.097605 96.255739 17.182647
92.016235 40.333351 20.704251
63.341054 99.342993 21.085860
47.896046 0.837793 19.877674
74.511225 25.708977 24.104127
6.382290 10.208454 20.944267
3.363112 2.529857 17.141776
43.846231 85.301492 18.241731
49.647038 87.381244 18.559800
63.627119 32.002348 24.841839
66.406713 46.639472 24.590302
8.114800 91.060821 16.369837
36.100706 18.643141 20.602582
83.826209 4.294345 19.814706
86.787371 8.357511 19.827259
76.248482 10.889030 24.614583
19.912662 81.654496 25.806046
23.701617 44.204341 17.837744
24.923656 81.037835 26.193281
37.113228 53.842938 16.598585
45.511576 38.627774 16.162179
6.610848 47.406645 17.886278
76.944442 3.710576 22.729867
42.482848 6.020221 16.500244
20.059770 59.338562 25.221152
32.799381 20.395253 18.085974
24.774020 71.504181 15.019218
88.747656 9.106564 18.098456
40.438954 41.821233 21.670702
45.896696 63.031218 16.587996
87.433786 78.442247 24.848049
16.504561 66.976315 16.023562
55.807991 0.459569 22.631624
58.403882 58.690711 23.433462
75.394800 9.794296 21.891225
35.126993 64.438330 23.744620
25.531001 72.801303 17.434402
27.096311 80.603645 24.845658
86.648155 89.041894 16.763721
63.404758 99.120899 25.850925
74.367225 80.613375 23.847364
0.112223 92.046286 18.409698
37.939448 87.552685 17.574886
10.037393 19.810644 17.701618
80.140528 27.373584 21.541666
43.296793 39.311440 22.844611
3.690577 41.561270 15.473192
89.769106 61.110334 25.945156
59.297660 84.145705 15.948039
55.847291 54.062297 17.377824
47.633893 47.677617 15.117523
90.997428 39.452259 22.767518
22.476073 39.251156 25.515348
8.894311 57.083518 25.828470
87.788686 83.960069 24.105057
52.483410 65.944405 23.420913
28.320906 41.910751 19.896992
52.103306 60.320963 21.990016
3.405364 66.704103 22.883790
53.539743 50.210530 18.781317
29.399045 51.502439 21.082331
93.983095 14.408969 26.094680
91.179362 61.999454 18.072644
60.393620 49.911259 20.444817
37.905302 20.328896 21.294912
58.897450 10.644692 24.586444
42.370562 93.608785 25.040637
61.220540 59.639253 15.806436
20.342141 42.332145 22.269968
66.600074 48.332617 20.679189
11.495534 27.971947 20.788441
33.363251 59.711343 19.117716
17.539688 18.530231 17.770678
5.952673 57.552704 16.786130
90.279286 14.242937 19.373436
34.127168 4.815485 16.868987
60.620327 6.625812 18.035683
97.288584 98.135196 21.210977
26.613777 48.588220 21.626313
81.260185 42.752420 22.328701
90.447583 77.194414 21.533863
68.096021 18.911200 15.376057
21.968797 71.657403 20.656250
90.464591 58.403878 17.971991
5.051006 51.996719 23.232465
46.923780 85.266666 22.201611
41.256693 8.056894 23.076989
70.777695 28.406626 16.822941
68.357329 35.433036 18.140827
89.426754 54.770676 15.997459
3.426404 97.312801 15.955457
75.468279 56.226520 24.351955
28.504752 80.934831 19.066830
87.401373 84.901093 15.724876
87.894203 59.709973 15.665137
9.042570 9.477879 21.652678
42.363860 9.613136 19.331278
90.603902 27.359955 18.253874
1.329581 3.656335 15.778491
53.301491 11.733530 19.508955
65.077386 99.470278 17.695956
80.808005 88.335866 16.689300
7.155569 72.219110 23.238968
19.887941 75.288082 24.998806
63.998368 37.417203 18.421735
24.328549 37.356490 24.679799
33.184135 8.588738 23.653077
34.607118 96.646467 15.013827
98.877782 19.125956 15.199500
99.003020 41.210396 24.613504
12.166432 41.879924 23.533260
18.969155 49.253348 22.227622
89.820285 90.333405 20.512924
15.360845 30.622698 18.801369
43.188571 63.818687 22.228701
24.276698 17.660462 21.915556
58.108116 61.650043 23.446286
5.439128 60.736670 20.158607
71.126588 39.154556 20.121891
90.522463 19.251103 16.204664
88.104523 30.110944 18.070286
85.644192 3.403840 23.521018
25.626273 0.948087 16.140585
48.361616 44.785783 25.133145
60.229863 24.215021 16.290000
2.569213 94.766025 16.624593
33.811508 4.126139 17.239843
39.594505 7.611965 19.721417
18.361309 73.584439 25.691752
42.984038 99.710875 21.165572
46.708042 73.222533 15.950340
45.042096 8.183715 23.780349
58.324786 90.395202 20.933613
7.308841 53.037703 15.534303
53.463958 3.205167 23.138383
17.379501 80.958465 18.843975
45.733853 30.179990 16.390610
7.502037 56.733683 21.882404
11.006392 84.739951 23.391395
91.311144 94.284587 25.430361
51.529165 44.556484 15.223803
41.594223 92.167345 15.847127
31.375585 89.244493 26.221406
4.322553 28.755327 21.442684
69.685954 38.821126 23.263401
92.326189 41.911502 23.583446
0.107717 49.028886 21.027034
27.320184 90.607728 17.584079
14.110464 11.274509 21.744025
61.928640 44.869571 19.556695
95.697460 99.187459 25.042648
49.227270 87.033999 16.909997
31.181325 54.031839 24.521288
21.890373 99.762780 21.362995
81.055389 5.559869 21.949541
78.199806 56.527257 17.632944
42.765349 35.357069 17.557277
34.556378 72.082120 21.371637
96.486735 15.867057 23.586281
11.751836 39.995585 23.945106
65.549328 85.660466 19.234077
15.170513 67.401620 19.995411
80.169838 13.730859 22.750403
36.893988 9.199007 25.058480
83.829096 88.312573 17.011894
45.501226 2.690267 17.959823
96.523738 20.280289 19.987705
24.080845 78.250586 15.903787
64.730630 83.450787 19.379935
64.040357 74.149091 23.144465
49.201918 39.840593 24.488595
48.557226 48.492282 22.108042
4.772455 80.842509 25.209057
13.557934 56.959296 17.641123
70.174264 15.068198 19.062383
38.760600 24.463076 17.528172
2.612128 52.059027 18.959956
41.839610 29.038091 16.362157
83.270720 19.279530 21.563975
51.218524 97.927007 17.243634
64.193363 96.477200 23.909596
38.085849 93.489177 25.230067
13.294084 83.687852 21.469916
75.123066 5.206345 23.704062
43.211543 46.620401 26.151068
95.412149 10.768948 23.082269
85.030062 90.683962 24.484349
97.010690 76.600002 24.420867
81.891184 93.627364 21.148584
98.149917 54.423553 20.220962
0.308963 79.369254 24.309285
71.826194 74.865048 25.048867
78.633857 20.194866 23.838293
56.047345 38.151832 16.771583
98.393042 91.034072 21.913305
40.668913 41.940631 24.893455
1.472357 83.045734 20.933773
26.527591 27.434578 16.631788
15.995734 59.898338 17.233411
71.079325 8.395665 24.968561
93.686959 99.658711 18.626135
41.986968 56.461602 18.603653
89.714961 18.563474 24.176742
41.470261 37.679359 24.743154
36.339572 79.588679 25.592067
63.500078 71.211573 19.924840
13.345173 33.380408 23.270985
4.233044 58.442721 16.293045
73.050968 88.369947 25.069515
58.246101 61.103576 17.472960
11.732616 5.608524 16.292747
48.737051 7.540774 24.394283
35.363684 82.605053 17.831975
37.172711 98.122952 25.711467
10.111509 3.379693 25.031229
71.974658 2.212428 15.053325
68.235990 48.950058 19.796223
45.070569 71.950314 15.881531
58.520022 85.446987 23.980796
8.669275 12.630212 24.731698
90.736171 83.263133 20.081736
30.932400 66.631452 21.002747
22.173408 43.542101 15.987757
43.164192 97.860975 25.353649
86.079629 72.329556 23.803502
76.089689 14.391139 24.472859
48.006264 16.216518 18.058902
57.417495 68.331816 23.291553
44.622332 60.664049 24.592518
50.053431 39.130321 22.074456
15.336363 77.935011 24.580290
27.230553 31.197348 24.130341
54.994535 82.463416 19.922624
10.447324 28.068619 15.911190
62.266815 23.229865 20.822189
69.848244 17.795718 19.021226
54.587616 4.505904 22.638582
44.634240 29.063503 24.683625
92.473937 49.845325 17.408806
1.647655 59.296837 24.498317
94.187593 44.198137 19.936140
22.492520 49.891174 15.370466