13.750736 61.182475 24.799836
59.750657 50.203777 22.485096
94.793112 69.686538 24.711349
84.588792 36.217020 25.103247
39.542649 69.110250 22.954202
88.831261 20.291214 17.983755
53.392205 79.796203 25.031795
16.761789 78.604281 25.234536
81.877496 83.854137 25.119876
36.091822 0.014192 24.181522
74.536008 66.362055 22.347532
2.666655 46.160318 21.394119
17.774516 29.127303 20.605365
17.633673 17.592334 18.181335
51.625525 0.992363 15.531957
81.748231 19.713644 22.399167
46.342266 82.130738 23.189932
21.368320 23.662325 21.447039
17.420492 20.369934 17.521427
28.829351 89.804429 17.341300
33.819682 39.698046 22.910334
59.310509 61.303971 16.638300
86.926897 99.145137 25.075959
23.050009 30.163742 24.779470
36.967882 93.085356 23.546225
36.175949 84.482197 18.015390
36.470797 44.993712 20.717215
95.505035 0.248345 25.170369
48.426058 43.763077 21.159305
96.921565 89.924711 23.587378
95.505389 96.973014 21.213991
18.355133 56.897041 25.796351
93.916467 6.755880 21.385647
78.978239 68.900293 15.765548
54.252502 17.117605 24.476046
77.289408 24.450421 17.313411
78.872348 15.821195 15.719653
97.407380 13.583059 24.657629
98.972563 56.789144 18.482036
88.304492 78.191629 20.024169
50.426941 84.903615 18.429271
26.794936 7.214877 21.088068
79.020695 70.001633 16.131491
3.471501 3.594639 16.464691
18.765120 21.907621 25.316313
18.934535 9.884515 20.778556
42.324253 81.327552 17.655624
80.880457 94.163096 20.331182
50.835303 33.417376 22.570138
63.371481 76.314078 18.341213
79.806872 37.761042 24.112932
3.164615 7.200135 19.388240
27.050231 83.602544 18.303512
84.785809 19.588245 22.923887
87.632865 65.041109 18.636167
84.189445 39.235020 17.658247
17.444341 13.523712 24.594964
60.782569 83.182409 22.387834
15.267951 13.099508 25.360509
82.482225 15.545677 21.482959
66.362415 90.710194 23.978420
26.920667 87.929070 21.700946
96.510348 57.203910 21.657327
24.158061 57.980976 22.068680
24.807217 98.833885 19.275960
99.515397 7.435922 23.201344
28.941650 15.200684 22.171722
36.517634 97.597272 21.884443
35.736195 77.176353 20.645070
24.403482 36.282765 20.165154
62.062988 32.336374 21.093792
5.512910 13.805872 16.441861
24.007340 16.297754 16.458030
92.528963 91.154281 24.738982
29.520829 2.601139 18.826982
72.093267 60.667490 18.926857
58.875884 62.759683 16.035464
61.306021 76.659676 20.781611
57.935385 97.390452 20.570479
48.007453 19.174895 26.009903
32.630954 24.396795 15.430720
18.281604 3.996864 15.882245
93.831359 34.518234 22.492552
38.900996 30.494829 18.405268
38.510466 29.786717 17.581079
23.451614 39.167741 21.492602
93.296383 14.519364 22.119006
80.978785 72.169410 21.403023
85.528997 51.715289 16.511320
84.970776 30.421465 25.004747
95.853305 48.658528 24.496348
43.698218 11.762232 19.299271
46.332852 29.361648 22.515056
47.089710 77.520521 25.652599
71.044925 42.700682 17.418231
57.906070 38.946364 23.086694
89.216303 35.197716 16.376945
6.244695 69.827910 20.979495
82.416931 9.417031 20.219070
88.253556 68.620996 21.917612
88.777886 82.469269 20.422644
6.605183 6.037946 19.462031
14.928842 36.970612 25.158837
82.580468 29.002515 20.099371
5.994581 36.832705 17.626397
48.006633 12.080860 21.374271
25.553196 56.729944 18.812072
53.340133 91.996751 20.869808
82.509203 90.834965 16.320023
59.177284 52.525097 15.807383
92.714278 47.314130 16.522703
50.722640 16.060313 25.067383
80.742909 5.690959 15.480653
72.306868 86.410285 20.401551
90.152074 74.949352 15.702137
42.925688 99.913552 24.007186
77.951043 68.563458 21.725674
10.580190 91.306802 24.145964
53.003792 29.373924 22.589434
95.412797 34.447822 26.077409
60.668753 42.609121 18.903327
7.821398 68.216331 25.495331
2.805783 74.079437 25.785958
99.762713 4.222068 24.336670
49.712523 68.082948 23.897614
39.725073 62.619260 23.809785
79.665328 98.212441 22.964910
66.416941 22.659114 17.621247
7.755835 76.881930 16.377543
77.056650 47.778103 26.122293
74.700534 58.720554 23.904134
13.626382 30.840985 24.566397
47.733721 26.320542 17.539206
89.263937 26.380041 22.512539
65.567127 91.500710 23.954426
4.703496 78.082172 18.412315
50.360669 55.144375 20.122155
60.006435 36.912993 18.742109
70.334344 11.908031 25.698444
46.761620 21.702819 18.056870
52.916602 27.390221 15.890025
20.183233 90.633187 15.559451
76.443663 87.497761 22.956344
32.616598 68.200389 23.736253
83.605997 72.157639 16.585145
51.181563 48.646136 20.575379
30.730493 85.031205 20.330322
49.721635 20.831516 20.612484
87.316390 98.489441 16.565586
47.722536 43.978469 19.879428
79.844119 78.008479 22.146699
60.792274 68.242131 21.345974
58.817251 38.303803 19.512841
53.359773 91.582743 15.435469
76.315049 68.348209 16.200120
97.358498 48.299483 23.787337
9.726503 24.908315 21.185010
45.495109 61.384942 17.750748
90.604988 47.457756 19.948375
22.378717 44.285301 16.275487
92.222377 4.353334 20.382143
31.249252 5.782743 25.151971
55.593283 94.121616 19.210065
76.485981 28.268737 15.348664
99.008684 19.814902 26.183861
53.694210 42.620692 26.145361
69.037107 65.989018 25.957792
19.796212 78.028538 17.819680
32.594256 93.562837 19.311001
5.767252 95.307612 21.968662
64.178080 26.251085 16.076845
19.663478 13.574928 15.412619
89.784217 93.112750 19.984896
53.214298 21.351009 21.542478
61.264020 8.908023 19.850898
10.129536 12.814528 25.916608
41.026750 6.046775 20.492695
41.964702 65.765237 22.112992
73.455980 75.173433 19.861962
66.745229 39.758980 18.261235
6.575075 12.803774 18.261742
95.242065 60.855731 19.029681
51.982727 32.723329 17.723817
48.652487 86.945720 24.760494
60.204921 91.635947 21.140899
13.038435 29.059842 26.149202
89.731266 40.208869 19.300601
15.613593 40.459979 17.582992
91.216460 64.735648 19.392019
85.609053 8.846958 21.702873
49.154395 47.021629 21.829304
99.924551 96.117770 19.148041
48.233133 51.902054 22.138611
74.000798 10.809677 25.372146
33.964857 48.640651 25.423458
41.510362 58.328106 19.617007
96.823723 87.864123 24.409678
76.450479 99.737159 24.538685
25.307850 5.942608 21.161845
82.160406 79.638115 16.181627
8.025277 25.808664 15.778779
44.486952 14.862884 16.047285
26.245087 47.388418 16.329555
90.772197 59.141402 22.005988
47.117400 61.271578 20.545324
8.362293 55.231571 17.801982
36.562773 84.514429 20.482757
36.571072 50.098917 15.063843
58.504365 34.378409 22.769315
38.390805 19.963342 18.148915
1.593705 18.374317 15.639853
80.610240 52.021602 24.979911
39.217928 34.769121 21.943503
92.544134 86.158476 16.400016
85.937419 21.000677 15.897821
89.171745 99.863684 23.176391
3.294494 92.742675 19.723609
11.389783 79.979523 18.229261
77.862285 27.809116 22.006064
47.857427 86.658246 20.610591
75.159539 61.811357 18.175124
11.815178 18.592556 21.692380
91.087816 42.776214 18.924304
84.596930 68.377888 16.488805
85.009770 14.830404 20.938737
28.706707 99.961739 25.259446
65.858882 98.693963 19.593330
93.422899 71.333683 23.346297
1.443684 84.187370 16.339923
52.206414 74.993141 21.037601
69.119385 19.544013 25.928061
74.513234 72.431193 24.270268
99.459606 71.596705 19.980064
33.583108 26.523120 23.379104
65.838421 40.675297 24.944247
62.970048 39.083701 18.286130
0.491652 89.218212 25.189111
64.324157 63.135597 16.696351
52.592611 14.351177 21.143009
12.990765 81.719420 24.631465
77.972750 24.011020 16.883338
50.317438 26.173770 17.078116
53.694658 57.277513 25.058803
16.274371 93.378173 23.062234
14.214713 60.018572 23.559619
16.841204 3.415915 21.938095
98.159424 60.987282 24.295304
90.663115 26.178383 17.796869
62.654634 43.742406 16.412843
92.870523 18.057503 18.916593
87.418466 71.942781 15.993744
55.646404 58.164315 19.500129
93.568719 46.075046 19.161549
16.051025 23.405039 16.096846
21.658269 34.180376 20.536886
81.224332 56.537580 23.882486
26.584292 11.785279 25.325650
68.670948 21.800194 26.054687
0.868381 48.285694 20.989134
6.045881 82.467093 25.530369
11.012832 2.542376 15.869519
96.004130 15.265295 24.937992
79.896852 13.897810 15.379037
75.499647 17.423009 21.145876
98.670752 29.319281 21.097926
5.398896 22.065563 19.196881
1.377742 72.407570 15.114605
48.544808 83.133449 17.034407
72.199937 60.556229 17.053276
62.812929 74.322677 22.003160
95.842122 16.240375 21.412113
32.939978 9.376151 25.026446
35.421296 70.221074 17.242312
2.312997 2.555341 21.040872
54.314896 74.613279 15.019837
72.969418 55.482772 19.789217
25.043408 88.027842 19.022834
62.048329 39.947785 18.360974
11.468890 17.744941 24.447821
38.756125 31.257560 18.079909
37.161573 65.008346 20.057170
14.808833 53.960671 24.185784
8.663122 71.726213 15.982884
36.809870 70.296739 25.785064
8.452533 63.012090 16.725833
95.350853 8.696008 22.369499
20.811832 80.842645 19.021274
21.238042 0.880997 25.763709
72.833389 46.657425 24.959300
23.465969 99.683407 17.981588
29.001584 8.823243 23.766596
89.924188 56.975050 22.600803
85.557728 6.734400 20.659519
50.911508 68.729346 16.821389
92.177692 70.763134 23.401574
13.958029 83.980888 22.895481
35.643778 18.354772 24.112217
51.177889 8.207230 17.032041
64.514973 23.167730 16.669249
60.995100 30.138012 22.426309