54.392707 81.612973 21.929899
60.687877 57.143479 24.326299
78.162483 70.426915 21.447743
65.230517 66.126769 25.770171
37.958059 16.739948 23.675614
68.130188 92.310272 17.645063
25.615083 88.404591 20.925868
25.446030 15.365799 22.742281
56.826180 90.515093 26.237467
82.317348 44.794410 19.921699
7.205976 20.813268 17.838649
78.935331 65.818565 16.953982
79.953299 52.415182 17.422070
40.058530 75.768064 15.760007
57.829297 40.024721 16.922787
23.032547 28.161662 18.043227
95.951096 56.867001 18.461436
30.489775 43.113726 26.174517
61.472820 92.206376 17.066429
98.313257 30.711594 20.690758
15.645297 67.684653 18.840455
31.327979 35.092564 23.600470
99.559385 26.371201 16.442556
86.427396 68.574953 18.784948
44.837151 28.755972 15.677853
79.527048 73.030689 16.365418
4.399142 94.192236 17.219035
46.008818 98.588838 20.250057
4.654213 86.556008 24.036971
31.091389 23.156818 19.897189
18.526058 43.507299 23.439777
56.937512 12.166496 20.942513
28.701238 38.078085 17.074164
54.670716 62.282440 19.648424
47.774091 31.989384 18.435044
85.614592 64.786291 25.077926
30.284453 60.976147 20.080072
14.303866 46.534651 17.729799
5.009977 59.706506 25.970655
32.907707 97.238549 17.946719
55.334014 22.040114 23.234484
90.763874 68.649708 25.841681
18.465787 8.417895 22.079046
46.248272 83.559736 19.511666
95.722926 32.226767 21.923274
15.408560 45.044326 17.886055
67.915593 62.828007 21.973007
51.416162 6.236729 26.143724
87.245110 77.644465 21.576846
38.893887 89.511650 25.766825
89.826095 48.652466 22.808079
53.794207 75.126871 19.912557
31.440262 63.489976 26.013971
0.279584 90.074738 16.735596
51.137354 37.584393 23.303438
79.046825 80.462921 17.126051
38.008343 88.366194 15.882012
3.681585 51.924961 16.469659
17.399142 31.223854 15.777833
80.765105 47.483223 21.259081
96.417244 10.747018 17.051006
20.880093 30.324975 19.504281
3.634723 64.592403 21.580364
8.964394 28.005396 19.330349
67.123314 15.144011 24.026808
63.818764 16.295261 22.207260
84.466128 0.609642 19.697833
5.537958 82.878570 18.305628
62.408627 64.071636 20.866072
46.954298 72.037326 22.006114
34.399285 2.436165 17.892755
24.025200 43.659440 15.140198
31.554918 81.527145 16.169532
66.207360 64.566683 23.088947
76.636103 48.554663 21.625273
8.987900 67.507301 24.969924
85.166458 43.719685 20.246662
8.842870 8.432321 23.556641
76.421769 13.050924 22.977178
97.984183 58.004599 21.024885
35.105833 44.516067 16.631832
72.453231 56.835848 21.993874
82.655976 65.008723 25.237572
58.821734 97.882851 25.574832
97.905076 2.437724 15.901517
95.529226 78.724009 16.269956
34.723426 82.382457 23.199009
60.926520 75.847458 23.774026
59.883018 62.325448 21.737819
21.685597 96.182626 20.515867
95.230572 19.510420 20.940416
99.781444 64.622301 19.469695
70.726098 34.956695 16.557440
7.584787 59.685318 23.555227
22.934142 58.728234 20.056655
1.893279 43.893650 19.038242
11.919828 2.970753 25.983932
30.868112 30.949186 16.393139
27.469359 30.573792 22.631232
96.318324 59.444021 22.208934
41.590627 19.189124 15.066484
93.941588 17.389443 18.855177
9.897447 80.311429 19.129665
48.356447 83.400067 23.024886
65.895196 13.725211 24.760844
19.585743 55.865303 15.282318
34.020379 58.391181 17.012232
45.848100 95.929238 21.381636
65.025250 51.503820 21.997138
58.702952 13.929669 15.824348
28.299112 59.848492 20.672841
24.887102 62.632268 23.644373
76.002520 97.981579 24.185522
14.567949 65.112802 16.331570
36.993605 45.533371 23.213810
85.490180 52.393015 19.564212
62.180268 41.486565 15.599465
99.761233 1.035432 24.089514
91.137689 6.030900 22.697786
12.250315 47.248198 23.300612
45.711524 39.387642 26.042563
15.811029 5.338256 20.834066
18.707270 33.004923 17.809462
71.484468 58.133289 23.641419
27.232880 91.436563 15.283409
28.110119 55.538193 23.436260
93.925811 90.854071 26.104966
81.295492 36.337461 18.001958
8.500084 4.529349 22.757911
14.034960 30.360291 19.379881
22.198899 11.206021 22.411092
84.491076 64.817375 25.970010
83.073273 54.688621 21.647563
37.087777 35.868856 17.581515
17.314797 76.590896 20.176239
45.310963 28.689584 15.714829
18.407213 30.250841 22.874240
21.844038 21.233488 16.046584
82.882283 50.954294 20.770162
39.535758 85.453456 18.461139
82.271122 79.668581 24.791037
54.766261 66.786909 22.204775
86.217062 87.345634 22.796595
26.727995 86.062463 17.459407
10.387210 26.745689 23.782689
43.415107 33.976407 18.784754
64.117003 12.294897 25.625260
77.750969 10.322295 24.992479
94.395574 25.491440 23.859057
99.176310 61.432613 21.752931
56.938564 18.577359 18.247856
30.288304 9.272382 17.308127
85.490070 4.652560 16.874055
53.396523 94.289667 15.118260
11.008229 51.358144 15.282879
6.069805 92.669583 17.783769
97.758396 18.448176 16.118116
91.257549 91.310665 18.571449
61.265790 28.578804 25.850074
9.731409 78.993600 18.391440
28.217149 55.313497 18.374879
31.291481 64.205309 15.675154
63.255039 13.610889 15.106273
50.840715 81.607894 15.944573
13.657490 14.836476 20.928650
86.420818 0.260886 26.194513
90.141508 5.146243 20.421926
2.552508 64.854411 21.225253
40.016892 3.650378 24.665687
65.496087 25.742702 24.248936
96.861199 63.608023 23.658077
69.886105 61.647082 26.123770
57.091108 74.874147 21.430229
89.385364 30.127069 20.754622
2.620621 28.227283 16.442960
56.774212 37.305413 18.549242
49.741110 39.675154 19.382283
69.947490 77.374075 25.910586
16.679033 69.038037 24.636570
24.555380 89.581706 22.497937
72.632003 37.237568 20.582773
77.653693 91.192450 15.963322
50.137086 18.834947 23.627145
42.671914 46.823296 20.870644
74.075631 20.339056 17.849042
55.219285 77.718451 21.906830
56.134120 70.608457 18.340697
14.262485 46.055871 24.491035
36.609890 36.080607 25.004610
44.456612 79.930648 25.729353
58.786656 61.148260 25.279302
62.086318 35.842513 20.119790
14.218617 43.426751 15.291247
67.775611 42.432623 23.984621
92.664740 53.049682 21.336455
73.952010 83.454269 24.157476
67.051211 90.754474 26.000973
34.826815 59.287896 25.061718
75.260090 85.913615 22.719249
98.018039 96.390686 17.936509
37.350135 78.464591 20.578611
57.274230 28.638668 18.272400
82.548259 50.603236 22.131094
88.197827 63.868742 16.835481
73.827954 22.926014 21.577694
9.547020 57.424895 23.441331
16.358484 13.053428 16.063582
7.725142 40.874153 19.674022
39.048364 54.087008 20.873294
73.760785 87.714206 16.606198
26.045235 70.379287 24.340140
92.651005 48.152987 16.863439
91.567806 31.933793 15.767589
94.456691 39.570983 22.818692
47.262930 60.719416 25.079667
16.637275 18.402552 23.340344
14.681347 28.412579 18.388451
90.222796 94.979358 15.924511
40.429211 34.288579 25.238454
10.160427 52.705446 15.940296
42.788290 20.707507 15.494027
75.469797 8.913546 17.285423
21.940980 68.560361 22.553981
9.476242 34.806159 18.553784
55.560530 56.948793 15.812855
85.967523 50.059853 23.385339
28.853229 77.888045 24.094051
27.622976 40.147077 17.808961
40.852963 29.256035 22.882887
44.884967 43.412628 17.177230
41.414061 41.029932 24.457833
18.777149 78.890110 18.337548
58.358700 85.685724 23.756479
31.042372 29.829245 21.571316
90.753879 44.709404 19.285102
28.873989 76.809026 25.614047
48.486326 90.779447 21.938271
73.084323 48.498230 24.305206
87.953350 74.943775 18.005866
26.910001 75.869022 15.168307
43.100758 25.136801 18.372686
66.105805 18.557712 17.310867
56.968136 22.481795 22.557606
37.730899 38.779476 22.964294
35.774666 49.076315 19.441545
22.435395 72.733119 20.020296
46.943840 8.346890 19.413567
5.578900 26.993386 19.945519
87.904150 74.200590 23.448756
53.935505 44.731446 15.286896
50.813089 23.804481 16.872461
13.523523 78.827878 16.634901
95.052575 98.800588 16.546095
23.372124 28.668842 15.976760
29.971704 26.253145 15.486793
61.101635 41.373012 23.673862
3.367676 67.734625 23.877903
32.369621 8.053237 23.919023
91.773179 9.139992 16.044356
34.571563 78.091057 20.684115
18.485019 30.542424 20.710018
39.359975 24.392915 20.392120
90.128257 36.746564 17.026740
7.435206 0.500303 20.150729
70.597614 82.826800 25.102629
77.841555 84.479713 25.292357
45.749449 6.778533 17.268827
42.414146 17.279170 16.875363
31.869094 12.980412 21.582147
47.332146 4.403762 17.002584
52.485545 14.386651 24.311783
38.873688 14.595106 24.023050
59.163494 31.273324 21.477641
12.179346 62.088103 25.440633
7.131685 30.601481 25.524964
99.603069 12.791090 19.308678
83.631756 12.007587 23.581663
67.586925 97.740999 21.072165
88.583291 98.925469 15.997780
94.850031 73.441627 25.271876
28.088375 68.300720 15.959120
85.554850 86.512359 15.910827
12.790733 16.882361 19.285080
0.210805 72.223449 23.650177
81.716058 53.293550 24.589322
80.749118 4.859246 25.763617
28.828251 35.894615 22.700929
72.419080 57.262334 21.713253
36.783443 12.491699 20.217300
34.104331 36.166149 20.164427
35.507481 84.810796 21.100510
81.925333 83.402488 25.102615
1.320654 46.732740 23.837881
46.645212 43.055656 18.646496
2.074827 94.774469 23.102483
59.797801 15.797846 15.344660
63.136069 17.514499 22.013707
86.065658 48.979606 18.915764
65.818368 35.659149 15.258501
15.795759 97.509036 24.009339