17.274975 51.263656 17.758096
94.838066 15.116698 25.335148
11.436742 29.747111 20.085631
10.831399 49.423072 15.642322
5.143462 10.773394 16.883213
88.429496 64.494198 19.242352
1.059330 94.764702 23.833112
86.256139 67.999727 16.973374
87.665856 63.586916 23.909289
83.496102 72.077625 17.411920
11.736610 74.038025 18.640851
88.925566 5.441647 18.596115
89.506706 79.434169 15.019398
9.741442 11.092175 21.210357
0.037612 69.887267 24.413073
89.089016 88.897955 24.265356
78.783543 34.505728 25.331426
84.295245 88.693044 20.707054
68.966679 86.531289 18.708984
49.356793 56.799840 15.608991
74.123540 27.871988 18.257973
7.207707 27.901174 19.948461
61.156063 69.420693 24.772977
72.598553 10.925706 15.677329
91.839229 5.037263 15.079794
9.430269 91.623463 17.726548
92.230218 11.922501 16.543166
12.437107 77.906609 17.475115
41.189326 61.924396 20.219887
56.231713 11.297228 21.871173
87.803209 82.875108 18.663713
34.236323 73.664762 17.049416
32.080892 38.277208 22.599722
50.297772 82.573974 24.558516
13.810202 59.332346 16.164823
24.014756 79.658511 16.375447
39.136958 2.999025 23.800051
27.283262 48.304558 24.032688
88.089039 30.778092 23.179863
18.258873 83.284895 25.573810
77.652300 52.320772 20.929703
82.321257 16.303200 21.927561
40.616150 13.281970 16.116255
11.809056 80.038755 21.345852
96.305822 8.365095 25.714788
47.443920 37.361494 25.100199
16.813195 30.331011 16.183062
31.418987 54.148729 24.847292
89.302077 0.310893 17.683178
20.832461 82.752853 25.845981
85.692113 4.511646 19.687500
10.122389 33.153038 20.468529
51.481480 16.603724 23.290831
54.053425 88.165071 15.881032
14.129619 93.153804 21.639535
70.381836 38.033110 15.823179
33.063639 66.461702 24.828423
51.675599 73.777458 23.821994
88.839446 82.704403 16.005992
79.305894 29.532844 24.333539
42.117050 94.402213 17.129693
0.000456 73.679112 22.900641
41.356151 67.060008 23.867957
12.481738 89.538379 23.392197
27.118540 98.994413 21.512854
61.890470 45.481549 19.372040
21.825529 75.125291 22.335221
92.846351 22.024262 21.293871
59.237303 84.434274 22.379474
25.023166 29.331018 23.421481
40.739871 76.923876 16.447270
36.595789 36.845971 23.720577
42.079213 95.216133 26.216821
27.809772 72.470674 20.704117
5.193785 92.654452 19.939438
94.140195 23.683727 15.064120
53.329311 68.354591 20.188481
15.504485 77.607476 24.459163
21.377091 5.883432 17.401613
56.473672 1.779282 23.119568
18.811726 12.849984 15.238552
41.189106 42.585174 19.878683
36.540134 64.140850 21.793848
78.833230 73.400846 24.645717
89.959780 23.547681 25.330208
99.146635 87.836736 21.216547
90.403879 22.583205 18.301446
45.063480 11.135162 25.122639
70.064839 34.349192 24.625334
57.767380 52.581270 21.088493
36.449619 96.037570 20.567484
10.055101 26.981762 25.250032
27.600841 25.529439 25.239704
35.467008 96.052316 23.181944
5.714786 34.727843 22.229955
82.722223 68.690784 21.902502
23.288235 98.992536 24.947978
45.060859 26.782437 20.485878
75.894411 67.205163 23.637580
12.430876 66.996094 23.616339
23.362246 50.151594 22.090310
3.928842 7.389086 18.241664
79.794219 86.562875 15.889308
3.795104 30.056799 24.436506
96.450353 49.656398 16.860725
43.844223 63.465722 18.255147
17.737693 91.513072 17.260571
76.616300 18.077294 25.715563
21.086625 29.500633 24.530164
85.179109 83.330452 20.878481
54.230391 78.061521 17.232420
60.382900 6.308330 17.215175
81.001632 5.194621 21.728540
9.606255 41.625215 20.263148
97.536969 75.488944 21.471925
10.507299 90.120277 23.274665
19.665174 81.254766 22.298230
45.212242 32.191671 18.151433
66.513516 88.791604 16.467452
22.380027 80.221136 21.670238
91.011872 61.125186 25.000470
32.652347 31.306483 19.287587
50.152624 50.514600 20.859713
70.275233 66.514451 17.309286
78.919005 67.495628 21.481620
45.848706 11.688235 19.666389
49.396085 24.357147 16.643832
42.048146 41.462647 23.060947
78.117828 17.802323 23.432373
29.083196 15.728425 25.872074
58.024182 56.845440 19.613008
7.192967 91.757573 17.453019
21.075478 96.238844 17.859097
12.205504 95.479409 20.030112
51.051863 36.390672 22.583797
21.572183 72.977677 23.506736
8.557946 22.325579 19.883410
87.450873 49.529299 16.101406
80.538185 14.550846 20.338674
31.313274 76.115671 23.442186
4.184414 75.625764 26.034116
20.758100 19.751729 21.962377
50.847294 16.669582 22.564325
37.391022 92.949874 19.889721
28.496160 41.209435 22.083865
92.061055 23.833289 23.324216
73.958472 31.196685 26.170395
29.723942 66.783404 16.616748
54.491457 57.072751 23.786490
57.751749 98.297552 25.861021
31.712277 40.453424 25.838494
60.911775 27.206755 17.030826
50.255901 99.923062 18.902552
82.964796 38.068371 24.894146
18.387176 62.637676 18.529149
18.797579 80.968412 21.083840
98.443603 51.525142 23.219074
78.254471 62.996179 22.439997
44.851262 66.737318 15.936410
35.358222 17.850943 16.551829
95.795938 30.580162 15.318281
9.338601 79.671436 19.562982
51.176179 7.963099 15.239541
89.696290 90.534727 22.409110
2.824479 24.308584 22.124859
56.435884 68.229885 22.688427
76.113513 62.364053 18.943092
98.923310 25.747344 16.208652
18.574444 78.601212 21.229793
1.689533 55.069719 16.110189
56.084694 95.254461 21.802622
87.534119 81.666712 17.282325
40.017867 17.584697 21.964784
90.040803 54.518774 20.002142
2.710668 81.122842 21.192989
86.496419 0.525045 17.652420
86.542310 48.210521 17.181578
38.048633 92.339158 15.284828
14.050171 85.560821 20.491639
9.740543 97.359521 23.023675
55.133108 39.257431 22.623564
41.771964 60.859113 23.372034
20.468746 53.976430 17.392421
59.454537 22.332437 19.270943
8.154791 92.189024 24.358637
66.215852 88.748110 17.684403
39.053974 82.202987 15.478663
12.494905 49.496256 17.072124
10.044100 33.068196 24.583729
61.781201 14.230481 15.337080
54.526823 55.562206 20.223258
40.944181 40.720771 17.166647
53.140234 70.545643 25.276186
19.627024 71.494964 22.901363
79.426188 81.208377 16.822134
65.164571 38.430027 21.306462
12.940220 62.967015 16.668715
11.058822 33.704297 23.459443
13.979881 17.799903 21.331870
43.360901 26.071605 24.379289
32.205248 31.870716 23.004937
43.149905 81.933972 15.134561
60.429908 59.012759 22.905721
90.822021 46.491208 21.635219
16.192283 14.576106 15.237772
0.053390 97.446443 25.652524
73.425864 50.597392 23.146153
93.372315 49.726654 20.171446
38.796075 64.195777 18.896613
92.632022 24.935405 18.540685
33.866493 56.168721 17.595228
98.108707 42.551548 17.069535
86.495112 19.567271 21.965864
90.098988 53.823552 18.282017
60.695391 38.384859 19.711346
47.499516 17.958161 22.926516
51.389857 2.514434 19.483802
93.000773 33.274320 22.872561
89.605387 71.974472 22.000476
83.369014 32.165277 23.895553
9.057443 48.892948 24.646193
74.191824 78.322573 22.723148
31.474454 91.875556 19.698912
54.165572 43.255026 16.817897
46.714017 2.492919 16.231110
58.069598 57.493716 18.955150
98.419394 22.881911 19.945055
4.049112 73.901672 22.462296
64.684355 67.882817 17.499224
89.822099 26.360014 16.638492
15.861495 41.245527 22.075640
91.621678 35.202381 18.056676
60.790413 24.670111 24.950656
85.951453 4.865388 23.134807
42.280879 47.533133 25.738205
89.657366 27.349730 25.336747
67.592784 86.948331 22.993291
68.896956 6.482010 25.654367
55.416260 19.511570 15.191085
72.716038 82.316744 21.518884
52.329992 4.260417 25.478083
54.643382 55.270121 20.985656
1.393559 45.272080 16.060658
27.599770 14.634047 21.341762
42.316265 13.658193 16.581320
63.257264 1.393602 24.935487
88.712398 2.454847 25.447706
6.723499 31.766824 21.660933
37.841396 31.318491 23.110697
85.073398 92.584723 24.456443
1.334031 92.936535 15.408242
17.383252 7.277548 24.912282
15.331239 4.115754 24.435372
51.734138 38.491233 24.096622
16.330660 10.253813 26.178943
98.268455 26.176108 23.082087
99.080542 43.279463 24.877267
23.017364 37.197188 24.449195
16.374194 88.153261 25.914165
56.722084 79.522652 26.055995
90.866773 50.308178 22.643432
22.639421 2.795891 21.737691
94.734574 66.211072 25.578601
0.876677 29.698107 17.902190
72.221341 5.888396 21.375025
33.629450 0.207655 24.829892
37.091973 15.566576 25.657122
47.540960 75.593758 24.186821
33.696235 74.081537 16.785625
88.564651 83.097070 23.319007
97.246134 65.995685 15.283360
92.642994 33.308243 22.645781
9.289645 76.366499 26.235685
14.777841 25.892758 24.493494
70.175823 14.661825 21.654182
18.493955 88.965265 25.760595
91.069530 27.085704 25.282061
19.582489 18.844862 15.986776
70.213226 48.398191 15.823630
8.694452 13.015509 20.261250
63.578510 66.621025 17.219827
25.762419 62.807103 25.009139
15.555488 44.286682 24.612653
21.197597 33.367148 16.099805
16.203355 15.400594 19.560733
16.541761 59.167334 25.231402
12.160312 85.331282 23.207425
93.457249 69.025784 24.439985
10.399799 96.462169 19.631357
49.639199 75.244930 21.048351
66.963608 29.131832 24.862022
2.872713 38.952568 16.274628
22.875710 53.102558 20.605624
70.876648 25.160773 18.423514
40.238351 58.641431 25.351790
72.806328 32.726798 18.912859
80.297597 73.831959 25.699497
63.847126 16.482911 19.142255
95.443460 42.215399 19.703047
27.887622 61.574306 16.087718
15.333022 17.459984 15.716428
94.615112 80.005773 25.495847
62.105681 48.346613 23.621048
36.931233 79.511498 24.638150
65.581217 56.379192 24.524303
87.267545 9.029773 18.808556
9.161911 41.489065 22.871633
46.411978 2.019570 16.885020
3.059801 92.846373 19.509454
10.280453 35.043122 18.852605
41.949282 84.073620 16.266805
99.651340 57.931950 23.642616
10.409434 90.941604 20.318259
87.148044 95.534279 19.244553
7.097672 48.906885 23.698506
97.986345 94.310634 22.762429
13.749516 9.776974 18.269781
62.232996 3.453034 18.456972
39.172432 54.232081 25.718931
36.719985 12.230744 19.013654
45.594883 44.468253 17.856166
42.179105 68.590795 23.276040
81.903813 99.502909 20.936811
1.681832 66.838355 15.852739
77.904675 30.965581 16.317305
9.822675 71.194927 21.448877
72.893060 69.144266 25.624260
10.678530 77.840912 25.238777
83.885823 79.370332 17.986012
21.390281 53.761269 19.447867
88.148561 5.718575 15.894343
16.359213 50.328711 21.945835
5.173207 41.927511 16.500045
31.139934 48.985736 17.663741
63.854164 14.871582 17.939251
18.317621 99.384496 25.392677
28.106610 9.862522 19.842329
17.641314 25.278657 15.155243
63.307746 2.301214 15.964676
0.840192 1.112090 16.201464
70.247598 18.134769 19.337120
96.432750 87.941300 21.396483
32.306459 68.122574 22.371481
58.777247 14.116614 20.579295
39.428304 7.042513 16.395374
79.193287 59.918795 17.396719
79.021655 80.168258 23.240950
53.689759 71.541442 24.151720
59.824852 48.918148 16.763230
8.374558 34.772236 22.014168