85.635692 15.109746 25.216406
73.474873 41.824044 21.865913
36.013426 51.488809 16.533519
28.867728 85.064148 16.213027
30.926986 95.013118 21.350860
24.716977 61.327123 21.753087
99.117351 68.789183 20.080160
86.197013 7.818184 21.168340
53.913397 78.687733 22.771018
15.588817 91.588232 24.254553
55.601551 76.978547 15.655145
66.827756 34.111583 24.767362
60.098241 34.568370 21.666443
87.816586 31.689889 24.366170
26.188084 1.997534 18.984130
15.102778 71.984722 25.686097
74.753488 25.218099 17.923044
79.962910 91.037153 20.840613
66.776755 6.078460 16.204772
35.064837 54.945904 21.796677
19.829436 15.610474 19.065981
2.536751 73.296833 24.436480
48.341486 4.524163 18.837692
51.886567 14.230609 23.238616
75.608387 87.924909 21.148367
56.900023 98.750558 26.021513
28.617943 47.606055 22.444033
75.612983 94.129304 17.026408
98.423228 76.461150 25.536540
43.762411 45.494801 23.565148
94.111512 23.698704 19.867870
40.034278 93.331461 24.027578
48.860360 81.313656 22.799548
78.086959 19.634498 18.003914
10.698821 65.344965 15.333464
76.367551 30.339354 16.967849
28.845924 13.814669 24.601710
33.117745 49.328263 25.549837
16.661508 78.327161 23.381229
73.104691 0.607774 23.081879
88.076263 78.826665 23.477003
58.302635 95.154986 18.413739
54.380102 58.903659 26.164058
88.928556 10.575762 21.177979
49.030644 80.264258 15.873387
45.541934 51.485561 19.098970
58.882186 77.560551 15.123460
26.924892 35.949354 23.333842
63.770737 50.742916 19.518365
74.741827 85.224603 22.658335
9.485899 50.635568 24.704237
72.611760 31.438474 19.677789
88.631091 39.588563 15.153584
59.373108 84.917599 20.498545
12.770397 12.823919 16.744324
33.917539 87.155888 25.330656
80.357944 1.203703 24.111620
34.300193 29.669992 21.430390
67.300394 73.286159 15.645422
4.480057 42.057691 23.307141
28.632246 60.702012 20.585041
99.854329 38.716948 24.691190
31.406326 72.349764 25.816566
85.524384 59.962451 25.811873
73.805242 44.426287 19.033029
7.232029 76.886620 18.466243
49.728357 70.863062 24.663565
58.032552 7.609484 19.216612
17.094402 58.605254 25.560726
85.713517 39.079554 20.081583
61.737998 24.905880 17.549572
54.342523 10.537007 24.385380
48.342001 29.361783 19.465388
0.687733 22.981232 23.622066
93.487993 74.865791 18.071777
91.821058 34.742826 20.437111
8.568090 42.222175 23.585131
20.612692 38.413837 17.020504
4.753591 27.783615 18.464243
49.834142 89.696826 22.127157
45.282754 28.024375 23.725762
3.398007 1.358979 20.152978
49.727477 32.966438 20.171822
48.372755 47.120447 25.326984
54.826272 84.113344 19.573576
25.021235 74.890417 18.047005
50.041850 27.076896 18.856918
42.111023 5.310932 17.337136
6.940771 52.635109 25.445439
60.709221 56.137322 18.726883
27.383531 42.314701 18.447949
92.804414 0.468280 24.559375
19.576251 96.501167 25.122510
4.752405 98.701695 19.881009
44.732246 88.549887 24.074133
14.905185 15.091962 21.408749
91.480881 97.010190 15.625397
85.810795 26.197134 18.711474
64.894717 53.397391 19.514633
31.800357 80.560039 21.590906
17.471200 83.496374 15.236475
79.277701 15.209286 24.935988
12.265717 34.891049 24.765080
57.811735 37.601956 20.631417
77.408680 88.710346 22.452855
6.950673 7.257049 18.007137
84.438150 73.920708 25.404485
16.523440 10.847485 25.266101
13.861615 1.520447 19.921916
41.809208 58.595058 19.763701
82.273369 70.808746 23.282583
95.462493 0.963463 24.727945
11.937059 44.040415 22.114088
67.877793 46.304392 19.199406
12.019996 61.603639 18.235690
74.225948 53.095776 16.065299
73.265801 87.890079 15.752756
98.923926 94.402771 21.119683
40.829221 0.566487 18.010909
22.890272 92.841011 17.227315
69.115067 84.104477 18.499452
27.716752 83.353494 23.026083
59.960184 36.468846 24.855082
62.015899 76.560230 25.666013
69.752047 83.150034 18.777509
57.542485 69.109641 24.417747
53.125226 52.991928 17.650662
85.909912 77.319174 15.201204
39.225245 8.195047 16.718879
80.029176 24.274194 16.044901
23.890459 31.034739 22.162558
18.075467 40.692974 21.263233
54.689182 78.074357 20.463487
83.593814 92.384174 24.748306
61.259562 62.689054 21.805206
82.476740 6.995216 21.769937
60.503116 83.241149 22.835302
69.525973 30.548814 20.885037
33.703816 89.959305 20.335252
84.937441 36.911226 23.218125
14.871258 48.732362 17.613050
29.572024 49.647274 26.112924
17.282536 41.753269 15.426532
56.696812 28.566959 20.036800
82.952419 80.878231 19.053408
30.077276 62.503746 18.953885
66.344920 42.711525 22.776361
58.966720 75.734756 17.736592
18.846047 5.647781 17.372075
26.922193 7.049642 20.667311
60.286984 5.332799 22.870950
85.528106 6.186256 16.589077
12.160810 35.432833 22.636715
16.470977 63.730815 18.722583
71.536261 63.743342 18.189184
72.493109 20.068330 21.658683
28.936083 38.430287 21.681393
20.653933 49.408498 20.160961
70.572325 71.201806 21.000251
9.514710 31.496534 20.242682
91.989209 44.346033 25.200653
67.224503 33.919851 21.481067
68.713649 69.467828 20.983326
61.766402 14.025834 26.036355
17.622486 64.115395 17.873166
56.524486 65.012503 21.815394
37.232085 2.266775 17.420879
22.223128 80.125700 18.060774
58.988877 86.813552 19.018664
7.531073 32.073926 15.798304
6.622054 88.800907 24.030129
9.529850 21.888784 21.382792
36.807934 71.167354 16.539927
33.160418 24.381204 19.983622
58.534726 22.071446 20.382496
7.085048 96.557560 17.193532
98.071089 2.956565 19.731958
33.299215 18.713828 18.157969
15.339157 3.642949 25.536837
0.068712 21.259894 20.791305
82.942014 35.623277 18.199351
81.730822 90.532310 20.341082
81.303437 11.165622 23.818079
30.258687 24.594666 19.506474
80.787969 82.265522 21.042182
5.245418 90.991627 25.377596
32.489411 96.052004 17.160193
49.607049 63.551971 23.453471
93.516004 31.676187 21.603283
6.006685 75.274752 21.443302
77.445538 25.622841 23.356720
42.270564 61.215613 20.712539
0.732649 91.857983 25.519430
93.152965 42.164607 22.003821
53.614076 27.707795 15.785966
16.306412 97.505033 23.602062
15.037152 76.743055 23.459702
92.619554 39.956771 19.062777
49.778469 8.486615 23.606230
37.445064 78.670990 18.144774
9.528031 18.783000 19.703829
42.732823 85.292902 19.260284
51.021282 57.243479 15.862380
14.034929 48.272300 17.792509
89.531316 22.550193 20.432800
20.453205 22.165135 19.796419
39.656198 70.946766 26.184154
20.233363 62.362784 19.027043
78.946078 72.366478 25.515725
65.814974 11.800760 24.417108
33.874767 26.656021 24.987646
16.354929 17.397479 24.881988
53.891112 61.450770 19.765461
72.879048 79.533315 24.593418
11.888749 12.571414 18.975791
61.606547 67.922003 24.253335
34.631845 46.766749 16.802839
54.932376 3.775309 22.191059
79.803428 89.608487 21.691843
82.121327 93.664947 21.779355
39.061759 34.600651 15.529346
24.585831 70.857007 21.069674
46.731890 77.911155 24.831529
96.663877 26.717865 20.022363
82.667198 33.134781 17.127694
56.008463 36.147342 17.555262
84.062479 55.586348 20.818531
89.963961 42.764656 24.464769
13.616649 20.244531 16.112018
0.535104 93.506585 15.806592
15.600320 74.605092 25.009666
24.165722 95.163651 22.033457
87.920555 34.870084 16.052442
80.329389 64.798100 15.653246
14.242130 66.778304 16.153380
70.987018 1.208697 25.776553
18.250238 30.782066 23.906583
64.473031 36.772828 22.341057
17.813201 80.215820 21.098459
24.633468 17.928043 21.976815
36.556902 72.712922 17.649526
26.589701 84.503723 17.002308
49.374074 47.756997 23.496123
55.202832 35.959855 15.808660
84.351801 94.442382 25.404051
40.099109 0.478298 22.612649
46.512861 96.764088 15.433147
81.880010 50.742292 22.919205
70.750088 97.893553 16.697831
29.383106 43.017488 16.264889
61.488488 49.876943 21.530416
69.452002 0.443378 23.387231
13.314050 39.396343 26.090665
69.578950 20.839058 24.966192
50.454482 72.862809 16.817132
21.353924 87.542483 21.228361
24.739808 36.860384 20.698633
69.486110 6.510267 15.990722
81.468605 0.906667 15.587972
76.373774 51.896955 23.388141
96.354495 5.745442 16.962824
42.761375 17.964936 15.140690
56.572696 34.914575 22.070392
82.416006 9.712092 24.674348
45.289901 40.820070 17.774332
11.036859 56.054721 22.907593
44.502284 28.528445 23.352412
91.025046 6.499430 26.112039
36.834411 65.139560 26.047402
83.191632 42.438596 23.649473
79.160577 15.328247 22.031715
47.167950 93.911392 21.074927
83.017863 67.429132 18.523209
46.955653 28.758828 25.016356
76.764460 81.291112 22.480108
84.627390 64.209277 15.039523
40.458740 56.837132 15.332703
64.931287 20.138744 25.977917
90.732221 50.690180 16.398066
99.653236 55.045319 20.262628
16.733358 1.922866 22.687538
86.526703 94.475199 15.845262
47.583155 4.998043 19.475651
0.664752 73.966306 16.892557
95.902829 31.933139 17.882553
95.940597 15.683376 17.855196
73.838769 89.233367 16.469862
90.446975 1.725571 20.666533
39.165244 32.043172 21.063662
95.720078 35.152528 22.774178
76.090427 99.624696 23.738179
46.899555 6.906885 25.498856
68.017581 30.892746 16.619228
22.118967 20.770372 16.427255
98.181677 29.458428 20.775148
54.981105 57.724293 15.616216
64.324175 53.690496 16.806311
87.503889 77.398760 16.517137
68.901459 79.632788 20.845448
67.471740 8.946575 23.006859
87.352877 25.229706 16.121491
93.749139 38.047204 20.404537
68.629999 97.990136 23.169537
21.857545 95.429938 23.043884
72.656130 97.754440 20.639581
3.120669 0.321383 17.854565
76.373086 86.821208 20.300605
83.618328 9.904879 20.126582
93.892671 80.030324 17.506171
93.561467 57.030205 22.940770
37.611218 14.854193 23.508452
67.960244 45.583451 22.190930
52.490905 96.801167 24.410657
89.938284 55.692490 24.239845
82.661179 20.118792 20.182184
74.581840 50.600371 18.941333
85.123686 14.370090 16.573589
0.449449 1.148951 18.848595
20.433466 21.405037 20.837987
25.241794 18.579974 17.944062
11.190255 12.266738 21.736415
90.895195 60.092836 22.193354
88.182353 63.530576 22.741640
40.538399 56.489288 16.423481
32.465165 78.350673 15.005445
49.906610 59.881276 17.302596
47.334026 28.107445 23.683936
71.864128 27.322029 19.634037
9.219934 51.047874 16.863413
70.343173 67.043749 23.631931
98.930085 17.549916 25.507954
38.319558 67.153987 18.026390
92.804184 80.933163 16.213908
94.804402 44.779008 22.716054
99.381913 12.446505 15.559245
11.976561 68.323722 17.866438
13.446267 82.635398 21.721070
36.046263 30.586195 20.912539
89.051216 36.292303 15.307683
41.077982 29.656793 25.105765
79.908893 22.362387 24.712597
38.157761 17.155119 23.996026
0.750841 72.553820 15.535223
13.246878 12.551956 23.024826
14.377272 44.796853 22.054225
34.171435 41.407901 24.276065
91.297914 95.542804 24.061306
4.584853 77.330190 22.383733
64.882387 4.250577 19.738386
77.515647 31.677621 17.461998