33.097585 94.390830 19.464246
54.915508 75.821584 24.370618
43.009631 72.957508 24.028424
32.600514 60.708538 24.655256
73.558235 17.331937 16.435436
1.310903 55.097131 15.159845
53.595945 38.835559 17.526646
35.601455 12.098892 20.910294
45.055480 45.608254 24.753045
32.499513 96.858820 23.673083
41.608785 43.936776 23.279001
51.064276 83.916303 17.554340
18.641443 13.364658 18.283994
71.016547 13.116243 21.245875
29.830144 95.335057 16.350681
36.228245 23.763222 23.056665
3.689677 61.268545 22.675676
34.292674 1.451499 26.155847
21.400712 50.503507 21.904830
24.442888 96.056678 17.263975
6.014778 29.414187 19.776763
27.852302 59.758802 23.251462
23.618930 37.187315 20.073538
8.631831 57.830339 20.324510
23.340347 27.595549 23.578706
69.050975 31.553788 21.031269
49.233474 72.490892 22.322688
82.091475 64.254044 17.639348
6.698034 34.067938 25.518315
95.555768 2.292864 20.941927
48.940901 74.394925 20.604153
96.796883 59.951021 18.327241
76.115232 85.637795 17.203861
78.106942 76.320355 16.346606
85.284567 97.769220 16.972020
30.644532 1.803819 24.281033
46.124401 88.517333 19.138507
21.266378 62.028380 19.045409
50.175341 41.647912 23.311884
7.490784 85.734752 24.063497
36.962974 34.888313 16.429794
15.956386 4.310100 25.644504
73.302779 37.221314 21.800933
11.731468 39.175505 16.897473
80.200964 22.804503 19.700423
42.897876 51.989229 16.501636
33.067508 18.535544 22.814622
97.063577 4.529316 25.920822
57.756512 99.588659 23.020403
36.751012 25.137884 19.458534
11.133383 71.497693 15.879596
32.581310 78.164516 16.183375
87.531613 56.526446 26.249631
25.534232 90.097942 17.891034
97.115541 48.135953 23.866212
61.768969 80.635965 16.106911
87.526891 23.146998 15.662937
25.393133 69.292191 19.337783
85.989895 81.854802 18.132757
21.603151 17.417921 15.743385
32.583815 96.336045 23.536295
86.410273 90.385260 23.087569
91.782172 54.147483 24.891452
58.951502 63.904069 25.936698
6.538893 99.819867 21.564784
47.199490 2.944430 23.145066
19.119698 54.260027 16.607841
20.230300 71.603682 21.601625
88.925799 25.010731 17.485913
61.529285 58.257223 23.027460
7.471504 2.120022 18.774197
50.546858 22.766336 25.624436
5.956905 87.865636 25.755984
41.674513 78.843522 24.902474
25.264640 51.451283 19.661805
17.868675 87.459614 15.498265
72.573266 40.342870 15.939983
53.174361 40.127726 15.734504
37.071964 62.207695 18.267859
57.220336 30.259372 24.266101
86.340996 33.268015 19.894674
59.176619 60.598333 18.552063
52.546663 98.162904 21.408983
5.171697 29.583330 26.097938
82.512662 57.420712 23.024059
85.167810 44.796228 16.463174
18.414872 81.773144 21.139162
87.346340 76.004592 19.728428
89.047623 40.853798 22.892893
13.417315 84.976748 17.162289
84.395839 29.900886 20.292577
42.845030 33.741452 18.925295
64.115816 80.108342 22.188677
67.148145 81.145760 26.156153
9.948499 56.321182 18.839130
9.744133 25.338913 25.903632
18.309996 23.707532 16.857200
99.391943 48.012646 22.856034
49.720266 53.055889 15.713801
7.951587 49.535457 18.811904
39.768565 29.600973 22.423189
7.053031 12.059980 18.687253
45.637643 88.306083 23.572377
81.109480 53.198758 25.714629
25.098033 9.969188 15.776647
95.987672 18.033684 20.817652
50.363528 41.542964 25.311827
68.996919 32.933975 22.307024
11.940169 55.307986 19.189738
77.038837 72.372693 19.369121
9.170577 37.975306 18.769938
79.341133 23.303049 22.543649
58.179810 17.535185 20.687182
55.709508 10.845822 25.716673
18.510321 60.097624 21.445740
67.314641 56.701377 15.135697
10.072179 20.449716 18.765164
86.062825 46.881598 20.727998
83.974642 29.234159 19.817515
78.365203 55.642800 19.646857
2.503040 12.088108 20.279107
49.914416 90.878518 18.302466
53.608314 10.894384 15.491308
95.581112 49.215458 22.237694
66.569335 23.264605 22.863281
84.952340 64.154182 21.736603
26.553835 12.588884 24.166339
74.268075 76.850097 26.021401
94.164230 95.018704 24.112046
17.678454 50.002390 24.918066
65.005740 87.759052 24.412477
39.379889 23.835492 24.675866
31.428708 47.584562 15.755619
63.924086 69.279401 19.663726
74.421102 78.730274 25.693475
63.363757 48.581350 23.037292
38.034632 10.299931 22.358914
93.488823 18.669060 19.696355
46.797033 9.847403 22.795830
55.908357 76.289311 15.886523
14.621537 9.171779 22.311500
87.931569 43.151558 18.557282
64.009791 5.034688 23.267603
4.770233 79.027621 20.829721
22.144760 32.577604 15.345857
2.689954 20.534123 19.546829
64.997886 62.998684 21.621189
43.366591 92.653969 16.367932
70.160574 96.528821 20.331151
69.132134 47.274596 21.884679
17.704609 51.532534 20.890419
30.648996 13.925676 24.894186
18.323264 41.279166 21.912175
99.556337 7.263182 23.346699
79.157540 59.814745 18.524158
0.898475 38.953082 18.216307
66.659915 3.992236 16.141174
26.464583 17.771013 23.165482
81.784130 76.644007 18.872552
26.596581 22.803803 16.079094
94.486020 39.592540 19.811093
32.824522 43.807625 17.907040
85.088705 14.021922 17.868507
16.971759 68.965983 19.182760
11.428384 45.096021 15.638905
17.139962 56.002616 17.081844
59.420817 60.609756 22.397441
43.956673 26.797379 23.027269
77.616997 37.401204 17.142122
81.376931 55.110626 19.605620
39.310650 88.757753 19.172138
45.356463 16.754445 15.466435
3.707330 7.953023 23.718083
4.389057 60.558955 18.287761
56.883034 14.272442 26.075010
25.559970 93.482855 20.507114
51.716733 87.492850 24.675174
16.426491 35.603507 22.895693
15.117548 88.682597 16.909226
89.767498 96.785835 26.006944
30.461975 65.357214 17.700201
50.690125 58.751402 22.619452
87.781401 42.159624 24.775988
35.599664 86.298291 21.592974
11.627583 95.023740 18.564298
48.120493 91.530207 25.756638
58.210299 31.462417 24.212612
78.455532 96.817012 18.442403
17.990114 93.796261 15.384273
72.632364 35.224182 21.595555
9.335906 28.998316 24.433770
71.213961 9.117431 15.035262
10.400584 40.539897 24.813356
25.565280 10.933866 22.047705
33.748426 14.244115 18.109204
40.165108 60.144526 18.520142
72.215259 61.878244 19.050693
56.274855 93.197802 20.508095
61.176511 87.617028 15.014544
42.434836 66.102038 24.441331
46.284181 40.661014 20.702026
77.958457 81.649432 21.150920
67.373870 33.244558 17.422796
3.599630 91.894722 16.159495
60.938436 4.459593 25.254279
24.488016 55.314008 20.907834
32.565107 16.330768 16.870363
99.608205 76.582857 25.950457
56.277974 81.706116 21.438171
97.518508 66.857060 23.778323
76.758051 37.731919 16.756394
60.964229 86.994823 21.516929
0.096235 18.357310 19.483822
16.762855 79.437217 22.829983
90.422664 14.739862 24.259451
96.163048 48.630516 23.427805
10.985838 62.186020 16.786746
64.675827 42.105712 20.072061
73.561762 80.543858 22.650952
7.759459 65.027011 26.129289
1.356496 50.334205 18.833180
35.887259 97.571473 17.279687
88.523772 53.806641 20.800006
59.783439 57.532116 15.478640
42.053472 54.444902 18.917835
45.107954 82.732923 19.387006
75.101362 28.660548 19.431889
9.392436 38.311414 22.564818
46.230792 39.369370 22.415590
18.321375 6.092056 26.095434
58.397590 58.898189 17.562808
4.357092 30.977620 25.303453
39.654273 58.252080 24.987469
31.268243 35.274380 22.372426
44.244612 19.266901 17.904132
62.044374 96.260851 20.927204
59.683628 70.447054 22.462098
36.127039 47.212170 22.139397
45.592355 81.627362 20.314272
57.141342 78.056523 20.947165
75.825873 75.645598 23.562454
71.838465 11.374200 24.245180
93.064377 25.876136 20.540879
20.993746 35.443319 16.444865
33.814941 73.362917 22.502740
95.373468 24.767560 24.100968
22.507832 63.609332 24.025601
1.840138 70.119066 23.037279
43.774864 35.842430 15.689259
5.039589 13.265565 17.085099
86.272323 45.788882 25.126224
85.808553 10.408250 15.891887
36.428032 42.712720 16.393367
21.270237 59.211392 18.944349
39.380912 75.433563 20.965100
51.878064 28.052843 20.231983
76.916512 47.462646 22.259191
72.503341 6.800551 24.829875
95.323451 88.430916 25.182511
25.660147 59.944783 23.897739
88.543432 29.774739 21.069318
81.345126 44.548437 22.433412
66.268245 45.908270 17.373573
23.800499 83.857898 25.941614
15.958547 46.154769 17.076349
83.665668 47.780701 21.075323
12.093117 60.591210 24.343600
75.299883 10.434103 23.579052
99.564630 33.874035 21.534501
13.503503 91.093375 16.897134
22.169587 12.423718 18.313856
96.757575 86.613646 15.493374
81.606279 20.890600 17.782502
98.709468 36.682878 26.004087
73.426581 96.599639 24.867595
41.963726 11.779175 16.085817
2.982048 18.413629 15.145758
2.210224 76.065275 15.725820
1.706571 20.580749 16.076362
58.177619 5.402978 22.134161
77.739295 41.662468 24.703457
41.740545 16.461320 24.963258
74.275168 49.995860 18.672192
84.451919 82.545338 18.702868
50.816268 63.293330 22.810332
41.209194 51.712120 15.442888
35.012324 53.436562 20.562311
26.228929 20.087613 24.264807
21.450976 76.686394 23.311800
77.207208 54.097956 20.134716
79.715840 32.223200 19.965876
33.516865 55.542904 23.420005
26.812793 87.793733 26.217393
38.631115 17.639554 23.528352
4.427560 73.965125 25.793352
35.402602 9.346978 19.718398
23.132354 61.506451 19.809146
79.994444 32.895579 17.780516
81.133276 22.635003 21.733036
34.547320 83.191310 15.884880
64.920329 34.134477 21.909510
30.655293 18.651561 18.227344
73.709862 5.286310 15.507735
92.493038 58.855988 24.019523
74.284384 47.084315 24.535706
10.225758 34.227882 20.136350
56.555904 12.661958 22.195489
15.912650 20.173198 25.998866
47.009177 57.311183 15.133751
48.848381 90.235915 25.100828
97.594407 74.713682 22.301579
60.385300 34.676743 20.174551
72.384840 91.461249 25.826821
51.684798 40.987623 25.755444
45.776157 73.129961 15.178726
35.257121 45.915994 23.872870
20.427496 69.907080 18.299826
41.069243 65.231264 24.882660
8.610809 38.881603 24.935589
20.698568 53.176084 15.435911
30.649726 80.853266 25.242139
80.371743 95.981526 19.159588
58.131733 7.300621 23.582651
11.218618 3.550682 25.366812
16.291948 42.396948 23.356064
79.734602 32.488764 25.801894
62.328532 45.736691 21.307052
11.385572 28.223357 17.394794
20.471764 71.677896 25.829078
20.034770 93.506809 23.754589
2.875120 96.721531 24.676167
75.010971 23.505771 18.325861
58.115943 49.088855 23.106507
29.946530 41.662944 19.602423
71.815277 68.796329 20.747581
72.057958 93.420887 16.428137
91.562026 65.549331 22.579480
56.458448 49.987194 26.022478
8.427902 12.282943 16.189471
12.278442 55.848068 16.027496
39.530810 73.864806 17.765483
85.304054 88.124502 19.531559
92.557474 54.715713 23.165127
61.195334 37.101855 24.280561
82.857222 72.007401 25.010077
0.180271 52.832648 16.174624
18.278039 24.162256 16.912520
74.114554 81.260597 16.770101
15.038191 96.811337 26.096419
35.769700 96.766765 16.781492