80.009245 90.215097 24.596444
91.302705 48.223434 21.146447
79.793309 99.433639 16.344217
25.798062 18.378174 18.327321
4.171638 1.474562 25.870063
47.704973 45.130278 20.211079
38.426586 25.838418 24.169608
57.087656 93.794698 23.095676
66.674782 57.308960 24.097509
8.807772 4.216026 25.592134
99.667686 73.054721 19.401521
56.649419 35.442252 17.117759
86.670722 88.246247 20.035863
92.731247 79.537375 23.370989
20.592817 72.901583 25.045554
51.701466 52.322547 17.154422
44.943295 34.242085 22.739358
69.670249 40.179458 19.261279
70.304889 26.712470 25.944666
52.706517 37.867986 25.940325
85.676358 72.910452 22.093825
29.840461 63.317295 21.373772
85.564342 13.160384 17.148320
76.520039 25.755866 21.979128
78.467315 52.471133 21.919024
81.182493 79.877045 20.352626
4.003668 64.508783 18.158413
63.663826 7.322357 19.593209
76.074243 67.856419 22.603867
47.993192 7.943128 22.361832
87.579545 2.982684 18.536348
98.427584 49.070444 15.135725
74.901113 87.036007 17.071095
77.555063 78.972375 23.360192
91.970556 54.144321 25.774738
32.520048 61.556672 16.937653
44.899998 66.583668 20.989640
28.848808 94.612882 25.643492
62.469419 92.124840 22.976815
90.577247 95.507346 22.488883
19.318904 81.573465 23.444436
49.073822 65.018188 18.458607
57.658322 74.704872 16.795179
25.714093 0.458687 26.127134
66.081989 74.080016 24.427049
4.757579 66.223652 18.925708
72.534318 99.601912 18.915983
69.648245 50.328550 19.610714
14.282981 94.314905 17.808257
82.408912 16.296958 15.989748
73.435089 23.345925 15.694074
31.246390 8.299141 15.605326
72.177255 2.538442 25.918560
66.904018 45.489311 21.096622
14.376341 71.072685 20.191628
96.766122 79.133024 22.475411
3.383388 10.900470 24.422393
61.157627 30.631718 15.155706
27.257587 34.392547 17.512144
95.761964 48.057210 24.458190
47.235838 49.431108 15.661348
80.806539 35.630349 25.100574
24.608268 74.815133 22.277599
26.881460 35.115647 21.573087
24.801252 86.354621 17.012786
22.301794 38.898629 17.910806
63.220483 26.559601 21.098140
39.754976 54.686932 17.589934
94.144691 36.661770 19.896427
70.289472 39.117516 16.528070
43.500886 17.911299 17.833712
46.373335 11.991887 24.156437
26.808643 61.653477 22.646641
30.577044 89.330949 23.983958
30.247334 22.453180 18.058003
75.686299 9.046245 25.510148
41.049041 67.260638 18.775729
71.858544 42.612308 23.251541
17.109738 42.163048 15.515346
62.384994 20.997923 18.766164
23.089543 80.934840 19.315760
68.916440 11.421761 24.477744
61.713315 74.608178 16.340255
46.716515 5.900641 17.528891
42.782390 51.638833 22.672545
15.129367 3.747741 24.830314
30.704344 47.261969 17.629261
47.375210 25.904399 16.708455
75.327795 92.956744 23.528224
87.787569 74.119809 17.772882
93.866731 71.256710 19.403051
55.041320 37.788960 25.067865
32.651585 0.055173 21.387098
48.110150 72.032565 19.150257
65.647185 1.686730 17.450318
35.052015 23.000473 25.605519
34.874044 70.988099 20.889133
53.867327 77.111240 20.034721
0.741818 63.630287 24.200569
4.676419 18.725566 20.558258
11.595242 83.448599 17.324095
84.865241 56.313875 17.767033
1.652999 21.621558 24.052060
51.603690 50.239981 25.453383
51.909638 84.268866 23.642917
50.500347 64.309534 19.693572
3.352363 96.785002 20.729045
52.667460 35.349886 22.974211
13.564547 62.971869 21.090789
92.504628 84.630067 20.823496
55.142251 80.232649 20.356072
33.495266 0.486753 19.841836
69.229855 27.428765 24.853146
13.886386 51.063828 19.195647
77.584007 91.309077 17.497125
74.123717 47.668355 18.438054
22.159468 20.487120 26.027250
36.776451 45.387603 19.769053
12.706192 44.706960 24.776934
70.550979 57.515580 24.603503
34.787359 65.561592 16.850370
47.568332 81.065027 19.217143
13.243613 54.932952 25.500544
21.225638 28.340720 26.136641
66.145461 87.215094 23.352904
70.856456 77.884483 21.666023
5.894320 94.413172 16.784493
43.689786 56.208512 21.924379
39.234486 41.126098 19.102774
40.184734 15.073738 20.239209
49.110938 48.847131 20.651038
45.324459 9.497046 23.998050
91.761526 0.392255 24.322629
38.561568 89.518753 19.510227
89.315179 38.154895 16.013524
76.484437 88.308957 18.208186
43.767853 25.781349 15.608912
11.805795 2.165260 17.147382
51.870064 34.903006 24.593845
27.233346 29.976826 23.211509
2.559402 28.989433 20.730154
84.475082 24.974046 19.428826
44.317386 97.804760 22.220892
55.989739 70.433366 24.487843
5.043519 38.287113 15.497545
69.015174 16.280944 25.726206
44.075633 61.517034 20.584037
73.666522 28.072564 18.772141
32.235429 14.043485 17.068259
12.146588 47.373726 19.395682
67.087026 17.902840 18.496309
96.398422 2.113824 24.090331
8.640854 36.755884 20.574544
8.741009 67.404188 25.156926
23.951757 52.445982 20.828999
49.192436 76.851372 20.385988
90.452847 25.942719 25.861350
92.222518 74.663270 20.556359
98.131143 93.332883 24.144832
63.760001 50.570893 21.643403
86.695363 58.691374 26.180624
35.791994 67.636920 22.991050
57.799759 41.215398 20.838272
86.821340 48.074432 18.507111
14.430189 54.503174 23.811541
60.338582 55.795757 24.250838
58.385439 43.873929 18.872540
34.981797 54.245934 23.657292
36.143419 59.589166 20.095465
18.316684 55.755544 18.268475
50.423031 16.470057 15.817467
49.547637 34.591304 18.901572
3.058932 53.018135 17.392955
45.185700 10.626294 19.113094
97.302404 94.027360 22.971821
13.992583 45.783241 24.597526
18.691933 79.708040 16.892558
0.349835 97.983634 20.489509
20.704921 31.298343 24.126757
91.742823 21.039489 25.373954
67.260101 89.716781 15.924375
72.871704 26.529337 17.640896
27.422252 16.175480 18.112938
88.196408 17.369990 22.770883
1.016050 35.430642 17.518028
8.686219 80.720391 20.415996
87.988453 21.783493 15.200388
10.572900 6.617499 16.592049
28.177658 16.719157 15.206575
52.290155 49.446362 23.221134
83.492206 54.109041 25.995677
31.380864 2.090380 23.407306
94.328522 95.692768 17.225797
96.141280 26.739735 21.267370
31.976178 98.778502 22.737255
42.130981 34.033348 25.720031
41.951506 56.404423 19.531129
32.191853 1.029608 23.316430
88.497804 1.152469 17.560765
15.343585 73.095435 24.284475
4.605585 47.802101 24.497327
98.749558 56.557679 17.129089
15.743663 59.248505 20.688771
73.689301 73.160382 19.016212
35.485654 0.582650 17.127694
41.042586 9.348112 19.433851
25.534320 89.037332 23.215124
89.459088 39.653584 26.053519
50.913867 60.778630 20.005212
79.350987 92.967934 25.845914
2.425112 42.885289 21.466832
81.985777 17.924587 23.031602
58.757324 36.341158 19.005802
8.093090 89.563953 25.328522
69.306110 88.391289 19.593976
1.202059 15.880722 18.007964
13.540855 91.256208 17.948448
20.502691 72.366845 21.843101
84.516292 0.306680 24.138199
44.883427 57.699223 23.140890
12.374914 94.139545 23.895073
99.424603 64.614922 16.594823
87.622811 38.522320 19.905127
89.834781 50.021598 17.859665
11.440978 29.786605 17.146281
79.273865 79.557736 25.085303
90.799952 86.849340 16.256385
25.438082 77.669285 17.327423
63.561350 11.975678 23.923759
79.682809 7.433582 22.808168
8.627550 9.973397 24.739674
61.193539 14.493531 21.860646
51.668871 27.983489 22.851243
8.638350 48.940932 19.336372
95.524968 49.615724 15.487864
15.686310 79.894519 20.358893
1.437888 64.945835 21.484635
39.683978 43.583530 20.283394
98.113919 96.704920 26.099759
17.208067 79.304463 24.551598
85.607565 0.447939 19.538949
54.665385 1.890995 24.079987
43.133480 69.704943 22.095042
59.842569 43.315440 16.435661
53.506124 22.082081 17.312540
72.871987 6.272237 21.933677
2.936106 22.795109 15.583414
53.204356 44.636867 19.984574
11.434146 80.326639 20.466537
52.617844 31.604307 24.563332
8.953889 74.420197 25.803318
55.290613 38.548032 23.191138
85.034804 98.473344 20.071260
55.831161 73.794903 21.730254
4.244467 6.718588 16.651141
32.126939 76.303768 22.994074
1.402576 1.542016 20.761406
52.972757 13.588581 15.324987
38.841894 33.637550 19.275346
28.039892 71.890965 25.861765
99.747538 41.400952 24.758945
26.662417 75.608618 16.836480
46.776621 79.109155 22.621255
80.324355 23.238020 22.217026
39.056750 79.013542 15.654040
82.883335 8.657028 15.108992
49.615613 38.714672 24.118055
38.041360 14.961668 20.541376
64.073759 72.550429 18.009245
74.565348 9.680541 20.746581
69.433359 48.673897 19.090372
11.796718 91.076231 17.793648
74.980820 33.896128 19.725861
11.779309 19.585754 20.416965
88.805375 3.014453 20.273649
54.723603 84.080027 17.927897
90.659002 10.360991 15.553267
61.542491 96.357058 25.642505
84.489129 85.225732 25.925825
72.870990 56.015891 22.618182
25.877544 4.412185 18.802262
87.877878 99.883893 15.396117
20.047502 25.608407 19.178231
4.859014 92.526831 22.486500
79.594142 2.409324 18.279267
71.377105 88.173287 25.020848
83.158948 24.259863 20.759508
49.988332 51.976728 18.258028
22.190107 88.535343 19.853382
46.440929 45.337400 23.309010
11.724707 50.094383 23.316513
74.416589 60.678721 25.404634
46.740004 40.751338 26.012097
12.261099 33.658202 19.210886
84.682722 19.711708 22.041129
14.939984 84.744658 15.982962
85.034750 5.909528 21.113747
79.901613 90.677993 26.046498
80.995501 70.355932 21.385972
98.205438 35.588738 21.257437
28.626981 83.278632 19.244974
39.183084 74.429750 18.186489
85.935988 15.182749 24.161063
11.698939 85.865258 23.502869
5.249592 60.672552 22.884740
85.723827 58.472378 23.927868
23.968310 96.578197 15.740806
16.356721 41.082945 18.338518
39.605324 2.575007 23.451625
67.587651 10.120272 22.851533
49.750693 51.435725 19.878450
97.711033 49.287824 16.445083
2.107810 51.367989 23.333741
11.478842 39.445583 23.506365
15.089717 51.518410 16.657335
72.610212 73.596194 18.807623
57.856328 13.583863 17.914513
59.068158 80.271579 19.895086
54.653657 41.341616 26.198537
89.773439 88.161615 23.536165
58.683721 60.978717 24.296969
61.510822 26.461025 20.935328
57.223880 37.237983 16.144425
71.886647 83.845892 16.058744
11.859843 6.232712 17.141947
10.359113 23.784539 23.695152
44.191192 0.764285 26.110622
88.531021 74.969967 16.898553
57.898181 58.444633 24.067627
26.798961 97.281264 25.769692
35.033623 37.352082 17.639970
74.193178 71.677255 21.587945
32.560486 59.559319 20.665507
50.685595 77.008552 17.977445
4.674179 15.122536 20.023977
62.728911 86.751973 25.257094
85.257233 81.887316 19.114967
6.291252 41.041152 15.912442
70.139986 43.422829 15.690043
98.754983 51.988150 24.483755
8.679927 21.756763 26.246367
78.579838 70.430270 19.031374
39.182712 60.203650 16.383715
69.175563 45.867186 20.732856
53.362946 73.004748 21.829413
34.545420 60.999323 26.218189
96.355464 8.648264 20.053777
74.429865 25.466278 18.682654
26.232205 9.623364 16.133326
56.977346 43.593850 15.161659