33.846133 45.188894 17.344557
81.369556 95.672847 20.389916
85.466846 68.235835 26.164152
49.129858 2.334802 19.619981
86.652565 74.795454 17.627458
10.951902 65.331119 18.004812
50.500735 0.051501 22.513895
70.935887 51.067273 22.077035
35.338653 40.178570 22.727013
62.533081 6.722439 16.896728
13.399388 56.580302 19.211999
22.270409 79.151803 20.147355
33.212133 10.649159 17.867533
17.502789 45.431066 19.457284
88.665896 33.352748 20.548238
72.673527 84.425784 18.619085
49.430885 72.012636 19.504802
34.300386 80.784815 15.842629
88.473259 51.139749 19.353946
12.301456 34.915381 17.162220
15.335107 32.882380 21.541438
20.319136 76.938836 24.193813
38.043163 89.848677 15.730920
14.466056 30.789947 23.567745
69.926963 7.351178 15.263851
53.170825 22.282760 25.005181
43.976601 60.413410 25.359637
99.533092 78.703743 22.265386
75.159772 97.099809 22.557460
39.710400 29.727559 21.526158
94.876437 14.948680 22.061924
24.021897 23.294760 20.660710
86.631411 88.529542 20.888299
2.593145 85.066254 15.463623
54.371620 23.921711 20.665947
99.756912 66.621113 25.633440
74.034501 12.175713 18.445704
12.917046 97.871287 19.800319
44.053798 48.161891 16.066471
1.751785 96.174272 21.814065
88.573124 17.985403 19.544048
23.663630 11.141561 25.756507
74.533687 28.226798 21.797843
80.066639 25.678646 22.744285
12.321413 65.084980 19.701389
7.864697 82.358187 24.484468
90.727529 64.055444 18.086060
92.082568 10.681861 20.873513
8.453451 93.633084 23.038663
28.093807 84.799772 24.319688
17.564429 12.113770 22.646452
51.931291 63.248768 25.951024
33.656199 64.649171 17.287879
24.801656 14.731491 19.682035
42.725726 26.682511 17.357446
73.770574 65.256666 25.862037
55.681573 26.953151 25.986161
57.166497 19.370999 22.006747
76.990015 89.452790 22.021287
87.677502 59.350442 19.453937
25.658036 73.888823 19.892373
90.639394 81.551794 16.760816
96.149457 3.089882 24.090405
41.681411 61.457685 17.051544
17.046022 73.626171 19.345646
31.307022 64.892524 23.164637
9.517863 43.810371 24.546981
63.443708 28.640619 17.067473
14.863529 35.393428 20.237616
73.640318 2.921429 19.739642
7.348739 33.903057 16.006744
15.149325 50.167299 25.616764
78.599146 68.054090 21.173208
8.209045 48.388208 24.775815
92.365164 38.445497 17.395580
20.790866 61.524130 18.243205
63.100218 70.751753 21.174636
46.203449 11.442865 24.919039
88.925622 88.581491 25.068269
67.651318 57.844371 19.702051
68.563000 57.788049 25.325517
88.808241 52.208423 17.856584
77.815397 33.422208 25.630712
62.683754 91.654897 15.971985
51.067466 5.546518 23.193364
15.922006 99.298711 23.057507
2.728617 13.981951 26.061943
67.255230 4.948958 25.141502
14.771368 64.327821 24.581304
35.473824 75.482907 19.362954
38.961681 37.852909 21.285331
42.794216 39.021899 23.243766
87.477510 69.692751 22.973473
89.567463 18.292397 16.102823
77.721199 94.883057 24.690574
57.471633 13.255784 25.619716
25.546237 94.320256 23.847225
79.047289 38.763394 24.400750
72.962764 40.510082 18.592160
44.718730 58.490212 24.211109
70.985141 52.773195 24.259070
69.002832 11.106681 23.521916
85.184789 28.621896 22.646148
28.864142 48.439651 16.375625
67.569507 83.346734 19.349935
49.380370 15.318770 25.265626
19.266878 25.282989 16.962977
2.056052 22.522700 25.472845
90.960971 52.905257 25.627546
11.924893 71.530104 19.117589
14.977243 45.672982 24.971321
20.437268 59.968591 25.408763
70.746405 60.302953 23.372712
32.208053 91.537970 15.775669
80.744778 45.934595 15.570979
39.913371 19.900095 18.553224
77.547501 95.728482 17.103876
32.489480 68.569801 17.336257
77.673244 32.103302 16.504590
16.557699 96.777444 21.469653
11.603637 9.267216 23.747850
80.541393 61.959918 19.989636
94.321405 86.907418 22.595259
6.083746 46.292995 15.649432
86.718357 86.982606 22.256928
43.399412 9.641854 20.286219
28.947763 98.115469 24.839403
70.753942 14.425777 23.644125
64.402711 84.413068 26.050862
36.189368 26.391476 18.050150
6.251826 87.911087 23.915591
57.219591 73.808092 16.275000
77.226482 41.535638 16.478275
3.345213 85.774947 21.633710
34.483044 21.440986 22.656398
55.294610 50.594473 24.848088
76.127569 42.689500 24.464528
7.288332 70.383157 22.392418
53.625098 95.225383 18.753637
45.405391 1.784707 17.212310
17.084238 32.335161 16.508474
33.675908 22.802807 25.554123
47.754207 7.111096 16.103503
54.751006 57.782474 24.089215
18.086063 9.750684 18.250038
49.315138 80.948529 21.988937
65.555845 36.788709 22.477269
41.317373 55.403197 22.068539
55.165789 34.605632 15.198122
95.397112 96.409638 21.242695
65.184506 33.365823 22.025454
86.772537 12.858585 25.771070
78.058926 7.494165 20.106875
28.209939 85.989495 17.457087
28.654035 28.231749 24.740350
72.030632 91.912089 17.124602
8.948574 99.235122 23.037299
67.272645 99.556352 17.923110
97.864119 28.594099 21.508908
27.450900 56.894637 20.485395
50.790452 45.627683 24.479828
49.601625 22.680989 22.340606
37.323679 12.848973 15.525881
42.244065 78.642178 22.960518
70.980570 40.062213 23.302691
83.620514 14.428480 15.840478
89.453132 49.487097 24.203603
93.245372 81.654876 16.423843
10.686065 84.044407 16.692185
77.602529 51.428204 15.461490
27.130503 35.574078 16.719198
2.175477 77.453179 23.234866
56.094381 70.403629 20.422372
40.007043 75.520125 15.127278
89.836087 76.091553 21.889519
7.381838 13.703343 19.101986
59.258477 10.907140 19.461480
67.653713 39.189202 17.462706
5.672188 82.778927 18.516611
69.199929 71.679003 18.841124
78.782400 84.577572 18.622971
63.668595 9.266131 20.065412
45.615681 29.005610 15.053404
74.614867 63.924375 24.628441
55.710286 94.616258 16.072634
17.267220 50.694904 15.243656
24.483448 76.193779 17.176667
66.386046 9.293142 20.049845
6.205319 75.974984 26.130104
30.812058 75.095332 22.526382
98.038393 9.055727 19.310314
26.061129 91.515285 18.367440
14.598329 75.510209 15.922049
27.855166 52.551930 19.511091
67.482271 8.002825 20.204589
77.742361 10.991326 23.030426
91.669281 14.349015 15.681838
15.826895 95.238770 20.904165
24.670693 95.117918 25.557075
49.090294 48.347097 17.863231
42.194729 18.970265 19.007326
32.271118 59.288752 24.198687
21.090272 17.469001 22.193076
27.537558 19.588875 17.768683
34.945421 13.297477 19.735438
19.363038 32.966927 17.618269
37.510313 36.505648 25.271038
92.927246 16.646708 23.939173
37.210683 46.321144 17.342753
41.955254 47.504698 20.629266
77.076326 66.408499 19.672264
38.582848 83.203204 18.212328
7.532514 41.490926 16.196084
6.334137 58.959403 22.707704
36.570729 99.230318 23.293248
46.869580 49.901701 20.116569
11.134186 40.335055 18.348540
82.120688 84.308614 23.980086
86.288391 13.825516 22.684870
14.083541 90.625352 22.654380
74.829650 70.520854 16.370168
52.278685 39.324262 20.850294
10.605380 1.467056 22.190753
22.692314 92.302791 24.880225
55.036306 8.149320 16.684134
91.050145 99.230787 23.903070
5.753791 86.492216 18.091473
40.956614 67.702847 19.134560
61.745386 37.278754 16.192102
52.077367 35.631399 21.297212
52.316088 77.050412 17.188055
27.677393 47.712870 18.511550
20.837978 96.734832 20.022423
36.005238 53.974895 18.549437
84.799142 9.548988 23.470258
48.037075 59.161630 21.979361
20.942724 11.168769 22.738055
34.048802 75.543679 22.093751
54.900221 69.904693 24.212337
87.062319 31.413840 25.373490
67.499101 51.445811 22.776904
12.351757 90.292177 21.765722
21.643835 11.210804 18.929049
53.393415 56.913002 24.076227
69.436763 18.749292 23.372062
89.387578 60.051453 21.007600
40.970626 45.844568 19.577257
24.610342 72.275791 22.832157
79.040558 92.166313 25.623133
68.522555 74.184868 17.198658
38.140142 35.511242 20.347702
96.426832 70.896950 18.789936
22.695982 0.426311 18.427090
91.814694 70.063985 24.444194
42.352299 50.941767 20.712639
62.171328 29.975675 25.355741
10.822597 39.467054 25.483649
67.104755 9.327591 15.517752
5.869868 56.449145 25.644933
13.469170 86.138826 17.481381
70.608737 65.388900 22.260181
56.389436 82.695595 17.524849
86.950925 52.488166 19.208178
58.584738 82.757389 22.355221
13.464843 11.519062 19.720046
58.512149 0.081861 22.883453
70.013822 93.333274 16.955343
61.485798 98.623866 20.870318
85.402508 70.803382 18.276019
65.813201 22.955050 26.150193
50.280209 68.206849 16.106279
31.910318 54.956951 26.166124
74.161157 75.346103 16.859274
34.929899 94.882249 25.906286
15.691710 68.626655 18.408816
48.209380 34.164312 19.595478
1.902497 42.342893 16.123401
20.569552 7.036593 18.031963
50.940610 67.019034 21.695808
58.313927 49.731670 15.902037
62.782508 31.030023 26.054568
8.979961 10.195218 21.343774
54.494248 7.459789 21.577275
29.921111 37.585614 22.207853
47.498663 6.087004 20.043354
84.750399 82.874548 19.495918
90.708182 47.461845 20.117627
24.647700 59.323250 23.540441
78.413654 75.926662 25.752063
93.646094 98.998776 16.566824
86.737295 6.635341 22.362917
5.040179 10.873616 20.903471
99.252898 22.277542 16.429394
63.931178 9.725785 16.149665
38.164114 92.244446 15.717161
60.514711 13.354034 16.831930
66.749107 11.679126 15.195901
92.719187 16.998369 15.347379
59.718027 79.388461 18.253766
12.853214 18.501749 15.620796
48.857664 87.556103 18.761980
35.495068 5.419552 20.028798
18.259523 63.948730 22.590359
96.656703 31.484624 19.335980
80.216772 14.640595 22.681444
77.670175 81.011156 21.901945
88.008796 68.434645 25.348459
57.176157 35.663416 22.486148
23.170157 77.247054 25.310306
77.527713 91.142885 15.933863
13.639665 24.853413 16.028854
33.262284 43.440530 17.159845
5.643487 77.509891 20.782697
13.471601 75.421766 22.329828
91.170740 58.381359 16.111728
57.897938 56.303081 26.192526
17.445126 89.567096 24.927733
47.771067 14.960065 23.051720
86.821234 12.476381 25.903765
48.984382 82.331969 22.028096
25.198797 8.204020 22.970046
91.017616 8.512626 19.536963
12.107862 70.689131 17.035738
81.089022 66.958303 24.851719
93.659037 58.080837 22.390956
16.351051 81.287019 21.992040
27.632434 32.316180 17.166271
14.083012 95.256148 20.448743
63.314088 96.143981 22.286864
18.018812 45.056057 15.120943
74.215442 60.395315 23.322192
93.846970 52.083234 25.217135
94.931654 4.687070 22.212741
26.339809 70.365238 20.886375
17.678889 86.632246 23.282162
50.004170 30.988251 16.598507
18.592543 40.710858 23.732709
48.553040 63.587176 20.818145
57.573269 43.178529 20.273123
53.562581 81.005921 25.272902
29.711549 42.068699 23.132819
30.281442 24.979969 18.282142
71.257867 98.263459 15.621431
37.051694 57.969675 23.103624
49.633774 42.191700 17.609191
13.451861 89.680322 24.624765
33.920441 95.543368 23.712398
24.945180 2.681178 21.285992
65.187122 66.891849 18.053009
11.538544 67.950725 18.222753