10.512390 8.783255 24.066831
48.900553 77.428574 15.447479
18.059162 67.512474 24.528447
19.703191 17.018993 20.189885
73.549796 39.770678 18.595931
40.558755 60.157331 20.666506
35.282671 68.330584 18.655572
34.068426 44.141386 15.857539
31.324417 37.991858 17.576987
83.073554 0.389163 16.426995
49.273612 64.645766 24.796795
28.046868 51.063583 23.874685
79.923979 12.918756 17.316295
14.674498 24.616147 15.383253
73.727276 12.089277 20.923621
44.695148 23.603890 22.062270
74.526758 79.575269 23.040132
46.996986 94.673563 26.208835
16.146640 39.421797 25.346775
87.744371 28.585090 15.226570
74.672313 56.885120 16.403367
82.540034 92.190195 25.282297
27.274903 67.188573 19.046232
15.170403 0.835752 18.924665
75.821149 54.437693 16.716772
32.654213 50.271230 16.587697
94.765150 75.706486 18.442310
58.508109 2.184723 20.852477
96.072067 16.151426 21.493124
38.156945 37.923735 20.080702
15.199110 22.866134 24.357853
43.048638 95.113159 20.696252
35.967632 13.099112 24.937148
5.822033 94.512455 19.285717
95.682722 93.345666 23.660629
88.751984 0.744281 24.265022
99.693476 46.118488 25.468789
32.967947 49.318366 20.768689
40.346590 59.453106 22.894901
79.834694 87.569110 18.608910
44.432361 22.227924 20.087473
55.358327 60.357713 25.077627
24.330275 76.474414 15.033495
80.673207 21.916997 22.181986
81.892343 43.265516 22.848064
0.150569 44.226845 17.993843
50.544049 43.837916 24.129180
68.256722 51.915989 22.900979
80.899115 96.270202 16.495203
64.679883 74.711277 19.458523
43.788239 67.370904 19.809358
75.346686 17.321421 21.227779
51.897883 49.451307 24.861035
18.341797 68.129318 25.749660
52.376378 42.137843 24.265026
72.373851 2.740139 23.519758
27.759183 38.164799 24.247524
81.612581 60.935023 15.184979
60.890248 54.196389 23.551216
71.584828 63.933679 19.031689
93.498281 40.991484 19.092574
81.432936 96.535674 24.798402
61.290015 23.001994 19.653849
14.556332 84.154033 23.695601
48.068940 5.543874 21.793194
24.992373 36.456409 18.479979
53.874117 52.198894 25.711793
15.143405 32.950255 18.310497
53.499327 41.837543 22.586260
71.209475 24.801239 25.773548
25.548753 91.920547 20.436211
10.241972 9.981207 25.075115
93.826597 0.192094 17.914713
91.631461 53.579029 16.210699
76.362641 44.175049 21.211016
98.055508 7.539509 23.418633
17.276984 5.851475 16.710789
85.764156 24.358719 24.252196
18.556453 93.438813 16.922749
44.235912 38.494464 18.338698
20.858556 90.987490 16.076582
55.153553 55.859003 16.195185
3.867061 26.678950 17.873749
4.434906 90.930462 23.745014
18.687961 72.671988 22.370458
56.885757 39.480059 22.098977
42.976144 86.502059 19.888996
49.245202 43.635573 19.103588
9.105998 97.189605 16.306512
6.491428 43.112917 24.254728
58.259403 6.515238 18.866154
59.999606 14.446885 20.627975
38.895112 54.990799 23.308901
22.707304 66.911230 25.171952
18.994346 54.047009 16.580474
49.115006 36.484441 15.952118
11.226423 86.793080 18.149487
32.152696 69.901311 24.636596
66.568198 71.922959 20.515554
13.776603 79.449421 15.158209
31.617548 32.615931 21.216560
52.261007 45.300704 26.178478
79.014461 29.951817 22.272355
82.848044 84.651338 15.964355
66.763298 35.099213 20.094513
54.394533 19.629009 24.611956
27.754313 83.327832 23.111017
45.090593 99.345467 25.299391
78.275706 42.577739 25.909377
75.009688 6.300704 25.472244
24.075443 34.047123 25.484586
62.139044 71.685081 21.028434
73.120447 22.649780 15.554182
47.191615 27.869686 20.610366
46.670417 63.403411 20.392939
40.715728 68.655460 25.097217
17.381311 35.686346 24.972260
56.308588 40.844129 26.222818
42.340064 35.715640 16.005520
37.941621 55.249539 15.664866
44.260328 44.113770 21.017813
98.774925 39.584627 15.340696
78.862475 28.113579 20.024426
21.003331 69.780899 17.423993
39.018117 35.874094 15.302058
78.677016 16.776363 23.759455
88.850957 47.467691 15.835486
39.318220 91.808383 20.498242
88.101054 93.721985 23.456463
9.123922 5.179622 17.195849
71.918943 14.415085 16.114026
27.136670 65.394488 17.861632
83.589736 12.975780 18.073028
94.011105 73.884843 21.757677
27.569590 80.043375 21.846820
93.067275 10.106741 15.207296
40.410042 36.034061 20.247983
75.358725 75.320392 15.851118
18.142153 74.566233 18.804246
15.775198 9.223328 16.791560
19.891083 38.014132 22.647268
22.170703 58.624012 15.252915
3.297996 22.955977 18.868497
68.654294 47.388454 20.294680
3.079418 76.656217 16.928582
18.165819 2.315669 16.887449
31.661403 93.795392 18.998199
28.568591 32.425816 24.241476
50.877561 96.840202 20.489032
49.060853 63.096640 16.299380
36.857270 23.474860 20.047637
57.800371 51.076489 24.391014
88.960719 4.270680 19.432198
52.042191 2.045902 18.893460
72.664358 60.235431 24.409654
76.675996 62.899542 24.465279
47.167026 66.644466 17.642328
7.059793 87.370793 23.759237
33.317074 10.910613 17.952469
28.241534 20.791219 25.463332
72.138413 96.974798 18.845257
14.193721 33.021315 22.132159
18.107903 71.892466 16.109373
70.377260 69.049648 17.071741
30.254266 88.268531 16.933754
93.215173 92.618532 25.315108
61.657828 37.528811 23.813204
55.405973 67.080139 23.460505
20.314001 91.931286 19.207049
87.634837 50.264689 20.368694
7.156239 74.776028 18.860022
17.505632 43.283284 24.066008
30.004366 95.400610 22.513744
91.048117 37.457670 16.786451
49.778649 88.848101 20.946395
5.638034 46.820130 25.547837
80.316163 78.302879 23.037664
44.146055 26.948060 18.059315
17.899276 60.612546 20.811357
8.176079 90.999732 24.299686
64.931486 30.149207 16.887315
21.653565 55.659861 17.671269
1.704773 83.936035 16.572707
57.004829 18.064462 15.237883
80.012581 25.019932 21.221815
23.406127 85.228184 18.187401
85.262789 44.872038 20.061007
79.916535 71.533498 24.501375
46.996922 60.066979 16.243961
45.961438 96.537369 19.058800
89.897497 49.824208 20.040876
5.179565 43.916024 25.327470
52.478116 80.461871 20.006116
27.148528 52.880345 20.505395
91.896052 33.201005 16.970080
46.350096 47.774216 15.994951
40.055162 83.105931 16.303136
3.176955 51.551375 20.542897
31.726530 91.881600 20.533913
25.831693 71.861552 23.025941
74.997970 33.634327 24.172641
9.479966 61.315938 21.133708
61.506800 24.308994 21.090600
51.008794 39.984968 20.063978
73.085382 61.667431 17.940518
76.714975 11.857750 25.653225
7.677909 75.512720 21.883306
52.950390 66.997591 18.162026
54.120926 79.425569 22.730820
3.130687 6.104847 23.392347
85.246314 50.097407 21.860128
30.282443 19.584029 15.084473
34.388779 46.969408 18.673917
5.664393 80.537971 15.535897
7.046317 90.648126 21.458562
94.634455 30.040704 23.521872
20.716406 47.655342 18.252775
52.192022 97.957419 19.191489
82.816034 85.698040 23.789689
12.855093 31.556814 16.877564
80.122989 4.082163 19.297400
78.538718 23.675957 18.226274
50.234349 42.712204 26.204779
40.312285 63.765447 24.406867
53.353366 59.848793 18.080970
87.882009 56.108661 25.117698
78.226884 25.158111 21.182730
48.364878 54.750293 19.433403
22.225252 0.867052 23.008918
13.092739 0.671340 21.817221
70.837833 85.567018 20.549654
87.750235 28.549438 24.865867
52.054997 25.605195 20.444834
44.029257 73.466974 23.883319
37.928767 22.115401 23.862078
52.272657 15.751206 16.156605
30.908158 67.068278 17.422840
92.651051 3.730337 25.543181
16.208220 87.706683 24.915019
29.467418 94.419060 25.679138
92.408382 79.038675 16.995853
71.427979 40.064200 18.166179
64.953336 14.931313 17.178565
50.117964 83.793984 18.347471
53.586621 92.045070 23.374193
77.929230 66.175986 16.500081
35.607639 80.418658 19.794058
60.630435 8.295782 18.177956
29.525532 83.296771 16.065432
86.482875 18.864540 15.541579
97.774865 3.052504 17.741261
58.749450 63.862693 25.882851
40.417442 47.623639 16.544977
77.107095 12.164791 17.058610
53.901173 1.556673 20.515991
78.660435 40.283612 18.069738
19.303343 22.266276 19.841037
74.268367 65.483221 23.171870
65.327186 34.025271 16.742465
30.627537 30.661906 20.092871
2.968738 10.277761 20.590109
28.789168 3.507890 25.024519
21.212556 54.873684 15.773733
29.291000 55.996447 22.438910
94.408445 59.208439 20.923225
61.075443 52.218859 21.571319
40.728525 32.511455 25.502442
36.737812 22.581777 18.570794
93.369222 98.757846 19.601210
41.089180 22.614028 16.618528
85.329438 93.023001 16.519934
3.060242 74.064294 15.806470
3.987327 6.152772 17.575150
8.433960 7.601402 21.252608
37.104648 36.451075 21.677580
71.318762 89.893654 20.660264
23.136098 18.066393 20.622507
86.836488 37.879307 20.253784
33.393464 41.078844 15.417820
52.820068 44.155486 24.048568
74.101611 60.346218 17.328024
48.532789 61.892620 22.727362
24.789235 71.513460 17.566047
82.806067 13.136257 15.460133
57.052541 63.135154 18.968765
20.773571 56.129511 15.153586
41.927227 65.373415 25.846221
17.253811 75.735425 19.831838
80.345252 36.966545 17.228498
40.426341 63.497834 23.332639
5.924247 29.409935 25.462568
15.951396 3.759682 15.219205
50.418161 56.597460 18.978859
90.771053 91.832240 20.146497
21.619957 91.097987 17.965826
61.724714 16.740813 23.626892
43.626806 87.231766 18.396322
22.665081 58.475364 15.323293
56.904728 66.441967 18.917496
12.197230 70.072478 25.151179
42.573220 84.805132 18.803834
46.161034 15.494613 24.317619
33.415786 94.572436 25.338741
71.813067 59.796246 18.826125
19.677475 42.105714 20.131776
83.846502 42.982873 17.895881
4.864508 53.787483 18.157231
72.699964 16.550910 16.361937
13.681460 59.782160 24.297356
48.062026 9.714453 18.729613
27.312976 30.412100 23.872481
20.312696 2.210242 25.258181
62.433928 89.934614 18.433985
70.769684 68.084765 19.882177
50.109285 4.473962 20.314978
74.834731 98.653724 16.698519
62.639122 74.066842 15.970381
95.589484 89.566338 16.106696
74.430108 39.134390 25.991228
41.870117 55.669818 24.580044
90.545284 68.177013 15.618420
58.482256 38.508546 25.840342
79.950649 68.831317 23.184994
53.642802 73.097919 22.015795
70.550159 56.972164 20.983550
82.077895 75.378369 24.250634
60.406062 32.665490 21.443020
30.042123 32.521997 21.794792
77.549026 16.785811 22.196039
27.692832 27.743782 16.589599
76.113033 79.631534 23.766366
13.504231 23.679978 21.414680
76.208914 46.565069 21.715340
15.327535 90.538746 15.504715
70.578636 87.443089 15.881043
99.925998 37.160374 23.204271
55.409443 95.224458 24.643506
49.112507 15.799748 15.713576
91.701637 68.941164 23.555220
56.570335 8.045025 23.708046
86.989797 43.446511 17.136801
88.312907 90.295726 17.084278
42.013879 22.153351 16.700052
4.699737 18.733382 24.788000
22.557154 65.843818 17.738581
54.007437 80.278292 25.665045
95.170946 28.956023 23.930329
89.427392 75.838111 24.521835
49.061924 16.313164 24.788024
42.304262 14.044070 22.530242