3.412162 47.927524 25.578543
53.004737 80.293720 24.908467
58.445769 26.551117 25.564246
46.794840 35.604220 25.911799
61.854882 97.344466 24.026474
58.987427 94.587069 24.091411
67.624553 2.513203 25.214805
85.810949 99.125630 26.132084
75.741932 15.348008 15.878758
15.382412 90.324285 16.372301
83.970650 42.504056 22.351753
70.286643 30.549843 15.803357
25.104116 81.142946 21.809560
44.241473 52.890268 25.302272
88.853498 39.739627 22.346133
36.130124 93.515235 23.016022
58.346458 47.787941 19.592424
91.201676 66.120779 22.256174
98.422747 60.867068 25.710777
61.147020 14.133763 17.001428
44.556292 41.108238 21.122852
28.546725 74.733787 21.993288
96.868448 23.651020 20.268596
7.473309 20.114235 20.430295
5.872580 29.346792 24.152778
78.492743 96.344479 18.069698
81.312573 1.736044 21.609648
86.603014 52.173921 20.024974
84.993473 17.915087 19.839474
81.950812 24.074588 21.536095
81.952524 62.873768 22.068940
81.700433 67.055505 18.409258
34.712754 19.408999 24.872247
33.442296 51.980497 24.649680
92.820727 71.629803 26.105377
78.352904 55.536377 15.408573
63.361235 63.348382 23.918782
53.606234 53.505098 24.718104
99.909588 36.110494 15.476124
11.809680 57.063220 22.990732
46.393298 4.568667 18.508630
15.042541 40.663529 19.657634
5.674108 8.105814 21.531277
50.986763 86.804409 21.444459
3.952288 75.994125 19.745493
50.684847 83.133845 17.287993
60.335785 44.634460 23.001765
14.949310 54.378584 19.627594
36.154369 69.342641 21.003491
30.340543 61.241384 26.171105
55.966947 78.459565 25.176335
93.510285 58.978546 17.899260
28.889333 28.509863 19.994863
66.352439 38.857349 20.705876
21.278543 40.470468 19.232808
62.262852 91.358544 15.983073
80.381366 80.722400 23.504184
97.491087 53.874485 17.394210
61.354937 67.869667 25.276871
1.846927 62.831201 24.281229
89.833403 9.303072 18.167543
69.369275 92.224763 16.874477
70.117590 4.401195 20.913147
91.436818 28.945500 23.320969
19.656731 51.132909 19.649950
33.823886 37.400336 25.423053
24.823902 54.239240 17.116465
2.703561 97.038232 16.636651
32.317093 61.258902 15.596823
27.834595 30.238650 18.231142
54.125572 10.351954 19.604534
58.039193 68.766076 23.100887
5.735775 34.001483 21.233893
75.260600 95.244575 20.283241
39.448220 12.791120 19.896139
35.294658 12.579619 20.059597
92.797267 60.712451 21.041505
11.284039 46.499154 21.949625
2.989583 2.243216 18.017587
35.377086 70.676285 25.814237
15.558000 91.961280 22.456030
81.494976 1.738385 17.786586
27.564920 40.809617 18.659741
10.508047 79.141792 23.579590
59.120839 47.870321 15.079275
87.399015 17.532162 22.112729
92.362853 91.302998 18.231732
54.793695 2.471713 22.257959
30.457962 97.834936 22.657400
30.594014 20.496256 15.630521
39.826936 74.614032 17.514238
66.734996 6.822158 18.281305
24.372155 35.585938 21.839259
48.817656 74.237305 15.623186
42.645764 31.685254 19.271948
79.264430 82.912000 23.135246
9.209318 51.099028 25.297618
93.671811 11.943695 16.527118
85.736284 81.125757 17.161652
28.722589 18.554213 15.124030
31.082499 71.539518 24.142190
88.347760 35.389531 21.240126
68.608604 87.427514 21.769887
13.546800 94.091285 20.473041
85.830184 87.076498 16.017043
56.653018 76.353610 25.720944
39.666425 52.327577 18.011963
23.200495 64.932252 21.016257
98.821281 52.192126 22.249258
75.996827 48.366802 26.161007
83.196438 29.338503 23.764940
26.838591 65.035825 23.425792
42.449906 96.664222 19.081777
20.580100 57.815894 22.176855
30.356632 36.008092 17.037132
15.165861 36.003500 22.542126
87.256662 33.433548 23.605418
90.885325 81.805532 18.687673
83.092685 57.867498 25.044666
73.372499 56.752066 20.656895
95.878583 82.708239 26.149656
15.984846 39.436731 15.543531
91.284919 19.565677 24.143088
17.656671 90.840143 15.372272
56.789961 40.167141 18.402187
68.606106 2.992241 21.791157
24.744648 57.993016 18.764113
78.600000 70.319913 16.271047
97.525586 74.457329 25.550543
29.479461 39.802070 20.443621
36.511197 89.014029 22.558938
99.053546 11.315128 18.151565
78.149892 27.861722 16.913862
96.074688 32.988383 18.758358
30.566033 53.134581 18.551530
54.011468 69.349332 24.264312
5.129120 48.910165 15.133203
51.800871 22.540602 24.663362
7.667937 30.272887 22.278355
21.661216 17.344673 18.974047
76.321515 19.539327 19.469279
26.478352 58.339798 19.363044
91.908724 60.300165 19.654132
0.487659 94.747384 18.316720
78.659911 82.230777 24.747453
16.452810 97.463277 18.422104
89.518417 52.949829 23.105710
45.048966 89.323427 17.927920
27.572685 85.082764 16.250880
53.578200 83.013706 24.953266
46.399711 62.356742 15.886310
64.446777 77.977571 21.501237
3.872332 27.020283 25.417452
79.880033 77.547267 24.109827
12.105374 15.476508 16.968568
46.301433 51.724413 21.365951
55.049262 37.093486 17.943783
29.952460 60.830671 22.661504
47.820602 75.121501 15.271983
96.077738 19.147636 26.159365
52.992321 64.354395 20.611411
5.662095 7.367383 19.523875
85.120689 78.851141 22.486382
5.155034 89.834898 16.041375
76.988977 91.174355 18.413899
0.603411 80.826798 16.073141
64.542715 64.390505 20.155234
76.460157 71.738280 25.129931
70.244776 47.073250 18.466461
23.537181 50.304437 19.206751
16.238342 49.350312 17.342197
42.013796 25.557292 22.281748
59.224318 89.674890 25.981754
17.581486 37.000864 22.397058
66.209579 46.182639 22.647400
30.782534 46.397636 15.935692
11.439780 88.765806 18.192259
69.747408 97.477896 15.498753
5.980321 27.514642 20.157099
17.534354 75.851229 24.487711
29.399453 76.690155 19.868101
14.002437 13.373879 25.410865
14.717715 77.759706 20.984528
41.363607 75.306799 22.925932
44.029448 55.090633 25.810393
83.645741 97.414020 21.363842
56.332334 34.064370 15.674182
33.516970 90.012481 23.489258
24.844504 41.902502 18.296944
28.552047 39.551827 24.090081
8.538396 31.349656 21.613799
46.953774 69.374028 23.978228
75.736942 46.489906 19.388645
77.426935 12.615392 21.400214
21.009817 64.445953 17.970785
26.777377 37.851316 22.195264
59.447213 81.160532 25.231953
87.101566 55.250743 23.323370
33.449096 93.556489 15.077054
66.211235 21.005676 16.691491
85.835685 50.125107 22.699268
11.309616 95.277344 17.974009
91.958180 24.911221 15.731402
66.076046 85.285116 25.213033
90.667223 91.264997 23.968373
5.228077 32.084703 20.769875
93.118546 41.427538 25.723567
39.974485 81.479460 24.904441
33.840748 44.977757 18.597662
17.145712 66.813545 20.869314
49.319866 61.177975 20.951193
69.939415 28.449371 25.699717
74.388123 86.029514 18.922817
44.527892 73.409867 22.052479
49.798791 44.048528 16.303408
22.691676 20.279032 26.062393
6.523189 77.921055 21.972707
27.838581 35.002172 18.831676
76.119673 47.989412 25.060213
70.472236 75.736789 19.573825
41.873242 88.181624 21.382666
99.630382 38.992990 23.933230
34.932189 24.039130 20.237992
48.795599 90.939504 23.568100
24.253348 18.264576 22.901346
10.323516 84.748021 24.473978
79.604275 54.998728 23.502260
95.167696 0.170697 25.473728
68.978261 85.814348 17.841346
13.856752 50.858251 16.733094
95.479408 60.443802 21.854625
52.723096 0.294161 15.839297
72.020145 18.463090 19.991165
12.417627 76.664212 21.319289
21.293888 28.615348 17.238572
42.310178 7.262438 18.692640
34.751899 39.626548 22.791674
44.353412 72.022243 23.956040
5.379402 21.225791 19.522711
74.342221 98.851137 23.945083
1.091101 15.748137 22.153678
90.921405 7.009989 24.061286
42.717795 13.602617 23.363243
70.606438 34.101277 19.190681
99.552848 68.884780 21.944389
49.491316 82.284742 15.981305
43.238338 33.847244 19.202444
76.029903 25.455455 20.185897
84.304480 37.576973 19.967954
77.781397 83.533218 22.323527
22.523221 46.758865 21.480547
95.962994 65.051007 16.043261
3.773578 52.982329 23.199458
50.524134 17.743066 19.708136
44.557220 17.332297 17.126603
4.931359 65.924089 18.602041
6.401538 73.291278 24.773832
34.429408 1.035430 19.904147
84.593710 14.123641 16.365977
73.040866 39.046190 17.173285
83.491840 12.518505 19.636971
51.535006 58.531614 20.666153
21.387916 30.003837 16.064019
95.783490 29.723128 20.647796
24.329965 89.044834 22.997279
84.001927 64.599240 22.484253
30.477200 9.223175 15.541406
13.629536 13.324809 22.560906
10.785895 33.820247 25.925598
28.908583 63.118494 15.338541
28.116801 12.024930 19.874299
65.254841 42.657994 18.350314
95.198861 85.514225 21.089953
41.502351 31.246793 16.601861
12.453587 4.311516 23.153592
33.343333 22.103361 18.578746
52.531546 94.015556 25.860007
12.304355 14.959952 21.961917
73.654768 23.545386 18.683349
69.811669 10.249744 26.100890
75.124304 6.225921 15.806071
76.060722 56.667548 17.547188
97.493959 42.481458 17.218306
35.105929 48.696504 18.036890
83.852443 39.730765 19.529934
58.023848 93.957156 23.638337
43.239025 53.708744 25.769311
97.869873 53.453546 23.353140
25.662259 3.098611 16.625062
15.926454 46.905962 21.133145
58.668432 9.277098 22.230926
81.559353 29.441499 25.610899
54.527451 72.338118 25.374965
63.565075 65.495984 17.955772
51.016538 43.492253 22.590792
30.564929 13.315318 18.921632
30.602652 20.568462 21.916035
87.202524 40.745788 18.765541
98.375577 20.752732 16.589659
20.289319 54.199516 19.441370
62.025557 77.937375 19.619151
52.380193 36.918743 20.321208
4.203965 87.990161 20.198259
24.013952 58.037507 15.478887
82.810001 32.065837 19.761648
59.365326 95.381775 20.933634
69.538923 20.050537 20.759620
90.675015 75.525801 20.304363
59.848167 14.919212 18.235167
96.913163 2.682703 23.029821
8.570507 64.635961 19.244611
47.928530 82.649957 21.276159
79.755452 11.319051 26.232546
20.930105 44.347521 19.107306
93.786547 34.895427 21.536099
19.498419 59.477916 22.046657
72.107278 25.276040 20.341911
62.752262 43.282804 20.917013
64.436329 93.843747 25.844112
58.041563 30.870615 18.702289
36.813479 74.176737 16.863923
32.339264 59.002937 25.872510
35.769623 87.248102 21.929609
28.844048 65.890049 15.357369
24.663891 49.639456 22.396610
50.633292 50.943985 15.506560
7.105541 38.935168 22.221163
34.941770 92.592173 25.534434
60.480929 16.086134 25.928881
86.174383 79.355773 24.596412
65.262581 72.634121 16.957476
64.260085 59.057839 15.984691
91.433468 38.713636 19.369056
91.200286 61.895447 23.177337
72.243475 33.945181 18.655213
96.748097 39.208697 20.415721
92.190634 25.261755 21.340404
64.211893 71.867367 21.310764
76.474219 77.089193 16.766823
93.395583 10.434541 18.438832
54.107249 87.056531 22.445112
81.680091 36.240922 22.310606
11.829506 69.789569 24.523566
39.417148 51.786523 22.727742
16.244951 6.598144 25.357232
10.870184 88.128304 23.357601
52.328055 98.231344 18.907086
45.389739 70.706811 18.215849
56.140696 0.223104 17.851134
48.474924 16.394276 17.137614