85.449310 5.637018 21.653769
5.356209 43.846761 17.230844
22.812061 15.608562 19.730346
44.708627 49.548898 19.671236
52.537828 89.246726 21.379912
91.873380 0.831518 21.799758
66.885141 3.321107 21.265207
22.564932 81.219097 22.933773
38.776561 51.260716 20.338350
44.337247 40.941085 24.151350
6.431356 10.801971 25.196049
96.093754 93.183239 18.338030
14.827547 39.406367 19.706098
0.479385 13.606157 23.351057
28.785315 73.025473 21.269997
25.903205 7.739815 18.200731
30.535771 65.969775 20.873222
1.302477 38.676209 17.350801
50.405700 67.940404 23.328170
78.030720 97.088327 17.004329
72.868737 20.112351 24.266510
12.972000 93.476395 18.866728
22.015486 36.581730 25.295896
55.527080 55.497655 25.165155
28.726478 54.712453 16.133584
45.050933 86.885041 22.711285
5.921378 78.490624 15.409835
58.514358 84.915798 22.241421
13.167075 45.784148 17.433088
2.690472 34.697872 18.109337
85.968070 84.432452 15.418113
33.923528 76.924445 17.871712
74.475947 62.455833 15.616623
57.132763 96.470608 20.684701
72.382112 12.245968 18.514483
32.088731 82.163126 17.408667
66.488146 74.844343 21.084343
44.068193 97.741108 22.349817
84.528363 12.884412 16.291075
3.070835 27.315797 17.869865
13.923154 31.111272 19.981126
41.151556 55.694246 17.283881
34.574072 75.708285 23.092911
55.609109 78.462013 17.767743
8.151717 89.344394 23.060659
81.481757 65.661958 19.736544
73.096684 7.163699 24.678013
93.540141 18.006479 17.682623
46.762898 7.083792 19.398036
28.496171 27.718086 18.160436
21.059475 97.022644 17.409911
56.472277 52.213522 16.232479
99.346729 3.679734 22.270101
36.566578 49.828029 20.692107
22.344531 70.588668 25.912705
9.407927 86.644482 22.709790
83.112527 1.405758 21.089390
75.661128 35.962598 16.878022
87.851651 32.668544 18.492382
10.269918 19.427627 22.628984
26.141774 59.670172 16.759614
88.238155 32.234172 24.750047
87.928137 64.636625 19.059170
39.844433 63.820580 16.469464
76.462655 19.367341 15.768799
67.007463 27.163524 25.300608
74.877194 6.742504 19.890407
78.137097 87.992960 18.946160
41.716442 72.371513 19.565658
4.502034 97.481532 18.503198
53.488515 71.912938 17.046280
41.634821 51.026229 17.447443
2.310890 93.559569 23.125072
82.425078 37.676320 15.017738
54.151358 52.510073 16.348840
29.104921 17.735208 26.101583
95.379621 51.298209 20.933117
75.268370 84.461279 15.650621
53.169742 95.622936 25.349232
42.957633 45.188427 20.004980
50.658099 13.464078 22.630308
83.539696 67.561184 15.533278
14.366420 48.090036 17.952530
87.880783 67.631387 20.123088
54.084772 57.794300 15.246927
32.158585 40.988685 16.942515
36.168790 60.483025 15.775257
70.000651 12.733983 16.827707
45.794544 44.652192 15.255895
68.244609 89.827522 18.452767
41.697110 81.999846 17.664007
5.834940 71.040139 18.295328
33.849299 98.225390 20.898443
25.680371 35.837752 24.686897
17.918741 21.229993 18.112830
82.556676 94.005005 21.896650
32.197975 85.355002 17.622140
54.862794 76.332004 25.821018
42.245814 84.360330 25.050193
50.861135 81.912900 22.914063
28.385248 16.559786 17.619805
81.335832 87.092000 24.249962
46.428418 81.796473 23.258903
36.961470 34.806403 15.742273
2.842627 38.940096 19.117967
81.466980 24.170631 22.299347
7.163537 29.796301 24.322426
4.592306 85.938681 15.975273
35.164273 18.163830 25.328960
95.668761 19.833059 25.951471
3.253329 67.862788 19.117249
87.773564 93.858333 25.139226
46.805994 91.475729 16.329003
10.742335 56.917134 23.756020
53.070850 52.500880 24.311131
5.433305 70.628799 22.319853
43.728193 17.410045 24.071358
61.389345 24.631824 16.153296
49.899192 67.633136 18.783233
46.131089 96.551550 22.257566
91.068165 28.264503 19.846315
8.092878 98.904846 19.474070
57.783519 71.688912 23.965142
17.280793 28.642724 15.949086
59.739666 45.276364 15.445824
31.935110 44.781429 24.175928
78.444127 12.194483 24.807310
5.050192 83.607278 16.871192
80.808939 26.637528 20.412662
94.013692 9.222212 24.546476
61.594731 57.999651 20.141870
61.722594 99.324386 17.574962
42.886584 33.165449 16.192931
48.994241 1.114913 24.465696
7.346874 65.827902 19.295879
0.256710 31.780731 19.022711
32.578887 83.777998 15.275620
17.408520 15.681007 23.558782
47.663311 11.122578 17.880216
74.430826 68.337976 20.872092
31.404079 25.644475 25.994821
82.369019 82.283512 20.261376
66.975903 6.763805 25.232915
61.282403 6.270539 23.243685
55.443906 67.255816 17.043536
60.228782 98.741127 26.121862
73.417995 18.240339 15.374187
74.426643 55.543081 21.054630
30.517022 65.858785 19.053236
88.146507 92.337645 20.779126
22.671032 64.598519 21.746522
94.746567 27.833114 17.035760
13.281427 99.807853 24.457371
78.131491 48.685606 17.519522
37.275966 57.659191 15.422276
63.073193 81.783010 16.930393
37.046993 71.780040 17.425265
18.383337 35.289083 18.391355
2.000179 0.764894 25.718197
91.722890 49.485038 16.572993
51.375872 42.590172 19.875072
26.007908 82.552403 23.953943
16.311634 16.596066 16.707165
90.992453 31.814058 23.025956
65.790691 54.575078 15.764391
40.433253 6.015773 20.598422
33.658119 64.030453 25.893688
70.899136 93.336963 25.682320
32.993231 87.618689 24.528795
6.627741 24.777636 22.719485
99.598534 63.221870 21.781982
92.174543 89.125808 22.185638
44.116272 36.908811 16.428892
85.224952 27.255110 22.808495
40.493599 67.911663 24.683936
52.559265 80.916511 22.825028
64.502597 7.175882 21.402213
70.179901 14.290769 21.448633
73.132337 49.189704 17.895343
29.969408 75.043138 15.821925
97.949301 38.026286 21.442789
20.523663 45.354688 22.159657
5.829933 36.516442 18.296230
27.809074 41.542792 21.878768
74.423483 85.607534 15.755438
31.615084 5.411966 24.499378
57.649289 69.212455 22.460981
60.762826 68.093761 23.729954
50.037214 56.368176 21.272330
81.921872 74.990675 24.099282
38.902118 49.539989 15.513232
85.956845 91.995478 21.128499
85.830440 80.423097 25.555419
93.396193 42.332930 23.301983
64.624475 62.681551 23.837125
94.947496 47.677392 24.308787
14.818695 58.387261 25.752164
87.858935 73.290419 21.122651
96.936938 58.998597 21.196167
28.063959 29.376817 22.695912
62.127060 21.753939 25.466447
29.793673 92.604636 25.249985
73.045767 72.982677 18.317949
99.546647 96.781267 16.830471
15.236171 23.505716 20.830355
90.490881 2.284053 25.728866
39.690317 86.518680 24.421698
79.862124 79.728728 26.009126
32.920504 24.268793 17.049864
14.278409 34.734182 22.991002
90.445702 79.556957 20.239349
56.748842 53.397647 21.653941
48.324544 84.038629 18.668290
92.884035 98.608467 18.708789
16.439435 0.932617 24.550883
22.388309 72.002526 21.639602
85.492320 18.780570 25.884618
43.943339 98.602775 21.091256
18.979539 12.837164 19.978736
73.493786 95.907511 20.042947
69.681960 13.740035 22.825804
15.670760 38.179323 25.800265
30.091903 33.619366 16.780756
19.844069 83.201085 18.775222
95.292021 24.054569 17.656367
53.099064 80.973990 24.811818
24.066069 31.048902 15.325036
13.658322 25.671238 24.886273
78.699407 69.810313 18.881392
69.102895 45.657837 21.920673
23.455031 79.706157 16.609469
53.587201 65.241886 15.537835
1.272094 22.568213 26.033486
90.587785 50.305487 15.718483
61.681406 27.213625 16.026033
96.368235 2.488794 21.591564
91.187020 13.432631 20.759871
34.972945 92.057957 19.006358
1.670899 90.126393 23.171432
16.086469 68.434109 26.249772
57.000909 6.758428 15.216492
85.436151 31.920029 24.913766
25.834512 69.978840 20.851947
55.213948 65.145362 23.735113
25.764928 8.993543 22.054345
78.254363 40.191298 24.399791
25.686034 24.682626 15.667471
29.929708 98.483713 17.249433
43.208389 17.098493 22.241636
99.249143 85.709973 18.638815
59.903814 39.205245 20.349308
15.130922 27.057581 16.405529
84.841942 39.486852 18.050691
32.480329 7.813939 16.148822
88.210242 69.585971 15.790933
27.594805 76.877173 17.702594
40.266036 67.176345 19.500865
46.511391 24.997774 16.726447
16.320449 71.046790 26.115141
45.654741 86.638711 17.210428
40.987905 66.972435 19.096751
75.521668 75.779092 21.571613
0.767932 98.286569 25.786458
19.633133 73.555154 19.593400
25.300758 60.590740 19.001420
9.143890 6.693652 16.033516
40.052695 1.101610 19.234335
60.983142 89.395332 24.981560
33.229365 25.148965 15.301180
40.384869 8.522235 18.825879
84.347754 68.242572 15.022510
38.060549 42.280564 18.802967
55.213312 75.884749 20.696024
41.529191 65.519801 21.256351
31.697644 25.972882 20.297345
94.625642 47.931796 16.966540
10.692192 28.699703 17.089603
15.886174 89.083654 19.336361
68.039013 47.986947 21.595415
79.920919 47.942435 19.194919
2.851447 54.793040 15.519863
24.743332 68.295638 25.345292
67.968318 68.294377 23.826263
31.632297 59.790134 19.530955
86.303046 99.816215 24.894815
67.893151 56.834994 15.150522
96.109294 85.637160 15.288767
76.397325 43.622564 22.136408
56.524157 55.059445 23.873014
8.055889 73.857222 23.230531
59.483844 33.645889 19.066147
91.907052 55.152035 26.172195
15.511339 30.949565 18.203238
12.793936 56.106609 18.569886
17.887443 5.500372 18.279289
82.609829 71.855071 22.760807
3.483162 31.831030 21.475051
40.192291 4.087071 20.907085
54.310911 70.137775 25.817989
10.237103 90.092601 24.288402
83.736626 42.221481 19.230384
88.615379 53.429716 19.453525
80.129803 61.696596 21.214822
74.306150 63.599474 16.654408
94.721953 99.428992 16.648600
26.966000 12.967877 16.522708
90.739355 64.803384 21.697480
74.705025 23.882527 15.475721
68.389209 21.479567 15.668223
28.946135 90.465780 19.062222
20.871926 82.621401 23.073869
80.376207 77.148310 19.672324
95.989948 22.770158 20.211641
0.989022 12.435191 25.253986
6.471750 7.374027 23.677996
36.108989 70.955626 15.913023
19.319261 68.783032 20.969981
91.015013 47.145511 25.205616
5.832017 62.499943 23.290277
67.635437 86.929266 20.742295
97.231813 50.345007 16.643945
5.704259 12.853799 23.139170
37.957279 24.945243 19.543492
65.210064 54.785670 16.972342
75.649566 20.618341 18.919773
10.973727 47.644272 19.747950
31.662155 46.445115 18.211131
87.160943 70.105312 22.543753
93.314269 4.399034 23.309484
88.211937 14.119472 21.012224
55.534750 67.205218 19.415745
24.390204 88.789518 26.202573
96.417515 87.513023 19.726751
38.866661 69.436325 18.607770
83.067419 56.070353 21.423330
73.650223 97.951524 23.851985
93.896959 77.633607 19.118197
3.341699 23.811519 21.741836
51.172863 98.827109 22.649491
62.843053 41.046438 21.999602
28.792310 33.784759 24.996841
36.272754 40.659513 18.587252
15.291981 22.061217 26.209564
57.610570 33.031092 17.189385
19.303965 79.601165 16.886151
69.445343 59.942768 25.948649
10.394801 7.226861 25.848841
78.875926 72.388950 25.020258
54.675806 51.758849 25.697830
81.918139 20.974336 23.350031