82.576842 7.010226 22.051413
90.487227 86.750536 16.877379
19.141135 47.241740 19.785152
35.915423 18.869760 16.950815
24.657328 36.587003 25.587214
77.513433 65.651505 23.099979
36.173143 35.749250 19.900972
93.349232 47.937633 21.685585
85.394759 42.904231 24.308318
90.540201 18.692000 22.075150
59.131471 90.069946 18.350318
94.844856 95.052305 20.375200
34.845699 14.684495 16.100122
94.647385 45.837828 17.776607
2.805632 35.098339 20.706081
61.698932 76.362267 15.238693
51.192728 72.884102 17.385849
86.316979 81.021748 17.621834
40.565530 31.165061 15.316879
76.905010 45.340698 17.091468
77.494501 50.431775 24.838571
42.606911 76.255607 15.520033
6.070067 27.521181 22.590023
58.033113 18.948456 23.385848
92.595502 39.734895 16.407022
51.424200 73.601166 15.996796
0.197301 83.474284 16.029658
58.252418 80.476510 17.649983
14.439584 29.831319 18.963431
2.749877 41.434179 24.139115
10.392792 16.475659 19.982961
26.128775 46.178919 22.957704
1.183724 35.199858 22.509602
24.781794 43.956142 24.762416
44.875450 60.063183 18.079450
57.396561 40.800696 23.016875
49.683899 5.461374 19.856248
33.046273 50.289666 23.496021
31.878277 63.888793 18.048479
87.424019 39.376259 21.251797
97.009920 14.753526 17.670964
62.058134 89.721825 24.185454
7.654488 42.736015 17.967492
17.963159 24.736277 22.926773
3.357175 21.548733 20.013979
48.048754 76.074554 18.802239
34.264788 41.105917 22.711744
21.309527 84.180113 22.182165
95.979005 88.064029 15.219858
27.845414 37.247891 17.095524
87.621772 23.070564 18.343403
26.533734 25.855345 25.035364
14.903658 71.550951 24.266471
44.627373 34.859320 20.382408
88.658103 11.041240 25.683281
42.441568 63.445314 23.274412
81.647107 50.070675 15.305305
4.308874 76.816357 24.153648
90.310597 8.656000 17.492074
45.316857 86.446766 25.767448
80.426390 34.260367 22.270228
60.554667 38.903904 21.219025
47.721967 86.557990 25.018967
90.417721 71.095984 22.580887
97.506542 92.370181 19.070447
29.814993 59.856176 17.374810
66.017242 39.019687 25.941149
83.249801 42.976751 24.596177
98.798930 27.196597 16.773427
99.102014 6.810556 25.624093
78.679225 92.799641 22.569128
80.315845 26.485006 15.034303
3.173564 31.690631 24.682852
14.521114 97.850320 25.662770
58.011070 62.494536 16.209148
19.541394 83.268320 19.047354
71.298843 83.536884 23.180001
56.059115 4.101243 17.642284
50.515019 83.662749 19.060764
42.283900 43.761145 17.571123
83.478876 7.830892 26.006477
54.040950 6.844372 21.476181
73.236916 41.766845 19.810653
77.365852 50.549918 24.607294
25.378321 40.148983 20.596928
22.898667 47.880585 24.039812
28.101746 53.386160 17.077389
39.348164 76.396356 25.318899
71.162061 17.419740 21.681404
95.343923 25.305203 21.820564
19.911149 76.307328 23.914742
16.211538 33.836194 21.368546
85.550900 28.009372 17.254784
97.688644 69.343644 21.328436
78.969984 71.860671 20.713112
39.277441 56.436425 16.074781
9.460067 79.414767 17.690363
61.841634 23.096371 20.170786
94.756429 14.241316 22.251283
66.795785 22.428953 22.643902
90.490784 18.788944 15.735112
65.072371 35.458508 18.748576
27.971692 40.363126 21.442546
56.916640 17.262288 21.728319
3.951625 66.830506 17.459044
48.089551 26.218395 25.492399
24.486083 33.511409 22.490119
6.901192 62.466105 15.392221
22.082134 59.944305 21.309748
99.891734 18.952690 21.993289
75.445152 60.670071 15.362832
78.244325 33.694318 23.411629
82.330574 61.097949 19.163785
12.061144 7.242809 16.009139
4.789700 95.107135 25.568026
21.562888 25.374578 23.583091
47.435564 10.925774 17.987240
14.229601 19.509260 19.185787
12.078631 91.007986 20.990971
24.056279 56.222229 19.067840
63.618763 69.373222 24.245308
16.597915 59.096385 23.585319
83.029941 52.406370 20.945489
42.510549 69.145838 19.457026
52.483787 94.270145 23.685056
88.630798 4.111632 26.206320
57.506268 26.275857 22.129448
98.293478 67.866101 22.518620
37.402328 74.816519 23.501788
29.087817 99.003473 18.016574
24.353774 13.499262 15.952586
66.450673 42.500033 25.005626
45.835325 82.325547 18.126881
55.036535 16.973236 19.569111
73.881989 74.929422 18.809536
70.918219 5.602782 20.473478
88.473183 3.245358 23.675613
39.735418 33.738592 17.911682
96.973201 56.301841 21.519003
46.224270 41.848412 22.310128
1.449535 2.379327 15.693388
51.093148 82.341786 25.279195
64.685830 93.138121 23.882606
37.082448 28.772786 24.836906
50.148499 2.608737 24.375905
80.948863 92.605173 24.887715
99.964035 85.536828 26.107657
90.881015 53.401421 25.398172
14.262403 23.332352 26.188382
91.190200 68.180370 21.871481
3.004976 93.746476 17.809101
25.525506 42.319117 15.411295
33.903404 46.401363 18.626530
73.172152 52.416279 25.814369
95.038914 46.495891 20.741136
4.700831 32.985067 22.297105
1.858107 11.610785 16.590549
44.304882 95.416231 15.787155
6.092768 80.732097 23.353024
49.913427 26.183692 15.273670
55.619486 37.512514 18.761155
3.464728 93.558838 15.789605
21.701203 42.654320 20.694120
83.898988 44.039037 23.678385
23.767919 65.534137 23.481346
18.093499 54.891927 22.952445
17.901015 61.854444 17.814158
85.775945 75.267410 17.776625
7.295812 2.008512 15.103277
20.032847 85.078087 24.595453
44.497693 85.449415 18.513703
68.107484 27.350365 22.328666
44.606825 29.971880 25.637758
89.133274 48.500275 20.030387
92.747080 15.673062 19.711126
99.944216 97.808137 19.521992
93.993373 52.022164 20.470362
53.374203 17.956092 19.921305
39.407212 17.504525 15.202436
66.920615 49.814002 18.292500
77.240500 1.258336 26.043111
52.938564 68.483283 18.526377
40.032147 17.488183 18.408502
74.868987 34.434925 19.896992
22.645536 61.077746 17.837377
45.172623 6.892031 25.953301
57.929806 89.810917 24.371874
61.210739 77.563735 19.844230
56.939403 49.399200 20.335432
11.603624 70.249178 22.626965
89.835735 81.117833 15.425841
24.912157 7.262999 24.967887
31.942013 8.123554 26.198882
25.880037 82.711371 19.374492
53.532416 13.745671 21.628828
34.275888 90.814594 22.262019
95.043545 76.025835 20.974060
36.750020 74.859334 17.569081
18.892298 85.408462 21.765296
32.323015 69.388603 22.283143
32.640000 12.038890 20.074610
39.041849 46.524613 18.444145
59.771085 29.458396 15.398199
43.212981 52.042521 25.609196
72.172246 38.679285 17.171572
95.360806 47.689500 21.670566
69.940748 58.634433 18.761661
62.459960 98.378256 18.036948
12.395411 60.015908 16.905565
85.185344 46.788787 25.414881
71.118868 25.744311 17.734177
30.517597 36.414493 15.330046
68.840357 93.873816 20.605008
80.164349 50.432590 18.624394
9.953643 73.074207 15.516196
91.496095 3.191337 23.665989
7.130795 91.524151 15.462978
64.820765 55.994817 17.949255
7.531861 24.805973 24.546821
86.913919 79.407177 15.961419
17.775061 29.445354 20.979000
10.405411 56.868687 18.956352
82.380623 96.426515 22.952699
45.564940 32.147371 25.581259
24.561810 20.750127 15.060501
4.502138 33.830620 18.272004
12.234181 32.219461 15.008736
83.005715 5.102328 21.981619
59.455249 6.509369 19.398099
94.147380 63.128687 19.107003
69.341946 86.434218 21.017761
61.512991 42.875079 26.218250
77.681185 33.028974 26.104690
55.871956 55.056125 25.191770
49.273042 69.355205 15.758028
29.034387 97.068509 18.403129
10.286656 28.815654 23.548792
76.285168 39.046882 23.515290
40.413527 83.223357 18.189354
90.949143 11.749428 23.757104
29.181974 63.444939 21.645792
20.135508 60.267746 22.112921
96.906877 79.142069 20.763061
49.033148 57.423893 19.587925
64.071169 52.446738 24.272551
76.070404 5.305154 15.875458
2.357566 15.245719 23.091247
38.551626 50.902293 21.985278
69.724438 42.040778 24.074272
22.501316 73.982771 17.304987
82.762534 92.374605 17.466561
69.251808 16.182696 24.038353
39.285036 11.244980 21.526965
57.032108 75.414505 20.641985
40.046796 20.859207 20.367152
32.269036 81.508811 18.115875
51.582607 1.805564 20.314695
18.306923 5.205106 23.477276
52.107335 75.234985 25.906195
26.071914 11.798252 18.070323
10.570378 79.988954 23.099631
94.017631 40.520270 16.620382
47.508894 68.663881 19.563753
95.820777 35.027778 15.923703
18.945461 42.578266 19.651236
27.440251 8.291665 25.558481
35.356785 40.515332 18.588465
97.913602 51.680029 20.803270
40.104243 34.212991 20.465224
65.666924 44.634284 24.168581
30.723014 48.285569 16.234222
70.547262 95.829274 15.196359
89.787949 97.524552 16.354507
22.284897 9.771277 19.872242
65.957222 29.103016 24.409646
30.042845 12.314830 18.230296
60.915792 13.776481 24.197105
65.233077 9.593548 25.433754
42.575992 32.080762 24.571115
32.057028 99.704274 18.750931
99.353908 97.993210 21.384865
10.558828 55.931648 17.585175
1.299709 9.581247 25.861216
78.491295 64.090765 20.026014
72.514930 27.384727 25.253408
27.655192 9.867458 24.070338
90.848132 61.745003 24.052414
98.730832 39.062219 16.249171
13.654499 87.186623 20.872286
29.262197 74.959579 18.906087
32.212540 25.038263 21.860528
54.905422 56.929302 22.800455
56.843681 90.584431 25.408609
89.642777 11.425808 17.957620
84.380662 35.553845 21.959873
25.971173 56.675637 17.734219
42.965363 48.460114 20.736500
18.977357 2.977931 19.342896
60.260769 25.338301 23.323103
71.791939 33.157639 17.617386
61.137353 48.780319 25.430435
59.760727 43.598027 15.287318
83.515291 46.480836 24.046655
81.978970 91.248993 21.134011
93.260202 15.860189 24.212216
90.549153 45.632623 18.766453
66.641365 96.437925 20.184193
30.408866 1.915495 20.081540
16.309674 96.437197 18.949059
43.152930 8.080595 19.004676
29.694824 71.085372 21.299060
19.415628 67.950918 18.496715
91.397623 1.751898 26.245121
29.648636 29.690752 18.492061
79.078430 49.670043 22.525593
77.546699 35.392073 22.555489
7.233032 94.087481 16.488239
93.917373 27.029871 19.073899
46.457831 28.941049 18.391474
73.619714 55.174527 17.619768
58.451288 62.513924 21.807429
13.628985 76.186566 15.979540
16.131930 11.348018 25.744897
68.114947 87.492674 24.186593
54.923981 73.186131 18.478165
46.149153 68.608610 16.072946
47.087168 26.167265 15.451945
57.609477 89.685561 15.958002
66.095648 26.391324 18.346764
78.994343 13.977501 24.512291
43.766501 3.123119 26.211128
30.575932 94.332012 15.134317
12.383610 38.195438 16.258393
28.687362 44.810039 19.567209
50.768863 86.619560 19.236263
63.308016 74.786029 20.727006
92.620001 8.055203 21.610172
38.198852 66.417250 21.392938
56.613428 23.258687 20.975339
14.665885 96.177553 15.386055
18.524796 27.938379 16.757483
39.454246 20.935667 16.007594
19.337651 18.867546 15.879879
3.400490 33.298996 18.161801
37.070693 50.156473 22.017508
26.972086 12.340282 21.654928
75.147207 55.013440 20.236111
19.581472 38.479738 23.796025
19.267042 71.698743 15.439482
86.399708 71.283743 24.751156