23.957067 12.279225 17.000414
79.332499 18.135486 21.689848
70.443689 6.643158 19.455512
70.176372 18.998995 16.940790
36.312954 34.919550 19.369435
10.614803 16.686427 16.520907
89.452271 13.485458 23.037226
10.396415 35.011884 26.100453
69.269515 42.926050 19.452243
62.645399 75.051344 17.137059
77.204963 39.794678 22.048374
22.396327 75.804129 25.538898
95.737624 68.924974 17.793941
37.282605 35.267851 20.475911
27.601819 97.542441 19.919765
3.505295 23.523242 16.845079
59.306317 36.948330 21.010010
31.574561 41.703723 23.693922
10.716116 15.668404 15.851344
44.464667 47.757939 18.429963
74.901227 36.638472 16.884322
12.374892 78.879140 17.950742
61.208578 35.784467 17.577888
65.467798 94.930754 24.852543
46.480444 30.757704 21.946267
36.179373 43.625989 26.188487
90.985494 95.860939 23.352145
75.795183 95.322919 22.009881
70.602102 26.437337 16.876932
33.679276 66.402265 23.756198
20.101044 87.641790 15.055072
35.591851 14.934401 24.571875
84.414267 95.604000 21.947744
35.266431 7.068386 20.907598
17.870915 74.401836 15.982872
32.461445 88.088594 17.570720
52.181420 44.355156 20.219040
89.390091 27.303156 24.400514
41.346487 90.626175 21.927844
86.203452 95.469174 18.238410
94.388525 39.582307 23.566988
38.664474 55.404928 25.682774
46.928861 4.609346 15.595213
75.480390 7.498249 23.537346
73.637304 51.153300 20.970588
69.453843 35.001892 21.229203
13.413500 68.341378 23.719609
10.474883 98.474202 16.660799
54.047698 74.459986 22.877686
1.202789 39.427510 18.568580
54.773614 61.393348 18.187114
12.018430 1.220800 16.256478
87.607680 82.473843 20.121921
37.345200 21.521534 15.798277
19.977256 47.573986 21.825712
53.070436 89.210602 23.583022
64.387002 78.131011 16.399529
3.050256 79.773315 19.060863
15.837038 94.519452 26.077073
53.072830 14.012176 20.451650
23.969995 24.009763 18.767842
75.359762 64.110852 22.953075
99.526838 83.545827 25.327750
19.162414 52.843702 21.077988
39.491871 56.292754 17.840736
7.285948 79.719551 19.422472
30.250433 8.688064 16.144489
65.774457 30.660146 15.762315
41.272526 81.757964 16.996158
26.355722 81.118823 16.135202
19.485387 2.932725 20.937178
38.244544 18.359814 15.594291
37.342135 38.191407 21.291991
61.165641 64.416707 22.686714
75.518646 20.589841 22.671315
5.103222 86.284704 24.428056
0.906108 93.550559 16.140319
88.368728 23.489990 24.286060
90.684528 54.572742 17.249358
70.395355 11.121050 25.024930
55.891426 33.164003 17.266752
21.983970 20.266604 19.552203
47.326737 96.834751 23.241210
83.835848 66.363914 17.234575
16.611497 62.025110 18.088623
11.936011 18.568142 20.060876
46.694728 24.973097 26.049754
16.776933 71.237172 16.510518
86.656187 27.715773 24.555354
15.613312 8.783907 15.460598
57.961736 4.173284 24.382862
37.169223 91.555045 17.259098
3.754021 90.158447 22.593555
33.352283 30.137006 16.736404
7.470717 81.045237 16.098823
34.618902 0.752306 25.602749
76.082427 69.407666 22.103471
7.547530 36.326870 16.379073
81.908417 31.574995 20.878768
90.323490 8.030964 19.616618
62.311253 10.637952 19.235166
18.413353 11.507745 21.392052
40.497789 83.227112 20.218608
2.615732 95.704736 21.851157
27.810494 6.230222 19.945919
99.145376 64.760436 24.545103
74.766360 33.194556 23.985733
86.804438 53.846678 16.828862
50.021095 60.827628 15.456224
41.004044 0.922728 16.415542
16.399762 88.839544 23.225852
50.723871 8.454289 17.661861
63.818271 76.274957 17.316198
50.742462 64.024579 25.414955
14.052161 68.891225 19.347297
42.244563 14.658492 17.835281
21.065454 94.418633 16.270234
19.541832 22.228532 23.932463
55.522574 73.103656 23.787853
33.670184 99.598546 18.299207
48.891404 23.521534 21.181900
58.933045 53.107458 16.576122
65.952588 46.525985 20.690701
46.051924 42.609600 22.875186
69.963744 64.474038 22.394489
79.877347 5.511387 25.402830
89.295919 98.061272 23.769221
65.799768 38.930109 20.802462
27.890320 89.985716 21.807284
58.065509 17.469350 19.366534
44.835804 55.680988 21.635529
23.962217 39.320045 20.196954
14.619191 70.381899 20.631309
89.238630 9.737204 15.652265
53.328396 47.321191 23.385887
37.103217 99.329820 18.888627
61.935758 26.104553 20.524825
72.685754 67.840056 16.444355
35.776204 93.204119 18.782198
4.056133 96.033171 17.397517
81.242152 48.378453 22.896195
17.262859 74.419674 18.443457
63.322846 48.478396 22.189696
93.102023 69.354352 17.925804
31.380146 16.637006 23.339797
24.582040 35.005381 23.025370
21.928589 15.512533 16.656337
29.868713 87.443910 17.085259
74.782286 35.240420 25.501844
3.068207 86.391261 23.979319
35.316959 25.724830 19.377053
89.308231 67.289601 22.262906
73.034512 55.383775 24.199716
17.487998 79.111736 20.674473
2.026972 28.577631 18.565501
14.866784 49.571183 20.983498
53.139493 34.921485 24.997767
20.940266 29.020826 21.811298
0.556252 59.944290 24.393652
78.261136 23.942883 15.742374
79.287441 80.644921 25.793081
83.972352 42.067779 16.748438
87.406588 87.999035 26.197804
16.115554 34.816914 22.742319
95.429948 47.966743 18.261886
83.699938 23.424411 16.097265
37.148606 19.320413 19.935155
12.184314 66.713710 21.747186
68.143934 10.964570 19.376591
39.556464 16.109183 23.576613
35.186229 62.482893 25.536171
66.729273 41.691578 22.073249
96.017218 69.274469 24.982335
64.126627 66.422435 25.597114
95.467202 28.095041 18.922444
19.747589 71.949248 17.421561
42.491892 24.702011 15.491606
12.937993 85.694100 18.028272
59.238340 40.285201 15.687178
5.274718 66.570142 21.008686
56.818929 91.215552 21.777213
18.940978 0.377171 23.619779
94.174038 18.920909 16.181780
11.434702 32.193114 15.819703
56.350094 6.061930 24.503375
97.417353 24.185488 22.354833
69.881686 81.083847 15.602842
36.587943 61.798140 18.703028
90.354178 96.567930 18.710481
3.353086 50.557380 22.278714
36.062597 37.316097 19.551773
99.070211 96.623478 25.751932
79.702646 80.214808 15.795832
84.161330 19.757481 17.590270
92.285708 87.549683 25.091172
76.387885 11.746118 17.417488
78.941316 95.873312 24.018484
82.640026 71.407924 25.312057
57.390723 2.830219 21.350932
4.104644 18.688547 21.793019
24.752570 66.572918 21.975486
18.544057 74.449000 21.583634
4.438967 77.381449 23.382172
91.571428 65.054580 15.566528
75.504048 87.709073 25.950360
81.656071 74.230444 26.247996
42.679900 57.000005 18.487649
87.451664 69.583650 16.765524
11.012387 31.733578 16.925195
13.196702 48.624014 17.275982
74.322360 83.289451 20.500085
9.752225 92.504114 18.263202
8.829294 93.665629 15.260282
19.059999 28.700350 19.229279
42.144090 74.834970 19.503430
61.636771 29.162088 22.395911
71.716208 43.366629 18.367947
72.953897 54.494371 15.327056
41.800663 99.986161 17.785126
29.615843 56.791350 23.043770
89.843621 67.417438 22.221151
3.297752 81.197672 23.006458
18.049427 13.249090 25.985064
3.283377 53.875279 15.238573
55.308249 0.462646 22.152068
85.440217 23.467431 15.638179
56.357136 3.115669 23.966107
18.682705 75.791338 25.879328
93.283906 71.686981 26.125905
84.730087 37.244941 21.790526
61.885746 18.794320 22.832586
63.939996 10.571678 18.615113
88.278213 14.950431 24.009717
20.124369 7.062401 25.324008
67.972581 96.851428 24.906258
0.005875 27.563252 26.206340
72.640018 79.827387 20.168886
31.059369 12.749670 23.228635
61.436380 68.838907 25.400456
2.659671 88.785587 21.031344
72.154012 15.946537 22.960284
29.273913 59.862810 16.662717
69.336107 31.599301 16.732686
20.813698 51.523377 23.997756
37.065658 10.588411 17.355339
67.900793 76.237197 23.433674
73.157372 64.254767 17.274732
57.999724 44.133418 22.749010
21.143934 95.035326 24.363932
88.711995 54.026081 25.301984
73.087718 28.069254 17.080953
59.812866 12.638380 17.111276
2.313794 32.252177 17.864262
23.262671 35.677879 20.152455
51.399866 57.798686 25.481867
24.300789 47.656620 22.914654
99.390051 53.274283 24.434553
97.397389 53.661136 22.133725
87.030979 24.223408 24.547334
10.526672 5.546762 17.416316
0.242073 42.509924 18.924863
94.102630 8.881746 19.104175
67.695799 86.718519 23.164847
18.264615 94.502610 18.584299
71.894282 46.848236 25.414911
81.259959 81.321803 21.463424
54.679138 29.518788 22.224889
9.996465 43.888721 15.947126
10.522381 56.338321 25.318705
38.451002 94.947844 19.983949
5.809087 13.512862 23.999014
64.616658 30.695036 20.646960
72.451963 1.478759 19.710857
77.499330 18.918249 22.918298
34.677442 66.831361 15.935028
38.489084 41.726594 21.926987
90.418433 51.116476 16.702944
72.780204 27.959511 21.441269
74.190286 7.579252 23.768368
45.306028 66.465893 23.476968
70.144699 13.612977 20.508205
48.081747 50.634502 18.950936
42.162820 2.437925 24.985046
53.554054 33.337763 19.645487
82.041185 96.853304 20.097459
13.611539 81.708347 25.540381
41.521178 8.859658 25.760509
11.445672 80.504964 26.037428
44.662099 12.721204 24.441086
14.012484 62.700027 15.346375
40.274072 18.287781 18.095414
90.904384 55.402800 15.266278
30.928802 8.131822 22.718411
80.418895 25.404035 24.650913
31.873771 51.927004 20.942834
12.069418 0.807007 25.499812
74.703381 69.221316 22.405578
61.468154 58.390306 26.222074
30.451028 26.287507 17.135297
23.138720 87.739417 21.931748
82.549012 77.414556 19.891851
11.117759 89.667650 16.240605
91.375262 55.373933 15.127521
74.929446 54.521915 17.581908
17.041318 71.695222 22.686723
15.750690 57.405195 24.510298
39.692615 23.588430 17.403909
88.246744 10.159497 23.855242
25.461252 75.257563 20.401573
33.398077 9.320959 19.451020
61.382126 97.679568 23.714758
69.084534 55.832018 16.881900
81.607744 41.871838 25.461963
60.668134 70.025793 17.298545
94.327342 44.900531 18.398171
24.495873 92.648299 20.956890
17.480225 12.282962 16.094893
66.922061 91.235652 24.879884
34.439895 76.739962 16.366455
82.672392 10.421799 18.272466
99.897278 97.654073 22.054984
84.544779 24.304409 17.335456
31.756224 84.379960 23.292260
10.678431 3.338426 19.138797
50.855353 65.690813 25.907130
87.037895 68.779594 19.220452
36.843066 24.257749 18.322809
90.444911 79.179695 21.407806
13.683816 24.897089 23.589809
60.252847 73.855926 21.914182
84.420294 75.419205 22.843809
54.634407 5.262074 25.943127
79.927021 84.449820 16.543652
58.126059 40.814470 17.608069
52.350440 11.543676 22.221633
45.505732 23.363398 20.101338
51.740918 75.189687 16.249713
59.851673 10.102787 17.396579
94.443236 46.278226 25.005791
19.166019 3.258897 24.437831
61.838312 44.242887 17.333248
3.551822 12.168074 16.562286
30.489194 33.050527 15.956654
8.511734 43.104666 17.430796
34.121987 60.278826 17.898803
35.474794 63.228032 15.426892
16.141905 12.360425 24.932312
93.139591 13.938439 25.828439
67.580678 20.248160 19.964285
88.030405 61.174419 24.257792