52.551663 24.611093 22.683816
25.068990 9.931677 21.504466
69.773868 29.955378 23.315356
69.881960 76.136661 17.798643
37.139442 59.697007 26.173332
85.904252 59.078474 16.118514
37.720293 83.741480 18.610629
62.130603 48.400656 21.622592
26.407337 58.644811 21.488484
93.767842 42.324625 25.962875
67.755079 25.119570 23.842777
63.041246 47.923941 23.689034
44.649682 98.922115 15.980930
89.796647 1.738522 15.797959
37.068656 87.849537 24.668022
3.098609 99.023896 24.871732
56.392926 27.977519 17.010740
81.951259 3.565150 15.020917
78.641887 56.000959 17.314949
98.669818 3.589098 17.427640
96.534966 10.070544 21.113768
53.834203 56.983113 20.970827
97.295014 65.694401 20.139928
43.067778 22.620134 21.501603
55.848142 27.200762 21.488817
27.386791 5.504600 17.463853
37.544879 5.855615 20.138292
53.571065 95.269164 15.583174
59.671729 99.774932 21.871970
4.413155 52.541243 18.468947
23.988701 84.528817 16.156534
80.424813 35.663762 15.497732
11.747289 47.675065 18.121191
89.480762 26.313126 19.943022
23.388186 19.076363 18.391960
13.954545 66.766960 24.299139
1.230557 55.963372 18.172085
62.601313 96.789573 24.815874
86.552886 8.627929 19.672359
77.886487 18.893312 18.869298
60.502453 41.021227 20.235428
48.454596 27.527565 24.776914
57.311064 14.310573 15.276483
70.292702 66.147850 25.566973
55.941551 40.564158 16.368589
47.288753 93.500944 24.971246
14.483641 41.698977 25.749622
40.670675 83.831130 15.531279
20.582316 29.413126 21.876700
70.456740 24.257517 18.924050
1.786780 72.609726 16.914731
82.364447 18.249797 18.753951
5.574387 55.672467 24.231850
60.422706 30.830403 16.594315
81.157226 96.724059 20.903251
17.766354 35.771538 26.125262
57.955241 44.802846 21.876619
21.035189 84.618446 25.068456
2.953522 3.631117 18.487707
21.432226 6.546858 23.106593
50.771281 41.308423 22.088144
25.237633 93.873403 16.568068
70.287901 71.207054 15.836709
35.593267 1.816141 21.938179
6.252220 72.236403 16.156250
20.529255 40.654357 25.861900
90.533465 27.127293 15.603355
47.204752 1.466607 18.966584
86.234826 88.657147 19.908369
90.976310 42.348161 24.840306
0.553922 19.353306 16.684180
56.060676 28.608645 26.221099
58.692056 66.749904 24.442278
30.106962 25.176373 18.450383
98.049571 2.165710 18.875437
21.567740 91.083762 15.610001
85.940378 99.104068 26.008015
63.515100 74.274953 21.777047
86.270905 72.066920 21.633386
3.886480 25.841801 15.378744
12.140757 7.779577 24.628021
15.982083 90.454227 24.860912
26.222868 92.265556 18.254591
72.097782 26.070751 16.026437
54.614200 87.493811 19.526055
55.944641 42.925270 25.993068
79.276257 66.293808 23.346581
51.445615 85.878093 21.209710
37.456108 98.145777 19.863870
73.434784 67.041196 26.015517
52.689436 39.317106 25.450071
33.645351 58.034855 21.891202
44.444346 17.988400 21.197053
60.154792 2.815097 19.181705
18.907968 99.452733 24.669746
18.913281 99.634624 15.801994
13.420365 22.124034 16.698706
70.482507 83.917871 22.023425
98.017443 67.915616 19.358548
93.256487 0.055313 15.561599
57.405279 54.096383 23.046269
24.295948 59.951787 15.577196
57.351308 24.332878 20.747958
51.891961 91.244505 19.021021
8.079450 7.285516 20.302869
9.837964 51.717671 25.517097
91.068521 45.383519 20.886639
14.922767 66.593154 17.958686
7.558533 86.650510 18.917214
80.577923 12.772265 21.062796
57.314455 25.105314 16.831369
4.270710 15.834027 23.903328
43.837861 78.403640 20.418062
19.458979 12.939245 25.987862
55.107237 97.942079 21.737222
37.668193 51.252104 23.096955
24.127314 28.839751 22.724845
95.828609 75.434570 15.847060
1.668562 24.829960 22.884323
94.982310 25.010896 18.009839
26.440807 55.300812 15.130992
73.687574 86.010802 25.077427
17.570214 26.684441 23.841363
97.183481 52.462733 22.359393
83.471092 63.492678 20.415394
3.312351 4.918620 25.757950
36.965559 51.624575 21.166663
5.482096 41.015110 18.546300
1.170514 16.450526 17.744411
75.535600 37.842010 21.080573
38.658768 19.608630 18.144828
48.928963 83.896154 21.800109
91.631264 7.729345 18.661706
41.196175 67.067452 23.370132
92.860417 66.007684 18.402109
12.275090 60.659617 15.094402
94.036549 7.321674 18.353622
66.940486 17.219206 24.354927
43.778077 23.426938 18.079685
66.746214 12.151034 25.318131
44.300727 82.813974 18.907607
97.370055 73.568827 17.314501
82.258935 46.529147 22.568101
3.203055 2.987936 17.360132
43.522209 81.201616 20.332723
73.941129 73.773036 18.973476
80.728793 72.019907 26.146740
83.493346 26.588096 23.085351
45.693239 42.808547 20.477549
82.672743 26.388293 20.602489
65.754360 80.523551 20.180657
96.336396 58.504793 25.049524
80.496490 84.160542 23.752565
61.751029 24.635350 15.637255
94.767968 79.665420 24.733910
40.893955 5.585407 15.130090
89.756351 53.108284 23.986991
99.001277 90.974996 18.816991
32.178746 10.335225 23.290241
97.100848 64.784515 18.952075
92.402074 11.027509 25.998739
45.660755 95.790360 24.782174
86.322265 7.153559 19.914165
15.480447 16.427693 19.887144
41.840303 28.472879 16.532044
27.952361 66.389990 25.010506
42.883387 42.009665 16.331983
47.317876 4.369918 17.704237
32.924532 66.272788 24.387826
90.531256 36.869055 15.381023
47.468625 5.897005 20.997039
86.378903 16.864342 16.961776
11.378086 48.300016 16.720272
50.519923 9.636983 19.671478
35.101133 51.024709 15.872783
58.961269 57.649689 18.294577
57.528793 6.975701 19.930013
62.086699 18.769627 23.156294
91.239673 57.027740 16.276247
50.416292 87.363332 17.777802
63.089610 77.078144 25.789781
17.018594 21.462034 26.179579
70.304372 57.154641 24.054495
0.451156 23.683934 17.803089
55.983995 9.821535 18.767492
97.575633 44.268207 24.583530
92.233691 65.927678 16.270121
19.880231 71.067253 15.649333
96.472095 5.743380 24.232006
78.913773 65.935641 24.348379
68.806604 88.097006 23.010435
17.647454 35.983341 25.467373
67.648613 38.182676 20.787030
90.507583 56.585784 23.794806
55.626716 25.229563 26.189689
98.362928 14.442462 15.123960
90.795510 87.608182 24.899858
2.777001 46.892823 20.420533
6.936142 82.119567 25.901090
23.995408 34.698976 17.093822
10.472605 33.472324 17.888866
16.713796 3.972902 17.760123
37.772891 31.379452 19.994551
0.117156 79.038451 26.173303
13.261611 79.230568 17.033461
98.010691 66.280871 19.527001
45.541826 55.345090 25.487280
53.650245 12.910344 25.179941
0.483443 45.077347 17.164530
72.538202 3.999675 22.891663
5.556296 65.752122 18.120366
20.930027 67.307794 15.821323
3.517991 92.146520 16.931266
46.833719 50.306356 18.769197
90.158243 82.555494 24.185724
70.307700 71.181337 16.529753
50.551499 42.386213 23.193363
67.000447 88.606756 18.350515
53.960228 34.546568 24.834761
81.675752 65.514198 16.398967
73.320749 54.086621 20.768735
77.219731 48.683483 17.071577
45.976761 2.673046 20.586786
53.502127 73.222119 16.734279
89.227140 81.606941 18.202333
57.129540 6.092807 25.769333
78.235051 64.583707 16.870497
27.562481 89.936023 15.862345
41.422508 45.082608 19.411820
27.314390 88.513603 20.497853
64.979971 3.408503 22.832405
44.249924 22.283810 18.001827
73.205288 47.868652 24.677141
14.048238 80.058831 24.702054
22.846052 57.882736 18.255887
55.159076 58.576461 16.630348
78.912750 2.517621 17.836355
60.764960 37.332844 18.450798
51.495235 0.831401 25.601842
78.470325 82.140777 22.317614
20.228451 76.507912 20.886038
56.703012 18.980077 15.999788
89.800963 66.757235 19.938479
87.994665 42.064773 24.051846
65.312626 17.420331 23.208428
12.702986 20.732324 21.976814
54.632374 1.738608 16.936128
37.809031 35.943542 21.257258
91.252846 75.272141 21.368379
55.147173 90.822403 25.472866
63.923093 80.482176 22.468706
60.917935 63.114775 18.814422
20.322102 81.253302 22.046636
59.428902 49.218781 23.415897
43.677394 80.609195 25.974812
20.192979 17.512447 22.138859
43.079101 5.953347 26.081778
50.394012 85.938450 16.309730
9.466254 52.555215 22.873054
77.004900 98.148475 24.072728
60.321697 52.614235 19.841877
7.463092 80.781400 25.309042
37.007381 39.745885 15.236159
65.291171 75.794984 19.004645
73.704423 70.198109 20.054216
71.180209 29.485229 17.586516
1.971972 64.021283 20.879641
98.610692 39.728434 17.677155
79.819393 86.254055 24.359821
83.373558 45.862497 24.174259
21.496397 87.966455 25.868380
84.628165 78.480216 21.796194
7.121642 47.064363 24.855227
43.858564 77.378590 25.077399
53.025755 35.270301 23.049131
69.008450 16.617914 24.630727
56.552575 6.231798 17.068495
82.736973 61.441237 21.961452
29.002570 42.677396 17.014952
31.996077 1.769465 25.139575
45.103770 7.110360 21.540681
77.781200 12.800991 25.636448
71.092112 19.118752 17.034812
48.098932 79.881475 20.411580
27.670418 28.735021 20.265548
0.876724 69.081215 19.351134
55.683042 61.663096 26.119556
71.372465 37.374555 18.312973
21.760663 31.954178 23.001624
2.582874 95.211011 17.188022
26.531515 4.032941 16.578542
46.168001 82.867866 19.369749
31.393855 29.017894 22.882393
19.495543 57.118767 23.130854
55.577571 65.713330 23.039428
67.352146 99.794003 24.278707
7.950831 95.494205 24.503813
83.078567 95.134554 23.627450
55.250606 6.258695 20.813714
63.532525 54.739071 23.572853
98.103363 96.062511 15.044081
44.597683 87.894690 17.150446
66.112280 85.493894 15.251101
44.933988 42.797835 20.293599
85.325461 85.847833 18.551641
18.457357 94.310727 21.759542
66.560684 5.462546 16.880943
23.341234 44.731318 24.065452
48.891564 69.229609 17.897311
20.180862 27.334592 19.855588
34.474249 78.307756 23.043271
69.499653 84.879355 22.632222
88.654683 14.145090 23.759738
71.968050 42.848839 19.586185
42.927070 52.394729 16.501784
54.118905 62.514556 20.154837
44.361683 28.730953 16.693778
78.991594 61.901164 20.265154
52.174937 23.783849 23.559730
46.343068 10.927285 19.416693
97.444602 38.781251 21.120606
2.073382 80.219415 17.585820
48.035771 76.903435 19.891380
23.942707 81.042411 25.383280
72.383137 90.071799 24.683375
63.464615 23.092165 22.501861
49.443467 35.945566 19.985805
58.431624 69.112804 15.460111
42.280484 97.666085 16.012476
76.351905 61.998210 25.224699
53.549874 52.687500 23.129427
45.515536 94.198205 19.282987
44.671974 7.868625 16.244877
75.417358 13.095280 23.918893
1.088409 17.565759 19.450777
94.733250 82.640612 25.737967
90.383552 12.002478 24.762454
21.647356 86.656081 17.478606
19.944371 26.154501 16.276227
49.852239 7.762702 16.772420
35.464537 68.482070 22.385715
57.957545 49.923630 20.184565
85.895697 6.710655 24.835757
51.937359 17.111577 25.077693
32.162493 59.205056 19.245628
94.568142 87.092924 20.690281
40.195102 30.099978 19.484854
64.450218 7.287688 16.228752
65.237540 12.429660 25.181929
2.450804 93.996764 19.559027