8.548277 14.712077 17.614414
76.048852 51.417580 16.001795
5.955623 84.119899 24.189788
8.345558 38.082631 15.242014
32.404814 11.228706 24.927538
65.529933 55.104169 18.750225
45.920582 56.457014 16.999413
84.061906 97.022587 22.579515
37.719387 58.854296 21.204747
76.707299 98.333242 24.028189
56.053036 66.439617 16.686622
37.242506 55.463082 21.300408
47.193215 64.414088 24.029021
12.214666 23.256216 23.940250
19.137611 51.648942 19.362506
15.048825 91.328124 22.627567
98.117732 57.139616 23.357863
24.878761 42.704771 16.513328
24.618858 17.348410 19.942070
0.504150 80.828388 19.757296
37.561994 29.650256 17.554881
87.776509 63.418858 26.004918
98.171290 50.606793 20.555916
70.909932 72.488630 22.505056
79.879280 83.861018 18.752911
69.630020 23.093289 20.578086
31.637118 59.392291 25.252957
67.329132 77.565183 17.364666
82.693692 89.273616 24.677553
31.947046 54.379940 20.324369
75.950764 48.916023 19.173443
65.503956 10.516900 15.586726
90.338063 55.689461 21.301758
84.600936 99.405421 17.185814
99.885426 76.814980 17.741953
44.919113 38.512320 15.153287
13.711717 3.263971 22.385374
23.453845 87.478402 25.884537
36.210766 95.248832 23.856668
9.444141 43.923335 23.714138
94.842242 35.870120 17.032452
2.120223 87.970982 20.053340
74.215218 17.207486 25.862244
59.656132 69.289815 24.578204
10.815317 75.519777 25.609187
99.888871 52.518785 20.966699
22.043246 29.521095 20.570260
40.185727 49.774895 23.391359
19.508529 81.976951 19.492429
40.140873 31.253698 24.332897
61.003225 73.168537 21.832495
97.483974 4.873464 22.578119
54.561158 70.621352 24.220574
5.198192 50.648324 16.504287
75.233438 28.202025 21.345805
92.776151 23.088057 21.953977
66.513576 53.910672 16.223551
90.577541 35.447606 16.679687
68.885464 33.998755 15.707851
50.592135 65.085269 19.125362
34.715370 90.488653 15.152425
21.433269 61.768368 19.729814
37.977307 87.953346 16.049591
61.937036 80.430249 15.858342
8.428500 43.461659 21.589229
41.447915 66.315617 25.039258
26.716952 59.726977 15.779289
77.947519 39.334560 23.572992
87.808949 9.140734 16.356616
80.858806 32.139296 20.151644
90.328355 45.996748 20.068755
16.918983 57.835688 19.869546
85.105097 62.517422 24.449555
37.296900 85.907751 24.069008
15.730125 30.757387 21.870403
99.340080 6.132881 15.389038
50.711195 73.548446 19.476806
41.568411 5.611995 16.919596
88.696153 70.645776 25.211109
40.099583 29.587242 24.391396
65.462504 97.059731 17.451611
28.700126 47.484415 15.003094
15.914019 55.092040 26.223271
24.172659 41.312823 19.342674
99.025255 55.276245 17.809672
79.037069 52.826126 23.257483
46.610197 95.241904 19.323445
71.238531 42.364087 24.283052
16.879918 93.892728 22.304676
13.934095 59.194699 19.900692
69.809720 62.815770 16.428849
15.128046 72.727708 18.492046
83.765522 90.887264 26.202722
57.403362 58.373042 18.211051
64.968131 2.402118 23.452887
7.571513 9.730958 15.250036
79.968927 81.765467 20.534203
92.622633 55.413124 15.717368
12.708245 8.326022 22.051742
93.192693 70.850283 25.729163
50.028539 99.972529 19.785374
65.437150 82.264861 18.083653
33.306662 80.936395 17.551618
25.943670 96.899084 19.350103
26.624141 88.468997 26.122349
6.278927 7.487654 21.035908
46.894500 95.725993 21.488143
83.313972 27.604914 17.896578
41.311428 75.716792 23.260067
93.267123 56.435753 21.506782
2.481005 70.142157 19.523968
92.787900 1.696691 24.040297
39.161627 61.552931 21.884400
10.031378 95.434260 25.053669
4.725896 35.167538 20.605098
14.900777 35.973399 21.557478
93.186245 62.128551 18.421809
10.722050 9.061617 18.824639
27.498668 21.610364 16.696082
23.113684 52.037933 17.782358
58.237138 34.076610 16.421769
81.038773 66.797387 21.493221
11.198923 82.731097 15.142578
24.316491 93.340128 16.847133
69.300153 78.505903 24.011290
10.341320 12.838385 24.667213
4.823081 26.493971 15.319757
80.270092 39.498421 18.163251
84.624855 88.021630 17.701191
61.532666 24.156029 20.034333
91.978792 69.021416 24.392542
54.787015 81.959999 20.251506
76.834814 90.763515 17.239284
57.779050 77.624085 23.872936
71.690698 91.210084 20.850754
98.174860 13.018416 21.620194
22.964226 47.631500 15.878943
22.571836 24.179566 15.163473
82.512249 92.169082 26.022016
3.416754 51.045795 15.514188
0.065557 91.669076 17.773637
62.968151 58.476608 15.287469
47.163158 13.289605 22.713845
78.897010 75.334905 16.438994
15.142805 85.718757 23.265624
49.224282 45.156481 17.635411
23.799014 43.835304 22.188009
37.004317 31.646198 23.557367
33.579380 59.519712 23.567429
46.493361 65.439545 20.836680
50.144976 72.980982 20.194258
5.276748 62.981816 16.641193
3.451775 56.911348 22.743227
25.271819 83.770572 25.995824
28.127377 38.174452 22.838172
86.238751 81.173838 15.252855
62.004221 17.483467 20.958521
82.148407 7.718252 17.825257
54.715988 18.758396 20.300205
38.059623 44.678648 20.321990
52.009829 79.994121 26.052814
28.689301 28.541576 20.043973
22.129776 37.594592 18.196455
74.321584 10.574460 24.169126
52.640315 20.010803 21.907377
37.232515 31.247250 15.698915
72.954799 38.656915 24.786160
1.908890 45.814424 20.708837
81.736015 8.515510 23.832217
61.616247 49.151168 18.536146
65.056425 21.662626 19.208402
46.979240 79.636470 17.607648
67.948016 82.388389 24.954716
9.921050 24.123076 20.078668
47.565980 29.437138 20.663304
40.630676 4.040138 18.160916
40.641891 14.084722 21.915917
43.434098 68.338497 18.911941
10.420066 64.507932 16.652959
41.449222 16.548378 20.530853
25.867565 35.471320 16.855085
85.260093 2.317879 17.177361
5.146512 89.532117 18.523009
10.037544 7.621557 16.354355
72.052323 6.812257 22.321638
65.090281 98.960266 25.625528
21.669923 10.644611 21.278231
22.728655 36.057437 22.677971
21.489046 51.407677 23.452470
39.017222 2.498025 23.496670
14.209682 76.432367 22.352769
27.646003 21.215576 15.168782
80.785743 43.801304 23.571499
82.277026 81.419941 25.265126
70.267949 19.260466 21.974768
51.452771 55.017979 22.161552
73.120845 47.133116 15.306331
78.209546 64.321378 25.419145
29.531442 33.205023 26.245563
61.622609 4.059754 21.287158
97.110399 37.630916 16.862236
71.348328 31.958240 21.101318
8.996640 81.466909 17.956253
72.689748 21.784785 20.495947
90.417884 89.189983 25.862123
70.282982 71.717392 25.773017
65.752765 30.929087 20.737411
36.872331 49.470358 18.048194
38.654497 69.677939 23.484080
46.513405 6.686904 23.849254
46.013077 92.359190 24.639072
92.671886 88.041411 22.930175
54.691063 80.424989 24.832489
54.360952 31.727113 24.399589
74.685669 76.486887 19.667612
46.818996 84.322859 15.987875
32.108185 76.714182 24.103826
37.440302 75.408270 22.805958
78.182861 66.738411 19.683957
63.506640 75.971190 22.670728
3.324582 60.281917 23.225646
35.149789 18.961467 25.501645
51.843583 7.633597 21.691593
78.973767 39.211802 26.176729
56.099825 15.383272 23.181071
81.173831 18.807590 16.747795
17.547134 30.312372 22.116437
4.983169 21.645668 23.966728
76.706752 71.551285 16.306837
31.245520 8.423554 22.727388
31.829001 60.427145 24.283626
4.048006 81.684592 20.039132
45.637115 2.618515 26.156642
61.886373 39.673229 17.193958
37.003748 41.847311 24.752697
96.643444 38.404975 21.996732
39.506540 34.574572 15.132376
73.953577 23.839562 18.505134
83.155362 67.955517 19.617080
52.794928 66.353118 15.332391
12.216080 91.565649 24.999976
10.111927 69.203599 23.741513
51.267784 54.741792 16.757144
15.018814 58.266970 21.653224
58.890220 23.119613 24.303009
13.884112 81.318134 21.002980
13.781544 60.270171 19.331664
48.055357 55.847145 24.270662
2.100038 54.549156 24.059619
94.007193 87.990885 22.735150
75.722604 87.767249 16.733563
50.873942 73.279744 19.812895
69.213675 15.393306 17.922186
93.242187 83.133923 18.375960
85.193650 85.141557 22.625636
27.619792 67.550113 19.923291
8.198547 54.845053 20.514725
68.151331 68.755328 15.833777
20.412225 12.005795 20.411220
35.980543 85.697536 22.846204
21.970940 88.901946 19.897519
19.390649 94.088344 26.027027
88.602317 49.556468 24.618140
97.247790 84.860007 19.072335
64.190930 57.757724 16.791525
34.570134 91.295716 25.182034
11.073800 34.113239 22.534561
70.590521 83.231699 24.326312
63.900002 36.696642 15.483669
55.256154 96.277954 20.100716
73.197506 60.301160 25.815840
45.361474 73.985790 22.530203
34.229508 40.647237 18.161499
0.970398 27.822780 22.807032
74.881216 82.420401 18.672607
20.567323 46.832205 19.802047
40.418290 87.624900 16.328618
26.691142 26.490782 17.194890
52.920507 86.497087 20.245929
47.506145 45.441007 21.160345
25.211223 77.353687 25.379393
8.730314 67.276278 18.450459
47.287190 61.215878 16.141335
2.138477 15.919928 18.334493
46.329090 2.337141 19.817220
93.832470 53.107017 20.839219
68.845489 20.301614 25.744560
76.173423 25.676429 25.931126
28.996604 68.624560 24.548209
82.781320 46.394158 16.759172
56.896127 52.279608 23.903350
0.794993 46.046389 22.044526
52.551839 15.855984 20.729874
71.005792 11.921642 25.695490
92.748055 42.991839 21.471937
70.234814 28.175177 22.601276
73.011319 4.079832 21.453581
75.605860 15.879195 25.745778
88.617379 92.855358 26.040348
36.829664 8.276247 15.619923
16.468758 96.538959 16.792886
97.306942 59.610650 16.371241
53.048184 76.935840 18.901872
56.983314 44.027553 15.430004
66.044990 54.938618 20.190243
16.913647 50.602159 15.714993
9.862252 1.053205 26.169045
66.529929 23.065496 19.208241
40.011118 43.744536 25.412633
14.641478 86.466423 23.919795
61.870022 7.229453 20.862230
99.883033 18.332834 26.115586
29.280493 10.812266 20.840876
71.768702 1.747909 25.917494
76.554058 33.117912 25.679969
20.998182 41.704413 15.481776
42.256848 35.218688 23.643432
58.413692 37.746493 15.766870
33.074442 12.107648 24.932680
91.989797 30.886208 25.350102
74.463356 66.755369 18.627048
97.477437 16.164291 24.383981
47.524018 95.418745 25.888161
30.405266 5.920669 18.007673
70.356262 43.176189 18.523703
35.874169 95.179110 17.987785
96.231255 22.990671 20.784388
24.154009 54.088697 15.172468
92.753373 8.069429 22.149280
45.852304 60.005886 16.660208
74.944249 33.236470 16.234758
34.713054 8.104869 26.056089
0.420407 25.197137 18.654547
54.110870 21.025408 25.368615
6.031117 77.524803 24.284948
68.745056 88.344179 16.507764
79.322630 77.342785 16.779444
54.620107 48.957639 15.537947
31.383004 7.151338 16.642746
46.348839 23.676697 20.421810
2.248507 52.107178 21.017933
72.251831 66.082940 16.831499
32.822692 34.094742 25.190652
50.071042 88.564142 17.144915
46.413400 17.927178 17.425732
94.744071 81.341531 17.820836
73.737903 20.757390 17.629171
5.487774 28.657378 25.785768
22.210372 67.467894 18.544610
70.008628 11.550919 18.573727
28.989713 72.341628 25.774258
22.786540 71.065126 20.105839
17.740011 47.419235 20.055930
79.273822 95.372397 22.594949
91.500915 88.595078 21.952845
63.900567 34.733544 26.242701
7.491407 6.711986 21.969662
16.423509 21.230228 16.602188
2.032731 16.902017 15.423960
23.470892 88.049788 15.391238
5.632215 31.372646 25.532287
53.437812 14.553236 21.976357
60.045864 35.292928 24.478218
17.829948 12.186424 23.101055
41.973558 23.487647 16.872322
86.939650 73.109875 16.450779
45.672105 15.726995 25.453939
9.127973 94.578386 19.532872
76.325911 78.224903 21.991374
79.705540 29.173453 19.357942
73.677714 88.206707 17.577867
27.677065 57.276398 16.889869
80.572442 42.872826 17.617846
8.398163 66.096001 16.794395
59.865832 30.653622 18.956523
57.117825 1.871576 15.889772
28.591219 68.170794 19.230429
25.234901 9.149925 22.659344
29.832371 16.714443 17.184731
53.821897 51.224042 24.751085
16.721689 12.569897 25.831925
79.642689 60.791427 15.234819
51.269521 45.941207 20.443816
38.752818 56.818546 16.608707
65.134661 54.730546 22.666123
73.112028 97.547422 16.663773
4.607844 30.330061 16.225269
94.795841 27.914035 15.896275
85.895654 37.575303 15.315981
79.156709 51.873572 22.770686
63.659278 33.998445 16.627703
78.469025 62.397933 22.552770
72.670895 79.736776 18.746163
92.788849 25.210681 17.985976
19.539284 84.035152 17.134929
7.876398 55.500265 18.381684
17.145645 93.350919 21.233517
4.253719 89.805647 17.537216
77.931753 67.676559 20.682558
67.375527 28.963677 20.712647