14.276657 93.759157 15.402022
96.676033 40.483803 16.508233
46.324372 65.762242 22.338912
48.210888 34.361272 24.744474
32.400108 50.184053 16.370145
44.598572 10.799227 20.930208
47.399495 66.944040 19.882527
95.824495 75.570906 15.658391
54.642790 23.643240 21.042641
50.003766 12.240087 24.535987
75.323350 11.196340 17.372885
51.591945 84.441544 15.959481
7.642665 66.406914 26.064851
62.799734 39.774449 20.970913
7.458492 29.917532 16.533856
74.337786 41.401558 21.022399
98.303284 39.160014 16.208428
40.736523 40.584518 24.662381
91.290981 84.503803 24.700324
97.009451 48.026801 22.276588
68.068750 96.578937 24.214125
97.152499 32.697481 22.004065
13.355988 32.485980 24.267246
5.197795 95.950192 21.720108
50.109677 36.578337 20.464577
52.366543 65.518110 17.002095
54.014498 90.080452 23.258646
96.693114 66.700984 22.268460
68.579697 85.306065 21.062972
18.125929 58.050974 19.550868
25.200544 32.955636 21.084800
65.640678 23.993397 25.155782
86.285598 95.945045 17.591212
24.169315 8.325439 19.805282
0.113694 46.896927 21.297636
49.792183 66.565723 16.977200
15.381208 71.159221 21.681394
63.813833 43.189630 17.638120
15.126564 29.411454 16.943936
81.442221 15.070164 25.303739
47.029638 50.462943 18.981148
90.374328 35.426182 16.348423
8.742740 15.603578 20.947960
48.241676 0.431677 24.717470
87.069030 80.490070 15.240994
98.790909 13.032844 21.799609
92.642331 20.916779 19.237940
49.108003 32.926601 23.418948
9.421455 58.082292 15.857169
45.532595 82.728434 21.983027
88.344116 9.481923 21.449878
1.888458 36.965485 20.256918
18.715611 34.664428 16.701229
12.876960 78.131340 25.175630
38.992116 58.592403 22.322736
73.825159 64.792706 23.700124
30.552780 61.421238 24.149582
84.019120 39.458726 21.036355
28.665624 4.986576 22.683124
94.518069 20.816921 17.842133
10.068148 72.767709 18.067852
78.658554 63.754024 21.415998
95.409123 77.112723 16.324099
37.736104 96.362508 16.121717
4.225222 97.015525 16.769318
79.065266 63.345530 19.502527
9.898728 62.737989 19.198444
47.417465 31.780034 22.753203
45.795346 96.849774 22.297688
0.427096 73.259791 22.168820
63.647871 92.312496 23.755813
60.207493 16.431370 21.060808
53.538422 66.498553 17.789359
13.896662 70.221743 20.916050
71.323479 31.622197 22.723143
34.798988 76.183943 24.238880
49.958614 10.190490 20.307960
49.289098 16.522522 24.866809
69.007422 6.507760 15.492625
64.720640 4.853800 19.565501
39.635832 82.490267 22.234441
36.919774 63.173916 23.892938
16.634249 38.711648 22.611994
43.961254 44.763056 15.773897
71.829382 68.677388 15.002422
45.998863 31.727301 22.956568
45.796371 72.692026 18.056706
66.590545 88.284987 23.426244
59.878834 97.725168 19.078386
17.852322 40.595164 22.691023
53.658012 88.265944 23.995282
75.787108 72.123426 25.084046
73.546673 38.863078 15.788650
60.529297 48.931306 25.556486
74.558698 99.355247 15.811499
31.678223 61.162404 23.152844
94.910228 89.335226 25.714388
44.689629 0.813855 24.884958
19.483671 87.992983 22.333998
68.394476 42.191170 25.241532
80.209353 56.960222 24.293294
18.040570 64.301640 23.434331
51.392301 35.131563 18.070316
30.898717 23.875361 15.779151
61.255251 30.865148 15.662486
17.803332 94.049193 25.584964
97.198527 67.611440 21.109996
39.375927 90.535113 23.839541
90.353638 10.989230 15.120854
53.451987 41.726398 24.665784
92.371521 80.780192 25.120802
51.738068 66.045249 20.907219
8.418463 1.717391 16.217614
77.708792 24.938438 21.306776
43.648399 9.191590 17.425857
69.600656 41.375689 18.741605
17.937905 67.360080 15.389825
6.688630 50.869913 17.335714
44.362982 39.684263 19.279026
72.676493 10.913677 20.016631
14.809354 9.084572 19.467377
65.945336 96.792966 16.765348
17.363379 55.687685 19.192849
76.564833 51.184716 25.581500
58.235609 99.082957 21.879451
87.226999 8.563481 18.393506
24.410228 59.529410 15.158668
18.132558 64.766453 24.951833
21.292826 11.535231 23.574400
91.474234 60.117475 21.769539
9.498756 95.269289 23.322366
76.193478 3.891341 17.660809
3.927026 52.788169 20.315090
3.434391 75.374560 22.888196
41.253164 28.358058 17.663639
78.928555 79.928204 24.283084
37.119160 39.025872 18.731554
91.428630 45.835824 24.974123
31.547843 1.667593 24.828581
27.898007 44.644760 26.135422
50.292514 70.893611 19.071416
11.465079 4.539083 25.800661
88.037957 61.087168 23.182333
79.166588 32.563785 16.529581
71.712534 32.704552 16.461226
51.051709 68.500964 21.788603
62.761674 72.767499 24.268682
39.945535 89.304802 18.601154
43.934147 6.631296 21.515313
90.608096 35.068944 22.623341
0.064805 35.802887 16.365118
20.392155 12.735084 23.852408
71.512002 27.587655 25.253502
51.663069 51.010874 22.749102
69.791734 77.710725 22.684546
22.449402 91.636229 26.069717
68.768889 9.948384 20.021049
95.844403 3.838709 17.981304
23.253101 64.777078 22.838748
11.900673 77.457200 19.105464
25.599509 44.580305 23.757764
80.221865 90.271835 24.104357
30.275844 25.448020 21.755558
53.766684 77.492621 22.851016
33.612076 40.902387 24.159454
69.146010 48.693675 25.064000
60.839025 81.503663 23.116063
33.734110 84.367621 16.744986
98.638145 66.380272 19.506516
35.172989 55.809861 17.224408
20.322401 49.171170 25.470425
95.036419 8.072629 18.494932
81.713105 32.882144 26.135862
33.599818 85.418747 16.338647
85.563387 45.020950 18.953308
50.855002 51.198410 19.552475
74.784110 58.580250 23.435767
82.663534 51.267036 25.503806
10.343119 86.132170 15.895356
77.659780 87.929897 25.674174
94.119528 79.268913 22.254057
62.996682 51.990924 19.414563
84.254641 29.556775 15.635830
16.839572 73.779484 21.705040
26.198928 90.024053 22.342815
58.930836 56.430307 23.651948
36.409904 17.301831 22.899105
16.252325 65.983505 23.445400
9.595077 98.833844 23.693436
91.325190 42.772837 18.438438
44.764654 92.034336 15.596722
20.879486 64.499097 17.577315
3.497464 29.623395 17.548963
71.807148 89.685893 23.724646
84.692372 52.698182 21.465758
3.757389 4.464670 25.359964
14.131596 40.616030 21.305865
73.445131 75.673524 18.849363
76.051181 68.941505 15.437450
58.928973 75.825476 20.680161
56.946312 81.752624 16.699224
2.432377 34.770669 21.190657
50.451570 77.154369 22.330560
38.881601 73.282247 17.361833
70.931813 96.557067 22.899750
55.230127 19.861457 19.446521
63.709813 85.115546 22.626626
19.680345 81.378983 21.816150
27.292551 54.380406 23.386691
73.290546 14.451525 25.171856
84.119766 50.379400 20.781316
33.811989 49.519237 15.395523
7.878588 82.782113 22.602490
57.065665 97.811312 22.565717
18.578728 99.390967 20.695713
91.096660 3.197362 23.943219
24.683152 73.215680 20.653528
20.087600 42.609903 15.956894
29.258825 84.067947 16.126733
31.056413 74.002946 20.330344
25.650098 67.112666 20.339232
13.618125 78.746761 25.779236
80.051133 68.082711 21.292045
15.187562 74.368031 21.019961
8.517948 22.159429 22.136687
49.496916 36.951519 16.237494
98.157461 56.505765 22.790782
36.700424 53.675866 21.001350
65.141717 24.987209 24.203903
82.014520 34.833170 21.429843
83.387462 77.599006 17.418743
83.179212 54.462058 24.862207
21.585411 48.199427 17.904942
96.510213 56.135409 19.491490
96.154194 5.972956 15.873005
9.484002 37.288112 18.108939
28.693663 68.259703 16.957303
81.108538 38.986022 21.262585
2.317321 18.593457 15.335759
20.585071 28.767227 16.550977
96.134954 12.404498 24.762842
70.357971 3.633124 17.035369
60.012303 36.296994 21.346616
84.946216 61.021420 16.151353
90.815362 23.706773 25.119452
42.628234 46.554300 25.203172
10.765943 97.641185 21.594102
16.867390 74.558913 20.603822
50.888565 52.139597 24.442607
78.190488 17.085879 20.362285
44.669515 20.947573 19.891706
64.626047 43.525315 24.285759
47.218298 43.205885 22.672173
60.442130 79.885340 15.430978
74.481202 95.028739 23.318547
92.401946 54.166634 20.188640
26.607077 31.912615 22.133528
31.290228 69.133419 22.828793
42.599915 93.858392 22.164020
11.629979 3.570121 15.409872
32.308458 17.953661 15.957153
0.585204 64.688272 22.565607
96.875154 64.714468 17.436411
23.372122 51.716176 19.793686
56.812561 47.559043 17.473252
17.441937 53.784907 15.468965
65.816257 30.631088 20.596166
60.970742 35.025464 24.798070
1.214135 73.496254 18.259943
82.136360 68.481601 19.439270
87.810339 6.655482 19.926950
36.215815 12.302957 18.153825
96.794387 63.160343 19.337443
99.735109 88.964948 20.722054
49.159354 16.822000 19.881217
6.967973 44.268915 20.630111
45.973624 71.280743 22.133830
71.007640 9.928307 23.976849
13.503235 59.407864 15.371454
2.173836 21.768270 17.162509
79.608495 82.802898 16.959716
61.323803 64.958542 21.543282
34.875117 91.882518 23.172231
66.570630 66.587796 23.117136
43.015672 42.871345 18.940280
77.259939 81.410997 26.210356
84.116151 11.130312 15.650433
84.933057 25.154472 25.687084
37.491693 83.689996 20.974453
68.016670 14.776309 22.192222
1.884797 81.809897 23.209364
90.942981 93.331204 16.330894
95.966222 58.693306 19.004805
82.340340 60.890920 22.225856
90.666262 49.325732 25.552864
74.126439 78.854598 16.223280
29.426600 73.172599 25.681203
6.429000 30.683712 17.399436
73.906710 94.904039 20.322389
62.698663 54.710609 18.340912
56.786435 1.710239 20.282852
62.980720 19.009413 18.039174
88.948473 56.844818 25.113068
12.264974 22.387538 18.270477
5.044416 48.579864 23.397017
69.914166 61.466369 21.478498
0.487117 0.322391 19.690089
23.770780 78.974622 24.660519
63.940947 89.009849 24.083367
75.476906 43.688086 20.896655
69.367124 81.670820 16.171561
62.019232 49.923729 18.139241
3.031145 79.408074 17.952499
61.492932 17.039460 19.581596
82.275303 25.594305 15.194736
24.265624 68.868626 17.402352
91.765796 25.385854 19.552882
53.899123 0.112882 18.582171
60.370455 65.475252 16.801523
19.235801 31.657132 18.458843
31.299212 31.304823 20.816096
28.144420 51.946246 24.173833
58.909776 57.254458 24.116037
10.761133 98.051859 16.209842
43.146648 99.420967 18.203546
31.514241 68.646792 20.305361
77.726831 4.019694 19.363370
19.363806 74.382167 22.430669
44.162470 29.253853 24.075264
15.576733 39.037477 24.235782
54.878769 41.561877 21.457675
34.380429 25.463850 25.578519
3.745021 68.797563 15.584823
38.259706 94.991998 25.985624
22.646619 96.834912 17.977779
95.510953 31.016322 23.548320
82.687901 78.457305 16.661374
36.198992 49.040866 20.931300
2.960626 34.595282 25.152970
42.120100 0.139228 16.021628
16.867934 83.900678 21.054267
53.948127 95.185855 20.179812
92.259869 77.960001 21.649199
30.378272 30.015835 20.178285
19.638586 60.374212 17.527455
17.633604 97.576881 18.698020
63.151156 75.666128 22.479505
52.081595 62.967419 20.198229
49.012783 16.708914 16.300143
7.101587 76.337418 23.102903
45.758335 29.743293 20.023793
52.867050 26.187366 24.116095
40.727518 13.727909 21.610441
11.568678 48.391882 17.913254
39.965860 6.307094 18.475684
78.318156 73.503077 19.273938
83.242918 79.617773 24.091498
22.549687 99.710792 25.350778
3.265662 86.024015 25.822808
38.372444 55.639903 17.000905
40.166106 29.086924 22.114357
91.741725 94.669308 22.988771
77.105063 97.255874 22.978074
18.973927 56.507084 23.590946
65.689709 57.444785 19.349712
91.357470 37.910849 16.489070
42.635057 31.708360 18.038192
59.353334 44.318575 20.066010
63.698949 96.774632 18.153284
37.962635 4.050417 16.022301
58.383242 67.468807 21.492556
22.261302 17.051124 17.331688
85.419531 81.791540 16.709273
90.955244 99.984546 15.574229
80.974342 7.956237 22.083353
60.889287 30.403127 17.956343
48.104831 44.021409 15.966460
66.187800 20.306353 21.504169
36.388434 31.584436 18.217140
98.557730 68.662431 25.660546
15.811814 49.860025 15.761691
80.887226 96.653247 18.505164
3.787878 55.655957 15.906958
52.725371 71.513490 20.247180
22.337832 82.173578 19.587380
20.902236 29.992115 22.243716
3.877342 2.236926 22.215383
50.996125 81.274787 15.059975
18.782391 66.027988 25.131795
45.575405 81.245236 22.151355
8.893188 37.560362 18.962807
38.900936 62.430398 21.649906
19.781901 23.719494 22.330014
68.684108 5.413010 18.472660
88.631780 50.044560 25.614796
59.684003 5.320617 19.623031
69.668527 44.759214 24.921368
99.748745 73.564731 17.229770
28.838879 56.757839 18.287924
41.191296 91.730518 25.126124