70.053850 69.178020 17.398255
9.072115 87.187949 21.964129
99.333439 97.013748 18.097208
41.845278 80.268608 18.016236
55.266113 49.649066 25.454749
80.937340 40.555268 25.726877
77.495605 33.444268 23.590521
50.973756 81.681236 26.015252
53.149880 52.500310 20.967446
85.023087 1.524202 16.476202
40.116739 19.430742 20.212390
73.804716 11.584553 18.467739
79.002275 30.942618 19.270495
87.391922 55.574997 18.114624
94.770391 59.698687 17.628553
29.050012 77.321297 23.151892
6.853634 98.673776 22.327221
17.717149 36.010723 17.564864
48.414951 89.049596 22.458406
54.559431 14.851115 18.333445
7.416314 75.341519 15.689867
70.029169 48.166991 17.708096
89.101211 25.708419 17.565228
57.434113 74.402421 17.307150
62.363882 81.116850 24.122251
28.364278 48.603857 18.813804
77.438974 98.569536 19.595947
80.746963 77.382969 19.729694
46.252534 83.752109 24.187300
47.945184 54.588752 24.312070
49.298269 57.964559 20.495355
5.689340 14.651354 26.208933
57.823216 30.718659 19.330030
72.253798 60.755556 23.756667
0.696859 24.690421 20.075311
79.988228 64.233818 23.604066
75.942724 78.484430 18.940296
59.803325 8.955828 16.500131
53.345007 87.511265 18.416371
97.038375 26.712521 25.940017
22.566258 33.586423 18.460806
82.993636 47.758933 20.145349
43.192860 75.963975 21.790781
70.026952 14.280901 19.603891
2.146293 96.517676 24.445018
35.727747 79.776667 21.463238
55.857132 40.100363 23.384819
16.898588 58.156167 18.308771
42.082923 32.172846 25.275001
30.736078 8.181437 19.066209
70.299671 21.975983 20.818828
19.802262 10.197784 24.142929
51.582075 1.275342 20.803082
30.917332 34.941762 24.900696
16.392755 18.169995 15.358625
93.730847 19.109176 22.231891
60.981169 19.589528 22.242752
92.883282 96.759586 16.055303
91.358849 26.517024 17.348780
34.966843 37.730694 19.127716
1.870717 55.728388 15.128200
51.022458 96.695671 16.886029
25.204282 80.905188 18.141517
24.177904 18.413157 17.448972
75.893025 29.732785 24.150074
94.519653 95.161298 22.388658
11.910721 53.456027 25.022498
62.738573 0.770014 19.547961
43.881826 95.511187 23.813424
72.720120 65.105935 24.410764
77.397459 71.548886 24.939645
50.315206 17.898754 17.081222
90.900477 38.262874 25.103799
87.075992 88.468936 18.126501
83.177545 9.389079 23.902278
47.771233 53.683168 20.870484
12.418087 26.261881 20.847056
43.255598 67.776937 16.352018
47.942417 25.105734 18.528666
67.984077 98.411542 15.099010
2.578257 80.336213 18.848264
71.138740 89.420151 26.091749
63.201789 93.222135 19.272432
94.586271 45.535585 18.380679
20.786037 69.830070 17.112571
13.773581 29.200231 23.149586
67.438343 46.701745 26.067811
71.780257 63.219907 25.305024
81.778000 52.756752 18.725612
18.268383 98.875956 25.215273
68.602235 49.837336 16.170383
50.823164 89.870609 22.632261
48.657084 1.280607 21.979080
53.254082 22.641336 17.804772
71.393113 99.401562 24.144872
48.776808 77.279903 24.227335
28.432222 95.357829 23.971815
21.742979 27.291499 21.593511
2.004242 45.825379 17.460176
60.098685 68.125540 19.021928
84.290825 80.185892 15.467621
60.910087 93.953316 19.124162
6.275959 46.681524 22.236159
38.385513 68.246501 25.501935
81.152809 23.908104 25.007540
86.779366 56.315994 17.608859
38.101002 4.782721 24.742377
89.444543 48.700424 16.458259
3.925947 80.075105 24.912603
52.432386 66.056045 18.105107
1.550339 18.258794 15.847737
79.332955 93.941771 21.345166
37.917900 54.724644 18.875417
22.078047 99.093944 15.875440
59.707716 12.038706 19.188086
28.983644 48.640926 20.663895
33.920213 84.222926 23.022217
56.282715 83.990284 21.665821
17.788952 14.788465 23.112581
92.300712 95.271288 21.479140
8.130313 51.033404 24.126096
98.083195 73.882485 18.226015
89.894075 92.877313 16.821080
9.437747 67.240145 17.226909
82.894826 47.254199 22.204873
69.524158 64.877566 19.375652
55.398680 2.270131 22.437921
13.480792 99.517963 16.614626
70.115777 30.872802 18.767992
47.590292 88.324796 20.606448
28.478056 30.306474 17.976584
15.548750 15.447355 25.154579
67.849838 56.120119 19.977478
83.049429 52.504272 18.989105
45.298553 50.729812 20.706718
36.499498 35.175284 18.447361
84.946341 78.331127 19.290637
26.388278 94.070948 24.519586
13.212969 95.418218 21.708282
24.040937 93.386241 19.513489
47.235487 92.529908 24.195356
13.071498 4.918817 22.974326
78.238859 4.329873 22.102736
95.125363 24.356161 16.636412
54.249811 50.141852 20.173088
56.101516 11.592534 18.194549
12.779907 16.499741 16.467803
45.546374 69.069221 23.660709
65.128468 67.512603 20.165224
49.604237 97.040865 22.812986
40.430592 13.680247 18.997973
73.737657 69.442083 16.117983
70.877624 23.523004 23.832351
26.879473 26.580125 21.494308
64.715597 92.841457 19.794803
11.462571 76.315487 22.348569
4.824785 45.258657 22.875190
56.144615 19.560660 21.639299
21.058508 63.175479 26.146130
6.805569 41.595851 18.962568
26.578739 81.385217 26.003935
47.173584 80.539764 19.628866
38.572664 68.428311 23.340843
83.422608 59.325936 21.155372
65.557609 0.083693 17.988347
2.389554 43.130411 17.284229
76.174294 75.294351 23.659302
65.854766 98.428625 17.332997
12.390597 31.507793 23.571338
80.598636 97.099034 22.141243
6.191863 29.896669 17.812751
73.508957 41.329544 17.545706
36.773153 90.910922 21.225992
69.248850 95.587738 23.885736
37.020879 78.476967 15.643906
85.355695 61.753671 17.368795
71.614059 92.518366 15.857913
78.602421 21.359455 22.125093
39.511897 93.936707 16.693850
17.628629 57.043007 21.342860
85.543166 29.383541 16.796030
7.715052 30.941873 20.810902
56.176727 83.243811 17.716795
19.432456 7.297648 19.698363
16.873715 9.830291 15.951503
49.281009 73.364515 23.920317
42.983297 20.276352 15.684076
26.050448 35.514087 16.534239
32.437347 18.074702 18.535805
59.606391 77.154038 16.087432
25.815741 51.960816 26.044666
60.345021 77.956081 15.430690
56.271240 72.587767 18.722466
39.854081 56.912856 17.699428
76.343578 29.469142 18.586157
16.641739 63.947513 17.343767
28.477437 72.066628 16.941190
19.123260 40.712881 24.810107
30.060657 56.192088 15.942672
18.583633 50.045659 15.523317
11.973987 26.442701 23.107348
12.534065 65.762119 22.712374
57.670677 71.826441 17.400309
98.677544 15.039158 23.454171
27.572411 35.518798 23.972555
11.817651 97.747965 15.987362
88.685886 53.454731 23.325241
43.374108 82.513743 23.469440
19.796241 23.164116 23.666056
79.624437 60.124128 16.626372
11.895129 43.332378 23.945590
61.918561 19.108483 18.305297
22.016044 91.279528 22.751913
9.755659 47.276796 23.241810
30.060138 21.984064 22.511700
26.034242 35.184003 20.919066
32.406481 44.132736 23.164344
60.278375 58.958620 25.220358
39.581208 56.819893 24.082848
55.069927 65.466256 20.467711
48.211118 67.368110 19.951147
45.831899 97.114441 19.499674
93.772506 10.218921 18.296336
39.434915 31.371665 15.828372
99.874018 39.690112 21.070264
63.509023 98.302790 22.205309
70.163690 25.129643 20.603849
32.464268 68.054830 21.623169
44.695634 44.550540 26.212796
79.356562 47.711208 15.349320
44.379746 59.729566 24.769835
20.124278 38.791547 16.736838
42.744545 5.681711 20.364526
96.061190 80.276848 23.436090
32.005529 76.321239 23.016413
45.271174 41.682405 22.511658
14.595978 62.211983 21.434567
60.603373 53.743377 22.413432
71.233436 20.136980 19.462958
37.337592 31.977392 25.459214
53.520600 7.111670 19.694914
57.314264 80.582019 25.226038
37.159829 76.547844 16.926983
78.141360 22.169028 16.045712
29.480127 29.783948 24.327940
18.297926 17.142268 18.549982
66.240272 11.113059 22.906444
91.765259 84.241850 17.304022
25.698604 20.499210 16.784032
37.561830 23.688739 25.590836
93.671589 38.426709 18.572529
95.346285 62.727596 18.090062
30.736960 63.059758 23.785680
18.636230 11.218353 20.054440
99.752607 5.866956 22.014688
73.711337 84.377199 19.648231
94.249466 67.338574 15.399579
72.835224 52.831891 22.318622
32.575002 5.599558 25.430724
12.901326 81.293534 17.148887
87.220708 29.858677 17.982517
43.854197 98.067736 23.753257
91.521922 14.416158 20.072108
3.214268 17.690530 21.428485
60.827348 95.140752 18.866656
49.378615 7.721341 24.600337
98.120166 93.276532 18.960267
67.427628 76.346079 21.228188
58.223127 6.717786 18.892914
84.515642 41.486553 24.913573
86.219792 49.914216 23.119454
76.584534 57.440314 22.714384
20.676826 43.830563 24.251165
28.733368 60.908986 18.910039
19.588932 7.327961 16.047820
23.948885 80.172477 24.838153
49.441775 43.754108 21.372728
8.787557 87.565166 21.194978
42.344792 88.691473 21.929695
81.489855 13.509839 18.469307
38.248338 36.655770 17.488630
19.566262 78.011603 16.376987
58.079981 31.455802 23.145008
63.850066 98.544089 20.382465
11.381529 61.444227 22.276360
9.754605 68.694567 16.553691
90.379530 67.793869 24.944121
1.849408 20.369152 17.806882
0.439233 2.736529 18.580667
79.186613 94.439342 16.330954
47.060646 42.756710 16.276861
95.652073 74.171431 18.349566
48.032214 87.390884 24.021574
49.196291 89.140881 15.625384
30.172838 62.084989 20.520923
50.548741 66.645103 24.706440
89.805532 12.897900 16.230330
63.558837 86.390677 23.638891
5.315045 35.405688 25.683686
88.951313 71.447710 19.960783
11.767720 84.021778 20.429842
28.297812 56.467172 22.442968
41.968230 53.619850 16.710626
80.542194 31.575990 15.405367
10.755977 44.432543 18.126078
32.371455 63.999877 20.921548
58.659791 78.147998 24.327614
60.502227 65.158657 18.767880
17.060334 66.202279 24.340352
7.584045 98.771613 17.922660
67.586360 33.818426 25.589972
22.287233 46.403473 25.439140
90.345206 98.402946 20.897072
55.498998 15.968419 20.851486
99.541204 47.995566 23.866333
47.751497 12.896815 22.277739
63.082651 7.643668 21.946042
82.726593 74.051750 16.885804
59.331020 50.203724 15.730448
51.033610 47.197553 15.291087
73.022477 99.802027 23.028527
24.439293 6.509582 18.458781
68.964905 93.485008 18.540526
1.345138 2.349206 22.617991
56.636401 18.529952 22.922506
31.119609 44.201587 21.020221
38.676342 29.315854 15.913245
75.688192 16.960598 22.215945
0.982527 58.272358 18.219783
40.686648 9.749238 22.217152
16.147897 63.909023 17.138004
67.755622 39.656234 26.055678
58.812550 16.526727 23.852197
0.692862 68.779862 16.644921
37.700061 70.361035 21.702065
16.388940 95.390566 16.168047
60.193537 17.106892 17.894883
25.739152 18.424556 22.395260
28.836728 32.488646 17.354215
47.105036 66.855274 18.291551
16.844513 1.911167 22.627160
92.332392 38.451656 17.589646
93.725167 54.090563 19.358348
17.738451 34.857108 23.757104
28.520226 27.579850 23.187919
45.157498 20.797303 22.821042
47.891783 11.200279 18.171445
95.048900 97.594431 18.718807
42.085055 36.160916 18.595164
0.915633 34.322011 17.482291
16.549376 62.392928 15.061790
82.059278 56.294820 22.951288
52.601061 34.159676 23.334305
73.727413 42.606388 24.899996
53.679835 65.171195 16.615728
41.677995 75.854157 15.927193
32.562473 36.360033 23.434823
83.355808 44.705961 22.638099
46.937996 86.664431 25.298051
22.547711 51.954105 16.848524
16.932184 37.259977 23.493421
66.490631 32.564066 26.243642
39.800534 19.676514 15.146699
86.509359 52.094669 26.010885
91.557216 99.405419 23.094283
42.697504 38.606506 20.279024
19.183226 16.157427 18.297522
47.056206 77.218981 15.526709
16.046783 65.752826 25.572115
23.354766 7.111730 15.516638
66.769830 7.917903 17.364346
73.902048 63.461242 24.984475
85.980241 17.359806 22.760069
23.462205 21.245101 23.525568
37.977343 11.926373 20.165291
92.601752 93.982558 20.340263
97.222746 93.215220 23.287461
74.526109 76.503914 20.863138
21.380050 13.186381 17.831838
19.148284 26.310848 15.728616
74.888082 62.250251 18.830199
70.133455 39.788308 19.630719
20.291958 87.057608 19.697592
10.090175 64.267858 23.937235
30.289912 39.942796 21.004004
77.328030 83.726873 18.527194
62.751783 13.789308 21.593621
18.732904 80.484116 21.129782
78.338141 33.862217 24.312553
91.329775 44.542606 19.444186
78.493635 43.758074 24.150718
32.632036 50.457918 16.295053
74.630956 32.007440 22.712885
55.860278 65.411095 21.043954
90.773870 78.773145 15.477102
73.419834 36.521591 19.394690
1.393425 29.004688 18.386560
57.378476 8.957511 24.307339
73.175861 46.533890 17.200768
65.246063 70.479099 17.060615