59.809298 63.074943 21.554793
55.833089 33.636292 18.453178
28.422805 28.061971 23.631723
84.051842 49.126896 18.840724
65.162251 12.126912 20.922510
16.922393 39.320437 24.446714
48.628824 43.816309 25.765525
2.257048 58.245245 20.352718
85.445971 48.191718 16.632446
79.432731 84.643066 17.981235
6.544065 41.030496 19.607717
17.640508 17.380330 24.970567
41.679704 14.839912 24.484168
4.958740 49.741881 17.253839
13.108469 35.605369 19.012927
3.897515 35.322260 17.118447
72.090674 78.060517 24.398598
83.629880 81.562505 25.525714
8.661748 24.980724 22.695185
81.305335 80.126490 18.519514
72.035075 73.735573 16.274382
75.884929 72.722690 15.195016
44.355181 65.153123 21.696891
88.139148 70.642564 22.297618
59.401929 21.449397 24.080263
63.603821 57.210221 16.208964
27.302460 25.404471 17.420940
49.025862 47.086172 22.771720
82.512586 27.375221 25.512761
21.102207 77.066955 19.368153
17.600063 88.625841 22.813986
26.200130 49.224748 18.923791
3.603736 56.322423 19.637857
15.847378 3.324710 22.479618
41.663080 58.243491 25.938845
83.465015 53.758367 24.709954
17.613135 57.724183 25.247313
37.405160 15.452542 26.088949
77.358537 70.682172 26.153393
5.951562 72.126350 19.070008
58.560195 68.133709 22.114380
87.505451 61.113624 24.762459
35.213162 11.681934 21.303442
21.174961 21.379393 19.693311
21.427053 74.431350 16.097951
76.201531 92.346275 18.088620
21.647510 82.223380 21.547668
57.855173 99.646924 24.779254
76.029703 36.330191 23.605956
79.367425 6.264178 17.738224
32.456034 30.235754 20.546301
40.356782 8.181306 20.228688
75.096105 80.577628 17.491467
22.493129 16.363047 15.840659
81.015808 41.420408 18.999577
35.275326 59.402448 18.359158
85.515604 65.119173 15.213544
70.134674 93.667470 25.484696
9.308650 16.325521 25.586888
94.951004 73.156672 19.910417
69.258993 45.912418 20.441192
60.328432 74.805667 23.147928
74.807191 79.890605 15.381793
39.891305 30.881318 19.177272
93.065934 58.452006 24.790703
89.323072 44.042216 24.332251
46.114809 27.606994 15.364065
6.439273 11.977983 23.561671
55.519285 85.422479 21.374806
69.454945 29.449655 23.970765
38.746381 86.828219 20.315405
90.524441 37.269084 22.842560
36.827454 11.272481 16.275457
30.177545 91.830447 25.119204
3.316886 38.985773 22.613809
90.236131 63.368149 24.036692
18.277159 53.734503 17.345003
5.119976 13.003125 23.558407
23.174720 58.360453 19.655959
25.709795 6.469734 23.629660
65.955239 68.204526 18.911731
52.374255 10.131082 15.365124
96.684119 99.000889 15.670370
97.771592 9.503116 22.721522
10.278997 48.913837 20.647951
16.218620 29.216050 24.267268
14.424157 84.525193 15.246552
38.575629 87.815721 19.124630
66.017841 89.898818 22.000477
53.030239 68.724623 16.631722
26.707962 76.515379 25.317487
83.528346 76.441118 19.293583
98.234152 68.978409 20.469439
4.759675 20.693968 22.711850
79.147571 98.285332 18.750649
90.694683 93.684491 16.560045
23.216259 60.110104 16.259872
86.344775 72.740880 17.722249
45.980814 18.618563 20.774224
9.639596 0.761513 25.516431
75.461297 46.883577 17.853954
54.725086 30.883283 19.764827
66.135799 40.471815 15.506162
11.937664 48.449356 18.925073
28.941057 36.938904 21.492696
91.744240 15.373187 17.247571
15.928442 96.077709 15.223139
81.376755 91.334385 20.837024
25.213898 98.680220 21.578865
55.902860 52.464946 18.158390
78.841684 77.219589 21.899025
51.085010 65.593139 17.995827
81.051075 96.229473 24.187513
53.975050 48.197826 17.136377
75.966642 33.104859 22.083210
33.505342 56.364828 25.383694
11.090304 3.287424 17.175851
90.252218 40.258387 20.378918
24.403555 37.762637 25.074161
18.385763 26.531252 19.108618
96.916708 9.883179 25.654411
2.568942 40.185425 16.965660
71.008509 18.313995 16.040842
43.527374 19.236641 18.204016
85.273813 32.655470 17.961773
91.011522 57.229941 25.684461
12.757975 36.508661 20.812511
8.920827 82.410441 15.447750
1.507035 97.225469 17.237491
75.915597 19.430007 22.569117
3.523321 78.099987 25.316638
41.887199 33.388464 18.628331
3.656640 82.529050 21.867840
57.280816 92.422345 24.542790
50.722994 43.008094 19.098314
55.754816 68.573915 24.683349
65.804971 42.251683 19.564912
94.773186 15.779996 25.640420
2.302764 2.857519 16.034484
9.904687 0.544684 18.465470
40.997117 67.004807 17.165732
85.312517 32.866538 22.076758
73.718421 4.513783 16.066454
23.171843 65.632607 25.369577
42.833545 39.535599 21.056959
96.646347 31.831769 22.881071
2.779840 86.309465 20.604279
13.239813 74.150902 24.585310
42.706167 37.046381 16.173506
16.549083 40.561459 15.150687
33.352141 82.654631 18.024799
35.347197 35.383182 24.907987
81.307798 89.536083 17.483716
12.816516 48.843625 25.683303
98.053455 60.297284 25.040302
69.226870 3.188841 23.727157
55.268384 63.091847 21.748143
68.897831 65.424981 17.275653
21.849124 26.646453 22.159305
38.886698 99.505628 24.908957
33.074271 81.065879 21.292197
60.661304 31.215946 24.384109
70.519355 92.171989 20.690897
11.443845 69.568717 23.500513
54.171139 99.628355 25.179644
48.833959 83.645160 21.919217
8.508403 59.335879 22.672540
83.461669 77.660431 22.837525
25.796078 60.890001 21.596712
34.604988 74.099628 15.422712
22.530478 90.048832 18.906554
2.999495 87.027136 15.077997
51.564944 97.540463 19.904741
50.873418 25.055647 22.571704
26.625342 48.780408 19.237151
69.608496 48.578559 15.061713
69.002015 81.673348 16.578134
76.413115 40.467947 19.454685
26.132445 13.534103 19.491125
82.026625 62.614814 21.207517
63.680856 35.642330 25.843836
92.385033 99.865826 16.027167
94.738862 55.830471 16.822804
60.405962 80.563788 18.992997
69.772001 60.310457 26.187064
97.652657 28.700406 16.159950
60.939071 31.614338 21.894462
23.623474 83.705648 15.364757
80.935818 44.375881 26.063018
35.090528 22.696280 17.733700
8.288098 84.440194 23.391892
45.147941 29.964059 17.799195
75.216120 30.703490 15.903967
34.974365 45.064485 19.639235
77.636864 81.859001 18.360547
40.852150 4.812480 19.510683
55.916363 53.450251 20.188513
85.937745 83.390827 17.153218
98.268418 54.479014 17.550750
93.409704 33.609456 15.662530
18.737433 51.764134 17.062524
57.604569 37.481608 19.637493
63.260016 48.698068 22.595272
87.514226 76.123627 24.060708
46.830769 71.086457 20.924573
73.770510 92.839131 24.005442
24.686949 20.612908 18.986652
53.287323 20.558574 16.051827
80.473025 48.890889 18.920207
86.551412 50.629810 19.278387
89.907204 28.978679 15.535594
43.738288 21.095692 25.306080
80.235215 18.772172 24.622746
72.408608 35.766761 15.867480
33.801463 20.649712 25.681075
54.375802 40.647797 19.202055
80.844462 0.143350 19.394501
51.536148 16.109208 23.064133
59.084926 29.476079 17.151453
5.259859 64.096175 17.031559
49.066549 97.783678 25.590865
99.489692 66.001852 24.219590
10.493691 4.897280 21.756419
25.850318 67.484400 24.043642
87.662316 0.499453 15.404856
40.416319 32.598804 15.276941
28.084763 19.930009 22.638859
91.726248 86.574184 24.989838
1.390426 60.522428 17.880926
74.167614 77.526833 16.741779
85.121982 79.395916 19.068910
53.199968 7.294171 16.366592
41.624829 3.231750 21.409357
74.330335 27.201551 20.253606
98.055110 74.174523 24.648364
23.797166 69.748522 15.159701
42.631944 42.319148 19.657075
55.474353 22.233660 23.142590
26.693789 32.001447 17.400123
50.608428 78.036489 21.209872
67.439124 8.536703 22.131821
65.945521 73.117309 16.669339
22.705024 52.134795 23.969787
34.595380 96.627202 25.708965
63.361394 0.983666 25.413741
9.206715 37.377584 24.431123
80.342760 60.837385 22.278574
35.688075 3.562747 19.651107
25.381716 4.151481 17.504614
18.955112 24.428801 16.328739
94.967600 9.504566 19.904570
32.514885 53.026240 19.648640
9.243961 98.534277 18.406220
88.091123 16.360901 24.489734
0.108782 33.134594 17.974926
4.983512 32.563796 22.722273
17.136093 76.875883 22.586432
21.515190 38.729428 21.798180
73.486419 46.141042 22.742486
85.333957 77.484518 19.814690
44.475501 88.714925 20.254565
34.256643 90.781110 24.610055
8.727805 95.495962 22.586032
58.368905 35.173007 16.666632
1.233294 35.090721 18.329665
96.815350 49.032729 25.972035
92.282095 64.984685 23.808504
85.310674 94.131208 24.504689
7.026682 19.973625 19.518762
38.184844 63.113274 25.334341
69.731614 96.006304 21.274296
40.819759 39.277936 19.782710
86.354755 27.467630 15.149547
94.683017 19.273346 24.827495
21.738887 79.648475 16.934079
17.318675 45.378897 21.504976
33.643115 97.618499 21.223243
46.792557 22.607483 16.274091
67.787555 7.125149 20.467400
22.648478 58.650147 19.765850
78.782460 64.445429 22.784784
36.364306 37.437908 22.470504
11.692825 5.577220 26.044043
32.504944 94.101721 17.847590
67.194109 25.331714 15.275123
94.096293 13.422717 21.447838
48.497737 94.378366 25.143026
45.523579 62.629339 17.025698
7.757095 68.592879 19.870537
98.138846 47.378470 18.450143
39.080343 84.604057 17.033836
31.539557 52.239402 22.856851
83.988993 29.951018 24.205588
8.947408 75.834278 17.114500
4.435318 86.742304 23.307516
14.073597 60.623486 17.294476
28.777990 22.592941 24.302016
96.947479 39.731093 19.544504
67.791149 92.399739 24.482564
67.636566 40.548370 22.687060
88.423250 29.320711 23.629293
15.597564 68.985884 21.693424
80.031795 31.420358 17.393851
92.179213 75.944711 21.523309
34.012075 56.033706 20.884731
91.793400 98.199034 16.779014
43.505443 32.870134 20.314814
74.838532 96.320971 20.080943
30.496392 44.459315 21.916884
82.005759 55.285756 18.544587
13.397010 97.436357 24.121237
51.317325 86.459163 20.336384
59.278688 22.490741 17.509712
12.808800 76.033862 17.444582
19.169480 98.536221 24.662215
78.009897 48.201411 25.813880
80.692983 59.902117 25.254156
0.660103 5.813839 16.589500
69.069906 4.481176 16.762488
15.809566 53.908171 21.347718
66.703323 34.411362 17.327589
88.150487 89.603447 19.371629
61.767276 68.701859 21.798090
71.792005 25.770777 15.189627
64.347466 82.323565 20.756271
28.032868 34.973517 25.021330
62.882797 22.808745 15.381947
9.967527 47.070416 26.180089
65.703529 18.438577 24.164074
49.488734 35.384222 15.391657
1.817505 6.079034 20.850275
97.893568 71.781732 23.488765
89.950042 42.103124 20.170898
7.487437 95.293123 19.848647
8.927424 42.031630 17.967002
80.029624 5.971678 19.278670
36.806750 30.845010 15.311373
61.614504 67.771772 17.726545
67.841001 84.522593 23.323885
65.605642 9.892572 25.490850
76.323684 12.778458 17.627911
98.857647 0.806026 26.079634
64.162826 73.665741 17.099079
1.719345 67.539595 22.086586
3.073041 53.750816 25.394194
3.159197 8.888889 21.897828
32.284097 47.574340 15.536943
31.082637 6.564920 21.769213
89.808318 74.085274 20.115526
69.086482 98.414725 25.224175
74.576091 80.087852 17.315462
20.832311 57.999271 17.206248
61.990781 65.443593 16.203716
57.890294 83.383688 23.525175
70.633806 51.283270 17.916670
57.074015 30.942310 16.365997
8.585978 8.159297 18.717296
75.961954 79.295282 23.051874
31.288474 37.448095 19.415500
2.064253 61.735703 24.808031
28.639474 41.894665 18.237067
17.315886 53.600866 21.183945
5.438820 65.784174 24.485158
74.855724 5.450862 19.240700
40.874274 95.953243 15.357704
20.076498 99.210140 21.960371
43.291748 14.406339 15.891051
93.744847 9.076923 17.149086
55.618058 95.192106 17.829391
66.197096 2.289975 25.107332
25.162736 7.660025 16.527863
16.430512 95.000059 24.435648
37.779345 1.402264 24.142691
55.278702 28.641876 24.374231
85.161316 1.736725 22.305620
52.883264 42.708006 22.564168
99.421323 83.438768 25.767861
12.100383 45.466196 21.555408
69.186852 69.265914 21.356185
26.281404 54.257601 24.441532
72.380341 39.333197 15.703827
5.531868 97.384876 22.025040
29.883412 58.491483 19.682188
79.294050 49.818804 25.127286
34.473504 47.693082 17.065257
28.658574 8.283509 23.958312
86.856590 83.560005 22.155216
4.599166 9.205090 22.776570
77.940016 68.562316 25.195323
64.385772 45.074545 19.800669
17.883683 21.581110 16.607407
47.660215 71.270174 17.512598
26.030856 33.053823 17.597521
84.587972 71.293178 18.030341
95.769639 37.437259 26.131551
85.263949 17.388050 17.196328
63.892208 64.128798 16.333724
11.191435 16.481604 25.941634
20.783894 73.992761 21.503660
22.188520 15.048575 19.383375