4.309520 54.309225 25.959959
97.685192 38.852859 19.554267
29.965843 81.539588 18.666062
2.419814 41.848561 24.598797
54.826982 70.159903 15.663722
83.879547 87.732580 25.261729
14.706729 41.714262 18.178709
80.723822 41.937093 18.232297
24.815117 26.490580 24.771775
40.203590 55.526327 15.268081
2.619892 94.891341 16.690940
40.655036 96.204472 19.945316
99.446617 92.736013 23.642428
63.515348 45.331532 17.994335
23.517079 54.992804 23.044831
34.943249 93.099673 15.940785
12.851602 67.354569 25.008009
19.963841 37.102660 16.991823
85.401886 75.569120 24.744026
98.943549 10.108155 18.016579
84.083244 0.144386 20.863280
4.320994 45.847902 15.115492
10.038984 93.132073 25.118048
91.104556 67.227765 24.802403
58.724836 90.398065 17.588745
22.475079 22.127513 24.084544
21.363802 67.066386 24.440164
72.857378 60.198762 18.677784
66.169189 81.807356 21.244774
88.093328 33.927127 17.326759
70.769770 0.833705 16.412875
43.532173 44.564352 22.850265
38.098085 63.567117 16.447117
30.403359 56.506960 21.216801
40.224662 14.756765 16.373781
93.316918 95.299291 15.086297
85.443640 97.725622 18.445608
41.052398 30.201771 22.289205
77.295939 82.163135 19.979647
99.129341 48.586583 19.463126
36.136736 10.332537 21.133001
67.621305 10.757994 18.051681
70.781168 89.341832 23.858472
19.432055 33.287219 15.648611
5.210666 4.391677 24.470848
9.822155 79.265971 18.382294
3.643171 95.285034 21.818165
67.641191 78.886204 25.288969
78.496225 62.400476 19.907282
29.434140 85.979987 24.243470
14.321255 2.833965 22.623644
12.558870 28.468843 25.157456
60.363068 63.991806 22.793375
50.894033 12.391810 22.199439
69.759710 68.310044 25.781086
1.801717 82.240599 25.615634
66.329211 87.743152 23.806967
50.955350 50.095738 23.020247
62.114851 26.117307 17.041491
61.846766 49.640710 24.989501
21.387967 54.023344 24.303740
91.699696 58.734851 16.909805
58.008300 68.008508 19.371788
0.603692 35.874094 18.142708
28.018828 14.544687 16.476909
13.489136 39.022926 25.953743
8.090503 43.350246 26.023747
38.531841 85.069629 17.173262
81.508170 14.156500 20.442937
62.653664 32.261978 18.688552
58.707351 9.824299 21.833443
72.760794 18.300680 25.232530
58.571871 63.471807 18.120834
38.916875 74.055078 20.683910
91.197657 11.933267 15.579829
35.616617 21.427821 23.000468
66.345551 42.004180 21.848193
51.586246 2.755765 18.855181
65.621724 53.206312 22.569489
51.573278 32.139259 25.561553
66.062732 41.773870 24.090599
53.819386 10.290253 18.546097
44.120941 21.255311 23.340049
82.904734 6.768149 17.294202
36.884138 76.673780 23.987492
60.135477 81.346622 26.211723
45.402465 14.529503 22.225457
2.179046 53.928748 25.075509
49.379298 92.033873 25.211931
61.506302 56.750693 15.503842
38.828142 70.605189 21.948800
92.458149 32.546132 25.391248
19.114379 99.045722 18.996925
29.085579 52.533329 21.319715
66.133896 31.792408 22.364255
1.531979 81.741452 15.794940
51.707860 83.475011 19.452235
90.521221 28.440956 23.948687
72.273521 54.494314 19.618661
71.716734 96.756393 17.562704
38.564003 37.275409 20.132001
98.321037 42.579381 18.964279
28.192504 90.685247 17.180325
14.277153 36.267101 17.951473
61.613736 56.028912 23.936371
41.755755 71.438247 21.057254
58.062285 44.111238 21.116306
83.170071 0.068595 19.291106
53.362518 47.719720 19.707641
82.084981 20.892581 19.528460
0.685511 95.965658 18.532002
29.538888 77.038600 21.172493
0.916028 62.595118 23.505573
48.033640 66.159233 21.808942
0.763644 95.598498 18.576971
16.040403 51.509034 15.121986
96.557391 35.063019 26.170605
70.003189 47.038473 16.544653
96.818268 0.503265 19.697365
53.884770 44.619121 20.249496
33.855058 46.172835 21.668355
99.547633 43.310113 15.246656
26.413960 50.296932 22.448540
45.905868 91.329609 20.939232
96.805170 92.351083 25.423639
93.924872 61.719600 19.169775
66.437817 86.049551 17.469592
93.597610 59.634181 21.029521
44.565139 99.810443 22.325735
83.363256 67.553354 24.448103
79.579186 64.364367 24.009556
90.632768 67.383276 19.577285
57.570149 53.005339 18.311591
48.352378 44.869310 19.878267
70.604380 45.390545 15.400727
36.311556 60.309722 19.708736
31.601780 72.782971 15.544060
54.094806 65.974510 22.080132
42.540523 38.959980 17.143056
90.501293 98.800627 24.935233
47.704836 45.756077 15.628371
34.625953 22.186164 26.227574
47.129942 32.377606 26.129298
6.927490 58.555396 16.597338
48.973264 82.451403 18.414519
77.802454 82.450053 21.130113
54.176176 51.335650 20.663732
15.343485 14.477150 18.489541
72.591154 52.167605 25.692527
68.031861 60.347383 25.360800
77.866668 31.055571 20.064145
99.113650 73.392295 18.016627
68.821727 70.772881 23.508674
11.001547 23.918486 23.663086
56.007459 36.424178 22.145169
47.670128 24.925662 22.804978
5.658254 19.649348 25.780506
68.967781 41.685164 24.700873
55.455994 71.236515 26.000445
38.417745 36.787571 18.133428
68.369010 99.431455 26.049176
19.386419 97.754531 24.763192
50.251003 28.606954 21.576593
67.630664 18.225824 24.710848
22.971587 47.472620 20.372951
45.518404 30.030896 24.144272
63.189313 40.264773 16.841375
41.464656 37.604576 15.814912
1.794894 50.449979 20.754059
24.057910 82.844884 20.255451
39.281410 56.843276 18.408590
91.481269 1.620803 21.007150
91.775787 36.053966 19.877262
87.046286 56.559661 20.901683
9.088004 57.326310 19.314567
50.025822 19.341272 16.472098
83.845151 20.823261 17.677207
6.096242 95.441373 21.320937
66.184069 18.437647 18.957687
87.357085 29.751271 16.867412
42.937215 13.204405 16.585622
4.756873 1.344410 15.212232
48.388205 1.431405 23.621683
19.023737 93.799697 21.050544
68.071242 43.877979 25.212098
3.984169 62.698855 17.777819
30.270913 71.498868 22.364067
52.908055 9.787846 22.167340
77.407227 45.593393 24.141155
63.342805 68.691643 24.225297
3.243059 36.368996 24.412604
90.420881 5.387042 16.280260
48.743827 99.449191 24.939958
63.640213 60.469624 25.779165
40.093775 43.414331 24.058258
78.499596 30.812337 23.391263
11.864713 25.492558 15.392828
18.304436 54.842715 16.086096
8.201154 80.783141 18.886475
40.297164 63.241799 24.330431
85.804048 17.956957 25.301657
7.181772 16.452929 16.175683
16.719317 35.399016 18.427170
36.070909 26.884471 16.966652
52.919531 90.897611 15.676994
54.979054 89.669521 16.555450
59.028894 3.023835 17.837174
31.751176 55.134546 21.439475
40.825627 62.472716 17.547542
9.700344 72.214035 26.212031
6.029548 49.851066 17.542583
0.408322 27.870848 18.903553
97.475304 53.574161 16.573181
78.093487 53.501008 19.539115
99.944414 65.805449 17.558147
76.033056 83.983172 18.438787
99.784298 41.271469 24.798809
18.376295 95.713328 24.184242
48.096258 55.073662 23.797458
78.434565 37.957034 18.259210
99.461825 37.523219 17.551128
69.494964 95.469102 21.680958
54.002896 42.822876 16.632040
34.268629 30.527221 20.450934
22.170977 99.803709 22.932254
6.648726 80.742358 24.200512
67.834901 9.787832 19.513771
54.543453 67.525556 15.743007
53.707613 18.430707 21.933272
87.694765 4.872084 23.251173
65.473192 66.829307 20.303699
29.762711 29.059515 16.394975
91.269691 74.546571 20.494290
22.042866 12.133919 15.942673
70.088476 81.241689 17.977603
72.089440 28.259889 20.611838
31.721529 0.620244 21.302819
61.293655 3.253676 19.349368
50.607166 84.162993 20.198527
81.305201 94.188396 23.652544
15.152555 62.748011 18.082480
55.782652 71.023801 22.536799
94.878648 87.011880 20.512524
95.207147 97.597090 21.202162
64.479706 36.844165 15.140729
24.029187 75.264992 19.243268
56.945496 39.331057 20.599174
18.034457 1.363729 15.411504
29.952934 78.605969 16.067477
82.233753 0.112113 16.497301
30.346128 55.304383 25.414701
0.258235 6.288933 15.804711
82.190878 68.986289 22.906338
71.722204 8.164773 21.910838
54.027280 11.978600 24.477316
52.859628 48.145856 17.300798
18.149696 58.841300 21.763700
92.725401 23.260170 17.743813
46.197510 62.649185 16.339665
41.889558 28.152849 23.621952
29.568406 98.386244 17.673134
38.042294 54.214680 26.021531
90.885579 74.691458 19.626764
72.565422 72.649976 25.251899
0.694443 26.467415 15.765384
27.753887 98.348782 23.955490
70.960165 84.949222 23.823152
55.451470 10.719321 15.487115
22.506769 1.122704 22.405789
37.363316 75.274858 22.054447
36.910783 21.484965 24.832381
91.572223 83.515661 17.159455
88.767605 34.928920 22.347672
3.843842 96.713320 16.083476
96.639028 76.394831 20.958768
64.516710 54.134685 20.472943
91.522268 17.226380 25.572274
88.825576 22.434360 16.917913
51.674147 65.800715 17.605137
8.008861 96.251030 21.208758
94.824013 3.195360 16.502782
85.124023 29.284914 18.049827
74.965997 6.811186 23.984485
93.141565 81.381190 15.155768
92.382347 46.497204 26.023393
53.563144 89.096501 17.042082
61.167249 75.466050 24.116749
42.106702 41.563245 20.133093
41.687908 28.904103 25.308749
39.074306 79.090518 22.272352
84.643166 75.870472 25.065429
73.344985 72.246039 17.818391
30.042012 10.734377 17.731735
34.569999 49.355564 25.192238
44.823400 84.677356 24.838669
10.539617 99.793071 20.045714
64.925058 28.942204 21.211538
38.690630 82.506175 23.279837
51.029031 7.240236 17.568705
70.777769 22.928502 25.730807
97.413547 37.343409 21.401603
61.122939 64.828290 21.056375
30.439013 27.855589 16.602332
82.049696 40.253664 25.153826
4.070118 62.488848 19.683216
31.367697 72.336804 20.660330
88.732995 74.026231 21.966517
95.859915 4.553417 22.812619
44.256704 94.143611 17.773689
79.886696 94.561979 24.153928
16.126994 85.647117 18.610396
34.338293 31.238546 18.630131
29.013434 89.380677 16.267821
39.387843 56.216969 24.845910
1.762945 29.190181 24.460683
2.134463 84.207228 17.297314
79.159419 82.163977 26.030873
82.237580 50.250658 21.493114
48.425291 68.440569 20.517819
62.553340 78.058589 22.326361
54.549155 29.267810 22.845007
31.201243 53.805341 22.747394
54.735911 36.885197 15.973635
61.043093 8.059433 21.903212
91.386114 72.507057 22.766040
53.684250 44.936681 21.695502
55.395816 86.980465 24.442909
71.293361 81.881056 24.116909
9.742047 19.110228 15.716609
30.385925 67.648515 20.429064
26.658247 1.170884 19.383652
81.611681 58.002662 18.477361
86.103335 39.558060 19.312872
98.878200 20.442102 17.710573
62.703731 70.496573 18.762283
64.516940 16.415192 23.399569
10.310957 41.759063 16.827182
77.991278 3.635350 21.714291
73.928277 74.618511 25.697503
44.475357 82.864013 19.241944
77.981880 77.645182 16.658439
19.064092 68.685862 25.307431
45.581410 37.840500 19.887000
17.856804 21.093646 22.833468
31.449641 61.186379 22.793158
79.035826 65.405425 17.545363
2.138312 35.254575 20.580549
75.728090 0.428828 18.808931
84.990436 92.490731 24.711036
24.201735 83.709765 23.606174
14.304832 36.619345 18.056941
73.677880 99.783117 25.464314
79.765392 63.952130 23.162209
29.842890 19.715382 19.607987
11.992772 1.549396 18.989250
78.729234 75.033783 18.693277
99.855079 38.251188 20.160485
0.842261 39.237759 22.370329
38.047301 2.568374 23.705480
42.719450 82.002370 21.758135
93.572915 92.222010 24.923282
98.824079 8.060425 19.943970
26.159259 73.204059 23.713130
51.908987 70.885139 21.516895
15.378354 22.764991 25.787956
12.032331 35.169274 26.147405
43.161332 98.739028 22.240565
32.188903 55.602712 22.613009
67.016343 35.922282 21.562011
82.743842 36.033249 21.430522
13.846191 7.613547 24.287959
87.111096 61.824730 21.826196
44.460967 3.138028 26.158907
29.837840 64.879321 22.282263
59.384465 6.225168 19.915022
5.228155 42.128415 22.471941
66.146279 37.106393 17.676257
82.695169 3.145337 21.755985
9.293936 21.414245 23.262023
4.614551 43.440889 23.574921
17.854778 43.774777 16.180491
65.508056 29.440436 20.359529
74.679990 95.091556 18.915181
63.450700 22.325310 15.347097
12.527734 94.316802 16.099223
75.502000 93.741206 25.486084
57.541138 63.250317 17.873514
56.805781 89.126519 15.367999
99.022547 2.769704 17.801597
0.138470 29.882798 24.925861
68.765484 40.400565 21.089203
26.322578 29.374131 20.437596
72.778733 94.250260 22.901057
15.321330 87.361655 20.550872
47.480782 89.667807 20.006359
44.223277 15.242687 24.172836
92.022446 92.799306 15.072105
62.065436 11.075410 18.464861
40.015740 21.046929 20.032996
40.345128 60.142064 25.988130