62.017414 98.771706 20.905544
82.667717 12.722803 25.556078
34.353925 89.452603 24.986952
92.698391 12.507371 19.268230
11.035587 33.733387 24.439455
41.867075 20.363218 18.705962
53.577351 40.366464 19.820329
22.065925 85.668243 24.005225
48.730629 77.841130 24.743291
22.552979 61.120545 19.024454
72.724658 21.898955 21.008009
28.661716 50.779222 23.988809
75.730652 26.647963 23.288122
9.254746 83.939707 15.740771
40.446941 88.788842 21.040547
93.677055 97.522625 23.690644
36.669174 10.062250 17.889267
78.803993 97.417801 22.183192
41.404622 96.642307 21.360313
5.067764 33.026367 19.248818
16.884555 95.897671 20.001865
57.441916 42.828186 20.143676
0.725914 16.622412 15.495721
19.508186 69.448269 21.823412
9.936202 41.640772 21.758878
7.752853 88.198964 15.196296
59.682527 16.575668 24.470706
70.750859 30.816459 19.308376
13.734923 62.063344 19.999113
67.691726 39.682724 15.943441
88.465444 52.925974 19.253374
18.738321 13.365145 17.073620
24.735046 96.539976 18.332627
90.876940 59.995575 18.564614
68.115191 86.657031 18.249340
21.823020 74.357454 20.669262
62.085711 9.968993 22.546784
92.272688 27.053935 22.099411
94.996194 42.841187 20.560167
50.411854 20.835077 15.703367
4.670726 54.364432 16.122233
23.024393 33.419807 21.816442
99.603261 81.073033 16.068281
15.784264 91.896096 20.731626
47.688899 11.335586 16.047447
96.567778 32.717792 19.811818
6.534890 49.269224 20.322721
29.443618 46.000724 22.637659
44.477854 3.152650 20.152149
62.752847 76.156014 22.576292
39.557515 21.586655 23.309359
69.083447 9.586515 25.002900
26.096265 37.978137 21.746040
85.449426 78.551839 23.443420
98.788985 43.835733 20.434423
9.445907 19.688630 22.740909
44.577935 74.382994 22.455360
75.627939 86.973845 25.524703
88.076566 73.696350 20.190413
76.773395 32.903765 17.311872
17.135335 85.743535 17.862518
21.744180 37.997169 20.838569
87.232740 37.707778 20.126969
47.664623 58.545393 20.824128
72.462322 24.584289 21.668556
17.441786 51.672860 18.482207
51.836943 21.807764 25.180198
4.035731 2.387185 15.906233
22.666758 59.423590 18.249512
82.870664 0.526425 21.421996
93.418009 73.753590 17.001674
83.305412 33.951855 22.146163
90.911683 5.933778 15.614554
95.552872 37.702855 21.441213
13.176430 18.190354 24.888286
90.507215 52.270307 23.679756
55.954819 73.729908 23.865112
25.599670 26.827470 23.420780
88.249598 82.219422 20.840019
46.310643 78.627959 19.586932
52.999032 65.895842 19.110751
22.613045 24.052308 24.434863
20.335162 86.843235 21.027046
43.544754 50.140463 18.550969
36.713116 28.140596 18.338346
57.027733 28.438845 24.975268
36.155256 87.156656 22.221009
23.744928 27.945676 25.765100
90.706104 97.525555 23.025202
43.004896 20.333988 15.020244
7.215133 94.164438 15.794345
72.069399 29.032418 17.044920
28.404286 67.862044 18.597320
20.994280 82.613412 22.016200
30.192319 70.087208 16.138129
76.582548 7.811388 23.803692
78.753340 0.856803 18.778827
17.083968 35.666505 25.703952
84.780636 26.397960 17.455550
71.506344 83.358316 24.576607
25.415594 88.870283 16.931327
43.965307 88.654639 16.811523
49.601829 99.163126 18.272636
51.462328 52.883967 15.986290
64.776094 65.123800 19.007038
45.876283 80.309202 18.758414
3.411476 60.259898 15.182519
33.837892 61.152738 18.624310
48.735763 80.836500 19.152833
82.927664 16.564193 23.531520
67.236328 86.355026 22.555521
31.265731 73.208738 20.208340
29.893118 90.650938 19.333146
67.309677 40.023529 25.807499
58.374689 49.192662 20.477036
48.450482 68.098563 24.440204
34.312088 68.391850 26.015840
69.884931 76.927287 23.740913
46.448055 64.948882 23.057401
90.008605 9.698901 19.435095
29.187167 20.248773 23.405096
48.918719 61.449455 15.191877
84.191312 58.641397 22.340544
0.278865 67.414124 15.700239
48.548354 76.320407 20.669684
69.909392 69.779643 20.468483
66.219291 75.740066 20.478179
74.605041 59.588938 18.295377
86.110942 8.895951 20.630712
72.601936 54.420534 15.308788
86.287845 81.300126 15.224846
35.095247 80.781496 17.219705
21.302297 89.955587 24.097041
51.513724 8.752453 24.545406
82.614082 11.938140 15.814654
81.199911 5.940887 26.208934
41.267068 12.130859 18.391829
17.129734 79.803511 15.105949
74.104466 28.959019 25.483838
96.404569 13.870029 18.145115
80.569277 60.558124 17.364498
50.560480 40.799707 19.605210
90.020266 43.138871 25.977787
32.789799 19.960187 24.638089
49.207374 18.046337 20.336859
63.392127 8.000156 16.939785
6.571714 61.306478 17.170564
55.121247 35.178915 23.097656
70.469401 30.387807 25.266203
48.625478 39.607270 20.392234
29.604891 55.081173 17.854153
82.126963 44.369994 18.306697
59.467853 36.840314 22.829678
56.406659 95.234451 16.395389
80.926075 36.580363 21.686323
99.867692 88.552954 21.337730
59.802511 83.517373 20.393050
38.797776 89.931160 20.218011
64.357101 78.643749 18.960417
9.021106 29.930329 22.891386
60.507275 18.432558 22.242960
37.437366 36.434436 18.591200
84.407429 97.757212 17.771065
16.939482 18.310143 23.833578
78.720326 38.272165 24.698632
39.147650 86.829427 16.357446
88.380174 89.413296 16.685808
35.193130 27.361388 16.435422
54.748592 21.948561 17.928644
77.499730 57.778240 24.392695
47.923360 27.410471 18.929490
59.400050 17.697700 21.610842
87.192904 21.297484 19.583458
83.337633 92.014074 21.233491
47.599739 46.264222 21.380219
19.315464 58.225140 24.469017
4.709249 62.723886 20.751339
15.686086 56.295512 18.596621
72.729630 55.140847 20.593320
53.839264 31.898908 23.020311
18.943726 63.309377 21.406182
44.303215 26.811358 24.858774
59.799418 32.893038 15.153265
53.487327 14.981401 19.276252
23.615599 60.241515 23.496008
34.688715 73.230695 18.858830
76.712073 54.889451 22.542064
9.620785 80.543498 20.418317
24.639400 99.857037 20.486759
53.367929 87.761474 20.554514
70.413638 75.987317 25.052795
44.440747 32.244631 23.286860
8.695447 4.066097 25.186233
0.409726 81.047767 18.891449
56.605150 28.170170 24.862583
73.792745 29.166222 16.586621
26.470718 15.084554 16.317094
43.069991 92.669294 20.807539
38.956678 36.724143 22.789523
20.942133 8.122131 25.167113
17.866191 28.775874 23.747489
12.932405 72.376068 18.379507
58.971777 79.256803 16.483201
47.188094 85.527772 22.252040
77.756453 30.489862 25.163199
92.429036 28.281893 24.045256
84.898257 47.107756 20.183365
72.643225 33.382019 20.901322
14.729886 84.775661 19.036911
3.379617 31.919646 21.786585
61.358045 81.275301 25.660481
72.962827 95.263051 22.875989
97.042138 12.067657 21.791182
37.952615 54.532550 17.465782
2.646173 51.696964 25.770701
14.131452 46.762651 25.321011
48.980485 14.064514 20.668390
13.987433 29.835217 24.849636
25.199518 49.219207 19.529136
10.856474 7.332216 18.791336
42.373797 23.558456 23.369173
80.388916 5.374180 16.788979
40.694922 60.230880 22.405397
25.409379 87.166876 17.304262
3.073492 36.842014 23.849089
5.713489 9.640169 18.665554
48.917335 19.222688 19.050910
3.427890 70.888905 16.751545
96.834978 46.939084 16.743914
82.157481 18.967291 21.961617
88.926804 64.341364 16.672165
27.558208 50.908956 19.069641
62.222855 18.161481 19.576959
20.472690 73.595524 25.724284
73.305426 42.181676 16.767016
69.599083 65.596745 18.952759
55.282175 83.506257 19.048975
76.173152 21.625135 16.491793
78.820536 35.931888 19.907013
21.764478 31.850134 21.504033
38.050099 82.533773 23.293846
68.029266 28.333628 24.974210
40.305322 45.011378 21.590334
90.561371 71.064673 17.098970
17.324379 66.261275 22.025986
54.386575 42.804834 18.768910
42.154649 29.523069 16.933547
38.285945 8.761314 24.006251
96.918383 70.793425 18.622159
30.830739 72.685367 15.617052
8.206058 60.583834 23.017260
49.194026 89.783649 17.835211
87.269258 3.004809 20.984810
16.185913 3.654720 18.459971
82.003931 42.515767 22.550788
9.015317 33.716509 21.293926
81.829039 80.520599 22.765807
73.232652 96.453619 21.984336
79.092619 58.517203 24.797109
10.508023 51.885260 15.780312
63.224770 42.042288 22.401603
22.494469 19.652181 16.696167
91.674882 43.944821 17.807312
25.191507 31.808722 20.495888
98.276875 62.638319 23.033639
22.492411 43.346449 17.099347
11.866896 85.121235 24.667296
97.013961 22.825463 16.324503
54.415536 27.299861 21.687659
50.433124 49.142562 22.711308
3.972315 86.881036 17.917159
9.315764 19.227134 25.399162
41.193356 88.060864 15.443271
49.355377 83.272568 18.684129
40.199958 5.380038 16.930766
72.992888 19.868554 17.216572
23.495045 11.943168 25.029376
19.655847 33.724406 18.044591
46.920833 66.277405 17.974675
98.428507 52.239463 22.522731
5.914635 3.161766 21.795755
39.416328 8.026814 20.506644
56.921369 64.168831 15.827575
32.264078 37.767196 19.171517
90.049999 55.463410 16.979434
89.052708 50.852309 15.059907
15.073641 25.536735 23.315777
5.817924 53.028521 24.114165
89.074459 11.640283 15.866383
80.619972 90.109426 22.957604
64.250546 46.712195 26.158895
77.145206 22.703121 25.687848
25.161837 76.604614 18.562132
78.244098 9.204723 25.684679
6.297561 21.209966 19.472620
45.868607 24.616112 15.123874
75.998510 82.954312 19.505936
47.888628 97.733841 20.677249
76.007175 93.619694 16.010288
93.277062 39.883233 21.686051
81.521905 5.698744 20.270653
70.296602 23.181857 16.903735
23.854075 51.890542 20.141189
24.576437 4.356274 18.050055
48.097017 3.833467 16.130619
94.194440 85.641158 15.044385
22.621386 2.384414 25.503995
66.181318 28.027509 20.734067
73.059456 74.945703 17.197089
88.970524 50.827133 16.461415
40.630434 78.954236 17.323616
85.145911 40.721554 22.704604
20.894523 77.324129 17.180342
15.466605 20.100856 21.971280
96.957080 65.329437 25.465102
2.940465 90.598191 20.998871
63.639863 54.138504 22.875291
42.510786 92.106413 20.046254
94.807751 42.428242 20.721560
99.906095 64.658320 20.518829
51.185725 96.786290 20.727501
58.190599 43.788431 25.858700
65.377756 33.482954 17.484536
88.321263 15.916488 25.330328
51.564990 22.384214 17.813201
91.101863 21.078305 16.036567
17.548291 84.354414 17.298644
25.584017 71.988901 24.049181
23.808500 68.514058 25.549579
75.537332 64.622879 16.119723
81.411550 13.264139 20.020689
0.018709 53.300210 16.681322
66.815762 81.393439 22.859889
96.883968 31.398162 24.259542
2.447382 23.844158 17.994429
60.843841 25.740874 17.157867
46.983139 49.626636 18.291688
55.304972 70.827446 16.373263
71.467852 68.576579 24.509206
96.147082 67.088801 22.697788
85.084517 80.351797 21.772350
90.239322 4.254643 20.211758
37.419547 30.942571 20.241890
24.808875 24.392295 17.830030
12.859235 61.581879 20.359429
52.718327 1.563696 21.881425
10.889841 55.917551 15.809265
35.004086 20.740510 24.943215
47.939562 1.297289 19.433588
21.171887 25.347195 24.401932
50.153268 10.732310 18.675003
59.044916 27.147039 25.206168
96.279715 55.306627 15.642191
54.951784 36.444950 23.641739
55.816597 12.086005 17.656716
41.572843 29.762963 16.822373
38.972821 14.070819 23.715821
87.884592 26.331097 16.675153
44.984327 0.869542 22.376568
20.043953 10.939603 24.267226
3.162786 43.248875 21.503162
84.430952 12.970463 19.066544
46.714402 6.272021 21.903650
25.622791 98.686974 26.165633
30.730260 16.728141 20.193405
3.860066 8.518987 20.730173
11.395517 7.945850 23.656182
92.508849 25.657583 18.229901
78.001784 14.188989 17.287915
4.547250 41.095300 21.634885
74.826579 39.927371 23.693764
65.209780 76.008959 23.891534
32.830815 23.857290 20.777835
28.153383 94.074082 15.138938
41.192410 65.581673 17.687040
95.778597 37.939515 22.569951
92.292026 74.443140 25.905272
62.955798 78.953051 19.372143
99.724230 92.258190 21.475761
20.085338 14.359988 26.036301
31.126644 10.014310 20.033263
64.345261 79.832267 16.190215
47.890583 32.173621 21.146546
72.020551 6.154106 20.560898
90.976335 74.268245 16.403382
94.904307 49.168729 24.726542
17.268032 22.372481 15.133347
49.798206 81.293865 20.404303
4.290804 5.189915 20.534801
19.725097 16.638855 21.975567
69.020310 78.927338 24.561229
36.929726 43.647209 24.920171
15.097379 87.321201 21.981083
25.346281 40.464422 21.817099
5.114839 56.804206 17.135913
45.821607 3.815321 15.579239
16.070442 80.858601 18.644786
25.889863 48.374462 17.014276
52.380132 86.129363 20.050486
49.588289 83.669470 20.322012