39.023548 22.060848 22.303740
89.586611 79.698395 15.279458
56.771808 57.508159 24.233108
92.795443 53.310134 23.995483
54.205489 35.118647 23.639598
23.754809 17.908764 25.730377
19.960976 53.419903 17.292726
77.346016 78.610133 23.835560
92.140779 4.878597 17.583726
56.729118 85.021806 15.186826
72.304835 61.572157 15.612199
85.068790 32.971130 16.970870
96.643653 6.491624 24.646728
68.217336 16.054009 26.009412
21.767680 65.301489 15.326896
19.988540 23.966429 24.754878
53.475776 6.364014 20.269650
10.475816 51.408838 21.514482
93.992407 47.665011 25.151830
52.382033 29.934696 22.774079
23.604115 70.850679 19.785054
58.966476 24.781249 16.287166
36.308660 91.263754 23.071461
38.986773 95.562069 22.892727
52.799608 74.599894 15.385331
34.220645 67.909797 20.280228
68.361025 19.213305 22.251044
41.280553 8.029237 26.239009
75.640411 86.051178 16.142243
75.047041 27.447692 26.165246
25.133780 46.778358 17.296059
19.095210 36.482832 21.146029
15.101653 80.508739 23.367991
49.570276 79.781098 25.801311
17.762548 76.043736 17.271644
14.767751 10.408707 18.257050
43.417994 48.412816 20.124190
59.376857 63.511172 22.355637
2.682649 95.266547 22.134981
61.665581 50.986519 24.862580
99.677860 84.126958 23.310394
43.709379 86.357170 17.012657
23.090201 43.122119 26.080159
47.739970 42.638887 19.906315
7.092223 97.046053 20.921399
34.080358 43.420833 19.522221
81.528012 48.023079 15.280436
74.626395 82.941904 25.377688
89.532389 39.057727 23.530731
2.908403 96.489644 18.323246
16.296104 41.293567 17.440755
13.858035 92.845449 21.355839
24.083593 84.140695 18.056563
22.251513 36.899316 21.831467
40.007271 78.954012 25.271993
7.603717 34.767223 23.328680
95.951121 79.820944 22.920763
97.502035 94.749411 22.495996
27.329781 88.273118 22.144481
12.420341 67.978815 22.111187
12.144844 51.104197 22.687559
18.668360 70.409509 18.687424
17.680691 35.048320 19.606984
99.212030 96.675314 15.360174
80.805014 49.528319 17.069814
0.129879 19.392879 25.685274
96.919666 9.636823 18.774804
69.456290 66.123646 19.638618
69.387435 36.961182 26.217820
0.004682 42.556215 26.196340
33.842007 80.471414 19.699422
41.946299 4.798255 25.724946
98.514370 49.958434 21.070162
29.823266 25.451231 21.916975
60.881464 68.648084 17.940478
46.648048 45.829413 22.356511
42.739146 11.166353 23.136160
35.869408 38.145110 20.202959
27.865988 59.310980 17.608069
77.346435 37.806377 15.966982
1.662253 70.498474 24.799796
9.746295 94.350994 17.513213
45.900038 46.452653 19.240582
67.901347 80.356716 19.214244
75.245919 77.502343 21.666678
84.169061 33.025193 15.582076
47.293980 57.927379 22.321647
21.836577 31.302780 26.032053
43.524858 72.981070 16.860052
23.314767 51.915858 19.994350
44.032097 11.976370 17.388880
86.293251 13.307036 19.604883
66.667731 96.025655 15.138122
58.417059 64.717151 26.245278
78.931150 77.784539 23.175512
36.388065 35.114018 21.926574
54.475645 96.923753 18.901098
57.438329 19.083829 21.798118
80.693147 39.112151 21.577873
74.455939 53.411112 20.577759
53.601128 44.640486 20.576535
8.310799 90.894842 25.490564
29.260191 26.298369 23.527027
30.012413 72.719499 18.732272
58.305335 6.034363 25.386355
97.356937 50.924187 24.581595
82.437828 52.415559 23.679333
80.475923 84.737755 25.410632
47.978781 77.134914 22.054712
58.485433 24.437200 17.935435
30.980562 43.173783 25.596448
78.386169 97.858765 24.608677
57.847499 36.461626 22.500870
30.512061 85.217886 20.606935
85.967733 28.332024 25.360193
89.109671 69.937893 25.943133
30.543885 14.864078 19.801225
89.834854 25.182435 25.449474
36.392439 62.150559 23.435492
77.354259 77.946170 20.443152
65.617302 26.883904 15.783291
89.133629 8.587708 19.758417
36.704561 40.150692 19.530620
34.253128 6.818901 23.729583
20.512228 6.378734 19.603264
10.384836 68.156069 24.068522
89.167445 92.897866 18.297905
16.619872 88.793866 22.360060
54.785650 97.950664 19.462100
25.515029 21.389307 23.315523
24.464978 96.277432 22.877732
13.150035 42.996041 25.446193
8.542126 92.991094 16.917150
33.424795 87.378375 19.315039
3.512004 96.090335 25.033852
83.923405 59.332490 15.526063
21.752234 80.260462 19.899288
44.925385 27.783610 20.349235
15.744711 90.515890 17.963626
12.661228 79.297607 15.879440
49.726224 71.658720 22.411115
41.327436 90.785170 24.449333
7.987628 75.551264 25.733104
30.749509 74.536762 16.511119
28.249138 3.933842 23.220179
3.634365 97.092784 19.178037
4.604173 49.899892 22.026349
39.473588 47.761637 24.279059
77.461812 3.420854 22.665451
96.068796 55.769962 24.942633
22.875936 51.513849 16.301319
0.768720 26.753601 18.708161
42.389098 33.788319 24.075297
59.826366 97.993841 16.429773
0.451342 91.161056 18.360018
63.509599 14.964539 19.242230
28.995900 68.273279 25.016882
66.117623 15.270051 23.362499
1.856571 86.709988 26.024701
90.023433 84.012557 19.403600
1.654619 90.949877 18.045044
14.795506 57.799173 15.369739
66.267460 6.467603 25.617026
94.168953 46.751412 16.948508
77.726648 94.310596 15.713869
65.357234 90.216167 20.897733
72.447919 39.339277 18.309391
94.535717 75.496715 25.608702
82.587098 15.244984 24.423205
83.062473 5.795583 20.331861
48.060316 69.285240 22.086270
0.965036 99.108980 15.223451
65.486943 13.350106 15.402854
68.539831 6.729485 25.166111
26.721786 88.366127 23.676223
59.342324 10.747951 15.480241
32.211463 44.665465 16.418247
19.946192 86.055964 26.108161
32.957175 49.254665 21.869116
99.803214 48.529833 22.723426
25.633938 45.475937 17.379711
45.028780 66.945629 20.222547
20.630263 79.040805 25.378454
77.182288 19.746473 23.672090
66.756504 20.465241 17.265278
26.427256 11.231521 16.457245
78.650156 9.238055 15.136208
57.018740 14.979513 24.960308
80.000520 17.429474 20.334463
70.013608 78.279957 20.846087
26.084922 56.462366 22.283600
35.622150 59.666463 22.541438
30.883315 57.124831 22.641470
42.796151 78.548043 18.226671
99.300693 28.343627 22.211586
58.919483 40.942832 18.332045
59.082614 97.035657 18.120690
8.507936 69.402794 18.248167
53.841545 51.800721 23.751079
86.494943 25.038753 21.606568
75.630468 38.383420 20.682748
5.060051 24.667897 15.911286
11.161878 15.241940 22.587101
4.741544 39.920650 20.772831
71.666815 95.236534 19.424612
95.797410 49.134336 22.729692
8.958050 58.606833 19.378159
23.503312 49.088484 19.865352
25.209350 73.236478 15.145114
24.556557 34.877204 20.392841
42.445375 96.087039 22.800485
23.188904 19.836128 23.614307
7.727974 75.560158 19.355158
3.139428 13.504266 23.681546
88.896057 80.211924 20.037741
5.247031 73.422344 25.374352
86.296857 82.299138 15.839452
51.950854 71.903381 22.645126
91.192603 81.008333 16.246699
10.378858 94.270779 24.593708
61.962427 57.751085 23.763110
44.793119 32.458613 19.982569
90.405928 88.521879 26.091280
73.668843 36.369348 18.835750
18.020333 25.057486 17.569446
44.865892 73.081042 25.729165
26.016687 17.011672 17.268045
35.220314 51.161915 25.564922
28.044846 40.715643 16.848447
69.474905 17.367174 16.754985
34.480837 65.789973 19.292871
27.564664 29.104771 21.859864
2.455920 70.776997 15.086317
84.299111 90.582199 26.024793
63.705407 12.357665 23.244789
53.441581 4.135040 15.054012
25.253097 68.239236 23.719735
61.742810 88.680332 19.845115
75.809983 57.633688 22.567655
72.983904 41.303947 15.689396
3.217474 77.199368 23.560124
92.203318 20.071263 18.558991
79.552571 32.004304 21.414545
57.930376 39.427408 20.477957
66.905537 29.446355 19.871257
16.230029 23.437694 20.406479
16.402138 61.827930 16.841614
92.027228 57.198929 22.440433
31.546686 76.375616 25.976808
15.524920 65.866906 22.405533
16.352956 70.740623 22.755170
13.005026 37.994818 24.010902
64.417056 0.948393 17.480427
94.836652 76.043047 17.849638
8.376715 75.024634 18.118814
23.615477 20.428500 23.635975
60.754478 36.034412 22.678407
19.695389 47.611291 24.378534
45.601818 78.954545 15.691929
44.368923 80.878579 20.380839
95.515790 35.197096 24.952045
38.314347 71.407664 24.624274
26.956979 28.805653 16.807490
31.440940 5.046412 20.231203
49.348107 68.097229 15.236992
45.173290 61.243008 18.797875
36.832020 59.597589 23.107803
92.288427 71.768917 25.992859
62.029089 67.480134 16.767207
5.293172 57.649543 25.605025
41.037896 9.186241 21.997617
85.124472 46.795356 17.814391
63.545199 61.546457 16.147447
34.489052 51.718670 21.182060
56.737812 89.125963 23.205694
76.713092 62.436139 22.910251
87.619631 10.574665 24.513661
24.743221 81.747151 15.308985
43.355999 49.021380 21.434974
33.040371 49.394276 17.439547
9.787327 7.724976 25.552181
90.168660 52.376540 18.725049
47.416890 12.647608 22.468307
41.189986 52.865561 25.072608
47.752079 59.302309 16.468300
9.703037 26.073996 21.822885
23.540829 86.182426 17.912101
2.033585 61.027448 21.477931
40.680016 28.426445 19.525761
36.065367 70.015725 22.607336
58.823628 49.041256 15.045978
73.472106 85.091103 24.679961
54.766080 66.806533 25.434197
8.938180 33.906995 19.719092
8.053054 96.374966 16.352831
11.920318 70.225830 18.793939
23.514702 98.105442 16.745965
9.358149 78.071035 22.203737
85.652957 89.180985 15.983647
29.114531 4.981704 24.472873
54.108216 51.222707 22.390357
46.575721 67.941482 16.734601
67.440439 80.897149 19.564160
14.146574 18.806580 25.791124
43.416618 26.950495 26.230033
51.793792 66.732489 23.555642
31.890676 65.307415 20.558571
40.930507 85.948849 18.692442
31.750412 54.975221 23.070357
76.111763 50.997386 20.854603
84.765899 87.244502 19.742604
27.669725 87.986386 22.606543
7.880106 11.136509 22.666169
40.388284 88.705075 20.035928
46.634488 46.593171 22.745638
90.752745 87.179416 21.907647
72.973988 85.668103 16.636305
78.175839 30.765151 15.763502
18.704384 81.412510 26.237216
30.345155 52.723151 25.483360
64.679342 42.294721 23.399636
80.470715 98.579193 17.923286
87.778315 88.043371 18.418707
34.639408 44.641535 18.022654
87.541654 39.023412 25.042639
85.867596 46.348231 15.513839
47.906279 98.237834 21.493815
73.612606 87.698241 24.874122
62.701556 55.505349 24.918427
46.255755 95.280607 25.223774
76.514411 53.082861 18.609685
92.217317 67.659023 23.915343
7.585170 12.219592 16.664633
98.971274 25.398486 17.214901
90.891341 89.800726 17.298544
58.214934 3.824204 17.972668
91.319662 3.699610 23.770638
44.133669 89.958446 22.179470
31.425941 97.146026 21.405680
91.870717 36.866696 20.713258
43.228452 12.216351 25.909330
41.281588 14.250584 26.213200
55.524067 82.706555 16.813183
4.257656 60.021066 26.194941
30.897483 87.165201 24.192480
1.997823 18.340656 19.934336
62.919552 61.059966 22.790685
39.517991 88.186577 20.865467
22.299835 77.129824 17.287067
2.478511 58.773130 24.703094
16.839119 42.158086 23.731146
69.330846 31.120866 21.300595
98.904225 45.701945 18.751831
56.962857 24.265011 23.548473
39.089815 47.155787 21.625221
6.671969 45.423812 25.874930
47.451545 48.757274 22.418656
46.236221 9.302049 24.106622
46.828749 3.082808 20.551305
63.851053 1.981214 16.037926
54.397115 42.078692 18.903342
58.166089 12.400555 20.683613
86.373928 75.103213 15.736569
43.626854 49.958632 15.572229
36.270823 61.612279 18.755907
31.140017 54.689224 16.729727
74.031228 90.324875 18.015126
90.802034 57.135003 24.482746
93.065512 1.785029 21.585375
35.678511 33.002662 16.722016
57.903517 31.561621 16.288910
54.738941 7.282854 21.929805
44.407808 34.721390 18.076365
59.131493 20.856970 25.936297
93.576784 12.003358 26.238181
32.763260 58.529631 22.140262
14.836988 34.366640 19.018113
19.088815 12.945650 26.116137
27.908829 19.487400 16.750581
80.975265 67.325145 25.130652
62.704399 36.086980 25.270896
19.930189 75.892272 26.008084
25.924301 76.580443 18.053266
24.380685 68.690180 25.524307
11.780651 45.103398 19.966695
91.496780 58.368887 21.869030
7.704322 66.029986 22.330471
45.762016 66.669929 24.983816
59.655896 57.013122 24.566256
62.518869 95.326943 25.246908
70.569161 43.319092 15.691199
7.835547 81.324020 20.931040
66.147979 97.844726 23.153505
86.624855 10.196179 26.032753
88.585775 85.876647 21.639313
9.949870 31.657359 19.310795
34.618648 31.795212 15.973234
5.804148 18.103479 16.738721
60.526327 24.106906 15.688423
28.316625 95.684197 16.427468