23.900982 5.562052 19.319827
48.068849 35.813014 15.691018
86.615263 2.990952 18.192062
52.491839 64.899810 24.129124
45.113619 19.048395 26.068435
49.351376 50.676792 22.025286
83.656187 20.590824 24.244781
3.481872 1.171916 23.264897
25.991032 96.468107 21.414578
47.919426 86.150849 18.555488
6.763517 48.046795 18.855269
52.028475 87.111993 15.583286
72.709263 34.322997 18.215948
58.769412 65.320624 22.298801
24.126428 5.387902 20.052537
12.518923 86.540038 20.522844
59.439903 31.048103 25.896960
32.952847 16.895515 23.373167
70.416788 84.192736 23.337388
70.034712 53.513380 25.505218
81.160198 62.904783 20.658697
77.538662 3.440365 15.273080
66.858664 65.997684 24.107243
70.513062 58.352786 21.311286
53.070294 72.816164 16.879932
1.273462 78.888843 20.095581
56.959549 56.812325 15.025101
80.652418 51.582620 17.285677
22.904267 69.727909 19.483188
27.146543 33.954974 24.339580
82.330205 75.624241 18.687755
29.846943 64.782857 20.497302
5.142308 79.714293 19.253874
43.387354 55.077991 20.824334
45.994799 30.540108 15.189769
43.480846 7.487153 18.685497
26.594763 61.329361 15.271206
76.208593 40.688837 16.992495
32.804678 79.624848 19.707495
46.199137 63.661289 17.563489
87.885604 99.767633 19.101727
46.678378 44.452417 16.747315
85.068605 88.877677 24.344023
63.623585 0.044241 23.420153
29.361304 54.281599 25.696521
82.301614 9.662035 20.619687
75.058298 93.698659 25.692698
0.787041 18.390506 22.446145
85.865243 38.369567 17.291539
58.392567 87.123100 16.432064
49.947776 83.216880 23.041080
70.762637 27.974986 18.661657
26.305584 20.786166 16.106725
60.459194 98.184967 22.290870
36.725103 85.046071 19.571577
78.646649 68.054042 22.561418
92.342335 73.851131 17.911414
34.350005 32.209661 18.947437
4.479848 38.521552 22.598419
73.875726 31.598380 21.846275
42.111959 82.736947 16.961116
41.212912 33.055299 22.061486
54.940681 40.408251 20.865035
49.772966 1.640037 23.157716
70.854246 87.678629 18.184927
13.797678 61.152219 19.310424
33.912391 26.239275 17.634721
97.962715 70.546511 24.566207
42.399376 0.399378 15.054545
44.336297 45.527729 15.155897
97.030682 91.246645 18.879659
71.613650 58.472129 18.612917
55.628735 79.027347 15.513535
57.351871 8.999647 20.241368
79.385054 94.790781 22.853796
87.566427 77.625914 15.647813
34.819330 1.239965 17.528911
59.424184 60.043238 18.374104
77.059549 95.255289 15.480553
96.785318 93.692834 21.178567
58.262848 58.379605 21.936116
2.930434 76.618399 19.406798
10.245990 56.948541 19.063512
57.091941 19.125193 15.703830
8.890295 11.580806 23.258391
47.109676 14.734502 23.815616
58.014923 0.903728 17.447732
96.631842 79.564730 22.256783
91.420593 99.026806 19.207558
41.963524 81.509759 20.282312
44.961516 46.269595 15.225815
97.702475 91.364725 22.191976
71.943132 5.572842 16.975739
5.559659 33.489314 18.933297
60.536551 22.916972 20.110582
44.314786 75.467193 19.476463
50.227877 30.932006 20.013460
14.386218 4.275383 23.773770
88.981328 53.181910 23.804126
80.059013 89.137650 20.772766
63.102146 85.705920 23.772018
58.834311 46.446708 16.332294
40.924595 89.146641 23.668023
12.512918 48.844242 24.791209
95.782423 7.516548 16.368907
0.988833 19.457961 20.305954
28.329785 46.509490 20.070920
20.918060 60.431075 17.672782
24.897027 37.362148 21.744463
94.012824 9.389557 24.045755
63.993201 3.582126 24.414654
52.541145 66.487825 16.582320
55.336584 59.578982 17.587345
70.078363 46.092385 15.877282
36.955730 3.900506 22.337228
78.516809 59.131422 23.852813
44.007446 37.039486 21.198773
55.791241 74.822282 17.977854
67.613365 61.768061 20.828337
24.570668 93.694147 21.398879
96.364946 83.366003 17.865095
50.780561 45.869561 17.004200
96.830994 96.772612 15.681515
66.461530 30.955652 17.263955
10.028463 58.085492 16.606949
33.881837 67.554528 17.628679
84.168050 58.245265 23.855561
45.815259 79.976168 16.337228
15.832904 76.255605 19.613058
19.454469 84.176799 18.167151
44.791935 93.581760 22.126556
15.169137 66.915412 18.170684
50.755796 89.272931 23.336779
17.362865 93.608711 17.358030
94.331236 32.575967 23.673010
81.036546 87.868266 25.887676
94.284924 78.536224 16.403651
82.879225 64.506483 25.146938
57.724273 17.121721 17.134893
82.354151 91.800692 19.292461
46.545428 93.606766 20.022373
58.883279 21.820686 22.170347
75.677847 59.221106 17.630746
52.429713 22.282858 24.209367
55.973287 73.163480 20.955436
31.151108 60.883416 17.490921
62.681144 38.498976 16.008523
8.886722 31.944529 19.589303
63.036472 65.704215 18.232912
15.860754 10.795241 22.757692
12.623953 1.283069 17.339825
40.906357 2.588714 16.739756
34.475731 9.220166 26.046007
48.468139 21.498511 24.396858
42.898643 17.684912 22.966696
95.502884 58.798560 21.026867
40.701711 95.901764 22.990055
29.168840 18.009006 17.001520
26.487391 17.252486 21.457986
27.562438 31.286655 22.860055
27.440762 55.638642 19.734965
49.921318 9.705882 23.293097
37.867270 17.723298 17.990171
64.625414 53.355221 20.307774
78.825321 78.127941 25.614744
98.211026 8.428119 22.709030
90.870749 29.826276 24.536901
0.850461 11.513366 19.826802
70.174126 59.715688 24.315162
62.605949 69.978621 15.799006
4.173891 76.126512 22.508800
78.312831 50.972493 17.234414
56.634840 36.177941 23.277093
51.950810 89.866193 23.826552
47.353042 61.218530 18.286039
97.937691 36.119769 24.421837
2.728470 42.561555 23.730887
61.035429 92.060012 22.933692
27.345573 72.104408 16.054468
26.642963 54.055163 24.129611
75.248937 94.215390 18.313093
82.210525 23.200263 17.992672
2.568766 87.619976 20.908197
60.178915 7.209974 22.512279
67.710591 12.929495 25.557160
9.404096 24.277844 15.095413
14.016768 81.805117 17.011321
90.102991 11.435276 17.587387
7.622974 16.088005 16.416260
46.671349 18.357703 25.259763
86.383011 96.179507 19.755068
89.058358 94.740671 19.381209
29.046156 43.356327 24.069012
65.676011 51.013035 25.434766
49.256286 99.113481 20.806286
85.013888 4.549522 21.480192
79.981031 96.282063 15.432919
76.391721 50.908451 22.294564
75.761640 74.052264 23.961573
13.104837 25.395200 15.307147
95.088071 73.780961 15.056888
96.749141 72.413808 25.282410
93.459901 95.121853 16.007561
39.170970 3.166807 22.964999
71.706806 64.772537 21.385414
23.204913 67.057470 25.458316
15.371056 65.629664 24.814029
11.354354 20.352822 24.802450
0.497828 4.639121 15.368331
30.241835 47.292013 24.945844
92.853239 39.397180 20.121591
3.933767 46.906925 24.143052
41.340580 35.019330 20.903369
55.943822 32.786219 16.212398
90.638824 95.104131 18.396294
30.531993 43.843147 17.502355
36.561704 35.195307 25.412502
34.213354 24.993729 16.746778
78.031605 12.615653 20.046831
15.843790 28.060089 25.119276
57.058023 35.974198 24.040206
61.576696 90.860202 19.904296
28.317213 91.934101 23.812833
89.034949 50.888440 20.616680
67.914989 39.829786 25.817172
45.218241 53.427988 25.945565
14.425544 24.993263 15.125074
11.895968 83.323171 21.055381
95.619883 32.970054 15.298505
96.692736 37.081496 25.300821
59.845090 86.571033 25.625293
22.686180 67.647850 25.379706
87.124668 50.503031 15.440979
70.905263 31.549253 21.406443
41.316804 58.325833 22.340613
86.485132 80.702206 23.397350
7.194914 95.785285 23.682149
21.295108 32.785881 18.252597
95.913397 82.475677 15.452817
32.418225 55.786840 24.893096
19.955737 91.651856 20.573868
81.009633 27.436427 23.448936
33.316551 14.835072 22.881233
36.416807 2.748549 20.344240
21.014790 65.265510 17.777155
27.978010 11.044774 16.483088
37.711382 93.674375 20.994121
14.802829 1.779556 23.696852
4.989884 15.592837 18.521219
48.505911 52.381626 24.662189
4.206454 68.040505 15.343978
8.555276 5.684231 15.981772
13.400005 26.214252 24.166625
2.341102 4.402789 22.219109
14.189369 84.755470 20.444724
65.944785 90.406350 25.080865
27.602666 98.183196 16.248459
4.888497 85.201552 20.130714
1.470717 24.646985 18.589385
60.848049 96.737452 22.307349
77.457196 65.696675 20.741605
92.274022 65.938183 19.729113
45.872895 38.644136 22.995132
99.644836 77.057232 25.977768
33.177111 75.619865 18.651561
33.858980 14.278072 19.885265
32.038636 44.364213 19.041189
64.177651 78.196106 26.065729
93.757066 48.246369 23.843553
50.959316 93.672090 19.184841
14.240288 75.249223 18.367106
64.575289 20.326112 24.921130
69.392308 21.493209 23.985327
67.728347 32.526463 22.610264
72.601244 0.001920 24.664861
6.075923 14.450901 18.478656
75.329060 4.636442 24.580810
43.061027 21.638925 23.814853
3.337392 92.231204 16.281275
25.067484 47.999564 20.314514
10.843614 75.553514 18.162061
32.206243 30.343988 15.650680
33.805407 68.281878 23.545173
31.333661 4.852508 17.264748
29.659489 62.963051 24.430676
12.993565 9.350900 17.613001
75.934656 0.887941 21.256748
37.414961 94.647250 16.360887
62.880790 83.195478 22.463938
60.049244 35.761944 22.412412
74.028854 86.626539 15.546456
50.551003 71.798658 15.293172
14.073533 71.232385 24.333451
64.444014 38.895556 22.308253
90.188134 65.898938 16.316863
33.527554 59.482152 22.097605
71.608624 29.476338 25.243204
5.407362 11.686298 23.146483
84.867386 5.326582 17.915930
14.301176 70.707978 19.021015
6.682626 21.071682 23.155526
0.912943 33.323940 25.664948
49.954820 56.048515 23.125180
51.435701 95.527229 24.268753
0.213438 54.740042 16.301992
26.646151 0.917382 26.102150
60.148954 2.983900 23.969331
98.462620 15.863686 20.482058
73.534309 56.588363 23.521621
57.363433 28.415869 15.546723
92.803032 58.499193 17.851086
82.406735 21.193089 21.415592
39.917600 36.484694 23.288688
84.112613 95.672221 16.091236
69.618734 39.564147 22.495558
16.680574 31.939354 16.086974
0.236724 97.837629 18.502666
55.488931 64.604234 19.121448
64.695538 1.347548 24.911249
50.965878 48.893777 19.579208
97.962985 61.628338 19.173066
37.602266 61.243094 24.105843
53.872982 2.352374 22.706337
58.360704 89.033160 21.561154
0.458893 89.258767 18.612500
71.397604 25.401225 22.425313
61.386202 86.686854 25.671133
1.175900 27.619747 18.286155
99.714016 72.754164 17.141768
27.107902 14.939702 25.440286
49.417672 47.466359 17.927071
26.489667 78.825030 16.687675
55.303926 92.328538 22.871357
64.639016 92.579641 17.960963
62.507950 43.906389 21.284178
89.024369 32.377135 24.964272
89.353349 90.263751 22.588172
25.532692 96.504268 19.490900
60.664869 63.173722 17.932456
95.355989 6.224820 15.786105
75.250675 48.679953 18.918384
18.508977 62.718047 23.356399
45.534513 82.443989 16.644321
34.694916 17.131380 20.292361
55.764800 90.014303 20.679549
24.593227 92.835755 23.039751
90.885531 62.935394 18.530145
41.268336 47.561868 19.181260
68.320075 58.880681 24.767066
25.226672 26.042449 23.134070
65.141584 59.229481 15.491531
12.744611 32.025078 21.668451
43.320599 87.879467 18.968854
96.592059 20.060207 21.670409
60.945956 45.749146 23.803053
87.938079 1.575023 25.142182
49.089478 46.704266 21.133826
18.127917 8.158550 25.643198
44.187890 49.206301 26.002752
68.476709 78.339514 15.534281
82.003427 9.800199 23.852071
26.571510 72.604426 24.043038
59.540483 12.188785 25.947115
58.253945 29.029776 19.413406
20.074209 67.784258 16.250538
92.462596 12.709757 23.406979
23.365144 24.677410 23.696039
13.633732 9.121425 18.161061
81.283983 42.336942 18.583766
72.466063 45.309053 23.041021
47.573289 81.760251 20.502291
41.820496 74.858971 22.581296
34.695370 34.525744 18.999535
52.382804 13.966820 22.954260
47.419999 51.700575 22.714382
94.652866 47.486937 20.991495
19.375708 80.841458 20.038409
18.215387 87.849003 24.431093
60.724909 80.417950 17.379717
65.052709 1.056084 17.287429
85.114827 65.764069 20.217746
36.275612 55.371702 18.051933
21.196036 84.245303 21.823569
90.287134 7.539930 25.745099
97.059161 25.061991 15.960757
50.480139 65.033081 16.720697
16.278044 77.447961 24.064054
69.260155 44.561796 21.338517
34.651785 92.896741 25.628984
54.405362 56.413489 21.181358
67.403157 46.353653 17.486845
25.346925 92.444178 16.382700
2.327722 37.073893 18.014822
2.728436 14.881995 17.596195
72.672146 58.195190 15.868943
6.441686 21.870632 22.102613
27.738295 84.155858 19.880399
92.030980 87.984397 16.613916
61.042791 18.775682 24.392369
71.139635 72.861392 15.011173