72.246135 97.641362 15.258756
80.089918 10.212951 19.230978
49.200410 50.793455 20.614552
97.234522 71.003959 21.040662
89.062299 73.760269 17.958118
73.665429 6.423548 15.468952
70.321398 64.645813 19.283902
65.426875 10.275363 15.341135
80.362608 1.374180 16.252371
31.839347 75.173481 20.059459
23.271532 89.701715 20.167510
48.335859 78.018598 15.080392
87.118506 30.386670 22.012320
17.393121 95.521511 15.258908
0.189394 71.479684 16.185956
99.275596 27.310815 16.518582
10.075701 64.062331 20.694736
33.573766 37.649402 20.843948
41.971825 85.853126 18.939433
98.063419 90.406520 19.551396
24.787892 40.986111 20.262976
15.473599 28.813179 18.589060
68.791145 51.134336 20.944186
89.747143 54.000155 17.169017
71.673182 82.891669 17.525990
79.738660 9.931117 15.563265
36.896741 72.229178 15.802953
6.388391 53.136188 16.744694
69.298710 13.629148 18.725321
29.268322 15.860487 16.976200
39.044628 87.201755 19.679981
91.824042 62.084756 20.389307
39.224803 46.743749 17.386344
1.356320 70.392610 20.973718
49.672370 46.113866 21.860033
36.709354 20.982768 16.439941
19.583162 27.211648 22.250965
37.758172 38.181696 22.146145
52.221672 4.725734 20.794352
39.521830 49.306649 20.137946
15.393575 13.956640 19.843944
60.285815 26.916313 15.193127
34.938472 51.920836 18.270454
57.069597 48.810844 20.956641
60.137394 47.663607 17.728174
16.595404 15.824440 18.869818
39.154697 6.397927 21.012642
35.057895 42.845536 18.884776
44.834093 78.294464 16.514241
64.769937 18.430897 17.013999
35.721524 54.965029 21.810531
2.946014 3.204552 15.582339
23.011984 71.545088 17.850468
50.418322 3.596392 22.378271
14.841532 3.105908 22.135873
7.307393 13.473789 19.426973
33.139482 2.975976 22.404181
60.822913 32.901335 22.234730
48.469009 13.901709 20.456279
18.797606 21.258412 22.331806
85.613802 37.322423 22.298846
69.283448 65.054937 17.831376
41.873312 48.839682 21.457228
0.099560 0.815248 17.261887
53.277689 43.929575 16.759166
68.206571 34.109825 20.235771
38.968156 31.968461 15.191997
27.293569 88.327374 15.104175
37.731318 46.825557 16.429378
35.109701 52.305282 21.564825
87.399624 56.035814 20.077047
34.661243 52.960052 19.604143
21.797342 26.330989 21.399860
11.170505 92.422027 22.013089
4.944564 26.913716 16.236144
22.427372 9.537660 17.408572
33.143721 69.787137 15.832528
52.489224 30.957231 15.581570
57.945619 72.162464 20.505190
6.753740 80.248493 16.103079
11.833923 12.491611 17.760653
66.697414 0.059921 18.061818
30.073345 55.818274 15.577376
34.193882 91.287146 15.827697
55.257451 74.408241 17.010807
72.874612 96.963741 15.831017
34.548618 20.021606 21.633799
97.530068 43.002212 22.393136
47.357584 91.490783 21.531691
18.973749 88.180223 20.397485
80.710281 21.141199 16.421249
26.100448 25.770296 15.162134
1.183471 61.521341 21.322929
12.724223 87.395571 21.493877
17.939986 47.061523 21.852946
94.754585 51.501771 15.623891
26.688837 56.592241 17.029898
61.470467 74.983109 22.057483
90.504955 34.626373 15.960942
1.237175 61.394388 16.508437