53.003652 58.297496 22.259731
32.470205 70.545269 18.532286
93.512838 20.346372 20.071936
26.299726 51.415947 17.041629
27.139587 11.948361 15.164712
80.855331 27.992447 20.650923
71.028735 60.097897 17.798351
74.867646 89.547818 15.060391
75.951734 3.256365 16.966224
71.932643 38.263893 19.178482
85.744831 94.373805 17.882018
79.323808 87.228020 19.799249
61.039599 2.182267 17.926162
64.089336 4.857422 21.662226
67.921809 88.304925 21.586648
53.736792 98.105295 19.486657
45.051801 93.388265 16.692954
21.233798 89.950172 19.843135
74.405238 75.282759 17.887168
77.627144 69.756213 18.288056
69.682042 88.337506 16.382928
28.083520 61.163793 22.100155
7.198281 71.648430 19.495584
27.399681 50.152748 22.176762
83.454620 98.823569 18.341500
36.353816 38.118780 20.960667
65.928896 95.986029 18.910188
26.933902 5.263997 18.326914
79.259413 71.614166 17.719467
86.379709 92.209533 19.016239
68.742265 15.020900 21.783384
47.988231 86.574872 18.181643
95.588423 59.504221 16.120646
87.200858 53.693072 20.812236
98.414902 78.950840 20.753768
92.851996 14.611524 20.022857
68.496919 98.225620 18.071296
49.462238 4.915196 17.940153
64.504605 66.413549 22.483406
91.586539 75.842226 17.866257
92.761854 88.724901 16.774087
61.496854 96.520678 21.031571
53.546079 87.622342 21.771230
44.950121 54.537312 17.186976
25.371032 99.939840 21.013586
95.555739 14.957991 20.516240
8.478380 93.895172 16.651333
20.573845 47.424101 18.761218
49.650809 67.868423 19.789369
14.639938 63.629222 18.216373
17.244411 0.161243 22.192143
31.437034 2.496004 16.788889
20.520469 98.338327 21.947415
96.476662 83.120143 19.710628
36.446744 4.249085 18.164694
0.509603 75.869230 18.801831
83.107449 56.853649 17.158143
64.059470 33.370279 19.982648
29.014041 69.369375 20.660077
68.833342 46.399734 21.079003
33.320670 2.682174 18.010246
91.597843 1.509374 19.581628
96.685195 39.942666 17.411739
54.297878 4.669534 15.272186
91.875487 55.221115 16.154574
24.907317 98.455195 18.164079
85.841038 3.004473 15.360091
7.189633 58.805595 19.911924
77.556889 31.274293 22.042444
37.103199 91.370480 17.330078
82.253613 22.370164 16.413827
30.443129 20.271206 16.015473
77.378509 42.181987 16.190619
12.762148 80.511277 20.359402
71.870473 36.902537 18.205532
45.065880 14.091376 19.738526
16.589326 53.358556 22.068126
48.549495 46.757840 19.139441
53.451856 86.169393 17.356725
30.329162 78.792212 18.600063
6.602933 78.862340 18.088348
83.321973 3.272507 22.004581
42.215024 77.755192 21.927652
15.859286 60.107203 18.497960
36.295225 15.472487 15.884202
96.028180 72.900518 18.272618
86.136359 6.973776 21.327346
23.163526 90.561283 17.490256
49.757124 62.538493 21.236084
10.482773 77.865501 21.939320
23.052729 30.180721 16.469067
39.866320 99.706504 21.660853
69.697080 51.668978 18.209185
35.843838 22.055230 20.337824
35.891211 42.998556 15.023352
45.661738 31.008894 20.593700
68.070034 69.310942 21.593191
58.212898 75.275401 21.201688
5.207975 90.902845 15.850210
80.981670 10.173399 20.947274