10.692126 0.107744 17.473186
64.483309 83.187555 22.322425
69.453679 78.554719 20.041172
90.334115 68.011119 15.355690
97.346043 1.669637 18.160175
6.024368 73.266784 19.069319
20.161516 10.292596 18.320323
79.321612 26.923188 17.182560
69.286202 7.134026 19.853621
52.410819 64.396202 19.568416
89.936070 83.771572 16.678422
57.084678 1.600434 16.091281
57.993163 4.574954 16.331272
52.928322 25.551741 22.468754
97.000170 7.052617 19.785938
15.692632 22.992074 22.013559
74.837759 16.474682 22.219533
6.841874 93.106796 22.260126
60.274430 4.311186 15.770278
25.096005 11.765384 22.422673
78.882091 56.569268 16.275218
90.508447 97.212367 18.967674
51.598537 58.205206 16.502324
86.888215 58.208530 15.261116
3.609359 84.059029 21.063840
46.252377 51.821179 17.438414
28.837006 5.210724 16.523636
88.371974 26.940090 22.054811
25.734025 10.461149 20.092880
69.656223 94.350588 18.970197
20.048191 12.782929 21.810840
2.482915 85.224795 18.063153
46.455481 94.241369 21.734062
57.773422 29.185225 20.780554
65.049133 63.293579 21.585186
69.841637 77.761293 18.146654
56.504599 37.592115 16.869298
61.502537 49.345037 15.913736
34.552456 5.207909 15.152472
2.044334 46.363158 16.312055
66.211360 42.561070 19.300868
7.873938 54.145602 20.347292
89.706076 92.873167 17.580246
64.389580 51.192950 15.143937
3.191266 43.020693 22.352727
84.590581 18.111515 18.540954
31.423906 1.592628 22.224370
13.925569 4.972997 15.024370
6.598451 93.746655 19.230818
40.001625 11.717787 17.201212
4.382796 32.741161 16.144477
58.337762 20.296831 22.483117
84.729212 96.599088 20.964034
60.901392 34.665168 20.661890
82.668507 85.824032 21.848085
57.469554 55.862574 20.647357
47.872814 87.776246 21.202785
51.566986 46.336950 18.295273
34.467606 45.499604 18.344326
22.740957 75.175441 19.675207
87.514105 71.499212 16.878842
57.963023 52.351167 17.693915
34.843780 49.755366 20.459404
12.287731 6.147848 17.394995
62.709793 23.653970 21.052108
6.862648 11.636687 17.315786
32.314148 47.168868 15.843016
96.341588 47.850965 21.161477
80.272487 36.458941 19.601218
51.066244 1.414820 21.531311
16.105530 81.325958 21.636005
24.961303 1.719017 16.989898
66.830951 47.072298 18.934706
16.032315 20.740273 21.978835
93.557584 15.615307 20.634158
41.734324 23.717026 18.054204
51.120892 72.664652 16.158076
71.875861 71.957390 20.652102
23.021157 86.497106 16.731028
93.815761 1.043035 15.255556
70.063012 63.520106 16.738571
41.793775 76.044780 15.014186
29.565830 55.381454 15.610918
40.858159 59.185038 21.925967
58.892455 4.877127 15.238017
92.478284 55.512012 16.864896
84.174043 64.191453 18.129888
46.670651 52.127793 20.020446
27.829784 15.752298 22.363165
29.248444 29.920656 15.447601
16.460885 87.593194 21.972930
28.528025 83.307418 17.095795
67.484796 49.258163 17.336314
53.834238 6.952258 18.808460
50.339623 48.729262 15.343925
81.403219 9.105722 17.211772
91.949232 82.589494 22.021653
43.834767 60.771868 19.186117
49.546805 34.664131 19.556852
94.266437 13.760719 21.560633