48.796960 3.575094 22.096706
54.529756 84.797989 22.351367
55.504100 40.759405 21.563044
64.515914 54.359816 16.722771
40.291938 15.667962 17.745468
79.856530 68.583837 16.413981
91.576817 15.365213 17.459994
6.868020 87.222562 15.619744
35.753772 94.666852 16.251193
56.123049 35.791902 17.052373
38.462442 68.343792 19.056734
78.406652 20.815819 15.476817
64.748736 96.106665 21.327945
72.169675 47.096771 21.705930
74.902044 60.564252 20.296787
58.834110 81.067347 21.276455
48.349714 19.299811 15.676621
3.391591 91.979791 20.913042
87.278457 88.129390 16.826815
43.528563 58.543255 21.234800
99.587347 17.825936 17.660399
16.460098 77.011752 18.674323
51.277369 32.828416 20.142963
20.973499 98.467306 16.264210
97.945759 53.648519 17.511130
36.203955 27.040304 18.157598
78.458210 48.175518 22.120065
40.328735 21.983320 18.559230
98.763105 51.578086 15.018780
73.563453 30.376684 15.085749
54.833555 21.821668 18.975386
38.342077 40.072966 18.662841
22.596984 93.046234 18.510275
2.529788 41.646111 16.774371
60.930183 21.440526 20.664008
18.256126 41.409594 21.383445
55.120841 60.545442 20.417106
48.572255 73.022748 19.854563
86.589891 75.566162 22.410158
92.563590 96.263477 20.359707
88.569256 4.061439 16.958990
39.978656 57.718190 17.525664
51.113278 42.850523 20.889586
15.847887 11.819076 19.802148
50.025694 91.977350 16.242307
33.027772 0.012062 17.698436
53.310365 80.153037 17.745244
72.861293 67.714026 20.313750
51.315870 29.963387 17.445175
83.090282 47.624184 21.497086
9.036419 24.847468 21.701837
2.258557 21.676371 18.643104
69.810278 94.797948 19.823721
72.458283 84.728247 17.228905
29.413474 62.797195 18.702095
19.136653 45.824677 17.133329
77.969727 69.842466 17.398896
91.632119 36.696422 16.395657
58.687133 98.940398 17.941290
58.792368 56.160127 18.947313
89.916664 57.156009 20.015736
53.927599 40.874226 21.859026
67.983380 76.445472 20.769508
44.106288 61.134086 22.146177
84.741770 90.557577 17.296003
24.726279 51.667054 19.104752
42.442166 33.579340 16.678722
54.677623 34.558107 16.905285
75.053498 58.653898 20.293955
66.643762 68.212150 19.615420
59.500724 57.931386 18.868460
59.694052 37.993745 17.857130
1.708879 45.877122 16.001556
75.828385 35.855288 18.666777
61.603503 66.699141 18.269841
41.234227 1.552986 20.232059
51.799686 82.458154 21.809398
30.453075 87.020369 18.288985
31.631423 87.931384 15.789487
27.964345 56.916712 20.967398
48.110423 77.637699 17.761879
53.100097 86.372199 19.683635
79.081033 11.876543 16.773277
1.583785 72.361046 16.597363
42.939249 7.787581 20.979506
5.575281 15.154980 17.056651
5.994081 79.701354 19.437038
30.870243 44.151897 20.412149
10.683682 42.104952 17.948155
98.079591 14.267371 20.968027
88.404427 41.790365 20.765647
95.222775 23.794143 17.370439
58.148157 34.216519 20.392920
5.246043 37.276946 16.040292
43.365288 65.007026 19.953697
82.301122 33.091677 15.791524
52.328001 53.775188 16.666001
46.034746 25.005830 16.807003
90.647039 23.124287 20.933165
6.702953 82.503306 20.097649