18.041883 25.826307 17.889875
80.843928 65.129577 16.551750
32.552465 36.440765 17.513055
3.402019 82.663835 18.536560
37.270953 67.812301 15.339531
94.451327 22.617262 16.309329
68.091306 43.887408 19.629044
75.852334 21.757404 17.638270
73.003898 87.063305 18.532679
82.982490 25.335597 22.460947
21.080100 80.325692 21.580735
0.660401 56.128184 22.354510
82.633607 35.727209 17.214511
32.872431 1.808463 18.848913
39.436498 92.505068 17.105666
5.808041 90.623419 15.673886
61.547098 54.378492 16.158031
58.207992 42.279397 21.287731
51.682929 81.007938 18.090978
38.584573 71.929892 17.072034
44.741767 53.350368 19.644614
54.946019 26.164665 18.691971
57.672250 5.810211 15.134424
71.128154 32.154444 22.015318
38.389969 40.454609 18.330953
58.804388 43.311311 18.422480
8.884412 87.193105 19.815036
99.414394 51.648037 22.051773
21.948794 68.429337 19.850297
20.872574 53.878660 15.552348
0.516213 70.412819 15.589477
96.455048 52.531886 20.818131
51.139594 93.858671 20.962003
23.885000 16.103337 15.361462
95.795859 28.526276 17.547384
57.581244 33.463280 18.850466
97.677842 87.677250 20.833019
21.276450 50.467337 19.929396
70.509506 89.875696 19.614373
94.328775 22.536117 15.666789
73.338471 7.102606 16.567248
16.036367 82.625876 19.608512
90.909864 48.428325 18.307021
38.255217 30.667432 17.260861
28.723118 33.169301 18.614839
60.547959 94.410940 17.069303
6.016813 10.624783 20.443373
95.176149 66.304784 19.030227
50.893453 79.996397 17.810808
73.274097 80.640728 22.299888
7.279947 45.595414 15.037978
43.368719 68.065327 15.056779
99.071303 95.365517 20.121394
29.451114 63.735754 22.133042
52.544151 44.197825 20.409001
24.254973 74.530419 22.306229
87.075445 18.700011 18.695349
86.977054 46.450653 19.808857
90.793530 81.678846 22.177672
66.392283 25.010417 16.094671
44.687326 53.113408 16.876224
45.080774 14.867364 16.024253
10.106552 67.798256 19.468293
93.034870 10.300858 21.403555
54.006730 29.406481 16.771782
23.129874 76.870447 18.518519
88.742608 59.667260 20.278776
13.032942 35.584578 16.199780
1.400022 24.241404 18.031818
25.776245 18.621425 19.745641
13.078466 25.274852 22.454061
19.105253 16.911876 18.338780
61.449861 69.151844 20.749528
59.011967 65.661359 15.123600
95.126326 65.325005 21.281078
77.584283 42.441801 20.947011
88.568526 75.559215 22.391464
15.290072 66.447591 20.397021
4.566368 41.284012 20.407927
53.963484 96.612925 22.368407
73.051267 68.837472 17.951434
10.844112 47.059973 16.596716
84.222770 17.225886 21.281935
32.779423 89.042603 15.430483
10.635301 29.206570 16.088836
80.016343 12.100075 16.870226
7.573132 32.374536 22.375604
95.059470 63.783094 18.609361
60.100294 2.322991 18.902977
97.706019 15.513532 17.522674
91.782281 95.809945 21.353826
2.362092 23.300116 18.047746
37.171011 80.113092 20.280881
74.548811 47.051450 17.138095
20.844511 66.411265 21.448689
83.725649 70.179365 16.653433
51.743571 57.850385 16.218295
2.520717 56.961191 19.886517
46.847754 1.159629 20.103175
18.546937 89.160479 20.199271