36.000354 72.390331 20.434079
5.683737 13.973630 22.437494
63.118301 42.679345 16.382472
97.812289 31.537767 17.833139
94.202849 53.505638 20.378263
27.806912 53.167756 21.944531
10.001311 63.599344 21.139306
30.172375 21.231984 20.941469
21.703554 0.030858 15.619737
21.102662 47.385503 16.670021
40.989787 4.729192 22.070521
53.119192 29.248858 16.571118
41.875764 66.835654 19.907990
19.092688 40.690184 15.182662
48.631732 14.905596 18.223142
4.998338 96.360120 16.748523
52.746516 13.997417 18.614464
45.205282 70.175741 16.392376
78.318538 91.706787 21.653685
79.893918 17.824383 18.461028
61.037924 37.662210 17.123289
93.813151 59.805285 22.290994
56.334234 74.055422 19.591102
14.824926 40.341676 19.697888
54.747099 18.369280 19.736033
99.394409 74.047917 17.488026
98.920431 12.774130 18.357932
81.212349 81.617644 15.715199
82.985158 25.001990 15.184491
15.381586 55.105266 19.720876
29.531533 37.309942 15.020012
82.121238 40.996644 18.499384
63.198693 60.236471 17.309031
58.624079 23.683983 19.015197
90.511326 79.710466 21.971025
93.949144 29.492346 20.567058
63.813539 81.000029 15.335256
35.768768 39.977566 17.124706
69.985737 84.700399 20.079005
4.631597 89.186889 22.450708
3.211865 25.947722 19.667589
1.497013 44.765108 18.535927
49.214865 95.918051 15.226681
16.473555 80.602133 21.185086
99.073760 68.230608 15.644481
74.090786 49.926529 16.753995
93.675626 85.196842 16.117461
27.406844 38.518873 21.907262
23.221541 65.607607 19.774695
85.960837 18.680063 18.282967
78.199038 35.427388 21.951212
68.740666 47.841332 20.511902
52.173724 56.588993 16.708252
13.793286 87.792519 22.359484
51.331282 71.422133 18.157237
21.928246 48.448219 20.362559
65.947598 36.255905 15.882722
18.168198 48.869911 15.839003
24.409940 32.163458 19.208172
54.572669 69.639784 22.341694
2.419528 41.214763 19.591634
71.895514 51.139479 17.169614
57.175480 20.392335 19.639278
40.972345 67.722441 18.890503
2.351532 48.732008 20.010584
72.703254 25.189177 15.112901
94.092939 15.822690 15.454528
8.335922 22.935556 18.226115
0.559743 38.972040 21.186061
91.886814 54.522266 19.805559
95.965741 27.730858 20.477303
96.418582 56.098619 20.606134
11.816399 32.985813 21.893809
74.436517 94.852139 19.568691
61.950733 68.229293 22.445049
35.875928 32.448602 15.613574
45.452620 97.324638 20.316348
15.424880 48.908291 16.276423
65.055683 57.010516 17.660646
1.977332 66.083139 15.337674
34.303604 22.138105 21.302803
40.814734 18.072478 18.971364
90.059669 8.064537 17.609715
25.578630 82.214526 15.436361
53.540820 49.208913 21.935746
46.824925 69.832243 18.430195
25.924018 67.271846 18.091244
93.598882 96.970575 16.717263
91.356308 24.108189 21.723462
47.253354 82.987984 15.962203
15.664672 73.420238 19.507713
98.539810 89.792433 15.313174
86.957532 80.153450 20.343456
99.714100 53.487187 19.645024
61.113939 8.653839 21.344983
57.319240 20.031312 18.082543
3.296813 15.365940 22.332534
35.016573 5.329017 19.486112
90.998089 7.555099 20.280598
19.092978 73.206877 15.184698