77.896661 85.869569 22.322144
57.195964 57.753629 15.925460
43.051407 62.483818 22.118963
76.102406 2.696200 22.092756
16.421555 97.775617 16.096214
8.679540 65.332744 22.485211
97.207701 73.517622 19.744669
69.738815 68.119776 15.786737
56.929341 35.026907 15.403569
15.824217 47.973914 18.358799
46.646217 98.155373 16.081130
39.642471 13.526883 18.560040
11.451091 99.150555 15.240225
25.143401 18.389095 21.161329
80.856755 40.521562 21.061236
19.647596 46.826862 16.407975
26.955514 1.409119 16.690555
12.107688 95.763179 18.735017
61.938443 16.331572 21.536435
21.534267 43.878030 19.609625
97.973676 3.987953 21.791474
92.225674 72.087257 15.907628
46.341863 5.095099 17.200367
39.389733 32.457259 21.734215
70.035249 53.942209 20.207432
86.446512 70.861317 21.179622
26.385474 72.944180 21.450098
28.968126 67.935203 15.928510
97.483206 77.595138 20.675643
39.350876 16.672733 18.524901
27.271947 81.104289 17.687331
13.710134 37.206207 21.946072
65.023366 39.329193 21.383781
52.059508 86.321868 17.888800
7.529265 64.728706 16.103689
55.823090 15.020199 15.412923
67.148983 0.430193 22.483866
68.738386 68.077901 19.469808
61.698853 6.540226 22.367157
11.870941 17.288406 19.966022
45.936750 81.687596 20.157596
52.688090 90.176685 16.583256
10.521647 42.933048 16.924365
42.838433 27.454868 16.108251
92.167242 41.096618 19.327378
25.230590 44.811591 18.715242
91.048479 6.941775 16.938353
64.133981 94.721724 18.181650
12.678915 32.181513 22.201407
87.958399 7.089804 16.002106
63.991762 22.961668 21.803129
39.234441 28.374761 21.639490
7.608113 51.364824 16.901944
95.897139 13.710735 20.807125
31.817357 34.820580 17.716119
67.636292 9.570760 19.309735
99.854954 87.952603 18.795426
27.918986 67.391058 17.511605
15.614854 55.403990 20.749331
41.229706 5.734683 18.310445
82.707691 80.117601 16.444017
22.034722 10.124351 22.028320
99.398926 37.019033 18.309855
5.987957 52.994049 20.587922
61.047765 28.641271 19.532015
48.742953 92.255138 15.739555
37.484162 99.030238 18.920624
93.642538 92.435748 15.065372
11.925978 81.612483 17.155338
25.957553 95.890012 17.564248
44.558526 25.032511 20.372813
0.483197 14.761735 15.751536
85.420388 35.558353 19.589892
74.429622 51.860825 19.823550
28.017463 51.567452 15.208629
67.796552 78.020599 19.626410
25.197985 82.262847 20.601247
60.943209 36.230481 16.135105
97.627651 16.001985 22.000140
83.707671 57.330421 18.435761
13.218349 48.403067 20.044342
18.125558 18.459502 21.959030
67.775871 96.997816 17.160326
27.587884 29.898769 20.395531
79.799347 71.300818 17.663902
23.333287 20.371516 19.032946
79.449363 78.915877 15.914036
33.214711 65.737022 18.341390
94.631672 28.435808 19.036837
89.153161 32.331352 21.899477
78.803344 79.317501 21.716972
59.973174 10.526651 19.516343
0.711395 29.863763 19.572334
92.816154 33.911553 16.105831
83.706607 98.525948 20.251199
81.516451 22.804830 21.312358
57.979550 24.576676 15.210567
13.383449 92.229202 19.429119
45.995622 84.333548 17.122089
85.169445 73.482070 17.777097