22.347811 92.231447 16.996744
11.238192 60.651171 16.056911
70.685254 90.673899 21.566286
29.304770 72.050718 19.592137
15.467503 42.652073 21.294017
30.955862 36.659483 16.553570
84.275415 17.905072 17.355063
40.479644 4.470106 21.543779
26.467872 70.162758 18.210382
48.924380 1.048246 16.213066
99.239685 8.897877 16.429356
40.762970 43.788860 21.967596
68.686466 63.077988 22.396828
60.003563 53.126642 15.105079
58.529448 55.043756 21.232841
71.167974 28.549814 16.319297
1.334704 80.892412 16.850747
28.223185 80.986138 15.182671
68.145995 56.847616 20.526722
19.436937 1.257939 21.606533
53.167850 26.182249 19.282485
81.448420 98.244445 17.141463
93.667822 31.052533 18.255186
53.239477 56.508665 19.624952
9.726344 24.011634 19.872246
12.683232 9.837040 21.764928
92.565018 59.721942 20.464837
69.012096 58.340588 22.003984
24.590623 97.509335 18.966700
2.174789 55.612554 22.000444
6.175421 88.212156 16.176168
54.687713 46.988002 20.255041
7.821140 17.909818 20.855823
20.396132 54.695809 18.760042
75.909181 78.404988 18.635477
47.681485 3.628107 18.317696
0.655925 53.032565 18.635161
25.147933 38.271737 22.154902
33.367937 22.690006 15.407118
88.846634 68.348943 21.758919
7.436373 12.127925 22.475841
69.781036 34.398487 19.903335
56.853277 25.952570 15.485244
13.001931 42.746932 21.007617
7.725078 18.546230 18.034228
78.740073 96.398509 16.877820
96.831718 60.139576 16.357302
81.312147 37.354625 22.498505
83.861464 98.375520 17.505111
60.492119 78.090507 19.308534
63.319862 9.155131 17.573293
57.801995 58.281335 21.073142
5.175871 8.520820 21.560319
59.069470 40.432392 21.238414
38.081620 67.877578 21.401254
32.985001 22.752816 22.458134
90.252449 2.799402 19.866705
76.329844 89.717563 17.978748
82.892868 64.229537 15.072178
60.443262 88.557861 17.912375
86.468642 91.178263 19.843317
71.316033 5.978050 18.857090
28.376570 70.309744 20.087765
64.132688 87.106932 20.505039
30.720010 10.621424 17.095836
43.251797 48.509009 16.767346
60.301539 56.893914 20.600043
1.440210 66.211566 22.001353
37.690760 49.735864 16.057967
26.029828 78.692609 19.613562
20.540147 73.331498 16.650658
40.030768 3.002645 19.736215
68.131508 56.324614 20.668928
67.426375 71.173118 18.866745
0.046182 29.933442 19.478874
53.594836 44.308151 19.720388
57.675910 9.389552 19.284457
14.833618 15.157000 18.759910
24.143887 22.978258 18.268783
66.414412 9.593058 17.756726
19.894531 52.475894 22.058717
10.742776 51.059277 16.568797
51.746797 88.022199 21.331284
68.854067 15.365133 16.412916
88.584539 69.820636 16.050534
8.526834 12.636309 18.039390
81.336164 16.850044 16.230285
38.835450 38.156569 15.054479
61.149202 39.988346 15.521990
62.606690 55.665640 20.991370
37.904470 15.788566 16.933054
60.252397 60.093668 19.786113
63.441160 28.178282 21.128454
97.509019 13.703622 20.807763
14.847882 70.384399 20.669308
27.212010 54.952584 19.016954
26.400274 23.403675 18.303883
98.494287 11.855151 16.186259
40.031582 37.522817 15.446580
37.528236 84.551528 19.576056