59.893480 33.229089 16.922038
62.001853 76.876256 21.313179
27.708008 76.420580 19.402545
54.373052 85.229545 21.211953
84.780756 78.175635 15.256110
75.765545 64.072580 18.701194
72.807673 29.800795 22.202236
3.080880 54.478069 22.414402
63.339662 43.460312 21.482444
74.487622 17.334914 17.909801
52.582130 87.412148 19.942612
52.110917 58.902602 17.270277
98.204135 83.963693 16.947761
55.001474 26.565249 17.525443
25.761709 41.442040 16.275691
41.596456 12.272927 16.299667
26.479888 15.743189 19.820129
27.642149 71.584429 22.304550
51.328585 63.339217 20.370563
35.557821 81.757788 16.419066
49.673184 95.112423 17.224103
86.906792 59.959155 16.792654
34.285262 12.411888 16.715122
3.007652 82.918027 15.228563
91.434886 88.536593 18.149066
22.464678 61.358059 15.474511
0.395536 23.221637 19.171899
75.240910 23.352927 17.621773
60.986814 24.095207 18.621804
38.123765 27.775524 16.707657
97.176631 15.760742 15.317456
33.880122 60.413983 16.016257
83.277369 68.121838 19.076770
11.257342 19.532426 18.662875
67.507055 67.654867 21.875876
65.024045 27.540642 17.051094
0.612218 48.120876 17.417780
4.103397 81.699686 17.122246
47.958844 31.849897 15.098213
74.061252 64.130493 17.296941
49.657695 70.396866 20.544889
67.906300 30.749725 21.827488
72.289241 3.174869 20.271280
94.815275 11.131559 18.640547
86.187628 14.240707 18.385739
28.211740 39.497983 17.623042
29.387927 34.855614 21.652972
88.726623 22.157074 17.887147
87.923384 11.999531 19.194504
74.712539 80.248977 20.184303
30.991154 90.743284 18.159684
46.698320 83.911731 18.489517
97.446492 97.729436 20.663144
37.056240 9.289160 22.222254
42.772224 49.687983 18.552355
74.742122 1.295355 16.331997
96.364229 28.592757 16.438406
60.594493 35.057388 18.931530
79.159507 70.004165 16.448675
49.723793 91.442797 16.103934
14.346602 66.761454 20.350286
11.634819 9.655434 20.219240
92.795259 33.769868 15.133822
82.053723 15.556563 20.454148
50.639651 26.747428 21.903249
41.006922 73.618107 21.354495
50.164359 21.880367 15.947121
19.522803 5.550346 20.907135
70.862774 18.449830 18.563223
96.571947 1.250588 22.016696
29.246472 41.098976 20.639469
80.000877 8.489076 18.414622
88.338044 73.597220 21.176123
38.614755 76.491280 21.786629
26.514788 12.393638 16.079736
7.496040 71.896012 20.753714
2.349771 64.630638 18.143443
4.422092 94.393038 15.588608
29.191230 29.180730 17.055113
86.405501 54.103102 19.099844
89.304381 67.888304 15.552289
53.939136 65.744481 18.805100
43.562338 59.608178 20.472453
61.686110 99.723021 15.676911
84.032643 87.340527 18.789506
31.988084 3.241624 20.955437
77.392614 15.484219 19.753013
27.580821 36.429195 16.407324
90.694779 23.393094 16.109567
68.401035 93.441663 18.503119
68.557922 41.616220 18.168775
90.882039 22.431067 21.520370
11.479862 68.761413 21.221985
82.798787 81.591523 15.132783
30.755377 6.687066 16.680028
76.551252 10.518545 15.802622
31.867678 40.859910 17.308909
6.745148 29.071120 15.992674
48.033366 11.910370 16.301622
38.734843 59.500181 18.326873