62.269990 20.900471 16.175522
70.386182 33.876135 20.124427
73.336721 99.266749 16.701339
81.116149 61.372498 19.450404
69.503484 7.344782 21.702448
45.569829 80.495717 20.100074
45.270433 37.654343 16.619625
45.459884 83.174749 16.282914
74.315307 32.881697 19.249276
24.898123 18.331264 16.783236
64.476510 97.446755 20.453068
1.632830 19.858245 17.794844
90.080671 93.638349 15.658086
42.573972 47.158081 18.182880
36.839984 43.338475 17.103404
26.755362 64.827950 21.922231
24.240613 65.933495 16.708109
81.557818 0.336570 22.312072
67.400456 51.544577 15.527140
26.540366 63.983837 21.118848
85.420609 21.213688 18.292983
0.801789 10.446525 15.476201
53.481995 68.329162 18.487102
39.021991 58.465028 22.232767
91.879637 15.263756 19.596920
26.042732 42.400601 20.248365
50.418441 68.010282 16.748727
38.796845 70.557770 22.376523
14.262307 64.699258 20.400146
17.214340 23.637508 19.634237
53.034580 36.892948 20.729498
7.284195 45.618770 17.428664
21.706567 83.479484 18.940427
66.048499 82.378881 17.182497
78.556850 85.567850 15.231588
42.626563 86.866486 17.994820
28.606698 69.906459 18.806858
33.756421 32.553121 17.705611
85.771194 25.948097 17.962322
21.697648 34.983944 22.499635
72.481916 95.121046 16.676290
44.765425 30.617573 15.576281
69.624453 70.117527 15.381991
35.215732 58.842714 19.203442
72.181254 27.786216 19.857358
34.921212 92.175620 19.606846
81.374608 46.607274 16.183936
52.946080 64.072396 18.662367
85.080168 18.291118 18.735820
5.752835 98.311606 16.798607
75.036231 24.722855 20.079645
42.076570 89.354500 19.136276
58.439027 88.946094 16.029487
36.376476 46.979293 20.818313
58.278897 69.229227 19.096952
95.791791 97.061756 18.140481
69.144812 82.931686 22.105363
82.296116 8.783602 16.523601
93.756689 91.738923 19.199572
65.089948 47.806946 17.389605
67.553770 12.362063 17.880618
49.297033 56.411138 15.765064
24.367558 99.763563 16.817274
52.688479 54.854002 18.385531
12.286667 67.705477 17.171632
37.483462 30.524962 19.851862
99.178826 73.177444 21.513490
59.620350 41.728599 19.281755
96.349434 41.402239 17.772517
55.742887 59.288193 19.313328
68.801543 69.625578 18.027969
57.925229 8.293962 17.743707
42.673292 39.938613 19.280028
20.658086 92.955062 21.565607
97.550563 37.277315 15.289486
0.199952 4.903135 17.265113
84.569731 54.650221 16.297274
55.172817 78.263180 18.117988
11.748966 11.666005 21.021234
25.403664 82.419191 18.588803
8.231993 42.764623 17.289122
18.166434 39.553273 16.928110
93.886231 85.752765 17.169337
34.863582 78.792507 22.468596
41.752470 32.399151 15.431571
82.928734 23.992168 18.936624
57.274706 69.655646 20.219479
90.065021 39.969596 20.462965
76.304446 15.882815 21.720196
96.923514 30.504876 17.070050
65.172324 91.299104 18.604780
43.110861 69.879039 17.067407
43.474464 81.073625 21.358370
85.278943 53.068019 15.184013
97.908313 43.852399 21.447752
62.824993 76.983424 21.115381
93.679277 90.371188 18.259810
50.699367 69.831812 19.901427
89.673283 6.755585 21.541626
24.669426 24.317488 19.657821