45.084713 77.859701 22.360336
60.105282 23.398577 16.436195
67.424946 60.433514 18.106130
49.083415 44.575913 20.156950
55.717032 63.035038 15.785720
82.293248 1.596581 20.337578
97.157237 46.030437 21.796182
32.250436 28.742152 18.748139
85.327050 17.777590 18.644487
95.706379 59.306934 15.848626
33.987151 27.660248 18.981409
43.199459 26.345445 20.161988
64.754647 60.337662 16.205656
4.520951 4.552477 17.491944
69.357250 30.204109 21.619904
8.419873 23.391343 22.113881
99.515474 69.633654 20.884355
41.066061 2.099198 15.128150
88.756105 70.301939 19.025263
78.402443 8.421979 15.478970
6.298735 25.730912 17.214756
90.252707 61.569411 19.191585
3.097352 84.453709 19.947789
74.906344 8.597526 18.376530
84.574463 47.633707 21.428131
57.897472 95.307285 16.918218
98.521041 53.945779 15.501562
17.485617 93.033063 20.544010
93.611671 69.918453 15.886410
77.403742 97.476209 15.270717
63.271522 54.253941 15.419131
72.671056 79.538607 16.467503
68.787402 47.470303 21.616305
81.601293 95.144067 19.370906
88.988618 17.231235 19.517497
28.393150 77.382791 22.070212
76.074447 27.007656 22.171127
30.233553 87.219996 17.694528
99.560480 20.396083 21.905208
92.634241 17.535323 15.165785
42.156404 67.537108 17.019363
41.821110 25.896196 21.831867
6.404570 28.724434 16.311449
6.317757 83.201112 16.193892
92.311581 55.310248 16.417165
5.026818 35.234979 20.510235
28.068379 21.443843 19.899528
46.170081 13.213760 17.843203
82.156611 73.461338 18.311638
55.683341 18.281283 22.252389
55.646890 79.530844 21.747355
57.168350 30.648764 19.011655
45.154732 26.057580 20.225339
68.480766 57.305971 16.820867
68.434904 29.415703 15.539205
78.226125 94.785029 21.266287
63.557231 55.788848 19.382144
94.294478 63.010424 16.192134
99.407573 60.192241 15.530728
43.168018 42.998286 17.669004
82.809363 15.385050 16.238637
75.231550 53.312239 22.389861
88.047566 71.947283 18.325274
52.881558 85.163954 19.874339
13.449251 41.073357 21.724595
11.364947 50.508397 15.288985
54.062524 24.893887 19.288655
55.143664 8.077460 17.530637
45.829744 95.690919 21.918105
97.075030 84.265060 19.106166
63.329214 47.924512 21.464059
5.227002 15.712960 15.682643
51.326984 44.337143 20.186253
75.488781 9.211731 16.433899
51.770355 32.297109 22.008340
77.067774 20.164583 15.639892
40.715086 18.671390 16.115233
40.730475 12.728017 16.196508
31.344044 38.645356 17.932306
96.740703 42.764765 19.250191
50.122319 13.192054 15.311906
3.223961 39.350972 20.361247
35.957843 14.191326 21.000332
79.745399 15.099791 19.826087
29.105194 4.473611 19.358869
69.008741 87.632456 20.394748
10.424915 28.001515 20.901947
54.207804 24.351681 20.656960
41.278635 91.769379 17.712644
88.115384 67.110166 18.709854
3.327901 78.544066 20.004610
84.811377 92.662888 18.243909
6.705222 72.731631 15.066462
54.618100 89.494618 17.649001
14.765242 79.240362 18.996135
51.291340 34.144639 22.448619
49.201031 78.357470 16.630132
52.228145 13.774660 22.280942
29.080112 70.831341 18.004913
64.487083 43.089341 21.052034