96.850964 22.830882 19.804034
83.258819 84.370135 20.524083
86.425503 3.377300 21.668520
91.139767 0.883319 21.667075
50.908610 42.771566 15.712433
32.622434 87.610631 18.697903
26.836261 58.601263 16.884165
8.540889 49.568110 18.206459
22.760713 74.524147 17.472039
67.248552 55.707564 22.197974
70.921513 24.387370 16.744368
38.654929 92.266324 15.548560
85.099057 32.943340 17.283330
89.853761 98.782269 17.922616
88.175247 30.140146 17.808538
36.446836 52.002020 17.292083
25.541759 24.901499 21.746365
49.299124 43.767409 21.718775
77.941884 80.482719 19.128565
8.679621 52.967338 15.387890
20.790241 29.899733 19.976013
55.463218 23.237146 21.557864
93.251050 67.232556 18.957053
77.361799 81.433284 17.954876
82.099421 51.880481 20.429462
24.100800 81.747952 20.179489
79.658910 53.656309 20.282754
1.762521 79.777351 16.469524
17.120787 48.087202 15.179831
95.757103 61.001154 16.277126
35.475303 94.371845 20.073036
89.282620 63.314727 16.563841
18.127580 16.309342 18.844306
86.068175 69.899930 17.113031
60.479952 51.267853 16.605778
89.486339 73.357176 20.751832
53.129827 85.320115 17.382971
54.585248 39.453803 21.998428
94.406434 29.554140 19.630757
45.819250 28.336496 20.611414
33.283636 87.994339 16.668757
4.141910 89.336433 16.605523
73.251548 44.982156 20.385850
74.712969 80.221189 19.651919
58.459065 87.733134 16.688789
14.335535 0.994953 15.736949
85.423599 18.255916 22.331029
44.633972 18.732073 22.334593
87.817200 17.445557 16.993858
16.555156 66.167627 16.388769
92.557061 0.675013 15.564745
6.635130 80.105392 22.046157
79.711625 35.885514 16.609613
77.860952 71.418812 21.002356
1.849534 80.642882 19.741529
20.746367 73.897359 16.565721
30.622146 93.482807 19.038908
83.202080 33.619650 20.486998
14.354145 6.512578 22.106433
35.488802 55.759642 18.609079
85.665677 49.358717 16.159589
47.191429 76.604867 22.438405
10.700112 88.799891 18.696348
31.539208 52.014865 19.260268
56.318699 57.144663 17.559429
79.876709 57.039461 20.735635
92.224631 36.360319 19.098741
8.783665 86.355122 16.857961
37.227249 43.256970 20.301626
75.207314 53.649616 15.952668
33.128971 79.403303 16.344302
50.106988 92.648916 16.519491
98.070140 3.337979 20.070538
82.939893 2.992477 19.250658
65.235485 14.073276 20.369750
70.356930 89.977659 21.657298
62.588397 70.751588 16.327913
44.507685 80.512964 15.265553
95.690767 95.195312 16.251699
1.173397 13.716052 17.080193
89.247659 53.243923 21.707568
95.596043 47.885746 18.324487
76.296938 79.560225 20.489583
21.905847 30.071450 17.861761
97.848816 9.186539 21.989583
19.184256 18.208640 21.082660
21.660913 6.846810 16.145222
38.865820 43.626451 17.612311
81.860430 88.624185 16.020671
42.373317 60.244362 16.777730
29.400784 61.292726 19.110555
80.775797 23.342556 20.748512
49.989421 20.328809 18.535014
69.964239 10.570145 18.787254
12.869745 36.731144 15.797549
43.395377 16.237694 19.970096
74.393094 81.462453 19.104822
8.244325 59.786547 15.723295
79.677926 45.886242 19.402079
50.047852 9.291948 15.104326