75.280962 13.892127 17.184790
23.287440 14.488308 21.936785
35.483960 5.914750 17.609278
86.498991 88.816466 22.113462
96.216665 12.737306 21.617823
58.235441 83.573285 15.330074
28.303476 92.426537 21.079471
74.227000 95.105225 16.921349
7.226615 72.475917 15.124057
74.189386 74.008000 16.632907
15.369090 48.883286 18.535750
94.957726 68.426000 21.260931
91.682342 46.773498 19.373079
90.677202 80.553205 21.519025
81.135604 64.401668 20.779022
37.915612 4.880821 19.103465
23.528382 19.046206 18.024219
10.942304 73.761545 15.924424
55.625069 40.226517 16.989677
65.466828 62.101431 15.596112
45.674426 95.206892 17.841036
71.558403 97.234885 20.518449
97.481053 15.551791 15.367751
50.307435 74.512509 22.430731
52.495609 63.177089 22.297448
31.754826 82.386949 21.859405
73.970699 93.225335 17.111577
54.329095 67.036199 17.403768
76.557135 59.998631 18.302086
87.172392 53.951079 17.689984
55.312302 41.942143 22.270585
36.170544 69.731915 19.941486
40.170725 47.697304 21.886345
59.645211 61.852757 15.863298
99.142392 38.200533 16.747779
56.722859 56.507658 18.489298
79.860570 64.438001 16.431533
54.739201 33.291377 15.644736
18.603490 90.427363 15.698020
64.117639 12.394410 22.270623
66.755895 77.918076 22.146707
76.216408 28.505760 16.806104
66.519086 67.943762 22.477492
39.408610 86.081570 20.421784
90.123746 4.428121 15.737179
81.720129 6.054234 21.122505
16.605928 87.422154 19.614408
84.707817 10.694645 15.715405
3.344658 92.779008 22.241688
92.563905 8.443518 19.226090
97.777904 32.095872 20.525060
58.651799 12.562440 15.321788
82.137135 45.696301 19.212424
59.795296 26.531686 15.911075
41.362866 7.294240 21.249766
41.969089 68.618675 22.072656
55.889813 39.890083 16.455322
25.427146 90.732055 20.102883
44.246895 90.949890 15.772356
11.342030 57.218602 18.847183
79.296709 71.023183 19.085526
17.084700 61.068711 17.795149
94.059394 41.032522 22.386695
25.177208 50.746033 20.343536
0.583402 39.828411 17.756214
4.141108 16.683861 15.503089
39.905056 93.744081 21.848759
65.460111 5.475402 18.766387
34.449606 54.611328 19.834394
58.228265 45.783901 20.377301
87.895364 41.314587 22.186257
82.145358 8.136625 18.293029
52.431788 69.352110 22.053060
32.855306 18.391669 18.384802
95.530719 89.190481 22.021908
29.555735 5.154458 19.598848
25.431971 15.377495 17.120607
98.371221 17.032006 22.385132
83.561120 79.651345 19.740271
36.295232 81.358858 18.890138
23.686962 50.582255 21.669980
86.153357 94.326857 19.537711
30.172807 35.205774 22.209265
59.673856 44.887966 20.510774
45.730114 49.820244 18.203525
27.733832 24.710539 16.119259
3.673941 30.910790 18.794167
87.389363 99.078384 19.780909
63.687169 5.333404 16.788804
24.083023 97.621080 19.665347
82.340107 82.838954 21.641706
73.965843 17.080213 16.291195
85.173212 83.011810 17.357726
35.207923 70.328422 15.027809
62.835446 79.665969 15.473851
91.945861 79.983064 15.993689
5.477426 85.520358 15.723222
79.570957 70.973459 21.956398
81.325311 38.141579 16.398553
98.555238 22.074219 21.474812
67.804539 99.758063 22.163562
17.339461 75.034676 21.923965
49.741690 28.249886 19.942415
63.583442 23.490078 15.991712
22.984271 95.034546 18.828277
82.022989 0.158878 15.270127
39.331301 98.531084 18.058121
69.367504 65.155526 18.467406
57.567351 78.287336 18.295687
44.968042 56.893375 17.092567
92.811278 46.047662 19.352540
26.328493 92.612473 19.986140
40.980304 92.799071 20.614545
25.444140 41.764884 18.905711
55.961485 57.707013 15.771974
26.258255 99.935344 19.060230
67.747765 41.056708 21.114119
59.119216 88.948646 19.936074
29.164599 77.029536 19.174282
92.389838 47.704095 16.335724
91.441493 90.196440 20.942331
82.226201 46.404517 21.916365
37.311063 1.601539 21.381238
60.295466 12.120441 17.602536
56.112461 96.493257 20.111213
22.253087 53.206033 20.142849
48.769082 25.769303 16.729889
59.468675 81.496356 15.440392
13.880744 79.803616 20.643885
2.842653 63.733060 15.382988
49.468337 88.840452 18.041886
17.503332 88.136876 19.178859
56.352367 87.000634 15.480063
79.210750 34.624486 16.751760
8.224957 55.605902 19.231915
98.845251 25.389899 20.545685
83.867952 38.152010 15.121034
55.293353 9.147912 22.493982
46.046384 79.635187 19.594992
65.087025 59.048656 17.870607
50.665182 90.127887 21.517785
56.370956 74.475312 15.412368
10.758967 65.839583 19.471331
33.949158 26.399164 20.816986
45.439562 93.836291 22.126838
22.572689 20.502599 19.178018
44.873037 45.284727 16.636311
77.415632 91.351326 19.834458
54.955709 72.576353 22.148585
31.418304 10.010242 17.266799