41.662831 43.840250 21.188080
11.659960 32.746607 15.226680
57.251214 3.537582 20.951417
96.543319 29.506413 15.900908
91.424031 35.994876 17.892966
18.248023 98.041845 18.822807
53.488852 50.579570 20.713289
63.315477 42.184844 17.167497
83.729503 63.395214 21.602801
8.591084 52.250312 17.879978
81.613247 67.479629 17.707480
37.493517 25.678162 21.861031
97.391198 53.085474 19.178697
33.605230 81.958364 18.024817
60.323548 45.130892 20.769635
6.316465 87.777853 16.461010
43.860483 19.254119 16.865427
93.439177 0.116947 22.018289
55.424395 85.450099 15.889849
59.378967 3.402600 19.373152
29.331013 96.976296 21.228693
22.447948 44.924768 15.285703
53.780632 45.167817 17.206741
62.352284 87.008152 17.590347
5.688317 16.591311 21.998654
11.309330 5.417746 17.653934
50.047040 83.252131 21.117444
32.354213 86.559291 18.622110
57.317653 71.867337 17.122928
46.247951 39.318050 18.848569
19.929776 29.438348 15.499633
45.835061 72.946050 22.103961
7.548354 99.376822 21.426590
90.489404 81.988264 18.265424
72.623557 19.570638 21.250100
39.768800 88.459208 21.671696
57.471823 84.921689 19.944426
40.839122 79.153672 16.513702
1.993202 77.180312 18.419254
35.309666 80.983520 22.326644
1.308788 57.060672 21.559721
18.080271 10.245699 21.500246
24.894371 16.989686 19.794345
24.685077 8.871787 15.564323
88.154955 81.597928 18.049454
88.907516 15.757057 17.358991
91.012863 79.204638 21.572737
7.486994 32.449698 17.854235
34.321572 26.825195 16.269554
14.229430 93.893577 18.257062
49.939919 64.774958 19.655245
57.171339 74.459385 18.362719
36.901330 11.914789 15.969822
6.076150 29.276959 18.083823
1.329154 68.779423 18.190711
32.844849 62.001860 18.835416
94.585825 69.496940 17.783083
52.114250 24.723689 19.645709
11.783361 98.083796 16.332963
61.488849 77.919808 18.400196
24.545266 47.450942 20.737730
34.263997 93.537220 21.064681
27.504955 25.695471 15.395635
30.426369 44.304625 19.872013
68.743112 71.467916 15.858660
86.535831 26.513181 21.541925
47.846130 32.438869 16.759358
83.227387 45.092415 22.009030
68.243744 22.210875 21.897945
72.011395 23.756950 18.721439
74.984575 76.864386 22.155798
67.994182 32.662308 19.582195
81.829872 12.514884 18.266426
83.420837 72.687248 15.514307
52.881335 93.567351 20.690969
9.834953 25.770760 17.923299
39.725223 85.621093 21.641158
42.750994 59.147611 22.487278
2.425636 23.678154 18.797623
88.912929 21.009589 19.077595
93.139094 25.796262 18.758479
57.257540 77.174614 16.191191
17.445541 69.851205 15.075803
6.661838 20.564809 20.584878
61.043946 24.532513 16.918451
3.705921 18.236723 15.738614
69.098061 23.985326 18.360318
17.055036 59.849437 20.650548
60.640712 3.385701 16.961991
30.170843 73.434901 18.592295
36.325347 47.093124 21.912888
79.731040 39.318519 17.278205
41.713930 11.479373 15.363735
49.462004 93.289167 15.405818
47.958196 41.124084 15.398224
9.599412 84.619227 19.460445
47.136752 79.289748 19.008674
92.013694 17.086252 18.211572
81.950952 31.886091 18.228804
76.412879 5.131303 21.990446
29.507072 64.181073 19.300386
18.373622 72.839810 16.454693
22.583610 60.393344 17.320959
85.658570 4.331271 15.927529
93.400163 49.940264 15.217493
29.205119 68.447846 22.424165
34.799812 98.079648 15.633442
72.308927 57.291544 16.659451
80.681449 54.508672 19.529758
29.608807 48.188741 20.668653
25.540472 0.890059 21.609820
34.711956 44.742410 21.720648
23.383327 35.887003 17.171170
84.896903 65.764030 18.020490
69.275442 10.244294 16.152954
65.425406 76.786198 17.522546
11.008852 44.791830 18.757947
58.848837 46.719663 20.871431
34.198812 91.253726 22.234140
65.968995 83.175300 20.851713
75.898761 96.425158 18.882758
19.114594 63.807978 19.695498
12.902894 98.963411 20.347036
78.589061 45.760068 22.425698
72.391429 6.116996 21.210059
82.472876 21.082312 15.321726
82.978175 54.058675 21.050191
23.838764 24.698227 17.949296
38.486979 82.208883 18.680203
57.841525 22.465211 19.766181
98.235711 55.984683 19.933542
44.130927 40.276800 17.706025
70.721317 72.054457 15.330889
56.877022 83.847895 21.523620
81.333867 2.171854 18.274836
21.296390 9.559426 19.346361
75.279355 43.120013 19.498673
30.011236 57.331899 16.919731
44.336867 13.181012 19.581470
72.495303 2.174776 16.016935
70.673422 94.500763 21.018734
78.591939 74.284285 16.854677
26.258904 14.472861 15.630561
2.738835 45.088313 18.430437
5.007988 20.250137 16.778649
89.535696 13.872629 15.015359
40.655590 57.069297 19.645397
67.296456 63.640132 16.925832
53.231083 32.521114 17.847062
28.001831 57.469141 15.273967