32.395475 74.085753 18.377963
48.440441 37.322334 19.911739
96.282738 15.233961 19.874531
67.398425 44.780909 20.751738
58.802300 60.341488 19.897567
31.376917 86.526276 16.200358
56.938725 30.074426 20.794722
80.465875 51.410044 18.374771
26.616354 71.714216 19.624021
95.719533 90.631156 18.676569
2.602650 42.337598 20.053132
0.143587 38.796263 22.069223
44.646479 44.921557 18.508297
55.621921 27.476655 15.213338
39.675885 37.310587 21.839045
30.888119 64.877168 21.886160
99.689092 94.239328 17.577653
39.762105 0.174914 16.094862
88.131943 70.057208 21.582868
2.469369 78.186310 21.054792
14.760619 81.559208 19.125259
91.607574 30.618240 16.322253
88.745003 98.770735 21.407403
59.192217 33.190280 21.511413
8.447859 28.672722 16.742071
90.366234 83.722786 16.432422
9.899529 52.266038 21.797450
39.475649 10.989486 17.981785
62.968762 73.139781 20.786082
7.082627 13.693509 16.527853
1.898705 98.704809 17.338646
44.912821 65.639158 21.845432
13.614637 81.317194 20.857514
87.998968 78.365105 19.815006
57.968190 47.221103 22.267546
77.899799 5.776762 21.325293
28.194896 70.837340 15.447034
12.990601 41.987298 21.536542
48.175956 80.107553 19.324333
86.013600 6.833952 15.048092
5.394823 64.129857 19.425090
14.033166 28.860857 18.277831
25.285408 53.912373 17.912461
61.491838 91.302266 15.438906
51.118702 27.781392 17.893321
22.778039 80.413406 17.784199
92.021493 33.388811 18.508792
11.434423 66.918656 16.949766
34.519044 56.433167 20.724192
58.954877 31.519826 21.015807
5.706766 57.293837 19.517357
75.943735 10.545641 21.311030
55.844470 64.062540 18.654910
94.970581 1.540589 18.159868
48.765949 91.157008 16.818714
66.231080 84.333679 18.316061
86.972955 47.641633 17.274325
54.238735 17.612314 18.046937
12.290824 31.168723 18.616144
86.709368 44.709266 19.446629
94.253159 64.468229 20.262810
77.824223 35.299756 21.808705
13.442105 39.130176 15.305581
49.084105 61.381985 18.647329
8.259063 91.762372 20.447611
68.007056 98.519099 20.417533
0.157167 39.187384 18.737800
21.024415 37.598299 19.780296
65.678785 52.441264 15.366368
10.242273 18.411056 19.539021
59.939716 72.785066 18.049067
16.724097 52.729562 17.143449
3.079389 77.278833 17.151858
89.917984 60.874438 18.187359
82.690860 96.634149 15.595534
23.526885 3.901256 22.137700
54.231834 22.225052 18.360291
53.187642 59.611291 17.033317
44.019166 81.715087 21.199819
28.070589 99.695470 15.310683
43.487748 1.091121 21.496840
69.902136 86.526141 16.505003
55.946315 57.161386 16.180793
94.566608 16.516049 22.331693
42.495652 33.172341 18.904007
52.853620 15.215254 19.594581
50.843427 2.410742 21.962314
0.492725 12.673831 19.164155
3.087334 24.575830 19.919529
85.380265 83.898496 20.312871
2.468729 64.962230 20.201877
55.599062 36.395223 18.767314
71.697199 15.853665 20.861395
55.946134 4.300058 17.785069
82.910744 47.740943 16.275239
33.756408 55.521978 19.543234
8.625708 94.217815 18.350673
32.176157 81.106942 21.661661
74.456869 26.021652 19.052132
86.672240 67.121078 16.333258
22.852423 71.548022 19.399181
68.988106 13.453923 20.403253
8.410321 3.666228 16.579886
67.071537 9.929493 21.612969
19.564820 14.838821 18.646329
22.659386 40.635674 20.296167
92.536623 21.364220 21.789426
3.956315 72.768080 16.607755
51.000578 83.929345 22.480880
48.067679 71.117458 22.017723
51.883699 74.758519 19.103757
61.367678 50.896808 19.324286
78.301630 66.890720 18.213980
37.166822 63.663501 19.276849
23.584481 3.231230 19.370260
78.202993 21.826553 19.954215
84.921406 89.787798 19.503944
41.653445 70.546897 18.060320
13.209525 56.466715 16.938778
18.883236 40.930483 15.964780
73.798268 77.476793 22.475274
9.628829 93.096564 19.852730
52.730088 94.705748 17.349973
94.793590 70.186376 15.816620
28.785321 84.236202 20.618407
89.279216 48.037805 21.038618
69.205567 62.193571 21.860590
58.162279 80.367232 21.097956
56.069944 98.543652 15.189528
10.306259 4.354411 16.294362
91.076553 84.257239 17.693305
35.332827 10.834410 16.004838
77.761794 9.848042 20.548812
34.023490 45.841900 19.344105
95.698329 46.413591 21.765349
47.797850 71.331182 19.098595
50.377381 26.783224 21.731788
15.893946 14.714842 19.359097
76.853682 81.453999 19.690498
85.750217 5.021708 20.918961
15.166742 56.243518 21.676283
84.074493 10.061283 16.887340
23.179592 20.422513 20.450600
16.830339 91.108272 18.640304
9.419997 69.438707 18.788836
71.085549 18.820881 17.440957
68.359910 36.109118 18.487435
41.712156 64.615394 19.424798
67.161391 11.981647 15.911656
40.242840 98.452083 15.910454