49.276439 13.541035 21.376412
17.642907 73.115632 16.669499
89.258021 42.365450 15.833950
46.315147 44.791362 17.798437
66.479134 73.517935 17.964415
12.103613 95.839802 15.628262
29.087739 62.991399 15.664636
27.052079 78.201738 16.925068
70.343667 74.166229 16.036666
72.985650 8.753945 18.765678
13.363750 58.631838 15.405453
37.409065 27.579288 16.696748
35.419037 5.169435 16.653892
71.806608 7.683621 19.056786
8.281187 13.312758 19.348627
97.817576 99.036268 21.927043
25.278061 49.383516 22.224199
57.576497 70.540358 22.164225
67.195308 49.936865 15.737288
91.344646 50.698233 18.985988
58.220742 48.966681 19.343446
80.326243 81.221476 18.131876
68.211590 51.873170 21.182360
96.431479 52.079740 21.204022
12.226934 40.101823 22.468055
92.723023 20.192051 20.533888
99.645628 66.678970 15.416123
47.824605 36.908830 19.123234
84.811787 80.570467 15.466960
94.329075 85.666724 16.593796
80.435883 71.413204 21.896514
28.141782 18.461787 19.198601
41.381655 30.767042 22.290543
94.339927 51.469275 22.270313
43.506142 64.878949 20.235129
72.641672 46.955284 22.297198
81.870926 86.137676 19.832079
70.687924 65.753209 19.987449
97.422296 19.681181 21.632396
33.865944 75.048804 20.324915
42.656983 17.736195 18.222584
87.122372 2.802159 17.167142
10.828414 0.413903 15.907729
10.439389 8.162291 15.346186
63.260643 17.871863 18.425476
41.856165 6.048028 18.012898
67.688492 59.168402 21.535313
51.999835 83.189687 22.446536
66.406305 49.886093 21.153564
58.430595 73.051853 16.307327
63.810499 90.438768 19.423430
26.630159 54.114925 16.198718
65.470361 62.769640 20.695922
86.258266 61.276742 22.419281
26.879880 2.192826 15.184618
37.844155 86.860521 21.658526
9.271502 48.687416 18.626655
1.031144 96.860372 21.500389
69.639055 61.160144 18.182371
45.569649 58.517194 15.953505
67.323325 17.949925 19.016206
93.388979 86.038546 20.118779
90.893882 73.444423 21.856966
37.706907 96.080455 21.173323
67.508022 28.621357 21.954634
95.285160 64.206882 21.202385
23.309460 42.405829 15.759475
39.276632 72.972687 19.123418
52.364566 37.082023 16.164034
13.789312 38.414786 19.384157
34.359757 13.771800 20.360007
44.850920 88.761340 15.472312
92.457077 35.754469 20.504712
59.648450 22.500244 17.635317
9.829085 73.551834 15.898076
50.492590 86.366793 18.197008
57.116596 19.085198 21.217195
35.503166 5.318142 22.071218
6.956707 47.127357 20.150885
94.850882 95.970849 18.923060
85.311389 62.990278 18.046796
87.677149 73.242169 22.421317
83.615619 53.606668 19.317206
2.913781 66.854037 15.403523
78.495494 67.929708 21.400409
12.232222 99.710705 22.034138
54.910315 54.703673 21.599565
48.591278 57.623421 16.398212
90.100974 21.581712 15.400158
52.264998 79.749149 15.476468
34.507290 38.316562 16.667618
31.098621 82.696216 21.098149
90.789180 54.700731 21.567743
42.833591 50.780225 20.756679
21.600100 55.124144 18.220868
85.563991 57.221748 15.884396
63.818799 39.731392 20.416526
88.025220 77.897586 15.287258
76.877032 43.199879 15.241463
42.353406 2.169997 19.918201
68.315496 27.455727 20.515564
61.161025 79.592054 16.516821
4.068658 26.017224 20.340490
52.077866 53.171313 16.607442
91.867356 52.354259 19.078472
4.297881 39.189060 20.381548
1.779009 75.176111 22.130727
4.067625 71.112256 17.441137
55.889587 95.082777 15.217547
81.621455 22.878324 16.355762
61.295064 58.912323 20.662581
20.074346 19.194184 20.893902
19.277428 84.572855 18.322532
16.245405 76.586095 19.699725
70.986853 65.954645 16.699181
54.681021 89.597751 16.370920
28.957187 23.994675 19.250820
70.631264 95.287810 18.623420
7.076795 84.518398 22.052390
26.278683 88.381631 20.123293
16.985958 10.806896 15.633662
24.682249 80.294388 15.039868
80.144655 35.724358 15.269662
52.730635 92.282011 18.765308
98.127369 67.222557 20.200216
63.868625 7.460223 16.978513
90.650332 85.601688 15.536672
52.853382 0.226213 18.948735
52.680723 70.951669 20.929117
56.625454 18.266428 21.266342
34.842543 26.681540 15.096407
51.256910 10.633806 21.139154
72.192386 69.053974 17.737696
32.754737 45.836551 17.981209
91.682758 24.259231 18.111942
65.191013 29.549134 19.696442
36.801045 19.893943 17.691908
20.712421 54.964186 15.490462
65.169026 14.567336 21.203777
60.583576 23.517526 16.783334
40.995579 40.358089 19.412116
1.162039 31.598378 17.595830
94.487653 12.674316 18.192286
47.394139 26.228138 17.960386
4.545287 64.673599 16.647767
54.759797 94.097226 18.457056
44.134463 2.089144 22.309273
69.199772 52.346988 16.815786
9.429618 80.113118 19.147013
72.317217 85.184369 16.281932