40.450341 31.698966 15.413433
86.376294 84.355384 21.897182
69.099920 7.802516 16.305381
57.501283 32.123398 15.732177
33.418763 15.134127 16.212057
84.889854 18.189345 22.092018
82.504062 96.315217 15.412576
60.286253 20.503446 20.581376
28.770208 73.617249 21.659675
68.016105 96.709551 18.848344
28.914669 78.026895 16.919427
78.497710 37.209107 21.910896
14.335871 75.463190 17.440924
50.117800 73.170759 20.297092
77.670625 62.479758 21.663563
23.909751 54.330984 19.668469
99.048402 55.398577 19.672635
15.472477 52.595613 17.104719
5.593705 16.396868 22.265088
61.275486 63.667062 18.219460
20.724678 67.439249 15.087225
98.721879 92.681995 18.333017
16.951296 43.096660 15.031739
23.686017 73.235544 17.176395
48.774649 74.695061 19.279035
59.363577 74.647101 16.659626
78.085189 37.849826 20.652079
84.693738 14.591071 21.094673
56.368618 88.861573 21.753959
27.550131 87.006286 20.835168
45.864228 80.813234 21.058341
30.200654 99.420968 16.173142
47.614391 92.594554 22.075077
22.755109 85.762196 18.577542
65.342637 10.859317 20.251028
62.887665 29.043294 17.279984
50.665488 26.492407 18.085593
29.309838 89.781408 17.795281
81.179804 6.696806 19.195765
44.172411 33.596356 20.141554
26.539815 47.049210 19.843313
9.462353 98.355810 20.965187
92.045084 28.695986 18.098059
87.602971 42.812432 15.871196
88.901475 18.895980 18.699755
19.809102 20.328593 17.120417
75.953425 91.458419 17.029813
90.948999 15.276057 21.544941
24.336091 12.628635 19.332394
5.797695 73.675421 20.252231
18.406987 86.536692 18.796018
88.139221 68.152268 17.961519
23.011374 28.415678 17.898287
39.396363 93.040661 22.045490
48.735321 88.464325 20.548161
14.949681 71.651530 21.627888
48.801225 49.928260 17.844963
56.830687 12.497967 16.609498
91.858010 50.066840 16.686250
71.975483 80.660088 15.068756
26.503881 45.599335 20.411412
99.833774 67.970531 17.590173
55.571638 81.433320 15.157365
95.508188 86.319603 19.577075
58.813111 12.579025 17.789964
69.798413 85.352454 18.535209
36.358915 20.650949 18.933891
47.672789 14.326605 17.701073
22.518402 48.578962 15.373243
42.056299 93.530536 20.920274
90.202773 5.764994 17.392798
59.820691 81.310778 15.054356
95.102208 45.998568 21.728312
58.007779 94.967196 21.158761
45.994898 3.217516 18.098156
44.768148 50.289710 19.468364
57.045084 36.737838 21.536301
23.333026 30.045723 19.938990
7.755323 35.850127 19.484656
73.538873 77.928947 17.713450
9.356371 36.531880 21.942609
58.943196 46.914820 18.505568
75.833365 87.397394 18.360254
61.843126 76.222233 19.065682
28.418827 6.098747 15.042344
51.313728 36.503510 19.088822
90.721112 52.389571 20.657345
19.914841 59.779079 19.211027
3.280419 63.309204 21.295133
34.220885 30.076019 19.066536
13.814403 84.204156 18.669443
78.855925 54.447257 18.512309
14.234989 28.791905 19.043503
51.573612 88.344475 20.857278
51.683271 58.565037 21.334064
57.985687 16.164714 21.793954
79.913908 17.426305 21.242053
96.507864 82.160804 20.242678
71.591748 90.367289 19.002930
65.402623 96.580938 17.356279
71.134423 65.499382 15.386409
12.244137 38.689801 16.517046
89.644585 17.588822 20.423182
44.052346 32.836554 19.508008
73.892059 22.339702 22.466256
51.627298 14.257226 20.167222
69.111822 18.767085 19.541918
50.464585 87.270231 22.284201
0.022069 13.511650 18.018365
11.080105 83.204698 15.040970
53.044069 77.460282 15.758269
83.204606 74.640814 20.178405
28.053431 31.030416 22.410814
32.820446 49.537925 15.690935
0.519634 27.530788 22.385306
78.265339 46.870941 15.185230
43.710761 35.550561 15.761341
4.840555 20.883572 15.407415
20.549591 86.469578 21.627956
36.763962 59.148401 22.085806
67.323997 18.108601 20.911922
20.469257 60.972369 20.258529
20.727416 36.584556 21.262733
20.118432 98.607545 22.088304
29.697681 4.019957 18.653081
22.063684 23.285200 20.996256
93.303113 48.941863 17.066941
34.438482 73.221068 18.546565
7.748367 79.856731 18.720410
32.686760 27.190266 19.470929
3.148945 97.477400 16.845923
76.614682 7.259463 18.177942
56.658684 46.960942 21.994417
31.933194 9.985598 17.456620
44.718936 83.014973 16.239951
6.577109 65.868557 16.701200
21.196647 59.411299 20.357671
88.619347 97.833600 22.383304
23.895783 34.787589 16.250706
56.354685 76.231536 22.309823
16.442076 58.561382 22.445265
63.011415 60.239906 15.223259
45.320853 99.208433 19.886073
63.122292 75.857396 17.215575
33.831806 36.054046 19.823049
44.494807 81.931618 20.283076
19.199965 56.306347 21.871452
13.186551 48.700055 16.170860
83.569505 82.703762 17.154419
22.315438 45.005319 20.473493