74.737039 99.524242 19.014377
73.810306 9.992356 17.055325
10.439638 33.678583 19.519172
50.196159 21.977726 20.793797
19.456035 78.518354 15.433129
78.229713 84.850604 17.528529
44.035720 54.113058 21.489154
63.440693 31.923900 21.017651
33.541256 73.848724 15.163153
3.867833 45.139771 20.830615
98.270178 81.665537 21.449239
3.716810 58.021042 16.697171
47.871740 59.498031 21.532858
66.883764 58.016861 16.423030
79.193243 27.314175 16.441513
8.369346 83.056775 15.174306
19.261953 15.896956 19.527762
97.097177 62.075032 18.381983
78.567850 37.037786 21.747526
98.825815 26.358078 18.991836
8.879862 58.234645 16.186573
33.530542 23.776642 18.889681
15.370544 93.488979 19.517073
17.313701 87.573365 19.950090
13.205226 79.684326 16.562424
13.942112 6.405111 22.325410
28.082456 21.878181 17.481410
22.294227 8.368588 15.537483
28.177916 67.021450 20.656220
18.702751 71.007528 17.173459
9.554858 22.586591 16.736562
50.243207 16.866028 20.818145
29.333118 25.012036 20.227956
25.751265 45.373597 18.718013
16.540790 39.794487 16.619532
6.804248 30.060060 18.993576
60.651892 22.090033 18.780098
51.165858 23.130914 18.215114
13.703589 26.997807 21.601225
56.455217 1.146620 21.323899
55.000429 96.913886 19.282099
96.093752 22.704299 22.075955
98.035058 96.704470 21.109957
28.344942 47.928593 21.108501
6.279920 54.888279 20.838165
46.553371 82.931212 16.960890
90.976035 82.840017 21.296617
50.159296 71.447565 17.301935
11.701642 72.085196 20.601918
48.881004 69.883101 15.082528
4.160587 95.458927 16.240815
22.083891 42.629435 22.388077
88.959809 25.470425 15.043461
16.917780 52.700616 16.652067
75.502254 95.843214 17.966361
17.771695 74.282664 21.739982
59.284458 53.919330 17.966327
85.174578 22.628276 18.629178
80.816709 17.036315 20.436516
42.354586 1.308286 17.739070
96.309842 87.373799 16.079381
64.795931 46.088261 20.330599
75.806059 24.076997 21.491545
63.534582 84.818582 16.530558
32.279195 77.244167 20.751430
46.143088 46.534385 20.386337
57.939510 40.664357 16.004139
68.946383 91.125732 18.934582
79.749108 16.632103 15.216719
6.675695 29.966893 18.106590
13.749034 72.893039 20.778349
71.060355 15.679847 17.556217
43.743554 97.519811 18.375784
4.102861 20.164883 20.099932
1.529614 42.967404 17.161593
49.382058 90.941755 19.356611
56.565196 32.874636 17.839010
68.682084 48.326637 19.604841
23.691431 6.224999 17.799086
68.083660 94.285394 18.681630
2.247948 53.438108 20.773985
97.830203 32.290623 20.977769
5.384176 61.678462 15.558767
81.275135 33.887623 16.052939
95.483978 94.635485 16.646769
48.473809 38.275570 15.032344
20.327399 77.818144 21.805805
7.403701 62.058787 19.106034
67.532579 83.746576 20.864518
44.332519 14.601413 16.703868
36.861043 69.898554 19.437853
46.953431 88.440526 19.023255
12.318840 7.629693 17.228552
31.763280 88.905356 22.310210
63.219485 3.665802 18.953829
94.971127 30.585147 18.887308
62.360974 56.786546 16.253755
43.488651 60.382186 20.874068
50.337958 66.573419 16.617175
83.239908 97.179850 17.000082
92.083211 69.927014 22.434818
53.424274 26.655384 21.514199
38.752283 2.986859 21.060816
68.856401 14.577340 22.334782
77.903471 9.252505 15.715337
89.336955 31.916014 18.389003
17.673273 77.486553 19.548946
79.836431 34.427864 16.619251
30.802739 99.367948 15.299499
3.210985 48.455060 16.752344
31.611540 43.506498 17.623766
46.198746 34.262943 20.800786
36.697070 96.566549 19.972698
44.306904 49.517849 17.754955
22.058592 0.714523 21.950262
97.533818 38.684173 19.290790
10.967073 84.493349 21.582231
56.866789 20.068896 15.882611
12.599078 8.831751 15.405985
57.928533 8.528920 20.020625
14.126472 69.205447 17.589721
15.193463 72.563209 21.704052
42.174835 28.146670 20.694319
98.263905 29.296942 16.579697
66.453116 83.866180 17.771680
64.250583 26.176583 18.838237
23.403442 29.129407 18.338152
15.250191 58.345832 22.147137
31.557628 36.227445 22.076032
6.990019 66.947118 22.408301
48.689894 56.101285 15.045963
24.038596 25.566580 19.897091
25.688853 43.911123 21.839589
46.031712 18.543529 21.594471
96.515329 59.962979 21.165463
53.233231 87.282078 15.078754
43.326659 97.511702 16.697910
70.918279 47.375853 21.703128
19.286525 54.099548 21.475216
59.585314 72.930460 18.754486
92.188087 32.180595 15.009676
65.512621 99.061634 21.794931
80.562000 0.266576 21.749429
50.738351 11.112989 15.403056
46.604853 93.375276 18.647690
13.865628 66.908042 19.208589
32.941948 55.906601 20.819596
78.966514 93.892376 17.181185
32.289601 5.752127 22.209973
19.510226 28.442532 15.711618