68.791217 63.235532 21.878982
9.747618 19.203276 16.926402
5.502106 44.707554 19.340165
82.336972 1.741977 19.812882
81.433337 19.125061 17.899006
31.017545 59.421545 18.382694
23.724039 97.406811 17.050872
31.928559 65.442905 17.342716
19.531058 80.166307 17.636659
30.212554 31.427148 16.323900
81.167694 52.061629 17.206273
93.525868 62.437464 17.124532
64.457393 12.512187 21.146010
44.608108 98.120555 18.577352
62.022233 76.681713 19.290179
4.290724 30.057207 15.761196
46.429506 5.314047 21.440589
94.967053 61.192820 16.941881
85.639986 64.846297 15.096432
10.849327 39.344571 20.539731
97.294190 59.689821 15.684839
89.426655 65.960494 16.870538
94.630545 90.586425 21.269800
52.037977 48.209891 19.638530
42.637775 25.170545 22.248798
20.260352 13.769751 17.930472
40.690349 80.288546 19.881075
82.081638 81.448534 15.687317
53.127590 77.658805 15.897000
1.586724 83.503390 15.433336
9.733628 95.461664 19.454920
78.315847 81.963128 17.269091
38.390414 40.773979 22.208032
47.070797 92.941668 17.684675
51.082834 26.030188 19.810116
48.374022 4.173117 18.789327
11.127256 13.675663 18.958816
21.325100 60.570523 20.998305
41.598112 30.046730 16.051633
67.560100 11.121627 19.768780
39.339139 85.313419 15.235237
34.860831 59.057040 17.637762
72.904595 40.138744 15.244990
95.736521 91.205268 17.358467
65.394420 33.512335 22.302698
4.644539 68.977593 17.927895
53.130018 24.332949 18.712703
87.435874 4.590224 15.194666
19.676711 61.952527 20.018938
46.602540 71.635288 18.668254
77.832926 64.660744 17.880529
22.162878 7.822440 16.929396
2.904104 60.103865 15.168693
63.330640 29.321267 16.436746
2.662866 12.117818 20.223732
83.037852 71.144603 21.406188
90.417023 6.180435 19.722140
67.623742 87.767686 18.894550
4.199565 16.472289 20.550750
20.294088 96.395003 19.746027
68.482629 78.524283 19.036614
19.095490 71.589362 18.803702
29.125324 33.212835 15.568427
47.494727 56.582456 22.065649
58.886337 38.596758 21.340142
44.523976 94.989140 16.347272
59.265530 17.749705 15.516543
64.752877 85.753409 20.008068
85.850628 99.755949 21.807409
95.170568 38.503910 18.984991
92.629337 82.201339 21.002971
76.636739 34.313755 18.826957
99.215270 27.217331 21.559711
19.818117 4.339008 19.407700
23.061126 70.447541 15.128967
57.202930 39.598899 17.859574
74.324689 11.793463 17.128727
23.264471 17.991400 21.206301
77.295017 31.078567 19.095126
9.356311 47.218215 16.359542
72.035438 23.910193 20.197552
49.293583 57.371146 17.966954
38.696292 84.590212 18.008591
41.460345 1.132032 21.623089
57.360556 67.438050 17.256574
91.388121 55.016542 22.420270
27.084644 35.768252 19.743304
71.195845 17.132114 18.425361
16.536058 98.448089 21.657550
15.907932 35.412497 17.852994
7.678983 74.605026 19.151166
79.101318 82.525690 15.427033
43.866139 53.115338 18.477578
9.458885 1.391735 16.038910
26.010300 54.465659 17.240576
84.953294 61.529757 21.331881
36.377657 19.881748 20.236872
50.358509 20.216208 19.655451
56.159394 78.102834 21.216635
19.383847 61.966984 15.367791
25.138251 14.652745 15.147934
91.293260 86.831237 20.680073
89.530272 45.193309 19.191216
4.553781 20.606838 17.540597
9.829291 74.437788 22.458573
6.274495 20.700976 22.196168
57.353866 18.460995 21.514241
86.561848 32.062045 17.840189
7.371335 27.325182 19.340398
2.809250 12.215690 18.517447
39.031390 1.328674 22.297735
88.828006 50.454187 17.449908
38.472103 62.614697 19.498434
24.369008 47.542347 16.879665
98.395680 40.744401 18.539837
9.599437 78.263079 15.811545
49.209695 8.988407 16.190013
40.276736 12.044190 19.711486
13.928147 77.295940 15.309954
13.047940 69.510341 20.174816
40.164053 83.633510 20.471203
75.503628 48.365443 18.185919
61.022247 38.767222 20.454174
79.327385 31.889975 19.048968
51.709760 88.896743 21.182139
65.195757 15.936077 18.052096
40.713613 25.373623 15.078904
89.098593 5.599391 17.429274
75.061146 24.583939 17.038547
26.516726 75.067457 20.591322
87.949862 90.855977 19.015245
51.471737 18.243406 16.522631
78.254910 83.985431 16.327443
26.000704 15.007272 16.951150
16.281540 71.384566 19.143711
97.322389 27.789021 17.787375
33.098308 26.986989 18.063353
80.820001 23.663282 16.863447
8.702370 90.784406 17.063479
99.079090 95.032968 16.609156
62.444580 97.246410 20.541297
85.074385 57.249437 19.111233
17.216620 67.375779 15.718339
87.620706 40.698219 16.224566
4.158866 38.631836 17.239239
87.582748 99.503982 21.113759
15.606253 62.945814 18.548313
74.439089 90.271640 15.719660
46.784436 61.902451 22.089575
5.330844 58.517716 19.562335