35.987689 42.689280 19.703196
84.079858 86.842955 22.245147
72.639241 62.062885 20.195624
63.591051 17.556531 21.836214
75.110840 32.843227 20.188323
87.644966 27.273657 20.357853
3.382169 32.582956 15.358977
68.679593 57.350825 21.484585
1.033700 34.268995 17.365742
6.672076 34.778307 21.161760
51.438527 6.599094 18.847541
99.599712 45.724487 16.645592
64.102066 21.436332 22.451932
62.992351 16.363344 15.328554
42.310154 11.874289 17.327716
40.620053 83.547973 16.622910
79.207932 13.564240 17.833193
63.271578 16.446644 15.730833
79.591968 52.881264 17.465121
98.490699 64.768292 18.953266
42.594735 53.193691 17.558807
15.678248 4.346519 17.302529
99.683131 4.905105 20.265837
44.622972 48.048580 21.400618
57.173952 57.732287 21.012761
55.723708 92.009615 18.958246
72.474083 36.718781 15.894104
68.062922 14.196722 19.191689
4.494076 69.087817 22.027591
29.049836 25.731947 17.591731
17.471853 30.987392 15.603321
42.750408 56.173409 21.234273
75.801809 55.040956 16.096824
31.286290 99.933953 16.802030
73.948598 15.993409 21.045032
34.263402 48.189808 15.574129
21.770913 55.140476 15.673464
72.318417 23.609577 21.553132
45.000362 83.575189 15.968720
93.943059 74.949165 21.017808
50.424906 65.244094 16.648783
63.089277 40.929290 17.706904
78.658961 96.646152 15.143818
59.512157 23.565769 16.698608
9.588023 3.451259 19.701812
7.042722 90.186090 21.330308
12.068651 75.456398 20.162968
93.334334 97.219266 17.547960
36.083159 75.509003 15.524388
77.517994 18.089101 19.345867
35.223675 59.918262 20.652121
29.308805 96.382941 20.748286
63.397305 23.778026 18.932058
55.626895 58.210511 19.989083
9.209356 39.726480 21.340428
69.792329 53.267551 15.760164
28.255037 47.672341 17.746430
24.601336 92.768684 21.251954
42.746467 78.485083 18.188290
41.363900 32.165523 16.603693
43.819640 49.009250 16.325810
1.357904 26.609407 15.346035
32.711480 26.875045 18.873706
29.387032 93.114638 18.030003
8.530200 5.459231 17.078868
10.828931 17.144561 20.906485
45.013392 42.816367 17.029129
24.027618 80.317241 21.899909
16.914622 39.939495 19.004010
43.893403 18.488459 19.086939
13.696127 58.259693 22.288887
74.711002 78.044142 19.813995
33.664770 42.540596 20.887855
86.905632 82.364515 17.624217
46.085404 68.136556 21.179860
11.969427 10.738531 18.382525
73.000570 95.771420 20.649668
22.770194 31.149866 22.053971
60.346690 16.569263 18.551114
77.442019 69.038404 22.179033
83.821956 24.745348 19.971866
2.669466 29.197321 15.754813
36.124778 13.362993 21.258504
19.290608 70.935539 19.216190
27.744843 20.710530 16.316679
24.539838 37.927946 16.809979
17.635410 26.244828 22.429205
75.928839 54.848390 17.064481
79.786642 81.022060 17.835713
52.322362 39.374494 15.901811
76.366383 30.504623 16.178066
92.431144 6.704261 21.207117
44.648844 65.468851 17.900571
50.819747 7.450291 17.454629
96.689806 44.899956 16.348525
29.279932 73.936994 20.366016
67.793725 30.491127 18.866312
97.476416 97.181536 18.239373
75.366362 91.039836 21.765169
14.266372 50.818112 22.363044
97.106999 66.782140 17.215033
29.556214 27.809019 21.423047
27.856912 99.536062 15.750155
1.313195 67.458032 21.591353
19.923118 69.618177 15.473616
20.981052 89.282971 20.897543
1.369994 62.778408 22.285429
13.112962 58.347669 20.561990
3.891587 79.981859 19.501815
40.319377 47.346477 16.941034
89.609366 78.555836 19.559937
81.106631 38.876723 21.675017
3.742878 76.820600 20.670448
14.168940 33.578006 20.781966
3.650726 28.380849 19.297482
28.001598 98.930319 17.579594
61.205196 13.149141 21.381310
78.519428 20.702294 19.564958
55.016708 76.474843 15.195987
64.314201 17.124955 22.487034
50.074948 43.910298 17.963568
88.999839 77.315712 18.863635
70.007114 54.556281 21.320220
89.661078 55.358350 22.033650
77.547976 21.466245 19.068989
13.049374 27.735129 15.059290
84.337248 39.284315 19.857797
45.255787 78.170175 20.707890
48.405687 34.941200 17.937245
7.828849 8.493933 17.317880
97.399574 26.017636 20.382946
98.952227 61.855277 17.861162
20.950928 6.546876 17.276640
58.964039 5.686606 21.806239
54.565441 89.212729 18.960502
69.683470 11.903846 17.853953
62.201287 40.369664 18.107058
82.599220 58.934113 18.819892
47.882620 0.285781 16.251592
82.089742 38.179626 15.264775
44.694527 78.158060 17.906544
46.202620 65.807974 18.621997
1.105202 18.342017 18.462130
24.874857 36.696790 21.151809
83.679839 30.361581 22.217175
3.475827 61.665971 18.021707
18.050413 49.574328 16.012744
72.087115 48.446510 19.400946
91.936829 99.686878 15.634780
63.979517 48.153544 20.555190