0.730831 78.662203 17.996722
81.489762 7.137199 17.527809
52.803271 5.826536 19.113562
10.715119 54.665755 17.304921
45.971811 86.331819 17.186193
44.551781 20.858587 19.626478
31.036625 84.093499 20.995965
64.371369 97.451081 20.776099
89.321342 15.503032 17.704390
12.982139 97.744557 16.179317
75.695984 70.168171 20.072337
46.338714 55.046414 16.290982
64.978057 34.323261 22.406335
79.637790 96.949467 16.369287
6.962538 98.881953 22.465811
25.550211 79.951718 21.140119
24.168500 99.344370 19.837430
39.778907 13.010478 19.032794
58.986607 49.711412 17.937438
74.106388 26.869835 19.315474
62.810153 52.347674 20.751623
48.873277 94.396954 21.507372
42.441903 33.871279 17.280730
59.493290 64.795534 19.025233
35.681712 75.428762 16.681475
25.119471 3.574206 18.185949
97.012664 19.289187 19.186549
0.497360 45.721611 18.393686
30.923692 25.198403 15.084397
20.806782 12.306540 16.032128
58.461705 42.123722 16.900852
73.866188 96.099828 20.599232
35.045665 51.788357 15.963595
25.680733 17.699814 21.388820
56.391253 58.326604 19.353695
77.044744 72.287601 18.621754
77.030296 39.937881 18.255585
30.663284 31.437767 17.402905
92.942845 79.446576 17.001807
58.951706 75.970091 15.933293
99.132516 14.672074 19.411884
13.379341 20.718266 16.527295
39.028417 58.825150 16.296960
38.321284 5.917818 16.449914
29.054176 3.096002 15.721985
30.443345 3.563895 15.338270
14.736136 4.456978 20.495849
45.238714 30.531979 16.046778
17.589221 1.815902 17.706010
75.283580 40.732072 20.391259
10.493432 64.169509 18.597346
7.601576 66.351470 16.528072
67.144037 63.043415 17.731930
14.586324 38.284690 17.134942
45.301660 78.278940 19.347159
90.065933 5.786072 19.202794
41.564554 95.526626 16.994949
82.881255 21.029784 17.535549
71.525022 70.055846 20.798538
5.828998 30.500629 22.088864
27.644956 17.464213 19.425448
4.027406 78.043121 19.970543
34.741130 90.631131 22.108290
87.491789 41.503542 15.412928
94.792689 37.341313 19.732892
74.526991 91.123433 18.014022
34.727164 1.578048 19.367080
74.915411 57.721842 16.928491
74.010337 62.888097 21.657039
83.299153 75.057445 22.052172
98.524627 25.491829 20.282932
24.996026 2.136838 20.819350
24.461997 32.611406 22.087604
93.151829 23.580672 17.130289
85.338651 23.829129 15.451796
34.901826 41.478500 18.401866
85.231135 48.280994 15.515086
70.395053 96.616931 21.287360
0.867966 74.792912 15.932109
59.693481 51.891641 18.670022
85.551195 3.025503 20.118789
98.671187 51.446371 16.704435
41.071645 4.385548 21.504718
49.017711 41.920903 18.244519
2.333499 26.174133 15.707801
14.865831 68.366942 21.362727
5.332249 78.781408 15.908688
13.184769 66.789018 15.289358
22.101544 85.854312 17.106302
90.707372 58.612027 15.308755
22.133912 68.014378 21.314834
84.433220 31.943473 17.947121
8.289743 37.815280 18.298202
91.849737 88.094447 16.536900
34.337716 47.950368 16.104919
98.564632 52.614963 20.713570
57.721857 20.647648 19.476138
91.017734 71.512065 15.125373
19.221163 78.149404 19.886207
12.113597 76.035038 20.159331
46.528060 74.250515 15.608275
33.092236 88.473250 15.244198
78.464991 97.159697 22.362803
96.404277 70.176261 20.812693
64.857855 52.139998 15.937928
85.841138 42.412638 22.142861
84.957080 25.748433 16.582466
37.878599 2.045677 18.556220
91.543617 6.484032 22.397875
56.602482 67.835192 16.733178
88.299271 5.455316 18.262337
66.624901 26.711702 18.140099
64.489255 29.892986 18.118625
4.018252 45.762497 19.493398
94.339745 91.548423 18.338247
28.258407 96.105437 15.018243
97.294513 40.906061 16.886505
51.594051 59.607207 22.327306
4.876276 68.129989 15.603775
67.028523 97.298835 19.617546
47.761144 78.338625 16.470884
71.183284 64.422801 21.243099
57.229159 92.448899 21.108439
66.747795 49.263971 17.874745
39.209774 85.416940 19.901881
60.739780 48.714916 16.272946
49.194601 74.565950 20.810741
27.691552 39.082504 18.648506
18.215900 39.455988 21.604566
44.951873 79.034335 18.712290
60.077678 93.433525 21.162506
80.361526 83.692217 15.400135
90.062976 63.601690 15.769794
33.744857 65.956162 15.100438
14.817395 48.782092 16.820545
82.859059 25.039214 18.655249
19.022186 38.332410 18.915361
9.600318 54.188509 15.911028
40.436209 42.310524 20.322468
6.963896 67.975713 17.043050
88.847978 82.279992 18.737958
42.618130 72.020253 18.829259
52.818664 86.385318 18.331956
26.570750 49.710118 21.028373
98.060071 91.612793 18.114829
22.785856 66.446559 15.323231
76.165145 0.535156 17.441539
32.026462 32.440199 16.556078
1.258203 40.316375 18.491354
13.758477 67.036849 18.814126