83.850083 58.652550 18.310840
6.912481 4.632285 15.933079
38.347840 39.429619 21.810495
37.831402 76.562473 17.048407
11.367612 10.833157 16.224947
17.453002 97.153820 20.155974
31.560297 48.986198 15.923104
33.282838 77.421205 20.848078
7.911159 43.175987 21.101888
32.555753 99.710466 17.635108
92.976263 75.205620 22.338374
77.780301 69.390816 17.023662
92.967183 81.362214 22.325493
58.812893 94.083659 17.946344
21.265622 55.458494 16.986730
51.828661 59.773854 18.017786
3.450698 54.461533 15.762910
0.890976 7.611838 19.957692
83.858955 42.265413 21.691612
62.449470 79.367896 19.575276
24.444694 28.007695 21.934163
68.597097 92.106003 16.780381
36.255477 47.086287 18.153532
40.855792 46.703036 19.689063
17.836359 90.242625 17.567290
84.758812 40.230794 19.550923
72.189938 44.589151 18.164263
3.947071 40.970043 19.175866
64.631570 46.980033 22.303365
70.947287 65.593871 15.430784
30.758937 37.883092 18.608531
21.804695 15.996434 20.168783
58.267624 27.535251 17.949710
19.661141 1.829747 17.444039
32.273950 71.897920 22.377927
8.047651 91.702760 18.064224
1.571673 88.817733 18.346684
56.139659 77.839660 18.381778
83.398113 79.671217 20.908171
96.423332 17.818995 19.779359
44.260977 2.747147 19.374080
63.447871 58.195661 17.359725
47.501928 11.345358 21.380309
34.590024 28.977452 22.159179
84.779501 51.758804 16.480414
91.644051 81.487136 17.697247
70.383708 86.820773 18.576846
84.495140 34.479997 22.379380
57.539503 87.088450 16.474853
19.689848 53.733715 19.095578
35.133919 53.123288 16.713583
10.663479 33.941885 18.691518
71.926463 4.182819 19.835233
34.279668 10.565663 17.183897
49.874605 43.797489 20.990033
41.335273 60.635992 20.533029
69.922613 89.125117 21.268347
17.161706 74.288281 17.363079
55.050539 56.072581 18.425992
12.693522 74.995994 18.239915
74.457249 84.068934 22.211883
20.930842 6.849409 15.376137
82.002644 62.404778 16.545922
24.356376 75.524004 16.896481
97.246710 25.555239 17.093514
7.349655 70.736966 20.193528
76.091151 45.657834 15.009160
26.344837 98.008254 18.272177
59.215148 16.849990 16.083194
36.825753 87.922256 21.759282
32.067780 22.027562 18.199302
15.266925 91.243598 17.087364
91.760983 65.791091 20.817981
69.841657 69.687774 15.210663
29.914265 4.065058 20.261941
71.117809 35.107067 15.376189
67.956676 61.985063 21.454448
55.634094 92.031464 20.803667
67.829927 43.835663 20.048159
69.746133 98.434566 18.704197
54.897909 75.910215 19.617110
66.121578 60.093004 22.448731
48.852444 70.520565 18.895364
64.885176 97.872711 19.129994
98.345963 64.380474 17.715094
22.538917 29.979687 15.601891
83.982870 9.591384 18.614840
19.940219 91.157880 18.423174
26.254475 92.099385 20.292214
49.430760 39.550854 18.828729
34.300609 72.100800 17.942073
18.393373 70.265935 15.797194
75.173080 66.717785 15.836620
90.552560 58.925539 19.324438
68.907434 75.072669 20.446404
3.173473 33.824509 19.396644
64.892207 95.988105 16.788473
18.083536 5.394401 19.004001
83.525370 67.388868 20.697266
1.736556 33.454554 20.793831
69.651723 27.566377 19.978932
55.370152 57.337594 17.297999
63.147204 41.530634 20.587876
40.454985 25.322578 15.161852
95.490965 61.755060 18.643302
40.515385 9.312326 15.450163
42.068479 85.847876 16.682725
15.918589 33.705338 18.710362
2.465343 59.949520 20.527692
68.004727 94.575346 17.657925
16.039277 58.141477 22.078350
4.581949 77.079522 21.649159
86.380373 68.482618 19.434938
67.231458 58.065821 22.416094
76.549773 60.268172 22.184891
34.442544 55.036542 18.433927
30.647619 67.184416 19.325660
50.379172 22.567953 17.947889
4.240573 43.903660 18.633530
42.783804 73.293206 20.844142
44.107679 5.745545 20.085570
32.303948 67.242346 16.528807
7.962222 62.365784 15.644527
2.028087 63.926472 18.000587
16.487569 23.342555 22.446447
13.864052 74.346289 17.066385
35.586284 76.981138 21.001882
46.270445 41.191730 16.268366
70.013767 1.199296 15.630903
65.499878 91.970948 19.369975
28.638586 83.716273 21.484429
71.863881 95.657616 19.994270
96.843766 36.422486 15.225902
90.211946 57.406488 16.802565
34.165095 80.558400 19.267621
98.458205 8.238756 17.997628
82.325545 52.858561 20.148277
28.670543 34.200957 17.943228
20.326006 19.116116 20.255056
63.937476 15.080749 20.459337
65.419450 14.742536 19.837543
45.246145 42.571281 19.765188
17.333694 76.634177 16.518876
10.968457 76.297269 21.387533
65.486043 1.947143 18.007032
83.657954 74.318630 18.034280
26.868435 87.893603 20.396522
5.311006 89.354813 21.550797
61.174840 1.794445 17.788454
56.751277 89.505550 19.300122