66.152661 47.056150 21.148951
70.637876 92.631742 20.193230
59.398996 78.524790 17.540361
40.945405 10.898468 18.289254
75.794702 33.055127 20.051537
83.292277 30.956879 15.338683
14.553042 9.020140 18.617903
48.187250 18.576405 19.879868
1.300120 15.605818 17.003249
42.840960 51.295027 19.489890
25.507912 81.966518 21.348474
70.558284 66.725595 19.730275
93.236064 77.271039 20.660373
70.353964 25.825549 21.466401
72.530201 77.624884 20.340372
5.631807 35.883556 20.774652
15.881871 6.186368 21.121547
85.799588 59.785578 21.464225
28.580919 48.639804 16.581647
72.658597 24.776240 19.826604
13.388294 69.581137 22.083265
93.120363 25.032176 19.847045
53.119445 54.525837 20.536533
63.010973 51.461092 17.210342
57.728037 41.151119 20.428376
78.634838 19.125315 17.387274
26.069724 74.029727 18.269555
13.240924 92.100153 17.774907
55.048369 46.243458 18.252278
38.950573 75.649652 16.851466
34.913268 28.687415 18.704156
33.306509 56.186229 18.069915
15.675825 2.027568 21.942931
35.578175 1.398568 20.654663
12.995497 82.341206 18.669698
28.998927 74.896290 19.717894
96.980340 99.521436 16.833280
74.168735 15.068211 20.185324
66.733805 11.926289 19.291327
4.193243 26.097928 15.784696
43.264482 67.051575 20.464430
75.065996 9.594624 20.521046
12.283941 64.682063 21.423504
89.682815 37.244953 16.164131
63.292401 1.721967 17.745650
46.410616 21.230825 18.700187
30.337719 19.772124 22.262382
53.411932 66.019656 18.911852
43.584853 66.436272 18.851208
31.640909 21.648920 18.176051
67.482981 11.653391 20.357825
37.834188 6.675410 20.640625
43.308274 75.979017 15.154281
25.491394 38.849562 19.715000
92.970293 66.239564 17.703578
32.122811 50.388533 15.374047
56.354731 50.423355 18.070493
85.095954 75.199338 20.728159
71.633380 16.653276 16.321171
55.650881 23.217365 16.490258
27.761885 83.801213 17.526909
43.768267 78.954876 17.828839
51.593316 72.919095 20.786461
61.097396 45.648162 22.491694
40.222265 88.085832 16.546386
48.823226 90.150385 19.364643
37.581503 26.598720 21.728281
62.292715 52.660269 20.589975
43.350784 34.070591 15.077344
88.016145 65.621093 18.243409
79.957098 25.103408 22.227177
73.692080 97.101816 17.070435
13.096436 98.333724 15.387119
31.270436 30.133336 20.183781
60.479041 12.478404 17.761392
37.974954 77.134781 18.852569
51.100853 75.139174 16.116599
74.672071 21.304567 20.468919
98.070024 58.720976 18.774101
74.596044 17.610986 20.580511
39.989270 7.793439 19.898408
59.281066 55.338282 21.013320
93.914689 6.302236 16.837337
80.655078 14.860799 20.954775
65.529506 56.098519 19.344412
73.108908 42.738757 22.410255
26.021455 57.567618 17.153739
67.263996 35.131525 16.054591
68.347305 70.390035 20.216207
70.292442 71.107957 17.867230
2.036678 28.236668 16.630915
25.923593 22.233602 18.446705
48.166830 90.882598 17.781295
44.491511 16.945973 15.413176
84.313912 85.975844 21.548331
87.709274 39.165807 19.286884
66.480782 26.139351 15.757176
80.179642 34.400950 19.239142
93.533845 87.332929 19.471339
81.040486 91.428485 21.063549
61.612109 10.670334 19.138833
55.100182 25.320839 18.388959
15.457992 50.773193 21.546592
85.865984 72.436489 22.145944
40.360816 42.389366 18.798742
9.410824 88.024796 15.009013
92.930962 67.123225 16.564917
18.652046 4.389934 19.608150
81.215127 96.404641 21.934651
87.964473 31.699252 18.353956
21.751878 89.242655 19.115787
31.665888 43.737648 21.676090
41.879277 76.820678 17.119262
53.992812 90.936126 17.182498
89.944004 24.848237 15.471310
85.705999 16.230400 18.515147
16.169761 23.673899 18.117653
23.203731 46.685176 22.382906
42.068967 20.708172 22.420621
76.348353 42.716791 19.556558
14.666968 25.553766 17.321652
19.091294 61.905560 22.480743
65.210406 95.123632 19.192464
77.161613 11.712903 16.496882
40.280439 56.414177 19.846175
4.319048 9.975494 21.108321
85.551850 78.350252 16.459674
77.330428 62.318584 21.811626
29.181487 89.400939 19.489194
69.609390 33.593290 19.298540
56.837430 21.535064 19.215719
2.310911 30.739265 22.200791
73.536120 16.188908 17.766496
17.245659 82.773777 17.451784
79.398054 22.891817 17.430506
93.243927 63.088383 15.872645
48.146919 21.935707 18.041793
74.835287 12.335345 15.148784
4.262133 8.916401 16.474054
23.423909 93.054256 18.564848
4.721448 26.672686 16.007746
31.213173 58.467950 17.257079
20.171192 15.319555 19.465138
11.636732 62.583115 22.109527
48.870162 90.277609 18.502441
67.702244 64.448099 17.376118
5.820564 69.048144 16.877985
84.823687 22.961750 19.336179
31.132744 73.402780 17.795172
50.700244 80.295584 17.608200