79.338748 43.132401 18.930351
57.629627 79.824886 16.215095
77.439182 51.977790 19.133019
21.588685 38.620543 16.067775
35.020955 7.487645 21.673782
75.421159 78.210662 15.198635
83.235584 78.334428 22.048816
70.344859 43.098101 19.563561
4.217046 62.396283 15.207128
61.765391 50.078183 20.902544
77.344991 25.145724 15.166876
8.239520 86.966669 20.772076
9.544656 62.002521 17.880283
91.374602 27.172030 19.613309
82.209344 39.722558 22.307817
6.501563 11.165169 17.336486
78.750977 70.076184 20.640538
1.317275 5.819783 19.115350
34.689095 33.028710 18.916378
15.318223 46.842541 20.001742
42.829267 8.724479 15.430098
15.068780 17.254277 20.814852
21.585070 96.097608 15.743046
36.100478 7.971666 18.591817
42.251402 37.865055 22.104677
58.490910 46.582224 16.283230
44.439979 46.971916 15.867102
52.097794 78.290534 16.006233
60.437672 52.899795 22.014118
78.172785 79.607986 20.203031
70.925734 85.906703 21.200220
67.846875 92.740053 21.318604
42.438051 35.432964 21.293906
74.267292 4.741723 17.267178
22.984495 61.440383 18.354657
55.122568 53.500355 20.755206
36.286156 66.782894 18.958265
92.828906 79.574497 15.738953
59.651970 73.136674 17.356098
39.068514 40.043683 20.910655
45.349963 78.390035 19.192938
99.420582 37.754560 17.201199
21.665723 20.096324 20.490381
8.378206 39.114638 19.178784
32.681047 19.450759 22.458155
88.281245 92.664261 20.959825
33.549357 39.774939 22.351260
78.778406 91.687696 16.725218
81.618012 21.814210 20.427773
5.409181 56.184134 15.595121
46.383851 16.581557 19.275069
24.281779 32.305194 19.990704
91.819823 33.921665 19.137313
6.192603 80.815419 16.048944
6.582025 22.929215 19.745355
62.841937 73.216006 15.844778
24.721253 1.863143 15.113853
2.336703 13.617175 19.171093
34.973735 15.875033 16.103176
5.804164 62.215838 19.822279
77.014949 32.475128 19.540526
93.005812 46.665188 19.226374
99.114744 17.098372 15.389162
29.340028 44.272919 20.468202
17.958445 89.934762 20.009463
12.985545 16.166246 19.550027
68.744297 15.313082 15.779632
50.841142 36.101076 21.364555
78.273391 3.124386 22.075524
99.201477 68.771535 21.964964
38.575025 41.835398 16.471490
62.297119 76.706418 17.873953
76.906001 73.419215 19.090755
28.934845 11.996872 18.055523
0.407451 60.596084 18.829232
70.010468 21.451075 18.664479
5.568616 1.965444 20.693526
74.925649 14.914432 21.068565
49.892002 75.121157 21.959036
71.876206 79.011741 20.228268
98.128742 93.147671 20.928538
91.947274 50.257461 17.722464
95.218290 74.284789 21.228232
39.805048 19.438935 20.503807
35.929197 34.261851 21.282989
87.276223 59.898654 20.074565
21.832740 93.963248 16.467941
95.032967 99.568462 18.808513
44.087058 32.817563 15.086411
71.573842 18.328528 18.497935
89.190553 72.973083 21.474104
57.456361 29.572460 20.844846
64.548309 17.237525 21.851218
96.171349 68.591926 15.465651
73.491903 43.629864 16.495248
83.097827 18.519136 16.932276
55.450270 84.473695 21.148335
82.047073 17.562138 20.675268
56.907583 66.503054 19.525740
1.375971 46.768855 21.168154
44.270355 97.851008 17.330169
13.288662 46.671409 21.784879
42.354248 12.309609 18.164690
81.850772 93.219859 15.607995
48.642453 84.462130 18.579647
95.445624 95.345147 18.244262
0.505328 63.563175 22.070116
53.917144 93.102046 20.462138
17.113549 34.075849 15.172696
92.659410 28.510061 17.492580
22.496418 6.374587 22.306378
42.876766 41.021094 20.273051
3.962822 36.741880 15.001514
54.461666 37.540783 15.760713
64.722855 49.014256 19.149470
24.631316 92.285703 19.900972
5.271874 54.830799 18.280270
13.822358 2.001976 19.581016
78.402539 39.669966 15.653143
31.761552 59.532609 19.798457
55.704552 65.227063 15.023108
84.871209 71.449530 19.757758
58.622666 7.315538 17.084508
3.146664 58.699744 17.061256
48.151347 57.098758 15.345207
82.604605 18.963381 17.552217
48.808244 93.711359 20.562018
17.153493 13.575853 21.503981
97.911216 90.470422 15.149942
97.154139 38.989114 15.601949
89.592145 3.994537 19.909817
13.755289 87.606555 15.182419
73.765607 58.560367 19.161712
21.798160 45.857190 21.414157
85.212215 59.014903 20.869310
88.455204 25.705172 20.431839
81.733521 83.506255 20.977767
41.075218 17.084067 21.759728
43.470638 73.982770 21.575384
27.487159 65.739336 20.850302
22.579527 1.993949 15.641148
58.250357 47.063207 19.191337
32.730616 87.622723 16.186043
77.379200 75.680694 20.293001
8.570162 89.900413 18.616146
92.193345 29.517338 18.516607
54.192326 27.532790 22.355062
77.947685 47.612645 19.391170
5.990054 64.367330 22.229979
37.368462 10.930503 17.892852