67.853684 10.982785 21.544489
68.323328 69.498878 16.645603
34.137581 52.301547 15.867570
76.655535 59.541271 17.617510
1.383446 30.072329 18.225728
22.970953 93.395501 20.566748
6.280161 53.623971 18.244940
65.272847 81.870364 17.222400
84.572502 42.952326 21.091569
99.017622 98.090033 16.893532
18.236427 65.982412 22.486934
87.160271 97.836468 15.295542
82.934399 65.132701 20.308040
45.067504 90.058633 16.246310
39.419864 76.291931 18.781168
37.443776 64.170089 15.702613
45.868222 79.423949 15.686137
91.855014 26.226927 20.441908
58.593485 73.070588 16.786817
92.497359 66.964218 15.667743
67.605398 69.075363 18.381707
73.413477 13.468864 19.961107
57.201430 14.063247 22.164897
28.652348 11.325095 16.064983
34.714160 10.391104 17.813737
96.199128 85.455293 22.116853
70.856207 28.389562 17.764801
32.834050 70.282760 21.802118
86.031940 2.215549 22.291880
85.184910 48.293930 21.147125
38.357995 89.799975 19.098485
43.971505 20.845823 16.781122
70.544396 7.418746 15.776363
2.920670 30.100042 19.340745
32.846051 43.865933 21.421405
52.687223 16.110762 19.559991
40.622521 98.923930 18.801392
39.000182 8.594936 16.417106
41.756443 0.025890 16.763770
42.847316 61.178015 18.141998
47.035894 22.014620 22.117412
54.255694 5.736746 21.015868
96.172144 88.960998 15.808412
61.395592 59.188905 22.284422
88.194012 16.980194 16.056781
72.146270 54.180050 16.833066
20.106803 14.451988 16.718688
41.959347 9.646392 18.042516
95.550302 52.725351 15.257261
44.736084 23.879926 21.873592
2.424610 60.479355 17.559714
43.183852 45.419813 18.400368
36.840083 5.104793 20.216950
38.147145 42.175460 18.295639
68.880366 90.847287 15.625632
39.925096 52.829423 16.899937
68.774927 95.708985 15.310348
60.621244 72.867763 18.772008
16.903106 3.465583 16.058013
62.909207 26.870429 15.005408
3.738583 96.572922 22.154727
49.002302 8.915113 22.146635
11.054813 37.959486 19.456055
17.439159 45.349242 19.752683
97.368519 23.553199 19.880039
46.951413 18.958511 19.487789
37.934321 59.989804 15.220471
55.343300 44.381496 22.255870
59.414818 81.865507 20.401802
64.625965 29.058472 21.370717
8.202597 13.532551 19.277086
11.803550 39.277754 22.158053
61.552842 5.148042 20.816725
48.165638 4.884632 20.627383
2.685653 80.734975 20.704304
54.731987 33.593889 16.334919
91.344711 7.377593 15.009264
53.520669 33.881345 18.224795
54.559234 82.030580 15.419916
80.176494 95.154167 16.537805
10.888802 34.678706 22.468918
35.735498 17.101956 16.692891
21.494355 38.400575 20.897077
20.141218 6.487606 19.074326
3.907286 32.268756 18.573275
27.446458 45.178719 18.343985
40.988414 28.685526 19.754760
84.295096 87.582696 19.883919
19.557074 48.579814 18.629787
7.682144 67.640867 21.142110
3.623007 10.033748 16.695754
39.746438 10.186735 16.498430
24.080138 86.234173 20.412472
76.353652 61.505369 16.186774
90.966250 26.343040 21.962199
20.074374 10.569990 15.595795
48.663375 30.922721 17.840983
54.889071 72.405754 18.474009
39.139212 47.712901 20.082305
16.072034 8.423836 19.097180
63.378211 9.700169 17.704013
47.450723 61.456932 15.684914
74.962872 63.885075 18.911915
33.416989 81.059107 16.100352
75.605312 80.031699 19.057508
61.467041 65.092834 20.236148
81.043854 59.244190 15.147619
56.397637 92.656443 20.942748
23.092064 11.274267 18.919494
6.258992 13.473887 16.186957
33.755211 90.435048 21.091030
82.732619 47.605098 16.702907
80.485380 73.445227 16.270337
82.671088 74.952365 17.536426
73.041090 39.386303 19.470401
57.945027 85.060592 18.082907
54.180334 51.829800 17.515061
17.438317 66.342155 19.602230
67.332890 71.345411 15.114387
48.482145 62.893868 21.281876
3.346007 62.900280 20.378225
66.256412 23.018375 18.042485
6.911375 82.798951 22.157422
33.529663 23.364189 16.646715
21.659013 9.955090 15.838963
9.501857 20.740678 20.209614
85.365326 71.070624 20.359639
77.497440 84.852605 19.495121
39.713518 97.946357 19.192467
87.013782 98.211819 19.043376
74.902582 14.489647 22.011532
53.518559 74.726677 18.973724
11.788126 55.051561 19.912628
44.106912 72.537838 16.612996
52.196609 39.394501 20.242961
73.654331 3.677064 21.940733
67.890497 95.246216 17.040089
94.201550 6.420501 18.172745
81.300191 96.834443 21.674659
32.258557 66.343745 22.342365
88.469227 97.935976 18.462608
72.928120 59.168803 21.861685
33.331599 7.104370 20.199302
82.714440 94.739019 20.888464
12.211440 81.461620 22.454223
36.979258 71.136909 22.111976
94.481529 3.582688 19.697174
53.020514 95.683781 17.344614
60.859622 34.968364 20.836566
16.134791 98.632405 19.130082