62.964130 60.246569 19.534140
91.171489 13.656821 18.801553
80.092004 54.599124 15.458711
16.252591 86.022231 17.531960
95.853450 20.945290 16.317945
22.203687 23.661798 15.252072
89.455209 62.401093 18.690214
40.164294 69.494513 20.018706
73.979795 40.417004 18.147340
70.980210 80.107999 15.021873
25.841305 94.647228 22.482242
6.982029 31.635123 15.481393
70.844762 59.152487 21.417900
39.772151 49.124060 16.451062
27.829771 38.323374 16.896401
42.332883 17.371476 16.060499
1.315289 91.146501 20.276153
42.978939 92.653640 20.487520
49.986722 95.552667 15.278821
28.760777 16.432201 17.181433
46.996796 48.616929 16.243927
66.761250 40.612451 20.034646
84.105399 93.050453 19.975443
77.269110 49.195783 17.207567
91.128800 5.585512 19.664838
90.518056 70.065667 21.884703
47.671542 33.209895 18.602181
19.290493 47.226192 21.957443
68.455086 37.786880 18.726901
0.815657 89.702558 18.344253
66.488904 62.345420 20.064448
27.566856 40.062608 18.176041
11.541993 32.965369 17.895393
50.692565 46.855681 16.949437
52.754087 13.528799 15.084830
93.749383 86.887612 20.336717
47.199934 41.614150 20.610627
94.724077 58.363650 18.092479
33.416091 42.845245 18.603669
8.693759 43.344138 19.723097
96.306895 43.184891 19.141708
29.968135 51.883697 15.670632
0.972747 63.970408 18.498980
31.122997 84.059131 18.684301
54.728915 51.248999 20.849235
45.972399 0.760448 17.842737
9.424493 38.914089 18.143734
22.623251 15.470753 16.577277
68.475436 85.964906 19.685620
22.954979 19.001222 15.611444
72.801611 88.033112 20.442653
25.057228 70.039614 18.585896
66.966503 53.098777 16.080974
18.961617 67.293892 16.822813
4.196969 12.698983 21.524679
47.149557 42.415031 17.228859
64.606768 66.657559 18.008565
97.365454 92.716418 19.477880
94.849583 15.687888 19.975110
5.211743 86.360818 19.438187
93.905665 39.681829 22.476088
99.739229 35.288021 17.154941
9.522518 27.838643 20.157964
65.847207 77.749864 22.410939
4.999677 92.630145 20.973604
35.962726 5.682569 22.223933
32.258283 28.277052 15.062273
97.655318 4.772718 21.362364
52.819607 82.085876 18.615503
55.100227 9.144835 20.638103
3.879356 9.209765 16.766882
47.010702 38.578285 17.505906
15.551990 90.513072 19.617344
62.187936 25.338680 19.551043
70.782373 71.654290 19.165405
68.116858 77.606221 21.867554
2.269311 67.941826 22.296085
17.069969 92.464389 17.610349
83.834078 18.135596 15.173866
55.471382 36.249996 17.048773
25.615358 28.649437 21.938412
24.292037 4.087083 15.804705
98.502329 34.632662 15.420556
21.567092 67.386152 22.431252
36.352279 69.509765 17.568112
47.007453 89.923993 16.257983
29.334382 90.079322 20.921357
27.573803 46.596913 16.058084
42.838273 65.728108 15.813990
2.884424 16.221897 20.938314
15.855000 48.730919 21.409964
85.383748 56.129527 20.324592
54.543826 78.350871 20.204141
81.865698 85.901581 20.954214
99.726135 39.357344 15.370744
84.483366 25.994051 16.924880
32.456883 44.402504 19.565374
96.947538 47.742463 19.307976
47.693037 57.002847 19.246045
74.802751 0.416763 20.595131
21.787334 28.358453 18.902088
42.943269 78.813444 20.706968
97.172563 5.430406 16.698253
71.058019 64.321561 19.583478
55.256368 26.529827 21.030734
96.631933 18.160339 20.579893
3.457079 58.674095 15.245208
91.489383 75.475965 17.891733
97.075308 78.118711 20.870191
27.557556 73.111855 20.232311
60.376050 41.263343 16.351513
88.760026 2.387105 16.445854
92.317352 72.633038 16.944055
86.550139 28.253801 19.376100
3.871586 31.690848 22.052880
43.158067 16.637921 18.388133
56.116959 89.364310 15.087023
21.497826 14.676166 17.890821
59.742541 18.439991 16.393983
43.365285 39.448065 18.868942
84.740698 4.456337 17.485877
23.838648 11.026472 18.331509
70.238721 31.350077 20.377375
92.961935 1.233308 17.978132
1.702733 51.426778 20.658829
71.533095 31.818788 16.739859
92.946853 64.498023 16.005375
7.627394 4.017481 20.085348
60.966276 28.657165 21.814408
28.699510 81.675663 20.955592
79.311275 67.714401 16.685777
70.171439 54.117272 17.245334
30.131981 23.908455 17.686670
50.461439 33.694625 17.250644
46.390895 48.346309 16.606014
19.958643 74.887398 21.277555
98.605705 88.501697 21.857442
44.875596 37.429337 22.461281
15.770934 80.748955 19.363327
66.916793 56.351913 19.876945
24.840577 42.747470 18.460689
55.780695 4.584885 19.446395
54.330417 79.612201 17.605677
7.759479 87.734485 21.124799
99.987773 38.620252 16.287834
22.456524 10.583133 20.831388
66.273239 60.521353 16.160356
46.419478 82.515028 21.399773
25.512619 79.243318 16.218542
6.107283 88.510377 17.963967