9.756974 30.042577 22.152228
75.104415 15.438352 19.687291
57.233242 45.576895 15.634598
44.589520 82.598333 22.004680
78.957573 84.441314 19.430606
4.692302 27.337460 18.904167
27.031213 56.331580 18.468089
35.776623 86.769150 19.855952
98.567676 18.814609 15.910217
0.861818 89.894563 21.335105
86.787543 56.779672 21.290865
43.382545 34.609768 17.805985
47.727048 79.553297 21.791442
31.334517 65.199657 18.863095
98.000913 89.617445 21.941264
18.423886 29.642887 20.466717
87.082570 76.284173 17.056963
54.810924 17.283667 16.975432
35.295872 2.176791 19.053890
41.175310 72.447723 17.072481
32.604784 21.015747 15.399352
87.882077 29.476501 17.056739
79.354634 0.192522 15.160881
99.083455 22.870697 21.253166
57.485707 63.260582 20.902950
53.504258 75.701312 21.566692
49.456676 77.970785 21.501458
62.529705 0.526083 21.140480
81.357860 40.094051 22.095714
10.966985 64.861660 21.990208
34.410804 46.668907 20.024648
27.155360 16.215204 18.148087
41.664009 81.378818 16.297011
3.135219 17.561957 20.531160
81.151937 89.211183 16.792093
96.518860 25.434686 19.309171
4.119250 14.167361 19.033689
69.215490 66.215473 18.224434
82.296497 48.957129 19.516428
51.435734 37.612535 18.063262
41.617569 5.492870 18.881379
45.405530 5.998980 21.780046
17.942469 43.904003 15.305288
8.108291 76.204968 21.042852
91.913996 91.851888 20.401106
35.798704 24.603435 21.375031
76.192866 23.925916 19.746486
90.254646 55.275619 17.450732
92.626052 46.025280 18.645324
14.165780 56.255964 21.396818
97.313834 68.062581 21.061806
77.749204 47.509203 21.805523
64.740975 40.770866 16.210717
16.057723 72.252668 18.904366
35.012929 67.272298 19.593708
48.163312 20.360041 20.391390
31.024275 92.670327 19.343314
43.712025 72.373708 19.418267
39.657093 72.238074 15.350912
65.918456 78.023300 20.387669
20.088988 18.983796 16.828086
97.699856 82.901930 15.087237
79.471749 29.255854 16.502897
64.423401 38.649144 19.748981
81.909058 9.072506 15.007070
19.962977 99.982485 20.107218
75.791987 78.366691 16.277681
70.580241 99.594677 21.584787
28.283730 75.539204 22.184703
99.468214 59.385079 20.924854
53.037525 26.123456 18.193732
49.808012 64.623043 17.735906
97.773451 92.256173 22.128395
38.046191 55.722158 21.281382
60.266698 57.926317 15.822576
6.130993 39.245897 17.623921
8.680760 8.878134 18.080678
3.130766 51.953560 18.438252
38.897332 99.569385 19.460936
95.192183 8.607321 17.776456
21.079734 60.750801 20.891055
90.173128 82.983780 15.400460
88.038284 36.588633 16.742658
41.475057 2.785834 16.223290
29.676065 47.732581 16.794131
75.130905 11.208364 18.464382
89.903425 1.842244 17.760175
71.803337 42.539021 15.427345
95.301897 81.312061 17.534957
16.113435 96.066287 15.221453
8.731954 10.629582 20.210401
32.212025 21.057833 16.570240
18.134176 39.571832 15.576973
70.139304 68.896625 15.728439
78.344024 51.792651 18.912179
56.549733 37.719538 19.083948
44.135729 86.685289 17.525124
43.739370 58.708020 16.782409
68.485201 33.261992 16.624263
35.062939 52.626303 19.022975
7.168023 8.037735 21.423248
84.365893 15.137882 17.517090
60.352755 48.144117 21.238661
60.642263 9.797320 19.087524
33.140050 87.983168 16.827722
2.521353 24.748824 22.397655
47.968950 38.517329 16.653773
95.686044 95.750115 21.463108
60.013428 83.476154 15.338804
13.266830 44.522915 17.311849
83.445521 92.577177 16.228338
33.806179 31.440171 20.636975
92.447131 5.926236 22.227073
93.391053 63.103839 18.929344
29.094850 90.667409 21.811036
9.443097 83.809378 18.087931
74.228534 18.469015 17.564235
23.362522 26.337241 17.229120
61.247832 64.102838 21.575067
89.146519 6.021450 19.133035
50.195828 51.009050 21.021639
95.999868 13.374909 17.829862
0.616482 70.726253 19.285840
32.659758 40.340531 20.368541
5.196001 15.390516 18.942285
29.442900 19.872850 19.740626
73.743422 24.736580 17.199352
36.786077 58.220592 21.342434
19.895680 25.617755 21.311579
79.429072 6.239797 18.577742
8.410432 86.808882 21.736585
70.104871 70.716975 19.465430
25.018282 21.666787 18.897618
12.858958 97.367201 15.065074
91.759683 36.686983 16.870188
80.587379 73.137569 21.098983
7.736971 80.446805 15.589470
49.141445 82.621879 16.910121
93.365044 15.101163 16.720379
22.212338 71.236588 17.259328
27.493034 98.106147 17.168334
95.232525 19.526898 21.972785
16.775473 52.714096 18.176056
52.963761 15.578308 20.480418
27.372738 16.051494 16.588330
27.761628 14.972645 20.153828
45.371353 20.449217 20.057932
66.156864 16.063040 15.562269
7.418084 62.508955 21.165188
2.279723 94.060233 16.244836