24.337273 51.253185 15.208012
51.844551 27.621826 21.299168
43.745539 56.066423 21.840258
3.429044 28.193925 20.450320
67.041414 70.996940 17.936694
99.592730 64.425342 15.517029
9.797409 68.357889 21.187218
64.275150 85.715528 15.884026
50.904552 27.392140 15.011306
54.040891 5.878617 18.842651
22.682512 89.483825 21.164508
37.845762 8.267402 18.539929
67.497755 44.037870 21.739005
28.360388 86.122823 18.955660
92.542642 27.213246 21.623864
78.824023 10.904429 15.286404
71.441686 59.464533 18.045426
82.094207 58.672207 15.233119
59.553515 6.218299 21.286574
37.915272 57.411222 21.999157
33.329149 22.424456 19.753439
84.269656 32.760065 21.139908
83.896466 82.337465 22.290675
39.592411 8.676111 21.822532
39.175741 4.552841 19.331928
0.728371 10.982791 20.825774
95.308159 89.895693 20.446344
63.121788 95.349247 15.936377
3.682600 89.883029 19.314659
49.437046 86.449477 21.614700
74.860724 81.338289 20.504764
25.249497 55.994668 18.824372
1.462219 40.902803 15.221242
75.818367 66.181756 19.546196
94.114641 32.885165 17.955944
89.411314 18.912769 19.170799
59.667300 75.247036 17.293799
67.529306 87.620461 16.275696
26.792054 66.598365 21.488892
81.831579 31.802519 21.419193
39.349614 6.835875 21.172302
96.786492 63.710068 20.741143
6.012933 74.312386 18.924711
98.072255 45.564485 15.665172
21.789220 49.565981 15.321018
31.038520 95.635042 16.968876
17.548490 11.276750 16.874419
15.177199 68.124399 16.501458
17.755562 12.564016 19.457749
37.308945 60.608475 20.916307
36.930821 27.656477 18.694383
15.505104 17.885605 18.459606
71.789527 84.536221 22.189203
65.854018 84.167876 16.153738
99.072481 64.438404 18.272280
18.519727 58.250629 18.193978
97.806908 5.436408 18.445004
29.411252 68.094887 18.432586
48.820376 81.394591 16.312529
41.376420 20.521379 20.393145
44.338119 79.367797 15.442734
89.435799 41.184771 19.962222
49.932588 15.590100 16.767243
39.090446 47.048200 18.821322
74.868113 61.027181 15.721369
93.215226 80.736021 20.326010
51.533556 99.602162 18.767983
66.285424 0.141739 18.475884
13.821835 48.875767 21.935035
81.021327 23.942384 16.261257
68.748938 53.189345 15.956695
78.882628 47.486022 22.367633
85.398734 80.103461 17.291500
96.754831 13.945486 16.904103
36.336174 30.392698 16.585056
16.666600 12.440399 16.257549
81.866295 59.738810 15.128125
26.541929 47.325666 17.573432
93.271570 98.390066 20.183131
48.093279 45.268741 15.049583
76.184421 29.817116 22.312347
33.493540 99.416145 20.267176
75.214013 98.120683 20.811296
8.714745 67.398789 15.181169
99.269866 67.945691 20.806782
97.637672 7.723899 22.468994
95.882337 61.311687 17.647107
2.295584 91.861750 21.834210
30.919693 81.918142 16.481519
12.184101 12.373816 21.296389
4.881196 34.050120 21.107586
73.632828 86.625152 17.626808
19.461689 44.579459 22.307293
33.880096 87.097765 21.895397
21.922372 50.842701 21.632409
65.459966 18.974271 19.756164
13.448539 3.615554 19.052716
66.242164 69.894855 18.289310
89.569189 22.396932 19.680063
17.684809 3.319258 17.007397
78.333337 57.242665 21.741288
15.956439 46.021170 19.902410
72.170411 82.327872 17.339258
39.644155 69.148197 21.700196
27.659251 66.736842 20.279190
24.262411 69.462787 18.588748
30.984252 19.337314 21.459831
95.232722 9.798837 21.279652
92.862290 22.193227 22.412767
53.916917 77.648492 18.912783
55.563269 11.858030 18.049532
93.542357 27.687845 17.197501
11.082395 20.802133 16.972319
22.519532 52.358177 16.562899
60.653159 18.570959 21.847570
71.303761 6.611599 17.831261
77.734226 4.583829 18.330282
96.963893 31.565961 21.877881
40.347856 40.063384 19.776597
44.051627 21.314693 19.174481
66.378002 42.085491 18.165355
6.360105 91.538778 16.956274
53.738090 73.210947 21.332666
19.535674 32.910944 15.977689
2.370648 15.631729 16.876547
8.787152 80.622399 15.022378
58.124812 43.204045 17.760583
35.398884 92.587752 20.333218
14.993429 98.105333 20.457048
82.946912 8.836495 17.583070
36.944057 82.164887 22.080427
56.444578 22.247843 19.818518
21.891585 50.997946 19.839513
52.289476 64.363377 17.985213
91.302929 65.793125 18.245552
95.618327 86.520318 17.427838
20.009265 79.308201 19.259739
66.868991 82.836381 15.894099
64.174221 81.216152 15.008782
18.207362 98.680128 22.006925
39.984284 4.279746 15.832809
85.263776 94.834655 21.124343
39.554037 68.408008 18.544337
56.186557 63.808564 19.921195
62.875511 61.868139 15.943387
2.749231 78.585892 19.252775
18.910870 14.572578 21.866276
28.436868 69.458887 15.690733
54.896740 70.728786 16.655019
75.768356 71.459324 15.933471
76.111532 10.915182 20.446466
91.713422 27.270190 16.492727
10.181866 70.941457 22.122246
38.713712 38.372377 20.410153
74.594134 49.067788 20.623272
94.860247 3.980813 15.329412
42.927910 70.602764 16.421367
15.042399 93.307185 18.066942
11.590329 71.833144 22.258653
39.269442 80.553798 19.436261
90.285562 92.757722 18.865372
82.861931 78.979065 16.691023
1.871023 96.851661 19.072707
61.596627 90.455736 21.071682
57.455659 83.911921 18.059273
13.523731 69.772871 18.730693
0.764096 60.948756 21.501780
20.711038 21.071143 19.064484
51.053421 52.072668 17.478658
78.777879 74.237323 18.542686
32.570517 15.272000 16.163359
37.479109 1.220973 16.246033
73.752817 88.052661 18.237790
47.937324 51.794589 18.845073
20.455525 83.461618 15.316437
48.137137 1.165965 21.748106
63.676455 83.682047 18.867972
99.303899 27.533413 15.118966
9.138546 77.198404 19.661358
69.464393 13.808219 21.659438
63.842812 35.925886 20.958111
74.732828 90.200729 18.187838
83.060800 17.182028 18.362467
12.479159 2.545841 15.782803
32.549203 70.689359 16.693274
40.076407 37.696815 16.881866
30.343458 42.654482 16.525201
66.961241 81.506215 19.903315
0.546427 39.228143 19.218994
35.204429 71.219729 15.909243
50.846845 52.158010 18.900388
49.841092 50.878490 17.196328
7.102601 11.633003 19.019453
82.996533 86.033044 19.142344
48.941122 92.132132 18.989067
92.258556 2.842679 17.363975
73.706114 51.863994 20.688792
6.063135 45.218720 18.918664
50.372071 49.606175 21.544549
15.186864 15.833285 18.772427