87.481625 4.666756 15.153514
11.272856 3.553804 18.479411
79.670140 10.261464 21.259823
75.082716 39.499802 18.802087
88.693106 55.599637 19.735815
11.856633 73.225447 19.116250
28.203587 56.592874 20.790459
18.605047 47.604820 19.790045
25.856871 95.143439 20.819523
15.925620 95.703141 17.031889
27.702541 37.659276 20.998465
20.689516 16.858707 22.473329
95.749212 26.410393 22.412724
11.862321 42.624678 19.806421
84.802677 20.658837 17.564807
44.030301 16.971013 21.370253
26.945987 16.575894 20.796742
46.185717 69.033740 17.299083
8.382462 7.042334 20.157846
42.836289 97.493207 17.160224
43.274783 92.949030 19.889861
10.870637 65.560178 17.998440
54.665126 96.137749 16.794760
10.804742 93.209150 17.227287
37.146078 2.872124 19.219857
13.158992 85.489304 18.588177
15.800645 98.013713 20.839482
52.916522 84.455767 20.960979
3.659738 50.868306 16.753695
62.153469 33.769335 22.383020
95.010106 94.644060 18.033377
15.562956 6.546052 16.350823
67.699374 73.658126 16.947004
48.585316 33.330446 17.353410
30.482280 3.925753 17.076905
79.912289 87.239443 16.541719
98.438104 18.131165 19.022408
74.246886 51.675016 20.540190
54.276305 7.194319 20.822620
85.239858 35.511863 22.459522
15.284788 6.344986 17.683381
37.806064 27.967668 16.069294
19.729195 56.731476 17.926456
31.012812 91.544210 19.498316
42.834822 32.536922 16.255778
75.140329 23.809096 17.819480
63.640935 7.595222 19.691820
76.927900 34.255923 19.931609
61.599797 80.539877 15.514421
87.732426 98.493893 20.185227
80.445940 49.586075 22.177033
50.704016 92.213537 21.723752
47.432990 61.798157 18.102037
61.606974 54.046573 18.083788
41.968892 98.248167 21.726336
29.836134 76.925345 19.833580
38.232753 79.866436 15.244753
90.462095 66.052847 19.902996
70.235358 51.029846 18.761845
13.824605 77.109378 15.449801
89.305918 98.548862 18.539104
50.875695 84.805801 19.286798
20.486060 63.850344 21.615158
25.640497 0.165039 17.066030
5.601899 88.522365 15.716711
55.041975 60.228986 20.074188
99.191722 72.478081 21.490729
89.802143 90.917465 19.828012
56.774742 32.648674 18.561058
79.544857 41.239150 21.016818
82.627989 53.715936 18.205110
82.821442 42.769627 16.783618
5.065475 41.310199 16.305111
18.043565 17.639761 15.812546
49.501566 9.912592 19.565973
67.410371 31.377225 22.249830
53.704934 76.463132 16.658195
66.330997 95.304206 22.065779
68.332497 71.444198 22.077260
48.428694 60.677619 17.401507
37.768185 69.140475 17.523483
53.410019 40.470744 16.987538
57.682674 49.296096 15.018305
37.503400 47.818702 18.503233
37.984864 51.744750 15.156932
54.160223 88.330361 22.330608
45.138627 60.569786 18.585281
36.332829 82.387488 16.537825
92.451062 10.078349 19.890528
60.540203 93.637507 16.617021
42.783214 28.791175 19.694621
64.492388 79.495424 19.357005
10.731701 62.261429 19.276591
78.245455 49.713767 22.043683
74.890631 8.265028 19.604435
42.302898 70.520858 18.895051
48.133029 60.991879 16.518063
64.451864 11.686352 21.930920
76.474299 27.881816 17.678025
97.484193 84.485088 20.711334
92.727540 28.172300 17.583197
76.039252 93.552714 16.662838
99.944695 62.253621 16.892467
57.591311 94.648534 15.057290
47.876805 7.564457 21.670762
6.734694 30.144294 16.289069
39.763495 43.225941 17.690095
7.644204 8.894924 18.699238
34.140521 22.860792 18.411545
12.878341 5.612887 20.001095
89.388597 45.564067 22.420243
54.460802 12.868627 17.038405
10.465847 35.682260 17.035581
32.868593 86.285363 18.806857
59.372722 46.256917 17.029817
82.548814 58.809482 21.927853
39.763593 73.887784 20.056488
95.844758 5.011210 15.558211
16.101235 70.026563 18.755822
54.292613 76.175267 16.276856
9.491594 49.362970 20.946804
3.928780 35.409449 21.367689
9.058862 31.332441 21.724286
28.335135 3.751587 15.199638
21.442063 60.271871 15.317980
98.062935 81.971848 16.451580
50.006289 77.040930 19.424917
46.614466 4.419628 18.419734
75.250987 16.114740 16.928624
60.585819 59.661883 20.005155
27.195400 97.125304 18.961738
20.991688 40.080457 18.172630
60.214679 83.700143 16.035619
39.364980 34.985972 15.815377
83.123348 23.509958 19.046017
85.882983 18.662824 22.114049
96.881936 10.729639 22.338067
30.047114 0.398034 16.755018
70.094600 43.321263 19.998756
83.092015 0.858449 17.294688
58.768145 82.955972 18.640034
79.403108 97.062588 19.968356
81.244938 98.161787 21.411002
79.290710 81.212295 19.235909
1.360438 66.662720 22.324332
16.352221 18.604035 17.089197
61.249829 76.889822 20.777100
21.534326 77.628711 17.381783
73.118966 23.347944 21.438102
31.728912 74.742772 16.586152
90.308118 15.163744 19.451488
84.833786 70.340169 20.941057
84.842111 21.387317 16.299220
78.835302 49.766017 16.243756
49.404418 65.722023 19.554918
71.593492 44.735695 21.709011
96.400658 45.623554 18.862999
6.429450 29.007446 22.374414
18.775571 60.455786 22.428756
52.991083 31.480038 19.163779
65.308885 44.390251 20.134955
9.480859 36.929627 15.092228
37.394269 73.351252 20.796337
55.000632 41.494591 19.609572
24.937479 23.628797 16.215826
30.187098 66.724961 21.150053
62.293916 0.350683 17.814334
50.113701 7.727632 16.164285
93.643916 3.749916 17.133615
2.975803 30.077575 21.379304
65.935166 28.961157 20.911058
3.088226 65.300908 15.669226
50.465720 71.181216 22.299780
32.654093 69.856372 15.994261
22.137482 81.865045 19.290566
27.930239 46.604950 22.471399
51.285451 39.005617 15.591326
70.343564 62.027723 15.797122
26.294612 71.647438 18.240541
25.989666 54.395838 18.586319
26.541952 53.793581 20.013083
73.591558 63.341255 22.459359
26.036096 21.484108 17.629260
38.587617 69.301256 18.520795
23.346903 1.781597 22.077316
68.522025 82.793420 15.570637
86.632394 65.872123 15.779846
27.716586 21.025958 15.232041
70.109152 9.653093 21.018561
2.956527 70.965079 21.985672
87.996121 98.428727 17.384924
11.529125 86.721224 17.104119
82.873874 35.604976 18.050664
45.581935 70.935227 17.923230
83.685090 18.130572 16.953760
65.290916 34.578093 15.920210
63.731288 3.347434 16.020769
25.295776 33.887702 15.185216
78.435544 67.895351 19.088943
29.758917 7.234444 16.806417