77.069242 76.035022 18.929003
53.528380 26.998628 20.252643
12.640394 56.288931 15.539436
93.560783 65.282291 19.327404
94.604935 69.093908 17.894981
21.179829 57.399859 15.639243
6.398227 37.048596 15.256123
47.876392 42.393030 15.765558
80.391270 52.532702 15.390036
54.078806 67.901516 18.759077
26.063778 24.152256 19.392174
92.825361 24.594768 20.239168
33.493347 91.514202 19.503521
48.731952 59.800929 15.307668
19.592497 70.334365 19.927678
75.164235 44.969259 20.235493
87.693855 98.761519 19.061067
50.115775 18.381334 20.077739
59.253430 81.477683 15.548388
40.025060 53.319807 20.668166
26.248563 92.093355 21.753591
17.655289 37.335425 18.946001
28.339415 9.125723 17.198911
59.107506 43.520470 16.065571
66.320133 63.271222 15.855003
60.994496 18.266033 18.065912
36.119654 2.634514 19.007190
42.949133 23.517093 18.084951
84.785687 3.034613 21.207999
9.549971 34.004978 19.479625
92.969797 49.426885 15.030986
94.616565 5.450287 21.659454
10.823336 20.758406 18.637513
51.016553 69.506749 17.049554
87.146551 5.165933 20.538926
84.436075 94.465683 16.229128
94.494190 48.069802 18.456037
72.015034 17.573608 17.679895
16.615728 60.134510 22.276879
87.850739 22.200717 19.872430
55.924062 46.298882 16.960258
30.707370 8.927070 19.184474
46.241963 83.086478 21.843715
12.258737 86.913077 18.966103
65.925906 97.769767 17.596699
38.669778 10.057398 19.713842
8.555020 17.924798 20.489362
69.002425 74.206349 22.378135
89.753849 63.987863 21.167074
78.526159 45.063652 21.979450
56.281936 84.109566 21.246103
33.742017 41.683998 20.967315
97.048875 29.158446 18.988229
11.362051 79.747636 18.354774
80.677967 94.179687 15.282278
11.119661 90.298361 17.770341
93.503159 62.424194 19.485062
43.904243 52.346425 17.216027
94.093318 45.784708 20.276285
96.356189 97.155388 17.192697
74.591585 20.603032 16.460753
78.064438 52.663940 18.369319
87.450636 26.147477 20.748546
3.947201 75.885278 21.821899
82.464519 28.461581 15.725083
20.535411 27.079118 21.313691
53.005124 23.399260 17.016492
4.311600 15.382966 18.895061
45.585783 25.562697 20.381925
80.367747 37.046782 15.304744
50.882689 36.484873 20.558227
86.995428 66.152618 22.398898
67.891740 78.008583 15.139879
91.648645 48.052694 21.042525
8.399093 83.010728 15.854576
47.613046 61.748867 22.195599
82.362776 75.986512 16.174830
69.011928 36.005786 17.852273
92.500813 76.507679 15.327579
8.009467 92.113520 17.701067
57.709396 15.420313 18.623774
29.731621 14.534828 18.569991
52.761960 23.229325 20.278481
40.968372 63.765664 20.902283
52.625255 99.557240 22.270228
54.199668 12.970845 22.024781
39.006959 39.117137 17.641241
91.675016 84.764135 22.432538
42.748838 67.128594 20.096488
51.067106 55.016665 22.474916
56.900809 96.393839 21.160170
48.946875 58.612700 20.302279
97.391113 43.217469 21.487192
51.517794 16.300512 15.248737
3.700277 72.395320 15.238439
69.193042 60.553762 16.620005
80.059875 27.380595 15.363205
75.583877 17.846912 19.391212
83.498404 18.031487 18.757697
85.016334 15.504362 18.492954
96.070337 31.744414 21.322409
30.786978 68.533871 15.642406
52.645619 83.808047 16.571761
87.423163 33.031844 22.168770
55.000235 67.273449 22.104191
47.671696 72.414940 16.264270
38.098010 53.535380 16.018164
61.699536 54.170415 22.265956
94.531808 66.515649 17.796185
70.090221 39.284822 18.141946
4.133805 25.631965 21.245609
57.830526 77.649991 17.586938
61.721484 10.528437 22.357728
75.277497 8.691697 16.238930
79.646015 91.951699 20.629577
83.599148 66.317714 18.921184
6.085825 9.507921 16.722883
89.328258 48.246181 19.347542
91.679394 59.215581 18.418073
4.347964 56.695659 17.496619
76.409615 85.929554 17.292908
32.901275 23.169190 18.973962
39.034331 71.762787 18.834601
69.817838 27.398468 20.726940
92.634574 59.444700 19.977784
12.736554 75.910125 19.108380
72.999817 46.386440 19.906356
97.369417 97.965221 19.131519
22.281583 46.042934 21.644846
97.072435 62.283016 18.072870
96.478315 34.329885 18.637065
77.021892 43.732163 20.669119
88.272967 39.106087 19.681062
9.254402 78.078432 18.174767
81.512252 8.646927 20.463223
91.343162 58.053260 15.289478
59.994652 1.343501 18.427321
94.216649 10.037742 21.834796
98.524811 85.322540 20.918560
28.446730 67.456195 18.738588
6.380489 87.714224 15.137862
69.133226 3.347671 18.447961
0.216452 30.870785 18.036265
32.499214 23.064199 19.528814
68.600543 48.747463 15.264018
78.720186 84.449117 15.751113
33.894612 26.779169 19.525221
68.196806 5.719786 21.828114
27.090624 47.837354 20.394802
59.063862 16.762486 17.036672
2.575680 45.980333 20.471907
91.554481 10.965966 15.898932
82.422700 17.401015 17.618020
90.555831 99.779573 21.923997
47.695910 37.551962 21.509020
2.768972 90.614385 18.439233
47.799857 34.310274 15.980557
79.155135 13.239698 16.004967
82.014563 34.868881 21.943059
81.678300 49.682181 16.049425
28.087201 75.972980 16.089619
65.716167 20.550548 22.169607
70.420812 68.907161 15.403708
19.484110 62.827189 20.645713
30.706928 74.160530 20.268457
69.401462 56.396664 22.110422
96.618972 47.428944 16.045004
81.823188 43.285882 21.984078
53.357387 79.063006 20.632920
59.728924 67.160241 19.231087
10.323729 64.183911 16.821790
69.756007 97.291060 20.096076
12.748514 62.797028 20.068530
92.313661 28.844841 17.174098
25.009681 98.643647 20.765117
83.503486 58.355894 20.576211
84.893052 97.841472 15.062471
57.991144 23.662241 20.193990
62.142861 27.521057 16.068492
37.394465 56.060790 16.024107
76.879134 14.722489 18.523277
78.135462 51.690344 20.197509
26.683173 59.704337 21.623729
81.848908 9.455746 19.180576
17.380687 82.222047 18.285204
37.581363 0.900167 17.356637
15.998524 15.057662 16.774832
68.377371 71.989264 21.356688
26.564764 93.643897 21.221184
43.033428 13.433862 18.675953
67.967674 69.656550 20.573028
45.159369 33.087176 17.751550
87.056282 29.930702 16.070545
34.983442 97.242281 19.080990
33.263168 70.429816 18.756669
28.098251 14.364096 19.135060
99.166565 36.756140 17.547402
8.123556 89.090490 16.175236
77.658683 9.829063 19.738606
88.610450 65.957443 16.937426