43.533323 51.127315 16.916472
24.665409 9.898086 16.511927
31.920787 28.389548 18.366122
72.260447 45.851945 17.938212
61.594826 94.870796 16.136067
61.327726 68.511596 15.208965
17.488144 48.250502 21.033437
48.089542 46.758656 15.557830
87.448185 49.054964 20.799215
28.240134 26.652050 17.147983
76.120408 42.508657 20.818511
13.603228 80.882315 17.441655
5.268240 68.182385 21.097610
83.740670 92.726962 20.396213
46.883780 16.855465 20.259749
28.421006 97.439001 18.705918
79.260917 41.845561 20.729417
64.753508 55.328184 15.445703
70.442140 49.863753 21.354888
80.075167 94.704751 19.530415
39.987213 93.154923 20.616333
15.932674 46.901758 19.438169
35.712221 12.761683 17.744912
93.028176 6.312136 18.824635
16.458991 83.854361 20.504736
54.717652 95.392533 22.425381
17.208054 22.232215 16.377771
58.232380 66.677909 15.085246
93.263418 93.209832 22.252934
91.971996 18.662028 18.672721
91.424191 12.939283 18.711225
27.099524 42.343291 19.212890
99.929645 53.195158 19.610819
97.021318 89.351823 19.248772
24.959140 13.484921 20.623010
6.338366 94.861337 20.696870
55.639528 59.797103 19.384864
16.388847 89.538079 17.483647
66.023197 75.587138 19.170343
72.587656 31.042006 16.842556
55.869964 13.446004 21.589549
58.772783 11.131846 18.519293
93.290954 70.805588 15.000719
82.634932 54.654682 16.855162
51.809279 90.352087 15.560893
84.729281 36.179414 18.975662
19.828204 70.612366 22.464851
86.231180 39.763425 22.276576
55.141908 43.314612 19.612416
57.299156 94.440700 17.335337
31.784467 76.215598 18.830087
57.130947 97.801026 16.393361
54.268043 18.665785 17.762306
11.564557 79.587953 21.753046
26.019590 45.208989 20.643903
43.936879 5.000269 15.946709
32.303955 13.882880 21.318586
1.610441 60.738270 20.622805
83.797233 4.270271 15.729174
36.264323 67.052926 20.447110
38.729033 49.766599 21.110223
80.497127 21.690650 18.634281
51.556877 48.874812 21.159670
99.726443 69.367488 17.210691
56.407946 65.017877 21.416691
22.416600 79.037197 20.971434
5.001422 21.840106 18.988654
15.312485 64.225788 19.525076
27.278113 32.060414 20.808555
5.744945 29.294808 16.685585
12.283494 12.575334 21.475530
52.267966 83.108265 17.475342
35.840586 29.103333 20.102057
36.516511 76.948403 18.273182
42.364137 98.495390 19.746338
41.138907 28.278820 22.055225
29.382938 11.229161 19.980967
67.830221 86.882178 22.244442
86.068139 4.912659 19.792485
39.115746 65.035545 15.713185
62.686463 57.551296 18.473834
8.808130 31.598051 16.704148
43.972177 7.478478 20.034404
72.573513 91.085334 16.712056
21.899919 78.731478 15.322234
59.558077 37.370327 17.948777
7.445169 75.064268 19.648411
69.025465 46.878163 19.689311
61.817631 93.073115 15.680995
71.024902 90.809500 22.141158
15.455234 18.440818 20.669923
71.811022 97.638854 15.603184
17.507473 23.478726 19.175035
55.957623 34.996424 15.985489
42.916846 96.776126 16.487646
14.571633 22.814671 15.007032
31.518274 60.368012 16.447727
58.495177 6.329189 21.133765
71.004153 80.884268 21.136684
94.496831 34.361635 16.941725
52.656506 38.488438 18.483516
58.564167 43.486431 20.601318
73.359960 72.972368 18.369256
49.960662 30.397973 22.014383
0.872215 41.920540 17.209583
20.559093 48.549434 22.473983
86.639085 27.390517 15.532245
76.827156 87.001738 20.898311
40.708800 74.623118 18.295752
42.541152 0.657554 18.530805
74.209506 77.006180 17.951553
17.936104 63.689268 16.475415
84.804479 56.039149 18.530113
31.970468 47.075422 16.310226
27.645400 61.355108 20.800756
95.765553 51.574219 15.593111
81.137640 48.480946 17.123570
54.673555 11.018331 18.588984
94.453081 76.675536 19.218322
64.290747 77.498377 17.960222
76.820066 1.785628 21.096745
73.824330 43.555962 15.022280
39.981279 95.229882 21.580527
66.578538 40.111065 21.448035
24.534483 41.851874 21.367434
79.071573 48.916959 18.740409
54.125014 30.404336 21.554705
33.043042 39.895256 16.646324
42.677140 77.195680 16.501982
77.486399 72.755727 20.636138
68.915565 75.595172 17.653625
75.207844 84.602372 17.530179
99.736466 63.718436 17.562369
88.420860 37.567736 21.079557
69.092797 51.079249 20.873835
52.691125 26.430638 18.087376
20.002072 57.683432 16.630225
15.770331 52.455755 17.837997
27.786696 92.064502 19.666854
99.157317 99.256706 15.701415
86.884289 12.358081 20.242188
33.696762 3.615761 17.814965
49.437415 94.072104 18.263956
85.726978 55.718566 21.943760
47.792998 67.001638 18.089195
64.629196 8.348804 16.597072
28.846856 45.059096 17.650929
31.064483 78.578400 21.958530
91.540333 47.244567 21.809079
6.320779 2.814682 18.874407
82.967914 54.850776 16.874688
2.959755 21.793816 17.876951
74.359321 0.921120 17.334590
89.013699 28.683401 17.738746
77.013774 33.692471 21.122404
46.760813 48.823199 16.953366
19.037866 2.968635 19.232708
59.153970 72.675928 20.270434
90.481148 11.372056 16.855928
20.516001 0.683875 17.447539
1.470590 36.415439 21.079155
45.321812 77.917459 15.579982
26.606275 0.967635 16.928557
52.797482 58.828058 17.841461
32.204726 92.406479 19.146412
84.559939 92.296123 19.189785
58.350734 65.179745 21.639573
23.929577 32.596320 20.515293
41.438321 47.591200 17.432853
2.057403 28.963274 15.512792
53.350616 13.597344 20.415469
25.003096 44.764066 21.326324
25.064832 23.971451 18.233314
43.187435 68.342863 19.808429
37.511284 34.182988 19.610863
70.796933 58.331364 17.365736
23.422597 35.612705 18.471247
12.989698 61.598346 15.628614
79.393571 39.318535 16.509810
14.132216 31.674242 17.835343
80.008825 8.185188 22.207297
14.096871 62.513474 15.404057
4.585379 71.842527 21.882530
21.833576 18.699316 18.249230
30.143702 56.813265 20.777660
47.009734 62.445872 19.900355
81.881282 80.762418 16.919876
15.398627 54.074255 19.960063
95.607371 76.551934 22.014210
23.003301 69.391682 21.777943
77.084101 45.185161 17.386753
60.784968 5.683907 20.147567
15.608093 76.823076 16.462046
4.771198 88.993802 21.744924
95.649331 6.809392 16.648048
54.279096 14.535782 19.250702
33.923061 33.729737 22.423940
98.072590 55.296076 17.314866
24.090060 78.495077 18.833829
76.315174 47.469610 16.508192