55.932790 31.309450 17.137014
10.217878 94.910733 18.670156
71.672199 36.354311 16.440060
76.550824 48.489555 15.232659
28.270966 82.503865 20.638262
3.069374 24.551915 15.105798
44.576589 60.274088 17.838937
25.525445 29.835749 18.176116
0.213212 5.376123 19.710939
42.995636 50.600579 17.609176
99.059846 77.171530 17.203564
44.391881 48.423973 20.523174
2.506405 2.051421 16.372199
83.130150 85.871264 17.043373
75.977467 45.955922 17.377674
13.245945 2.292408 18.079028
63.155232 4.963701 16.252109
15.250191 12.522625 21.042923
27.112349 58.946947 19.532255
63.004093 89.244287 16.862583
6.867115 80.824226 18.709393
87.454299 4.862894 21.833618
1.553530 27.178537 16.221208
20.869460 72.216113 17.549813
89.270142 21.579020 17.619973
75.207278 89.180087 20.016121
32.030079 97.906603 15.355619
55.692402 3.794665 20.894572
21.695422 84.620988 20.438321
53.595902 57.355986 20.486916
81.168230 91.804938 20.102840
14.381124 17.267023 15.119459
91.340312 11.941462 15.524908
39.624072 31.056703 21.064500
31.348412 9.845145 20.157885
27.088201 99.582935 18.276518
24.720654 76.203778 21.519550
97.524110 66.404492 19.841249
71.371360 33.622984 21.642624
86.600650 19.793279 17.873288
89.294269 95.600650 20.291148
62.272750 95.063474 17.538595
98.753187 64.550037 15.417484
13.813112 36.455593 20.297350
51.390255 4.286608 19.081457
55.645995 67.917818 18.864475
17.844835 52.907697 18.020136
40.173812 8.785717 19.395134
98.501933 49.978383 16.143353
43.709620 92.376865 19.548781
81.795270 90.858308 17.545925
70.540880 10.330848 16.072679
40.868186 31.650109 18.713826
28.847549 73.645849 20.987645
2.773305 91.985727 20.441625
44.296111 1.952089 19.060553
39.993062 55.268398 20.503558
42.367041 30.052760 19.397361
9.508299 33.154394 19.128789
89.182013 57.466310 17.679453
67.026844 78.354707 19.220111
16.553693 11.286976 15.178700
34.684926 52.996369 15.350934
31.621078 67.688622 20.426334
60.079818 78.447924 20.827028
74.931591 50.949877 20.027849
54.174525 12.824629 20.075693
50.143789 93.496150 20.239044
49.812345 97.281071 16.420109
67.466701 79.081618 20.480690
4.473797 87.386953 19.243696
1.710759 85.840803 18.485706
19.964787 21.872127 15.346362
23.269289 68.358777 22.139816
27.248587 17.069439 19.553462
44.430151 97.594988 18.495075
74.486256 57.393827 21.309183
81.730983 38.849003 17.680210
32.577008 73.306710 17.111288
89.039962 93.079945 18.495255
26.634697 39.107656 16.249505
88.416425 0.404993 15.834379
69.717445 4.706292 17.447845
55.454236 5.178217 15.794842
31.590199 38.097700 20.199245
59.640632 61.124915 19.485239
51.954515 47.051268 19.350182
6.408551 96.578595 17.539919
3.983350 30.108061 17.327591
36.412642 97.142089 20.116066
75.305496 18.932012 15.400967
92.663920 18.461537 17.980915
8.155873 10.628678 18.765610
7.773628 37.823317 20.213672
56.296395 95.682085 16.391040
61.825672 54.140832 19.727205
74.992800 1.255208 21.706240
73.547589 66.696820 18.142052
21.638361 78.176562 20.323226
31.220754 80.993933 21.652131
1.941628 96.467586 18.607936
76.027353 7.911201 15.549465
48.887431 14.268743 18.905889
81.256459 60.487241 18.336981
34.288634 75.119007 21.737332
57.018543 87.890796 16.108725
37.354221 42.496320 19.088230
15.249533 82.861950 16.240026
60.279621 60.480768 22.460868
21.301718 42.729589 15.198761
7.374196 77.189217 16.215663
89.199385 50.535173 19.857271
2.751002 17.977010 20.390110
30.551971 54.673863 19.498336
47.574213 5.975293 16.255946
55.883195 34.056283 20.044109
3.668297 42.568873 17.669552
53.904735 35.440518 17.643940
66.539143 73.806277 20.485381
15.935449 1.197073 15.274350
23.132431 60.292185 15.060619
77.103504 69.960924 22.132388
19.928098 89.009702 18.737106
84.371774 78.568965 18.446520
48.482018 99.060482 18.640937
62.936489 88.840100 19.890692
57.870669 2.525423 21.638599
49.864468 99.648883 22.089934
90.318818 12.606548 19.860246
0.524523 71.561027 22.006205
33.787771 57.026486 18.257581
11.245369 26.895078 22.490038
14.131475 9.573070 18.315048
90.329343 74.857725 19.077625
32.705778 16.348216 16.457359
84.115684 12.251263 16.879928
69.404115 47.022446 15.039731
92.000420 76.432023 19.109440
93.180505 78.862560 16.186001
67.698646 63.606243 15.361866
55.288392 75.173522 20.680713
4.774431 15.662970 18.274266
90.421446 13.409998 18.069101
11.192932 82.654789 19.952232
44.299213 75.388943 15.792837
21.613058 40.336955 16.734109
73.768143 20.548091 21.086323
37.059404 13.935013 22.149797
25.370322 39.172797 15.033314
5.146352 74.419418 21.395563
29.009706 4.062747 15.665168
55.682984 6.399656 16.286269
59.773300 4.288238 15.042488
30.288725 68.477946 17.561743
61.102862 30.323352 17.284684
59.870624 94.265601 16.949293
58.137215 66.542221 15.745792
12.290674 9.711044 20.011150
70.812452 32.977586 15.895687
18.461157 8.748493 18.333438
56.883667 22.739852 21.914633
71.311043 17.179735 19.817191
51.227267 23.777598 20.800134
4.202775 33.289809 16.075982
58.952924 26.574569 21.720669
0.493137 47.792859 17.059389
3.971635 89.939999 20.160558
95.437685 41.208642 18.900710
75.795050 17.206856 19.652769
93.253352 50.667281 15.221311
85.123872 56.010882 21.097226
9.197659 85.799331 21.422678
46.676849 45.646012 16.415029
60.524857 43.191172 15.369079
96.514832 5.699743 19.060945
92.718094 15.355806 22.295526
99.613591 9.139724 15.745593
40.985071 34.489029 18.819737
29.097033 1.426702 19.156759
19.380042 72.038252 19.438112
78.684264 66.842147 20.661252
39.210451 71.399858 16.199240
82.722883 86.742440 19.641097
23.879786 56.605328 21.176708
18.227985 56.666762 17.533694
99.090645 47.040389 15.211618
0.577239 6.035124 22.474621
73.478340 47.884630 17.561963
5.933209 53.865639 18.541370
84.480935 50.849688 18.882250
4.782381 43.146354 21.374400
21.768987 21.729048 20.137079
58.478530 20.620639 20.824025
67.321593 28.109401 18.240684
15.082297 58.371779 18.762031
78.389417 2.990342 21.889253
2.176811 79.950770 17.208073
33.534603 4.630231 22.463953
52.386984 32.593240 16.576341
85.821529 74.122815 20.101829