81.012016 51.599838 18.666946
97.664107 74.560866 15.699730
90.373203 53.828518 16.377484
8.707772 47.345019 19.797265
6.460516 36.501679 17.223229
78.978340 26.778073 16.078925
86.344719 64.931789 21.831803
95.732364 27.116922 20.160967
52.778687 59.374064 19.141696
71.466038 82.837723 17.426818
84.130632 99.458076 21.955078
38.683189 16.634967 16.224318
1.675398 13.556478 21.363566
7.721873 1.756356 15.176065
97.202393 48.740488 21.152658
16.031862 72.241301 18.476342
1.264507 86.515539 17.362454
33.660152 4.103637 18.039843
35.550846 10.676189 16.380799
86.356236 54.599272 17.635986
42.843750 52.752289 18.273158
89.641884 3.919402 21.624555
56.455347 33.306053 19.685498
8.572494 82.281757 17.655283
74.874461 53.703517 18.467855
87.040139 11.381721 18.762062
57.718399 41.830443 16.704707
70.307335 17.177417 20.309270
64.133530 96.598650 18.892825
84.186112 90.820031 21.521457
99.892154 58.054935 16.230740
0.911669 51.088825 16.275477
74.525163 90.813049 19.445363
85.441335 52.658160 16.241654
84.908105 93.089849 20.866521
99.158226 50.293383 19.248526
60.593864 52.696236 20.016782
49.567722 23.803521 16.212037
51.455025 5.502206 16.633678
4.357965 39.924637 20.894337
17.458218 23.386050 19.710734
64.726147 54.809237 21.477110
92.610757 73.859660 16.192586
13.960225 55.230107 15.023630
47.772959 84.120763 20.460983
34.138593 28.757047 19.561272
70.011295 22.100321 19.422617
48.604997 18.768295 19.635065
9.521419 65.720888 16.559527
64.994265 56.492098 18.705492
4.135639 21.844590 19.519096
36.715302 95.318087 19.251035
12.029175 73.758258 17.665061
70.462991 29.760234 21.700591
51.123361 28.145571 15.001176
44.317105 25.978706 15.371762
19.812731 90.944553 18.861106
94.189913 7.395740 21.916019
0.606316 49.198753 18.373636
7.168496 12.560597 22.276253
96.299614 60.252217 20.351826
71.908625 14.147713 16.857295
86.868876 98.137344 18.238199
1.949438 3.404452 19.096692
45.766860 2.079365 21.929605
6.961277 89.698052 15.131049
79.967918 82.924317 16.343047
91.728242 34.395905 17.356791
10.809451 24.457305 21.553265
59.493041 2.416946 19.756083
29.288116 71.485733 21.636013
49.449914 98.222495 21.555894
92.688596 49.533245 21.291088
8.968129 92.298334 20.004582
94.071265 18.280878 16.225638
38.688604 30.037931 21.425879
64.219304 32.589606 19.887186
30.613626 95.013376 21.592805
25.872142 13.141201 18.882688
12.824397 76.302091 20.197161
85.649639 4.082730 19.125646
42.732008 61.704387 17.524695
86.791341 63.050718 15.779662
78.579658 97.435526 21.552386
95.286586 93.810005 17.708927
84.772296 46.060873 21.401247
82.449189 92.259188 16.650155
79.485858 89.819737 18.643592
73.509300 39.825790 15.954141
7.642631 19.242649 16.776974
68.501834 17.955919 15.474282
95.261606 39.760452 20.934647
51.146489 65.927855 18.415762
61.726179 41.122773 18.138611
45.339325 7.957638 16.037729
61.130140 38.178396 15.195856
31.803864 56.755964 19.657761
47.071056 51.767362 22.378878
37.876493 94.147908 18.518379
1.489768 54.500114 21.411730
57.759656 92.925592 17.913957
87.772640 0.182257 21.832934
12.210159 87.857922 20.461128
61.679882 49.740721 17.612806
66.644535 64.095628 17.514916
84.062115 53.836496 15.945939
85.811598 17.515482 15.004546
62.258214 16.019111 16.375049
20.424678 26.908889 22.283742
22.323426 61.967552 21.485096
84.480923 54.306678 20.358911
28.808548 56.976326 21.025197
80.389855 34.385955 17.331163
64.916396 95.821453 16.893219
31.599992 43.741357 16.878456
36.193000 71.370486 15.846099
14.516202 75.720427 16.799102
53.176262 53.097692 19.362301
4.364894 11.667137 16.774599
62.346927 99.461734 20.253158
47.505200 70.948762 21.144121
40.460979 74.329600 22.071287
27.384148 14.884399 15.344760
19.881816 40.414602 22.177087
26.493127 31.047805 21.415046
64.014435 71.462804 15.323338
98.852231 26.992428 17.474368
10.998910 36.949231 21.152977
70.698278 52.156205 16.047346
51.088651 95.151587 20.246582
37.104973 79.500842 15.612322
45.178008 5.377917 21.289433
1.664095 52.705691 16.697081
12.969582 78.593613 16.494579
43.280301 24.498884 16.907046
19.660377 23.388226 16.805183
16.089366 2.012115 15.894580
54.517027 92.366238 21.274514
22.383241 29.516869 16.920635
95.069886 29.258657 18.219195
95.236010 76.741592 16.262096
7.233473 76.489951 21.927293
60.643818 57.141623 15.199898
93.210164 29.303452 20.715061
25.697156 57.894555 20.216797
43.314705 80.064600 18.140281
65.153361 22.234298 15.404533
2.028990 97.875260 19.297487
71.928933 96.214755 15.362288
48.407062 93.943820 21.517701
60.463477 91.879070 17.017670
27.661995 3.749189 17.060772
53.804792 17.302608 15.366647
22.406291 40.191869 16.504875
79.185643 34.146317 18.003592
15.336020 59.324746 15.395735
16.219340 18.165205 16.050072
37.628111 39.227085 18.837812
19.245627 30.204748 19.797620
77.286100 72.161791 15.922288
85.045057 61.934691 17.032816
82.560415 51.249156 16.173971
7.448444 74.633889 19.004744
88.548198 77.079139 20.771658
26.189223 24.421706 17.884678
55.820781 36.395891 19.755010
38.480442 71.171799 21.318734
66.635190 46.424516 21.288811
90.885146 89.936909 20.490793
90.863312 56.140042 18.631032
82.949847 58.115847 17.455290
70.130036 93.195741 17.434200
85.934933 95.117224 18.056717
9.431155 10.755524 17.311728
73.726664 76.147073 21.025570
24.651612 51.543465 18.806567
3.261178 77.862378 18.431328
39.159550 93.357115 21.214393
91.058153 91.308128 17.539630
6.767994 72.182795 16.614607
72.640647 73.463579 19.517238
21.838364 59.027060 17.543767
36.921599 26.451054 16.607246
71.855621 17.022954 18.793582
57.596564 9.718924 18.936014
63.427568 96.522642 16.912551
40.281303 0.021332 16.776542
94.160019 66.124300 20.103658
10.257379 62.060131 16.311902
29.221152 59.121269 19.839998
54.429501 23.284191 17.687790
91.138925 88.350027 15.450093
45.784259 85.946890 19.581035
74.442508 56.360162 21.259751
76.116439 40.854619 21.984185
52.377415 17.495073 17.153185
76.802385 30.191046 17.045771
19.026822 10.883550 21.022848
90.856371 4.537268 19.876355
16.586301 67.274505 21.336315