77.212497 66.938036 16.558408
42.096481 15.458707 17.708781
55.433845 72.299950 21.429898
48.840593 2.684605 16.475215
83.317557 12.034234 16.270827
48.770441 75.688125 20.521935
42.269552 80.935941 18.903533
38.979955 5.612096 15.128087
5.599923 53.100056 19.936680
13.526947 52.906566 22.243989
48.108542 17.350074 20.244672
11.673947 62.334228 21.156886
98.138659 47.194931 17.529874
20.347194 20.465550 16.863796
81.544524 90.048718 15.711838
52.810525 69.738286 22.187293
72.806401 59.302742 18.482343
89.828513 44.939212 22.332962
76.822945 65.795978 16.487444
88.765047 99.139546 17.955900
75.513823 13.001365 21.170708
29.157859 17.489292 18.836768
56.600421 76.841652 15.623076
42.002860 66.545145 21.337452
43.980909 45.835022 17.708499
10.001485 67.956833 20.794708
8.692899 41.290430 20.582429
79.329335 88.530531 18.615232
64.305204 10.385443 18.812547
13.119184 11.601054 19.422435
39.289521 57.564075 15.842172
96.887612 90.594353 20.165683
51.672266 38.515977 20.848247
31.796729 32.081275 16.648162
88.865033 72.458513 21.952182
70.817885 55.221252 22.401189
91.564056 41.794903 21.134033
39.772088 51.481954 18.727591
88.912148 48.563387 16.881934
23.980669 84.609775 16.643879
96.326569 42.879842 15.681474
86.683389 27.174191 21.313601
96.319512 4.260506 16.626250
68.981771 64.598344 20.959348
12.408876 60.623762 18.564809
68.773583 31.417372 19.150438
41.994722 3.021890 20.303177
44.637251 24.510282 21.410514
74.950654 4.223775 18.659314
0.775568 13.378923 22.449836
0.394632 69.984412 19.199368
16.288033 44.179838 18.785762
94.600630 93.644848 21.113971
6.585014 14.071687 22.235246
21.270318 96.243466 15.229768
74.691509 83.150905 18.083234
31.896461 61.799233 18.506775
91.344709 24.755905 21.780573
60.635607 6.094538 18.038963
88.010567 93.703904 20.518193
33.243714 74.627900 19.730299
58.309373 5.223955 21.352921
26.326404 12.449763 22.096415
97.163070 40.488279 15.538156
54.756020 29.660437 17.909392
25.713797 39.282785 19.872680
12.909421 85.493318 19.168843
57.807311 73.462560 15.753324
77.132696 37.861118 15.706427
79.297446 18.010649 18.094069
63.755293 64.010700 15.860648
57.663568 33.961396 21.923043
10.174058 82.794724 19.378689
24.540344 43.094916 19.623879
46.967353 66.181912 21.563176
70.303824 95.451145 16.730446
36.151057 97.986664 20.610493
55.415625 66.448079 16.287080
79.688942 7.447973 18.064929
62.201108 0.501848 16.775830
93.283811 27.558927 19.318653
62.587774 74.981060 18.792125
73.557293 97.916384 17.121112
4.536556 7.036149 15.631370
87.565349 39.870425 18.444866
97.619812 92.306488 19.090464
91.358965 30.529823 18.603716
13.196265 63.038246 18.532335
52.176661 12.949453 20.909116
3.682440 35.144029 16.382628
22.267470 83.704592 20.531782
67.903964 52.018181 16.056849
68.759819 83.423658 15.249380
30.854615 64.023330 20.999993
87.550104 99.256942 16.476629
86.097640 86.635985 15.516259
28.795990 89.126505 17.618758
4.449100 96.137085 19.281730
1.146130 38.151896 19.249452
50.758218 61.424553 15.315798
92.684719 32.547893 22.476247
65.282425 15.459640 20.661104
51.340054 35.439075 17.285065
95.363091 37.291114 15.499566
58.003522 68.055666 18.221766
37.822010 99.799838 17.912909
9.246640 81.198505 15.700645
4.548840 0.759343 16.881221
28.823604 75.764066 16.770404
67.272449 45.811949 21.124163
10.768440 49.926548 21.258183
84.563547 23.192426 16.683418
77.486297 85.580613 15.648541
29.825761 33.813735 21.600750
92.849290 51.349860 21.693038
53.769129 31.741727 21.066401
89.356622 11.088309 20.773512
65.964816 27.917783 19.788946
58.923243 71.589181 18.135401
26.827530 68.454583 16.384969
18.433350 90.942100 19.946612
97.856661 39.855436 19.368508
52.023052 23.276749 21.293094
21.137940 75.872861 18.278069
11.314040 42.547288 17.732595
14.674860 6.028095 22.372649
21.240638 41.922179 21.473704
23.798371 17.060827 17.344701
72.917628 53.942164 18.985179
72.830980 63.150516 21.495252
41.050086 85.642515 16.446706
33.171044 94.847790 17.101290
4.954711 63.210122 16.630908
8.376565 44.559822 19.936547
13.724459 97.982793 18.730113
60.574006 20.478564 20.832347
49.615311 9.967682 21.673716
2.846701 31.711858 21.277424
17.917846 76.234058 16.359993
35.355891 18.570280 19.006970
11.068523 73.716542 20.917925
39.889517 38.400758 15.345351
56.074092 39.329132 20.708722
72.348883 51.963370 19.960009
46.401805 4.957294 20.734663
23.345906 28.054225 16.239140
54.970311 74.863046 17.211856
25.906590 78.229201 15.755660
94.593220 78.871357 17.184345
36.260377 91.160651 17.053480
83.761817 92.192123 17.309787
76.824922 57.655961 17.620584
6.330433 83.989012 16.803729
3.655693 69.451609 15.987388
85.582649 35.676466 18.359605
55.164135 37.033213 15.948698
24.990266 48.757491 20.783788
82.300215 27.806489 18.623584
58.611373 70.156884 17.610202
44.457109 40.307725 15.909064
81.483588 13.137533 15.649524
4.524223 26.581945 16.715623
46.200712 35.237554 17.810600
73.577662 29.403262 22.469286
42.814373 88.983175 15.553685
38.001896 84.938494 21.294388
58.059806 50.371760 15.097398
21.929731 94.717717 17.747699
18.877637 26.121073 20.613403
77.590136 49.355080 18.030899
93.063198 67.539844 22.203614
17.158448 9.385258 17.545722
9.688442 76.560817 16.629342
15.345837 25.321361 19.096821
51.691333 6.208449 16.541321
26.493424 82.987402 15.770070
17.311045 44.849192 17.671743
95.139325 70.616021 15.939685
70.818856 98.369249 21.720112
42.189790 77.106429 19.789869
34.322175 22.109940 16.659310
22.668511 26.548775 17.661620
96.090986 49.946449 15.441987
18.671458 11.920652 16.161783
80.962114 73.230878 21.019836
92.354727 81.075102 18.635772
88.603844 80.713115 20.208426
86.509736 30.278607 17.905075
50.817443 30.473023 15.035500
1.954985 19.077992 16.964304
13.756592 57.315510 17.405036
89.877800 3.066799 22.372058
67.950560 65.681843 15.487533
19.024878 12.787457 15.765919
77.803223 12.357191 15.290128
68.534409 54.109160 16.012326
7.188422 22.861094 16.061557
7.031085 52.397896 17.580875
8.055441 66.284921 20.723250
91.257730 58.781811 19.889783