80.803444 53.073619 20.987645
21.314910 0.333609 19.633226
92.217362 90.355027 20.455918
27.991483 45.961022 17.642840
27.943711 39.907186 15.349449
56.597306 22.775105 19.311541
60.925623 0.847973 17.663414
43.772310 50.206038 20.200032
11.054426 97.500226 17.749720
52.016413 36.414783 15.376751
70.497961 88.473628 19.910950
80.096186 99.784787 21.406701
35.462629 6.723652 21.173627
14.900686 98.441219 15.452896
19.834995 39.161254 16.652737
21.747438 15.753177 19.279944
97.658745 82.767964 15.072067
33.707903 29.163598 19.711305
75.416179 17.187846 21.347772
96.797870 71.679671 19.590881
33.999815 28.809219 19.766514
92.059114 2.927091 22.274767
11.706580 65.993951 20.259057
53.086755 70.811057 19.061798
86.032867 65.511509 15.843728
53.878695 12.968003 18.408623
57.300686 22.254469 15.639505
67.835398 1.060834 17.208097
48.763829 17.998241 19.778722
59.163947 74.078062 18.856772
88.081311 30.239133 20.811299
86.526650 49.966452 22.143972
56.939374 83.148184 18.540690
35.567020 84.649631 18.148530
0.334211 18.252834 17.719174
95.359981 66.780295 21.658720
6.280037 86.320232 19.184060
33.516584 35.491353 18.099273
7.497589 97.696127 20.827580
20.868671 40.641183 15.429859
91.022590 48.461947 15.760428
8.029701 3.281461 18.958041
50.755768 49.272734 19.239745
64.910746 56.971214 20.699682
23.969871 2.224664 20.679378
19.569326 60.311902 18.614652
62.540172 94.307831 16.873436
1.438802 52.719810 18.736244
32.779111 81.479362 15.610980
91.121587 12.704012 22.161790
83.302856 27.208861 21.691719
10.012596 23.386512 21.867998
53.671612 79.609495 17.014009
27.390051 68.383701 17.483583
76.200855 20.103270 16.861544
68.020241 19.726055 22.022488
36.933814 62.995588 16.956087
47.311700 57.888906 17.595547
64.072586 27.869746 15.365840
78.481528 84.311261 19.951669
34.866871 44.309203 18.585182
88.272182 5.256350 19.656406
30.247443 79.450644 19.936864
92.211533 33.202904 15.066158
83.010891 65.222806 20.425895
35.119548 22.848011 16.172160
6.330904 74.943261 18.294837
39.752027 29.804658 21.002228
51.493465 77.959147 17.655332
36.517702 49.229123 20.419524
56.255281 71.514463 18.609301
46.119960 19.608494 16.381955
46.194305 54.074933 19.213645
74.142405 6.474949 22.444138
70.303107 42.963900 15.860621
62.675788 18.983620 22.318736
76.224778 42.692686 20.632310
32.977071 19.889605 19.381572
40.985524 74.053457 18.452537
3.749687 86.525907 20.463565
69.780600 32.652582 16.955690
69.696290 11.463833 15.247970
76.134110 65.166459 16.467212
13.035355 9.939398 18.566341
33.568611 66.628355 15.376525
70.715829 69.524309 18.847295
7.023903 70.621199 16.694722
79.815744 96.219835 16.985932
77.403469 59.401056 15.797568
93.357199 20.247363 15.235295
89.037352 88.924885 21.875187
43.655276 55.867591 16.843844
55.072143 97.868850 18.907408
72.293042 64.819332 16.691157
84.965235 71.969467 20.556507
25.042857 51.313028 18.128109
96.846264 19.139856 21.080406
0.223899 75.970756 17.315728
81.270237 34.185448 21.962719
5.428218 26.949915 20.728047
81.871987 40.105130 16.646576
35.025118 57.660352 19.864386
80.768492 26.265254 21.923802
85.108194 45.210995 15.429048
57.020092 46.430369 20.489354
21.333724 47.143201 15.044693
91.623290 76.349037 15.132202
69.047462 83.256684 21.987553
99.697551 46.238636 20.475177
78.935748 36.490558 17.867348
53.744284 48.503498 18.787229
16.945750 51.012538 18.074127
51.901909 64.585454 20.950323
69.130465 81.200540 19.345325
40.240611 44.829964 18.957156
60.105710 24.037808 18.794104
63.218091 70.666690 22.130133
85.218340 90.339281 16.500107
22.613987 96.012470 19.740501
58.212872 34.448625 19.357098
67.949984 72.768325 15.869518
2.581310 49.901368 18.498643
33.230568 16.241536 15.202226
88.663714 5.015518 21.106180
12.288589 98.594663 20.345106
62.582932 63.155588 18.675165
15.784990 9.394739 19.166885
80.974870 34.058456 18.357173
87.389707 95.159357 15.656972
35.630788 7.420101 18.419248
56.071729 33.505560 16.849100
74.263246 69.297899 18.535170
55.887213 11.564018 21.952257
67.798340 3.420651 22.264480
71.036468 61.021047 21.604915
22.810756 84.708449 15.642490
56.218946 46.850697 20.775982
87.774271 26.243861 19.226757
93.533422 60.099196 16.460759
45.777540 96.420501 15.042560
70.965102 65.782045 20.287006
32.594336 35.619914 15.356307
83.069493 68.069761 17.508712
47.314261 70.374976 18.551851
87.082865 17.727918 17.859284
39.720041 6.311418 20.505593
87.972195 60.224841 17.118098
76.075241 59.852135 16.386387
77.085669 69.136102 16.519653
83.033397 59.174667 16.078361
65.070543 79.014085 17.597926
57.375888 72.566231 16.969209
82.869081 88.306659 16.992752
59.591336 39.233700 20.376602
90.877692 59.881767 21.386380
5.848055 1.311063 19.383308
52.353196 8.912439 20.680324
28.225180 95.939069 16.450288
83.055179 71.970024 19.408777
24.878478 2.764961 16.947775
18.057451 9.364494 20.338987
14.193510 60.822509 19.759564
61.800835 33.352054 15.656832
14.578637 85.088619 17.025411
77.034542 84.407275 17.254192
73.618298 16.802043 15.238439
67.469805 50.253307 17.003998
7.767797 71.088141 21.650777
71.283600 74.378116 17.982134
91.905805 49.653981 18.513288
73.874878 85.393984 20.894873
62.143220 79.063237 16.236313
72.869988 64.353729 19.019584
22.555994 65.088613 19.015585
34.866064 10.687743 18.271914
75.310842 99.109718 15.972258
85.037712 26.782093 22.049181
67.152959 51.264043 17.445941
85.118194 1.930269 21.032827
45.101593 11.914333 16.719449
94.478123 1.018188 18.783220
22.979236 17.318794 18.082155
97.592722 54.610743 17.027516
63.965548 49.149804 19.676239
49.729451 63.099802 18.432472
21.822916 49.737786 15.455872
61.359415 13.325906 20.356342
39.275367 97.817672 19.113490
89.904902 65.363871 22.060783
77.977558 89.942036 17.516822
71.610152 85.037695 21.298611
88.513809 24.918432 22.109469
96.902325 46.911254 20.173487
86.165898 49.918489 20.177055
72.698768 64.199691 17.670539
27.354473 84.696470 21.846143
79.641962 30.799622 18.088769
50.784202 70.050670 17.716766
31.857439 92.820930 17.436333
87.898096 41.903465 18.958683