52.562211 44.358573 16.962249
44.028230 9.290148 19.816345
16.419284 63.135524 19.454192
74.996053 1.100642 15.592328
67.921546 93.526293 15.278631
17.091590 85.127619 17.273025
69.188065 96.255367 21.082025
13.091534 18.846373 21.663049
71.455276 53.090796 16.136411
67.217032 75.801097 15.715675
27.876447 67.098915 20.450383
45.153062 3.416206 20.860720
1.190031 28.061444 22.052092
93.344360 27.864735 18.297336
14.974672 6.490962 22.325537
66.896377 22.457508 18.525673
55.159000 79.795499 19.159333
50.458820 77.610028 18.985477
73.900718 90.447349 21.158806
55.700369 99.517903 15.752248
57.498547 82.951559 16.800992
0.193278 86.788255 17.853552
74.392641 77.637090 21.745988
91.945259 12.687324 18.456930
43.995222 23.875753 16.064685
62.839196 31.617371 17.090499
45.022026 7.431983 17.532359
59.332259 94.322363 21.427277
23.705944 50.643955 18.299663
93.343376 82.667442 21.318978
63.898115 94.155591 16.940901
5.952686 53.901995 17.120000
5.686387 24.284454 17.305854
25.729275 68.045236 19.880295
92.413395 89.031332 20.761861
98.975111 53.830163 16.671562
77.637126 19.520710 15.062179
55.269459 44.310403 16.364773
27.222536 80.481954 15.917380
9.771210 6.281037 15.322440
62.656157 3.224363 21.896031
39.011049 34.012350 21.726027
42.651933 3.598353 20.945933
24.801999 31.922463 18.022025
93.195344 72.924053 18.710576
77.381471 88.672549 17.305489
38.930602 66.864328 16.130198
2.417322 51.375103 22.022222
61.507941 76.776676 16.626039
16.874239 70.005361 17.359470
24.098498 21.895968 21.746987
73.395300 41.232350 15.467011
94.681929 4.835122 17.808091
25.864115 96.082429 20.302477
9.950623 91.173615 20.554120
35.224366 87.164643 18.606423
12.641965 92.288501 19.011832
58.161519 81.216214 19.682758
44.195984 14.105486 22.370585
44.935712 23.580869 21.425840
3.303153 60.363369 17.995769
45.541639 93.230392 22.004823
67.594047 21.128365 20.982956
94.149709 74.498229 19.080731
0.600849 14.676361 21.003733
48.539120 6.529979 20.039151
22.310180 91.095718 19.149816
86.794034 63.351072 17.961597
57.867531 6.690850 19.105540
3.566388 61.876386 18.294777
31.006372 65.603580 22.450634
99.472239 80.510320 22.463347
15.317414 96.425192 15.014293
96.539342 28.752296 19.812113
61.398810 51.906713 21.853484
52.449043 83.014320 17.766036
61.388401 77.172953 17.971344
92.797937 2.972291 19.611750
65.028307 85.937075 18.694664
50.005991 46.100741 20.555990
81.952063 12.293474 21.374797
36.615067 56.937958 16.764391
11.277024 7.535618 19.366007
56.042120 37.774927 18.377191
3.122984 98.200862 21.676180
19.511131 82.644309 20.595801
21.950728 66.441451 16.928415
16.532024 3.172448 18.064678
26.409151 75.825483 19.470934
86.933982 13.007038 21.127367
68.695671 53.054224 17.397955
19.079795 31.472305 20.512068
23.463588 86.687212 18.902856
49.513336 4.561724 18.510251
61.595352 98.521035 20.856167
48.886045 99.179706 15.633767
93.936031 70.669220 15.856277
60.510278 36.933848 16.079052
81.370451 4.252822 19.030084
73.661012 27.771854 20.305177
60.851040 63.150152 22.416114
14.334652 66.374510 17.213541
16.622837 80.615158 15.703739
11.485826 91.299708 22.471470
35.100050 81.120508 19.223832
95.904165 83.542077 18.746788
30.427114 0.621400 17.987741
61.466900 55.482079 15.757945
53.273926 42.325807 15.131196
29.717203 56.611942 18.767549
97.899541 43.567469 16.752348
46.427590 46.722089 21.915510
49.914217 46.698926 22.471442
35.625946 90.078446 18.974392
40.038187 97.619439 18.078679
46.861460 53.470103 19.379526
25.491676 14.068313 20.124508
3.786121 24.618886 18.506376
90.869478 71.242934 20.544624
16.614639 36.886349 17.872408
90.365653 73.514344 16.791103
13.324451 70.743538 20.599257
75.270766 58.572764 21.454020
37.115724 64.133815 18.742302
38.139200 26.529838 15.701953
44.404162 62.632496 22.265337
42.404041 34.616446 18.520218
78.696715 37.359824 17.780611
67.791973 14.115352 21.286707
70.571954 18.930538 20.238556
20.473152 52.806779 16.592188
39.176011 86.304841 19.538532
86.838958 38.934249 18.204920
57.396958 54.566409 16.583693
40.542614 65.657812 19.025586
92.015695 44.623979 15.312847
8.138881 34.897212 20.639997
64.210611 60.106163 15.899366
82.144165 42.225273 18.154234
43.999732 20.794712 20.788361
56.594777 48.260558 17.731951
90.157948 6.755659 16.736389
95.614368 31.909622 16.599190
51.444798 8.784935 20.001742
47.024184 10.315443 19.796292
13.288846 54.869164 18.301419
22.732015 22.694477 18.663319
21.335693 88.890970 18.078966
10.514734 2.545937 19.253027
60.319481 7.531293 20.181793
55.732382 20.986117 18.102691
43.542888 19.431766 20.435406
49.077177 72.152009 16.832508
67.776490 4.411167 17.162662
95.753439 68.320296 17.024314
2.365515 86.192257 18.377139
3.888463 5.178590 17.512681
21.960597 89.919637 16.979008
85.730002 30.533102 15.534676
83.176214 69.778844 17.490533
74.357402 35.794841 17.738750
60.536907 44.896247 20.044500
64.338191 47.048740 21.655732
67.736854 70.488552 18.894671
94.893368 43.483674 17.556787
34.826793 5.113094 18.412789
40.470393 92.751294 18.247850
77.116703 75.796221 19.940177
41.203435 28.337692 18.072323
99.499729 69.133277 15.107936
63.712149 36.508378 20.427185
61.129068 74.109001 19.261130
43.474988 78.908201 21.997188
55.827369 45.895771 15.057836
72.402389 59.704614 20.235708
11.688974 75.864956 15.938194
93.745766 93.188116 15.327892
17.343122 10.417532 20.497224
37.353180 68.683676 16.449732
56.653873 79.397532 18.390541
58.597038 93.994788 20.775024
13.794938 71.975234 15.057548
93.550567 1.881471 22.061292
77.521637 51.640316 22.327235
1.236888 69.962895 22.341505
30.073576 15.938323 18.172841
79.707025 0.681672 18.864673
21.896982 62.689848 17.190271
80.992556 98.396870 21.108166
18.764400 39.087452 17.922406
8.458369 14.874452 16.021576
87.088006 90.806670 19.891754
86.703103 91.502904 22.089972
85.952627 81.399434 15.567665
49.904998 97.330686 15.600858
85.817730 7.035757 20.946864
0.802235 60.121160 17.881548
61.564770 32.658536 19.061692
18.307271 59.435268 22.262187
14.685455 84.112025 15.777633