41.361927 45.520819 17.911533
62.616425 19.564295 17.175579
73.758530 15.055051 15.610157
89.299307 79.107696 19.915649
81.150620 22.620975 17.307603
66.279815 72.315508 19.259869
1.381021 2.288523 20.573205
35.251726 44.386073 17.458729
86.188541 67.201294 15.147615
83.389492 37.318691 17.315473
25.906139 9.541729 15.605917
94.915146 24.927735 21.710490
76.265765 59.339827 17.759029
42.303415 24.206772 17.954515
22.495376 67.946547 15.699898
97.210286 49.651836 19.154565
99.140481 55.680551 21.340550
68.014315 87.388278 21.969283
41.344828 98.206271 17.094131
96.181919 56.515929 15.058759
17.271960 14.161718 22.171974
25.169134 88.591159 16.084726
10.247798 99.949491 17.562406
50.027988 8.553930 16.634392
90.903240 62.731248 20.831950
28.094197 14.957084 16.439100
50.083495 41.615677 20.404376
58.459546 24.014610 15.311180
77.935559 29.961038 15.580206
98.788428 52.086418 16.372095
86.373148 97.399338 17.842329
96.823370 4.318700 16.806582
95.048782 24.467662 20.991230
92.245713 34.039619 15.975650
41.465506 22.330981 16.082588
28.291530 46.851470 21.616520
10.407207 92.464986 18.967276
84.873691 52.382198 17.186655
36.913382 61.656402 17.144009
74.396630 62.756110 22.285440
65.614002 69.125744 21.742691
35.627843 33.703396 16.425482
97.761206 83.862491 19.573237
11.167744 36.235604 21.826496
26.306502 5.386965 19.815903
7.259458 25.592004 18.639368
82.035465 87.598406 17.135892
5.948628 59.314063 16.202035
17.125672 1.997444 19.408761
50.820864 2.245468 15.213395
10.062963 46.625313 15.728993
15.871828 6.369843 19.427916
32.173671 72.734436 18.412367
26.722676 87.903458 19.631651
33.726624 9.809656 20.242897
49.977342 85.291202 17.513752
49.918297 20.815409 15.575675
72.405912 99.720603 19.676639
97.374443 21.118384 19.905865
69.821615 30.543255 15.175253
56.274501 0.105950 15.265469
60.772055 50.932422 18.365221
46.509384 90.665922 18.833409
95.547027 43.278324 17.658480
46.174580 79.177571 17.719808
71.227833 66.304626 15.656743
34.722036 51.508007 21.407210
73.011860 47.202213 18.232800
8.312013 88.443569 15.704703
6.620131 77.989485 15.120448
89.899669 87.392299 19.958161
93.167195 25.121009 19.569609
7.595771 71.510422 21.185893
84.516951 88.312819 16.679435
69.235768 28.170423 22.448746
93.733963 45.374369 18.981792
73.462401 0.742657 17.001464
48.720240 72.817031 18.084022
34.303729 34.337528 17.136784
65.900974 60.063249 17.554683
24.500515 52.023024 18.977492
92.834878 58.764834 15.477055
40.109813 87.115010 18.261898
19.860397 16.475422 16.313831
95.803412 83.914551 20.891659
31.291754 36.891583 17.285632
65.878117 72.519254 17.855762
57.156228 75.962160 19.468075
80.014932 94.087123 19.885224
45.760099 68.697790 20.246425
70.928436 12.750275 17.673110
95.182103 17.077105 15.077154
61.550253 52.291434 19.078432
64.403861 78.115875 17.572899
47.606866 3.510901 20.202277
67.953373 36.368178 17.455542
5.270096 19.370676 16.203344
18.648969 10.179136 16.605234
11.186991 28.817799 15.026932
32.724531 62.318250 19.849573
33.358241 77.754252 19.620774
7.181939 14.575608 15.587347
36.690568 83.081316 21.623124
47.613290 30.670166 16.343955
93.705089 39.586931 19.326763
7.943502 6.676694 16.039459
84.605003 78.874601 19.588159
53.071058 74.913543 20.160385
9.336421 31.016309 17.958674
95.163071 96.820249 15.390132
18.236221 98.384475 18.580673
99.948121 39.918193 20.774947
0.436031 29.106379 17.809674
48.882692 82.231821 22.067105
1.781732 65.611012 21.141836
57.628419 35.107774 22.136158
45.557979 80.224445 17.480462
1.391531 42.538751 21.752419
59.837671 10.726336 20.523719
60.008549 93.548959 19.945736
76.084334 20.903600 18.727203
83.371225 0.857221 21.228621
31.796893 69.719165 18.482107
37.478800 35.142955 21.738133
15.872822 56.008346 18.263030
84.271113 83.236025 15.167653
48.440295 68.042593 16.717169
44.744196 26.783996 15.130722
85.892194 3.448316 22.142559
32.660091 84.369018 19.712120
30.047323 46.870373 16.823448
65.463925 30.539078 16.824621
22.648873 69.668424 18.646748
78.811350 51.398106 15.590308
0.587911 36.052185 15.623063
30.391800 67.963598 15.795832
84.388134 22.377725 15.852176
42.548986 65.434776 21.324698
6.374027 76.097750 15.385195
2.654011 65.930298 22.187787
17.407258 10.694578 21.157620
30.554311 69.740885 15.473664
38.131900 21.049269 15.731124
81.118028 72.712161 15.623228
30.808279 96.321438 20.138751
27.486137 37.004319 17.953751
23.565295 30.708850 16.385235
89.179624 59.398050 16.135501
0.816307 60.883625 16.120376
88.883921 34.199291 21.471534
31.575447 92.996774 17.244967
25.458972 56.102802 20.194268
20.392831 24.482814 16.121661
53.196156 51.841485 15.133123
82.457813 78.039351 21.867135
45.581396 82.704691 20.854176
72.687360 78.971018 17.251708
54.531039 22.602933 17.909523
0.819277 4.027520 17.322008
5.934348 36.953901 18.492435
33.950868 53.377676 19.694551
77.445661 94.235498 17.326505
46.763874 11.556898 16.066571
85.195141 78.946388 19.538994
57.572718 11.112261 16.551586
21.729504 7.762103 18.776158
29.900561 6.954913 18.508561
88.129783 8.857996 15.112274
57.257317 58.045853 22.190449
1.923476 16.441798 21.884137
66.844017 26.203337 20.479027
24.798545 43.006420 18.658080
97.711843 87.708600 22.471162
87.238515 80.922373 16.345271
36.274077 98.241067 19.082176
92.030621 21.426557 18.996954
24.668700 69.503388 19.361178
98.848196 62.476516 20.576227
96.031038 57.817419 15.785669
27.156110 42.707269 21.127803
62.543710 87.814679 15.705245
62.816971 41.202550 22.300232
20.288348 98.607233 17.620568
70.479212 38.967179 17.825951
94.978505 21.570661 20.907719
52.805082 62.293026 19.740608
80.129877 38.616046 21.257971
23.249456 31.735199 17.124170
74.046876 13.787794 19.624927
80.377549 3.322084 16.735632
43.333053 83.252843 18.863985
91.725346 97.863789 16.757223
46.886921 36.671987 19.509058
18.844922 67.755396 21.604681
73.020665 35.467333 21.077713
79.040228 7.748525 16.300995
44.206867 68.219539 22.449121
68.417057 23.450515 16.280829
83.377835 68.207561 15.078581
69.244010 75.455526 16.318858