42.732060 77.618979 15.908961
0.155825 51.020899 20.568402
18.244834 8.239570 18.977742
18.117686 94.157999 16.499023
79.690985 29.911394 16.721368
5.657634 55.645021 15.370015
49.288931 23.816794 18.105543
41.976108 76.550806 20.288862
17.201536 74.557669 21.044190
40.109609 37.348982 20.216534
38.243499 71.541442 16.289676
15.486181 91.309277 17.991789
30.451110 7.481574 20.339078
23.539124 73.267955 17.026999
69.274688 47.880520 20.301051
19.335734 58.351440 15.425723
48.467527 70.724496 16.197113
20.995115 47.818420 21.932667
12.580433 82.555965 21.584045
77.115573 67.255635 21.351703
84.679204 75.771918 15.403371
48.061074 61.856024 15.790128
62.080652 84.661276 21.130621
85.251950 67.753207 16.373330
52.001487 62.021849 20.971072
53.015051 93.372041 21.614974
65.265768 29.017668 21.371659
4.131278 71.637938 18.069729
63.982573 82.596509 20.239526
24.786172 70.978173 18.894963
84.280410 1.811575 22.145135
32.356514 50.214177 16.689548
63.605893 66.531303 17.847074
30.412555 30.079345 16.042758
11.597386 62.943156 15.714352
15.260543 85.367516 21.252641
58.817826 79.313361 22.148751
95.123914 4.991151 16.835029
35.240791 71.733960 16.844947
20.633262 25.833904 22.207749
80.305580 45.615443 15.605337
68.914642 99.185006 20.876101
68.360459 67.330738 19.319143
68.828039 89.176029 16.551303
80.324408 19.424410 19.151626
39.238806 42.241186 18.520667
44.959029 69.518116 21.126628
46.246630 80.485840 16.148470
39.307185 29.859105 22.498125
82.008311 94.440915 22.012769
76.523743 20.614459 17.197260
89.499624 15.133588 22.490397
68.095151 77.997715 21.953739
43.594308 82.451164 21.878998
77.353187 99.296402 16.666638
13.163950 0.968332 21.547349
25.551925 18.088509 18.172527
77.085877 51.734454 16.373217
11.021117 97.716644 17.922751
30.822558 42.797792 18.315781
68.474641 86.027056 16.568345
51.145044 36.009176 18.751180
70.672375 10.114724 15.928025
20.232269 85.386984 21.105398
25.148578 60.530272 18.528176
94.719365 62.606994 20.064599
90.934637 33.415128 15.946785
41.001045 80.340902 19.033988
12.750559 9.232296 16.184257
10.321225 41.049984 19.932184
38.958543 39.467796 20.119111
93.206749 9.788638 19.254486
64.451300 0.443988 19.090070
75.401232 64.903036 17.072271
81.086992 35.616145 21.019431
72.726782 74.581320 17.517658
35.875607 20.677619 22.007419
50.592906 44.356384 16.697426
83.838788 82.070604 20.726530
28.391225 99.254556 18.500314
48.136819 48.562417 20.177669
2.518580 43.226214 17.973432
43.147645 23.397506 19.107540
87.571753 33.997732 18.382667
58.234518 18.139596 15.414055
54.393845 62.266666 16.851677
19.268403 0.607789 22.154117
48.205505 98.480941 15.367639
81.930833 18.651365 18.681552
27.816295 17.762424 19.751363
56.624564 91.361194 18.733944
33.110658 0.172303 19.431987
91.284401 40.785236 15.795628
29.729098 14.726308 18.285149
26.873152 9.812878 22.310434
39.408391 55.827056 21.027611
5.071213 13.198247 19.266195
29.205211 24.556491 17.278023
47.596568 49.362276 17.299959
48.287933 51.928215 19.806113
71.368567 81.417364 15.163617
27.950391 45.612289 21.399319
75.106133 36.475772 15.700562
48.254584 29.737533 19.288535
75.351595 10.186117 17.229316
64.926988 45.974317 16.708891
63.581594 71.338558 17.132903
37.655216 91.908437 16.037046
71.761958 47.507695 21.089382
70.916671 86.066249 21.945963
78.579014 16.239898 16.801910
78.790140 29.339983 16.107239
75.419603 66.378519 20.380015
75.531723 10.809924 21.967178
73.398618 88.277166 18.271243
52.788947 50.684317 15.736612
11.810898 43.561257 19.433582
14.621993 96.552997 20.221967
1.369456 62.781463 15.026434
19.845872 96.077589 22.185005
46.159614 98.238913 15.556829
97.727541 93.091054 15.246173
52.126159 33.952021 18.841162
15.029465 76.796055 18.275964
30.298236 26.246809 19.507168
6.735111 3.639490 17.155563
32.347609 12.938243 20.280175
61.549798 50.924145 21.460725
24.295102 71.278521 20.478831
82.721595 29.725892 18.828170
30.770618 48.112543 18.578552
47.151660 89.937480 19.831241
72.879818 26.948811 22.251677
28.261374 37.155166 21.683793
1.193406 75.315764 21.661365
75.624482 0.048803 21.327778
33.839577 86.429139 21.792764
93.922479 21.226258 21.049150
8.292669 27.460335 15.556568
52.370415 74.948202 22.480409
89.685700 65.717573 21.310456
24.451488 88.092871 22.347575
74.330761 54.147929 15.077749
72.496009 60.156756 17.920931
49.479245 59.940676 18.061819
81.798471 98.146976 17.361303
27.063427 71.818745 19.559026
79.438063 91.537652 20.185809
2.917101 57.963204 20.490671
44.028558 12.025356 18.814722
68.541061 64.941067 20.663217
84.764861 78.575465 20.537870
93.133087 81.216310 22.459992
95.936985 5.627462 15.657325
27.160923 57.916832 16.789042
73.804066 71.619761 15.253717
37.507067 19.633253 20.393107
42.152451 47.304915 20.714349
31.071237 15.097531 16.514294
76.899474 21.175983 21.743924
60.888327 74.877796 21.871947
17.947052 5.148515 18.865001
51.280174 87.056732 20.770241
99.808982 63.725620 19.293438
80.662887 25.185943 21.656603
47.301974 70.353249 16.302005
72.159130 17.930212 21.164079
57.083404 54.512349 15.640506
91.986429 16.091116 19.888000
4.947888 35.909845 21.149905
23.152158 5.553039 19.764910
43.786993 14.618870 15.387157
56.312739 98.441888 21.237498
38.123945 31.734743 22.064293
74.672885 18.447330 16.057004
30.021796 15.503052 16.539797
9.178082 82.446527 18.554601
45.718325 39.710349 21.251335
84.295937 37.222155 19.597628
3.700434 39.222057 19.837465
71.251950 17.129366 15.824501
53.560698 18.763061 19.458927
5.376950 12.971794 18.036629
57.025017 41.281163 17.644544
24.689015 18.290816 16.531207
65.449825 34.213877 21.619120
43.559843 46.458857 21.870280
66.296606 78.855724 18.496948
57.156007 40.329369 19.497403
27.436337 31.381671 16.093564
65.537895 36.443444 17.391423
90.922979 27.196579 16.909750
2.528229 30.083302 21.689780
76.328420 96.215754 18.924718
31.939199 66.867315 21.269130
25.297134 13.163225 20.394574
77.114125 53.723216 15.357663
94.798347 1.980544 17.397426
93.088207 27.083721 17.158475
57.967069 11.315037 19.981636