41.979574 35.793633 16.989563
65.168989 35.469463 21.097033
21.594427 2.518417 17.371067
31.063871 11.937067 20.307796
23.623468 66.387614 15.662925
13.356613 5.855851 21.510747
50.707476 26.175534 18.332170
81.538040 89.791352 19.136902
23.132806 17.094573 16.939678
69.678661 74.727919 17.062151
22.705649 59.247897 20.859471
62.383785 43.148864 15.617603
24.472368 59.639630 16.376894
34.271221 64.947698 17.022597
17.347180 96.531701 16.962204
37.763261 3.577329 22.140679
50.190586 33.501928 22.367886
15.923775 75.624849 22.107845
52.573032 37.841358 18.342081
7.835586 70.644793 22.007965
0.111678 14.854397 19.729674
87.821312 80.211678 19.433975
49.812948 54.376203 15.422560
51.634531 11.368777 20.861836
13.020022 1.627627 22.370084
63.105488 11.856071 18.449493
10.334597 19.571605 16.788456
78.030648 52.648088 15.443931
25.415402 54.137479 18.525120
83.162889 4.420402 18.295206
43.736749 73.606274 19.232687
65.106616 79.240967 21.343729
93.315376 37.393277 21.937874
74.369693 33.883828 20.825024
32.025785 57.960669 15.281771
55.456439 65.339640 17.079219
71.116789 25.087705 17.338014
96.402609 52.405556 20.274903
38.927097 34.506735 15.872458
4.808576 78.478852 16.375373
31.292341 16.129465 17.583662
47.705102 24.283672 17.469297
69.020328 15.067089 18.993980
76.569387 78.774324 22.224137
46.130617 72.558688 22.249947
52.298050 71.324000 17.578652
56.340662 62.131168 20.385155
64.767674 7.026934 21.868790
9.374555 27.500810 19.161813
26.481422 18.054380 21.653646
45.988856 72.210034 17.561150
19.322458 73.474901 22.488534
11.598216 48.030952 17.162070
72.192890 94.890380 21.455307
55.388507 67.567646 20.732401
53.316953 71.720680 16.893197
37.935384 99.422385 20.297204
59.268338 63.314373 22.201615
97.335272 67.655325 16.666912
79.466770 89.897828 15.806819
70.391772 46.315826 16.861289
4.747850 18.554154 15.645894
89.079777 51.361288 15.175296
36.418016 7.821284 17.691595
67.209262 62.852974 18.591903
91.032756 31.803109 16.470781
28.963576 92.921147 16.175522
40.949336 44.610488 16.100138
23.973138 90.403439 20.521253
35.232596 31.885130 21.116619
79.783202 31.928603 17.154314
26.114451 76.288733 18.796961
76.199659 96.735323 18.742102
3.024410 20.990926 15.746362
56.509746 89.119120 16.250059
50.628223 12.215956 19.190682
42.039228 12.212778 21.341847
40.165688 23.595336 17.736226
67.819971 99.516133 15.254475
69.096233 10.102457 17.684059
2.765330 17.840290 17.529840
73.398145 80.945437 22.079852
86.862577 43.975301 15.236149
8.397754 68.360187 19.622486
34.366565 50.044125 20.623534
94.924935 29.850885 17.958423
72.735130 47.565350 15.180307
98.648062 62.321010 19.801321
35.641223 42.575931 19.827854
69.730255 90.181532 17.488951
61.677420 14.195916 17.746388
11.226144 83.035724 17.794965
35.872022 37.139464 17.735088
62.776343 81.424944 16.057484
43.074871 99.054844 21.020161
18.272242 26.465917 22.240872
17.276736 47.829825 16.153121
45.226798 60.053362 20.928182
2.157706 3.242066 20.788277
50.194885 40.667657 16.333479
4.021351 49.692111 19.458539
23.798376 3.843349 16.571796
29.637772 13.297948 17.328612
99.432550 35.665834 18.019049
14.123757 14.821667 22.437379
51.573872 40.606169 18.982607
87.188834 37.945959 15.879778
54.059702 99.527665 19.493785
38.360631 35.132943 16.626697
96.539975 86.802508 17.723823
32.990805 65.107357 21.696038
77.985612 97.941013 18.483836
51.299978 26.620654 20.283288
77.863315 19.903021 22.035954
6.708755 50.098193 16.118475
42.915476 98.481344 18.017677
89.357225 72.871383 19.868038
23.763700 57.905520 22.252499
40.353883 69.824102 20.873915
18.708460 91.271506 20.031943
63.331595 18.009022 21.493164
74.302071 79.493206 21.847768
2.656096 12.288583 17.592118
7.197902 30.176805 16.428591
96.227515 93.697574 18.351127
28.440370 71.347904 17.760058
69.260577 63.428276 20.833525
34.755873 19.033385 16.592717
37.000554 84.640173 17.032379
34.183028 60.274799 21.141956
67.472387 36.422799 16.962908
1.842788 68.046144 22.251261
35.815214 90.505633 15.962344
76.659124 39.841614 16.902299
30.441599 32.398344 21.234496
91.945681 14.953091 19.576412
1.440718 34.612662 21.810653
85.741344 68.778688 19.561755
80.768308 92.158156 20.279827
1.513964 27.646600 21.333353
76.796609 95.282853 20.905658
78.985090 71.998152 15.020818
38.525431 24.726640 20.313250
83.130918 73.370826 21.193748
40.183529 84.979778 18.049955
89.556546 12.058820 20.320939
18.520632 7.591884 19.354888
92.721968 14.744412 18.929657
28.511690 81.919426 17.554710
37.660411 57.968136 22.014839
64.258264 66.744926 18.800108
72.719197 78.389457 15.626997
81.559798 86.400314 21.440480
31.818519 73.206737 22.107766
15.224458 79.612588 17.889462
31.144622 21.446422 16.893666
21.957505 69.553172 18.593173
41.166555 7.181721 16.567407
13.380653 24.481942 15.928162
25.753552 57.578369 15.558793
48.564583 23.950335 18.419458
7.211083 94.685286 16.451164
30.850021 52.873412 19.168918
62.711930 22.474516 21.893454
73.604621 0.195362 16.174058
11.173985 34.500780 20.717363
96.523237 96.224238 17.698591
75.641506 34.890484 17.992870
40.351351 33.131876 17.705651
26.278236 58.945999 15.068734
72.316153 93.749770 21.250207
71.229140 40.774510 17.315221
87.410680 86.229577 22.142205
21.675142 73.321403 19.767984
63.383560 94.771856 21.367123
13.535856 32.404306 16.375023
90.399547 37.947410 19.904290
90.014333 49.611051 20.981131
89.289245 14.202751 15.690564
14.820067 43.103266 21.001814
5.488991 54.671743 20.296647
3.817876 78.067489 16.958235
76.310945 90.203808 21.963738
92.306727 14.154875 20.596733
34.011326 93.953282 15.435735
42.320423 6.728821 21.339393
63.111221 34.218343 21.121747
52.524125 26.462460 21.607909
54.081584 56.612372 21.292671
91.081013 54.038323 17.844450
26.343010 42.666454 17.515704
62.434284 50.466863 20.713633
1.500907 63.856448 17.563925
35.121728 4.882929 20.512991
2.171714 20.243627 17.387319
43.522493 2.793186 20.020261
92.550260 52.105589 22.128738
58.258751 80.429427 19.381207
42.460537 75.508365 16.385394
59.794663 91.259318 17.343077