5.624960 22.575177 18.793236
94.538618 54.636066 20.363490
68.176649 35.016436 20.943060
76.775970 45.983143 21.285069
17.805650 30.127936 21.135983
99.802698 4.122006 21.656249
36.489724 13.044555 18.294090
14.244081 76.310498 15.638320
46.603855 44.286099 17.285615
31.370377 91.874746 17.428997
86.470005 65.397046 20.125368
86.837290 31.147533 19.032516
70.475287 22.054846 20.000264
74.730140 63.820200 18.205816
0.214741 8.586394 20.968657
42.096861 85.064454 19.269605
33.666790 0.301330 22.074499
93.108592 59.547588 18.633913
55.401585 73.963088 17.918017
41.228029 23.752309 16.919826
43.684204 17.389340 21.736288
79.472207 37.367364 18.125817
98.483104 99.460603 16.713351
24.212373 50.079503 16.166355
72.558090 2.937290 19.427817
24.261958 63.803055 16.931017
44.463246 48.980359 18.590845
48.864377 65.447960 15.269115
19.872582 44.442579 19.843545
78.204679 87.888300 16.950936
57.176185 7.264051 19.673356
87.883123 56.582615 20.934485
56.493704 18.158389 20.324679
66.755933 50.214916 19.345206
46.273361 76.851540 16.807771
47.161837 11.555403 18.065683
89.061630 66.703551 21.656845
25.141687 35.474928 18.926737
23.661846 47.191753 20.919147
91.018039 47.567526 15.565775
6.248739 3.225440 17.642832
46.191737 23.793315 21.339254
27.968954 88.506222 19.605902
89.735170 30.638179 21.309036
57.291367 7.371099 20.991538
79.960093 29.138316 18.147307
40.116438 53.543073 19.286868
21.921304 96.359189 15.550112
68.402725 96.623003 17.735524
30.179697 40.801902 21.950512
8.214053 15.744057 22.123785
80.838245 67.828508 22.488628
99.272422 2.159172 18.697422
9.021750 73.659795 16.448061
53.918257 91.952619 19.275326
74.943888 30.740109 15.598358
54.820822 48.008251 20.090743
76.619692 67.178920 15.676797
43.798818 19.555773 20.359915
84.127341 41.943248 15.881282
71.690122 51.549112 20.991195
57.672385 42.277903 16.478663
68.787543 96.171648 16.060348
87.541418 93.239545 20.613036
66.236766 41.362152 19.281734
79.439325 49.968739 16.895016
10.339655 41.829013 16.199824
56.259916 77.369914 15.737580
18.157152 29.535660 21.733049
82.708508 98.629244 15.695099
0.168928 89.657079 16.794236
61.916032 39.630329 21.374409
50.983155 15.110588 16.121396
75.578322 57.248556 18.780633
19.245903 49.513805 18.981914
91.517412 82.823581 21.862842
52.689767 16.041337 17.294943
43.264410 77.279700 20.260252
4.119821 15.183729 16.854676
17.958215 0.630218 15.393985
67.043657 62.700214 19.096600
67.228457 39.557260 17.520157
55.629749 77.966961 19.600066
86.699926 49.053100 16.393213
16.423832 36.717207 18.904386
79.207477 54.673786 16.690663
59.228596 36.902456 18.408248
29.480050 49.065443 15.664460
87.122363 8.535768 21.278480
46.895117 62.622555 20.382266
88.691303 87.961557 15.460138
13.414748 56.364233 15.825222
0.715801 34.389095 19.445491
86.481742 67.549178 15.192399
11.535767 24.209683 15.697813
42.070609 93.435196 19.783056
31.773586 11.731507 19.566203
66.363496 85.976011 19.126598
25.472721 91.478542 21.418270
95.792625 40.896212 19.792522
73.212255 45.895765 15.921056
92.846531 68.651573 21.953564
96.212164 70.499738 19.273336
43.623535 18.041362 21.147555
71.414467 80.152997 18.291762
70.029424 13.051906 16.314613
36.107841 36.072181 16.735090
5.533310 23.306883 20.433500
82.367580 32.173006 15.500096
54.790713 59.450741 21.036527
62.906734 81.018212 15.064999
0.377663 8.560573 16.546189
94.741631 14.426520 19.168790
23.465483 75.011150 17.113557
7.817443 80.097365 22.197168
86.287319 15.870232 22.104402
66.155624 18.173889 21.330455
98.482862 90.706559 18.980772
9.623138 73.867603 21.637138
19.756151 62.744017 20.720868
50.108053 0.453787 19.945409
89.236566 27.042189 16.424588
46.591790 85.081243 20.368903
40.538844 34.729914 18.895190
37.759737 79.324628 19.863994
39.579675 2.979784 17.321900
12.367479 86.220668 15.730055
45.649830 76.569169 15.684617
31.851886 39.510695 15.840086
14.721835 30.145645 16.949429
12.360444 61.859193 21.896254
83.947834 38.330191 17.372773
27.657551 28.772433 16.723635
50.075721 6.195721 17.633262
74.465391 18.197583 20.158337
29.622272 70.323479 22.184449
9.153702 77.410626 15.541846
26.752441 3.912212 21.741546
60.101244 59.781367 18.153062
34.272720 93.352560 20.498610
34.737318 68.390264 19.058818
37.815239 93.791466 22.174939
56.631581 83.234770 16.880738
2.004056 42.655087 16.323100
81.233607 18.559448 16.666390
93.819904 8.825511 19.259993
78.636776 18.128859 18.177461
81.132450 85.156468 19.665430
41.974513 46.736617 15.241361
90.137976 75.657123 21.058553
64.563546 20.409266 22.094425
2.502933 41.233531 19.733165
52.696694 49.431254 22.276528
78.778346 3.334939 17.384537
68.717060 92.825216 15.857531
9.425824 91.926462 18.007403
28.100795 75.540070 17.778477
3.297178 86.858278 17.505745
41.646696 60.376732 21.088741
40.474360 16.391486 22.419449
91.701575 77.116599 22.069929
95.042623 97.774630 15.257863
49.662542 13.406919 21.941134
84.186341 67.599600 15.137415
8.760750 93.816544 17.934055
60.218731 45.229175 19.119095
40.886326 90.507716 19.036188
51.287056 58.704117 22.262094
85.937179 61.176494 20.101407
15.312144 14.860514 15.141473
69.050432 94.473282 21.557170
43.531883 40.542953 17.747918
74.487799 11.113971 15.376703
36.882603 13.224619 15.258370
94.971620 62.848008 22.014491
52.737000 8.949994 17.620636
60.891789 15.230420 21.580003
33.164716 66.655488 16.518796
71.895841 51.362560 21.814091
76.862883 0.219369 21.353591
33.097275 53.797983 21.670207
19.483595 69.251626 17.102287
5.415265 60.306540 22.317944
57.462759 28.550242 16.005986
29.840930 38.554928 21.251195
72.253346 91.835497 21.759324
87.711240 50.570773 17.541507
22.531984 26.452536 22.289951
40.258024 86.230967 15.439251
82.155403 92.163542 21.695771
88.517666 9.496033 19.995844
95.483912 27.676185 20.716917
45.978340 90.380964 20.486869
58.396980 99.785203 20.376328
61.513429 16.841032 20.679572
88.003913 56.086792 15.790804
0.596411 98.098738 17.558237
77.638112 87.945181 17.851763
95.386464 97.819038 19.062329
38.879171 56.004801 17.229797