4.016285 9.362205 21.918076
45.743198 84.093903 20.790422
32.783474 58.513513 18.215744
50.779336 77.285597 20.721721
0.190280 59.956712 18.890461
17.069585 62.202994 22.055067
91.968823 35.681921 18.923774
15.483353 7.482489 16.655781
42.847231 45.332006 21.209678
42.636706 21.890894 17.099249
2.760706 97.220118 15.712749
96.135705 11.708905 17.481917
74.606334 18.462657 21.603115
69.930886 16.609564 17.404112
27.832984 70.140246 20.140532
7.944960 14.891096 15.212259
77.420911 8.517437 20.091172
70.103463 70.210115 21.175704
94.293649 0.453550 15.045698
14.981892 50.065445 16.194999
35.051418 54.467437 17.194143
67.604395 88.990346 21.502601
9.369228 23.683131 17.738599
26.164185 74.212051 19.918581
94.658240 3.586174 15.802429
27.347307 80.392674 16.376354
44.628348 36.163738 21.674300
26.570710 80.505308 17.757279
12.310527 66.471290 22.047400
59.688201 40.272610 20.741965
82.181172 85.695795 21.141423
86.331143 59.593771 18.398294
1.064305 88.783330 21.081273
78.701798 25.624514 16.040023
83.602626 78.437814 18.705861
1.256681 32.150672 20.087292
68.450329 39.054915 20.422480
20.280418 7.227943 18.222610
27.706879 5.751978 16.800830
19.653791 34.257310 16.916970
30.044447 94.212309 20.450728
62.446138 91.634220 15.743133
75.289941 5.957337 22.466044
69.504332 49.814287 16.331528
32.516430 61.915090 19.704964
90.189009 50.104155 15.134643
31.809743 19.294674 16.059493
67.227838 66.727751 18.144431
84.283458 81.101507 17.733783
37.828620 23.389778 17.669323
92.477881 69.940029 21.033795
74.270729 98.262095 21.272462
30.937792 71.254634 18.348741
96.725883 40.650320 21.026877
67.309710 19.118903 21.883895
88.388100 47.042876 16.983751
8.497523 95.215321 22.275825
31.775133 68.434759 20.061493
61.289757 83.174906 21.693445
53.026742 77.681052 19.819187
76.720434 82.220331 16.591798
38.509908 7.652169 17.428299
50.034188 86.663436 16.683342
4.609781 67.833629 22.259588
86.014810 4.991044 20.486277
63.290843 14.114129 20.744621
30.584937 2.623197 17.165754
60.323799 68.691157 21.616193
33.360972 66.675653 20.727720
6.841294 13.767897 16.214700
2.464621 93.690047 20.945293
74.684656 34.922556 22.088626
53.369589 76.639157 15.481445
7.931198 15.775314 15.355142
9.420994 55.913272 19.639588
18.688633 45.335030 19.905521
92.778279 81.086847 19.515401
51.391054 79.998040 22.282926
82.242795 1.062671 20.752524
18.329098 60.027929 15.627001
98.780867 99.288597 18.390427
8.645798 49.062564 16.027737
16.852271 86.790686 16.018704
41.087649 63.900435 17.680482
84.672791 61.031145 17.584327
66.016219 97.967356 16.436800
41.899216 60.466395 19.962666
39.639942 9.287147 20.520692
43.200724 65.783100 17.202044
3.895192 87.247662 17.611542
95.579148 27.507423 15.688658
12.690906 20.179009 17.705617
58.867497 31.150259 20.384925
64.808108 83.775313 16.911263
66.964693 94.796180 15.726987
22.519052 56.950652 22.242882
20.823680 41.621958 15.435297
46.677243 2.192187 16.172619
71.004059 50.557489 18.860518
47.337721 44.693189 16.752384
45.346907 20.930466 22.198735
33.057338 57.102736 18.384324
82.968514 26.200890 19.852205
49.514873 23.697574 22.004049
79.552120 64.454539 17.990547
11.781307 41.119186 18.128125
36.205986 8.757477 19.075035
98.204872 68.219595 17.726797
67.918229 66.745801 15.874582
2.349705 51.509203 20.370335
13.634069 35.792445 19.928753
0.961758 67.007509 20.979038
64.657482 23.373020 15.673265
30.108698 54.048739 19.795190
94.939475 69.023300 15.542581
32.819971 33.365372 17.898504
28.024261 99.876557 15.581526
11.003087 23.499264 16.700508
55.085105 71.887946 16.693261
68.548145 95.783081 18.771993
57.508708 49.782346 15.793041
37.932851 88.911078 16.495030
59.279409 52.971718 15.990770
90.107617 19.897345 17.598444
26.691793 54.841211 20.822759
68.261540 49.452465 16.593549
43.703663 2.776477 17.745999
2.928735 79.761058 20.455662
44.532755 98.153289 20.240189
14.248816 94.124050 15.674302
98.362564 64.445577 18.440512
26.491996 32.208375 18.491976
24.619196 74.579176 16.155539
2.815537 45.083179 19.245519
52.608623 9.585482 20.920368
85.538086 89.195613 19.750900
48.838582 1.220106 15.133915
97.150863 19.974965 21.415780
23.639817 11.945154 18.003203
76.715676 48.233574 16.832629
29.342831 79.437269 19.957226
7.728132 54.019866 16.356308
14.982471 15.671300 20.846991
32.524531 70.705887 16.039138
40.870417 62.785021 21.363857
81.994002 18.095301 22.431020
69.279981 74.854991 20.868467
34.338548 49.828371 22.164495
16.113844 96.244077 18.078282
27.838544 73.485330 18.223501
8.301726 52.875537 16.782462
0.249313 25.288078 18.032650
20.822101 57.728752 18.086890
20.571012 85.578984 19.723003
25.980504 10.575007 19.265629
29.703508 32.048186 16.897473
11.373905 46.449878 18.751838
50.786049 67.288279 21.531357
16.024739 31.819338 16.700170
15.698264 47.417534 19.013071
36.750841 50.747586 19.520430
55.848763 14.635061 19.170905
44.517325 84.785883 16.782299
20.564880 49.456319 15.608765
83.728328 51.767380 21.060511
96.390534 92.467486 17.989082
5.735396 24.548995 16.367813
54.410293 70.622141 21.285295
88.122541 2.624024 17.646010
81.228803 35.957731 22.007845
53.432636 77.241831 16.272103
77.915858 10.376875 17.205930
71.577930 7.710647 16.237274
15.229671 89.279027 20.931299
16.475429 66.356429 17.932272
46.183488 9.458325 20.162915
84.819489 30.290449 16.753262
6.788867 4.609399 16.243056
21.301305 49.121062 22.403857
12.393816 18.586700 21.296919
77.451186 13.655919 18.429530
41.719219 18.716548 16.413205
86.582948 40.822395 22.328201
45.057405 9.230851 20.181234
97.820458 11.225293 21.217218
33.935219 82.328685 18.821168
12.368231 32.180172 22.490972
38.487345 34.102121 16.422884
48.858558 86.624569 21.942867
56.097273 76.423700 16.023592
37.625158 35.654015 15.090373
89.731069 33.257960 18.043661
72.143082 20.203490 19.181073
30.026300 75.502715 17.405627
97.290918 25.558815 15.085439
12.949173 55.743518 15.419978
87.177595 65.896895 22.337377
47.657190 92.656466 19.711337
30.223837 46.773856 15.195654
4.151706 70.629856 15.258267