56.618212 41.244709 19.746292
93.414783 18.126746 19.170415
2.790630 88.162622 22.465626
65.355874 33.664202 20.075058
46.586324 83.113546 22.020500
78.727641 45.154538 21.384624
91.297512 82.549566 16.481260
66.386414 94.912147 22.196940
91.652927 92.710543 17.105734
77.082219 79.660939 21.789410
0.144585 24.964990 16.606374
1.276878 95.494989 20.226919
43.205653 4.974140 15.606124
3.982838 24.059222 21.688816
3.269861 23.092672 21.491128
81.124447 44.147600 17.103003
73.951901 98.998498 20.855569
37.062355 92.626183 20.440742
4.990284 93.113888 18.269691
60.679153 10.060037 16.527833
53.248179 5.224062 15.624314
0.055951 58.864212 15.590242
9.676411 8.470520 21.125767
47.681877 73.772500 18.594214
65.091746 67.707065 18.262748
90.640581 58.992954 21.466352
77.135408 25.554770 17.386407
96.967789 95.310058 22.024759
56.103884 25.110290 18.712022
54.556915 13.552261 20.815747
18.230437 66.366311 20.461474
47.510520 9.025748 20.421882
54.618091 25.965414 17.681859
76.301809 86.810580 18.060603
94.223841 28.229818 15.651981
93.952128 39.503308 18.745643
12.682904 80.291673 16.475755
43.302130 21.833916 19.231180
15.438280 71.659802 16.662728
11.055717 49.880524 20.697564
20.462142 53.112395 17.465749
23.510261 84.971454 20.801570
53.951641 58.963983 21.187015
26.511943 82.149449 16.657292
63.442453 36.095212 21.612460
62.066924 70.789885 17.310896
92.473868 89.146783 17.457536
52.514586 57.628166 20.506689
27.229506 71.799766 15.941647
46.338881 4.823259 16.687727
52.556734 39.434987 17.450380
5.623411 30.814566 16.343875
69.996705 24.081749 19.025396
20.019640 42.622797 21.580929
3.788541 53.792738 21.220814
67.504423 76.996517 21.444778
75.161324 38.022063 16.420560
3.328185 33.631929 19.855158
32.696958 29.151969 17.025468
15.644066 82.385908 19.920150
65.595731 69.589504 20.846941
66.484323 39.746117 16.804483
12.202214 57.295388 18.842296
47.254157 55.463917 16.785658
80.199463 99.890964 19.423434
92.013963 5.750091 16.883020
68.913724 54.597163 21.538745
77.831454 40.916655 15.252445
18.905704 40.008181 15.620902
88.235137 96.028319 17.383421
34.304164 84.558961 18.806349
44.659849 77.671968 22.476025
33.012396 31.043928 22.129329
66.364287 55.236500 18.715508
49.861167 87.659473 20.037696
81.230348 12.932690 16.357150
93.624879 94.048121 21.629391
3.972884 55.398116 21.909102
84.232981 73.553641 15.803591
87.324806 77.211060 19.560360
70.996380 95.621136 17.732179
43.278822 67.181626 19.011812
18.088548 17.691283 21.912427
18.404010 21.169096 22.470954
98.318202 59.428198 15.453869
75.326784 14.667477 19.098974
81.731582 94.138432 15.244986
63.163802 47.382415 20.147997
77.987623 25.585160 16.512109
54.112080 44.827415 20.328941
20.536473 44.341779 15.935981
11.234106 46.679085 21.189854
3.554509 90.211703 20.150997
5.627829 28.751619 18.394363
49.504590 79.761901 17.320519
67.873032 69.177403 16.468216
56.619861 43.222058 22.380385
72.359762 87.994839 18.628708
49.616870 62.536974 22.119200
5.736181 19.905044 16.633595
57.185899 10.906706 19.089612
63.239113 26.167536 19.146898
16.570451 22.383291 16.623362
80.018850 79.513998 16.193088
31.150525 0.273182 17.450490
34.895962 27.822054 18.716328
18.320204 90.170286 15.203344
53.907083 68.283211 19.330537
5.342264 54.123831 22.207713
81.113014 11.159968 21.922055
25.293537 56.859370 16.937736
74.788469 37.946212 21.142987
57.107461 9.637681 15.687904
84.341581 94.974623 19.167828
96.671193 31.533238 15.463106
67.654023 98.535607 16.806704
19.022515 27.638607 15.745095
93.956240 70.755708 17.258003
95.059444 46.752722 17.527345
6.242134 73.726393 19.976630
63.789400 99.604481 19.807940
52.119505 13.463109 18.087340
23.118358 95.804764 21.138515
22.229609 33.959572 18.585295
8.127603 45.865983 18.773043
40.596005 8.027885 16.953069
52.755006 61.094882 21.881146
95.736915 87.313016 21.852594
44.990535 8.947164 20.979423
3.850701 79.666063 17.362835
35.260998 94.029840 19.369833
63.285616 14.395855 20.393408
37.494398 36.003826 21.806709
9.333854 52.517218 21.848022
22.852326 96.626749 20.643152
21.369404 94.986409 22.376729
20.026300 73.030134 18.444752
0.203690 63.528911 15.788841
41.973673 85.172386 19.468238
82.909059 31.093563 18.670567
67.287156 14.867182 22.288557
13.724626 18.250018 18.605253
55.370122 27.341065 17.189396
60.843497 77.378540 16.305609
87.136721 59.735942 18.711208
93.178999 62.863299 20.285339
96.832762 40.443210 19.113790
79.647776 85.329943 18.465858
75.597725 25.096857 17.217526
65.400831 51.310500 20.271722
2.927662 84.067022 17.326216
64.460847 81.165985 15.527571
64.350284 28.286245 20.215851
17.323079 16.696828 20.763592
34.888956 47.893631 16.779743
65.469180 76.217194 20.291395
46.326350 31.331148 21.188242
73.550775 34.363858 19.519384
98.562751 68.747087 21.937631
74.989754 75.333752 15.913119
16.198160 60.612952 17.106070
34.963291 77.063116 17.125926
7.173958 3.508035 20.553549
78.542696 27.983725 17.562120
52.557885 68.331229 21.734479
58.740489 7.598623 15.351400
48.152512 1.833573 20.386843
83.397052 46.913163 19.198240
24.432520 45.303432 21.289599
76.242563 46.208107 22.437520
29.633218 30.623626 15.199307
21.269898 84.532696 20.545581
72.626509 74.054486 18.573471
13.276996 62.511156 20.424912
81.429305 10.351294 20.461117
23.439057 76.782322 15.906621
40.021714 34.918678 15.988343
93.944378 56.878005 19.823321
60.793005 49.624725 16.683178
97.558619 98.953162 19.286149
53.922619 23.352944 17.470995
46.291878 53.996586 20.495052
61.329403 48.223250 20.387043
24.217283 97.597764 21.773459
92.527957 80.172160 21.065574
65.268498 88.536906 18.778060
20.604688 48.174233 16.657505
65.873531 89.953023 20.433114
40.273073 51.383367 16.293140
64.364541 20.814467 20.341316
26.059657 15.256937 22.253842
85.824947 18.841210 21.895891
7.715513 62.460654 15.335937
75.122290 89.979734 16.383953
97.439943 59.184409 18.489373
16.239143 62.066896 16.485637
90.681559 83.749780 17.432631
41.376278 73.628941 19.099061
29.015659 54.594096 21.335413
3.521069 84.863403 19.939974