21.716931 40.358340 22.280136
92.212380 5.819721 21.019432
78.582667 94.511514 21.346488
81.176532 50.252201 18.957151
54.829898 6.151599 15.090266
60.188237 3.247024 19.919494
73.693688 22.285479 20.060355
61.612006 39.520522 16.305704
22.957757 95.840363 20.913254
60.674817 84.359803 15.996670
80.610771 3.295329 16.859670
17.993690 38.681062 21.983937
52.126115 16.571394 20.894719
13.499043 9.859160 19.867815
79.553794 50.240421 21.703654
99.100860 88.427980 20.350582
43.951018 77.215731 19.769630
29.360182 3.791021 20.042375
55.838008 61.362642 17.070355
13.502501 11.568104 17.610511
75.244423 20.487884 21.639603
98.420415 23.054388 19.950646
87.960760 9.559731 20.318252
16.437064 43.658669 17.100619
85.704953 86.332441 17.021188
10.602105 92.260714 22.142145
79.203120 25.743292 16.380832
63.921553 37.290515 19.737242
32.021850 64.082847 19.346798
14.887921 58.191424 15.646192
16.803617 20.946660 16.010100
64.003563 74.100278 20.975460
16.858560 3.036970 20.215466
73.153877 61.942465 22.467709
40.211708 61.367757 18.757786
80.178371 18.709787 16.043516
23.547861 24.198929 16.852357
56.332743 41.717410 17.038708
40.603014 63.749329 21.768003
40.273201 81.078028 20.627716
20.869592 56.548179 18.603264
20.569423 81.707426 21.357961
62.231983 12.929328 18.306806
39.797239 63.918916 15.487984
85.284146 9.317799 20.723827
57.506939 7.588702 20.750477
56.781395 62.424717 15.192376
94.723581 8.714072 21.979433
59.529096 56.013719 20.768390
87.908757 73.569003 16.843139
79.431972 38.588631 16.322518
76.219979 43.353252 18.658040
24.852990 91.207289 18.814576
62.137580 26.564714 20.972561
30.708120 27.481889 18.430121
99.930834 48.849266 18.714376
83.558043 36.340984 16.177513
6.818514 70.703134 16.730630
53.687840 45.369306 18.789292
21.422226 92.901857 21.278498
85.579354 81.010313 20.211719
30.345764 65.879644 21.312876
82.259390 84.109943 21.893021
43.988284 4.793677 22.061852
79.863219 0.151281 19.719109
68.908320 43.510689 19.175814
0.366232 3.852012 18.120666
97.185275 93.738060 18.611232
86.423435 51.916830 18.292571
84.785331 46.373106 21.178880
54.894881 35.688322 20.968519
46.770257 95.296987 20.799135
40.308714 98.388481 18.572525
59.434629 96.636797 20.209010
57.824997 71.698087 17.829788
0.148795 42.634624 19.068717
14.818045 19.199141 20.285718
92.392649 92.576113 17.583821
32.846958 21.606041 17.486377
95.628556 83.802529 21.033145
85.959050 2.734134 17.736730
56.913302 97.343927 19.709197
38.810109 3.671278 15.616943
32.263344 0.968746 19.566779
77.423705 98.777540 16.446101
58.366672 46.972538 22.479499
23.204278 59.609776 20.386505
30.179963 56.270512 22.305682
91.003646 22.757594 18.349108
58.446614 55.714688 21.334366
4.475020 77.940487 16.146663
68.893402 68.188872 17.707407
21.206691 64.589524 21.481526
42.445102 46.703121 16.050943
91.079520 41.311184 21.115149
83.560276 91.509852 17.608379
79.810194 26.743615 19.756127
48.024295 77.849955 20.093071
50.893954 63.447282 15.614401
20.587710 80.825620 20.630337
15.259713 85.300381 19.861126
30.497658 72.164892 20.661852
38.061801 90.289514 18.925172
49.457021 69.395115 19.096217
11.759522 13.430063 16.533667
75.174808 72.799439 19.033425
94.197949 70.187087 19.065559
6.494230 48.328712 17.522621
28.645812 16.588478 15.103623
66.603179 15.176923 18.214677
89.928157 68.779268 22.291273
14.546471 54.987496 17.961118
77.866492 69.260994 15.718805
53.854549 91.898945 19.036741
47.051524 57.657232 16.291029
20.572770 6.206244 21.823203
39.305158 95.646789 17.222780
60.811279 34.118317 20.946524
5.423297 83.825877 15.182737
53.566465 32.359500 17.121593
49.550940 38.793388 16.706540
53.813725 48.018792 22.232442
20.792126 66.676025 21.906884
57.648369 19.257255 20.615457
10.317710 55.814423 19.040928
1.353586 60.699899 19.593197
91.155045 73.173507 20.352669
75.605270 6.884746 18.019161
39.482970 91.827486 21.421876
15.014902 81.943825 21.115701
75.437653 88.104921 18.907087
43.719176 24.509182 16.557844
14.130944 84.511252 21.476492
1.390181 90.629367 19.846818
85.883302 51.874891 21.966406
12.251575 87.116567 19.501401
67.483528 63.989601 16.051517
18.525778 8.758140 18.648471
86.816325 76.093040 18.111553
91.193216 87.069050 21.005848
92.906695 7.560111 16.429464
52.252665 11.729283 17.634268
85.407520 12.271118 19.962914
96.614484 82.835921 17.540977
7.262980 67.901965 21.457075
30.057203 79.587448 20.384495
89.513279 22.427093 17.710105
65.069026 76.094714 18.570061
75.903196 71.265179 22.014493
89.489349 60.494960 15.440224
79.131940 4.568544 16.785720
76.463349 15.707064 19.684202
59.927640 22.438721 22.349748
33.817688 78.744959 18.434650
25.873371 18.799782 20.832134
85.120125 54.959243 19.781958
46.012783 80.455589 22.354171
26.120004 86.287330 15.579367
61.214764 55.554850 15.226901
78.337080 78.378988 21.293272
41.915006 67.219510 18.781772
94.978833 60.186663 20.329414
93.441625 57.923293 21.314544
86.997163 48.759425 18.187344
92.376669 42.322628 19.519648
36.173188 98.752468 16.010807
79.655704 63.665589 17.577439
23.931863 32.160267 18.148924
57.030986 69.861195 16.949239
79.590289 91.337064 16.261242
36.931956 32.242201 19.373654
63.130363 77.875856 21.250528
77.080976 62.862684 22.482067
55.546900 33.951000 16.859098
53.006027 74.302804 17.462449
7.997325 24.310228 19.908824
38.820052 72.825074 18.811109
8.007688 77.903809 15.459761
23.428665 81.413822 18.434089
60.420677 24.496981 16.275961
35.469239 64.860710 17.519238
31.669499 8.313791 18.277200
59.307634 73.072441 16.583136
72.064733 97.442205 21.481970
32.028609 18.115371 15.481855
27.673047 15.682515 16.861694
34.198445 6.060952 17.905441
75.283657 67.314719 18.785355
12.596185 27.526448 15.894669
86.068504 6.321854 17.583194
18.248725 2.264810 22.144910
90.540726 50.645027 19.118558
37.740669 99.162752 21.955545
83.184542 67.108126 19.545974
85.755432 78.780785 19.559413
75.683106 72.172205 16.688966
25.944636 25.254169 21.247598
64.395281 2.734112 22.438693
34.895368 95.625234 17.286998
71.254599 88.412420 21.795606
75.312870 70.852875 20.593778
3.247621 61.503703 21.910216
87.850479 96.022750 15.791341
22.125691 3.924351 18.994065
25.701232 95.811263 21.770977
91.140286 15.414350 19.348459
87.109571 93.468875 16.021591
68.481464 58.325239 16.809114
66.797295 21.463597 17.201399
99.368823 27.032779 21.703435
4.271002 74.378186 21.491704
79.561909 19.617384 20.276481
29.218882 31.595823 19.840972
67.850439 97.738235 19.084798
64.592872 82.601687 19.467736
48.623478 81.785398 19.457719
29.829769 3.306815 21.557945
42.444513 8.358190 15.465579
29.851006 2.791589 20.404225
33.347157 45.868707 17.936699
49.140680 82.700330 17.507741
48.574101 26.887001 15.667198
21.899296 8.322577 18.886598
33.090751 63.523135 19.073787
89.920079 59.511004 16.370383
42.522894 86.890267 20.197311
1.126478 36.613484 17.591813
33.009830 14.302002 19.121552
21.516123 69.230892 21.952890
84.275318 0.986792 16.121803
81.647682 10.731407 20.769568
14.939738 36.582734 15.734520
37.655645 3.185801 19.962808
46.793135 31.635462 21.371672
35.290694 66.189180 20.636847
9.590026 66.223587 17.072167
28.471944 73.652759 20.851328
90.054670 9.949404 21.490883
56.013865 84.765702 20.420002
96.753416 46.417816 15.991690
62.554864 60.199780 15.545614
68.554854 72.287830 19.664657
30.420880 96.369752 17.340557
27.987945 84.254606 20.355444
10.346710 84.732569 15.492826
8.056481 8.832704 18.701507
4.932465 8.619721 20.480444
73.390139 99.577097 19.492991
77.592361 31.750290 22.082279
34.507866 12.480442 21.822574