93.851280 6.482254 20.640880
60.056293 95.594954 20.506486
57.505836 40.821361 17.532050
40.724524 52.959831 19.058582
53.776472 72.565778 17.365051
76.795718 88.819526 16.080572
12.171000 15.038365 17.198179
75.529789 10.640127 20.493727
76.804325 94.323945 22.055112
38.465442 33.842087 16.849476
73.779970 3.618913 18.381751
6.636502 50.556945 18.372183
4.947565 45.767787 15.312991
27.345072 3.166663 16.495287
64.692621 72.673607 20.763551
81.299528 35.162682 17.626840
24.649568 81.654333 22.059960
2.122901 51.284827 15.869362
29.384548 78.082056 15.455143
67.275053 2.592303 17.992688
38.309454 97.571037 21.412715
79.025310 71.438031 16.644675
21.360935 55.917515 16.762254
67.415302 84.360280 17.547860
77.002037 35.638046 19.957744
77.570430 33.070732 20.689795
4.061148 32.469096 16.734131
31.267777 81.615945 17.791048
88.678809 69.077553 22.065313
98.444216 85.403266 16.829427
95.071068 2.051343 22.311924
51.066669 90.920496 20.199677
76.515424 79.936290 17.892204
6.915837 51.596658 20.312920
81.446474 17.619660 21.894816
93.461631 7.838264 18.528888
51.772622 25.957314 18.808542
39.012201 97.061213 15.068694
92.875018 34.540156 17.426875
68.858529 77.866283 20.826270
31.373465 67.995466 21.416358
53.072868 92.029122 21.412188
21.561239 22.256636 18.436829
6.394246 43.436576 20.845684
25.816038 44.085815 20.758680
34.276600 22.353009 16.828749
42.280011 63.893836 15.109990
43.208704 78.992194 20.111089
7.794010 83.273516 20.935916
26.719745 5.193379 18.595097
62.751513 18.823996 20.098602
59.157686 48.802230 18.605326
81.342616 65.121127 21.732417
48.809975 36.324334 21.429338
75.584675 45.935404 19.107768
46.178973 12.080943 15.057508
81.004426 68.307384 22.281672
77.496079 83.165031 20.639430
93.078651 42.286706 17.077421
88.356409 35.453526 16.895234
63.764266 59.692395 15.787695
16.980596 69.542291 19.792638
55.212425 22.307454 15.532514
66.545806 6.416637 16.916912
73.626375 44.224768 19.748995
2.507628 83.396076 16.300286
97.019991 80.991121 15.833778
13.328613 44.077611 21.100969
64.779718 36.090758 20.092893
59.998980 95.860201 19.874984
75.967223 29.079501 22.257267
43.188596 8.425634 21.868836
11.658799 20.957408 19.237279
49.544195 95.796329 16.248290
29.532396 91.343899 18.940337
51.881368 10.661842 21.260726
99.777984 50.126953 16.807803
61.858646 82.176660 16.114924
56.284384 67.776606 20.157118
18.793536 33.174160 15.973420
72.981923 84.413274 17.659578
74.722669 15.054653 17.995737
42.034475 51.825655 18.645722
94.119660 77.840920 21.011872
33.672335 73.418071 19.566098
78.186941 4.885637 15.391179
76.046249 20.851672 18.875072
27.744320 79.890819 20.999565
66.627893 47.220700 15.576978
0.414052 63.497379 21.569578
29.629773 44.728178 19.626493
89.162194 37.485447 20.204612
73.318525 50.664498 16.170308
50.679415 41.213778 17.213207
70.427736 5.192034 20.664973
29.457743 21.944381 20.730606
44.719688 53.452619 18.744911
79.512736 61.590101 17.912546
73.020769 79.649029 21.272677
99.340645 28.301453 18.030047
24.075583 46.755610 21.200714
19.808088 38.023667 20.510958
0.505683 11.041127 21.535821
20.832649 44.049485 18.679987
37.424772 89.829659 17.303043
30.986261 99.656469 15.034182
91.759164 61.612255 18.980757
10.513082 90.183272 20.120279
16.000704 66.108730 21.085129
56.155978 71.305357 15.090568
86.157259 22.254465 20.367255
35.534397 91.175616 15.584725
18.582308 26.711333 20.164769
64.662064 12.114983 21.137845
88.709657 43.739852 15.701863
94.896326 84.151462 21.634759
95.231219 68.031259 19.717109
40.678515 29.013741 19.886452
63.873177 87.406349 20.573251
32.608385 15.765871 16.691033
81.448693 35.229885 16.842314
85.164502 57.954703 19.552433
80.752327 33.924011 21.805965
69.571676 0.996603 17.345066
9.658998 96.553621 16.546345
4.402740 73.584372 15.647669
51.086328 39.744377 21.315580
74.966135 27.902649 16.090796
19.234272 83.774725 16.000255
77.777621 66.360485 17.735084
42.209321 31.415388 20.835307
68.859589 96.715625 17.420197
44.347182 40.512050 15.006871
45.571124 37.624898 17.503571
28.359837 83.301946 21.409012
94.751598 56.857835 17.844714
27.330321 24.053191 22.199990
62.649418 82.632406 15.282940
83.898010 51.641686 19.464857
53.386551 15.089689 15.155796
71.619667 51.727466 15.388413
46.634286 51.911494 19.582015
82.083683 47.866734 22.490999
92.992948 61.515692 16.189345
4.601703 54.747354 18.983091
93.548701 54.065048 21.496070
2.463777 61.527889 15.386590
11.938914 70.190003 19.817773
70.872832 50.024687 21.457404
18.863071 58.906984 20.024561
58.882292 52.291005 16.229225
55.143101 15.488724 16.070415
86.938769 95.403262 19.602902
55.977880 39.736120 21.574707
74.552216 80.285786 21.309934
41.353181 70.526132 20.321789
4.938049 55.698460 15.481908
33.372858 73.106646 20.163576
62.143759 0.239237 16.946031
80.663817 57.298945 16.602486
62.672766 38.337958 20.016557
59.911381 62.520736 18.714037
35.085712 63.956684 19.886787
74.251370 32.360103 16.441625
93.373853 11.936986 16.102370
10.540443 7.536654 15.330077
43.409356 4.208492 21.750131
72.456469 62.079691 16.801603
79.572222 60.965140 18.441464
87.460356 54.734262 18.226815
6.636409 48.505361 20.446367
51.698403 70.981027 15.268484
12.001105 64.321800 21.401805
63.066488 87.608139 21.479514
70.914998 67.368438 16.313658
85.058049 17.800274 21.561421
71.623441 80.341750 22.202414
24.412509 25.975558 21.450289
53.660102 75.794401 17.101854
57.300545 83.035594 15.078725
0.917853 63.477101 18.568534
30.145252 61.240872 16.136920
30.574145 40.264259 19.155373
88.823466 49.679180 18.733010
15.798041 25.744570 19.470596
33.729463 33.431572 17.167292
5.887206 95.929161 16.320296
72.402239 96.318247 17.694694
0.061790 23.305136 15.589859
55.700359 12.193635 21.813587
13.063569 83.131186 21.897063
99.176927 40.879637 15.010955
49.449941 96.188585 15.486433
40.501707 85.714610 17.857255
55.126673 12.013825 21.094809
79.553518 69.644951 19.504579
46.338157 21.309562 15.161512
38.231047 84.758301 20.764453
22.224593 48.272111 16.771927
60.969942 13.367268 19.490214
28.587794 9.146087 16.310870
54.699850 97.179560 20.680563
20.746326 59.705704 19.298620
46.889850 22.638765 15.828145
39.772901 16.880627 17.971090
62.788219 85.570699 18.385967
68.719349 5.257090 17.184670
84.402355 61.700343 20.758913
8.975199 53.420349 18.558016
27.788185 80.663558 18.569776
96.327435 2.141047 17.464722
11.856474 89.592001 15.466438
44.232599 91.106270 21.553811
34.573243 5.898298 22.304272
12.342283 41.017269 18.233879
12.136453 44.640646 20.519798
5.977986 85.535196 18.572312
21.106922 74.841641 21.460913
42.356260 97.476758 20.963098
2.559531 62.424838 20.105350
45.038684 16.379988 19.067617
46.226721 55.588322 15.454935
0.013837 66.400264 20.676513
84.761334 53.018451 18.271472
59.974304 97.743752 21.081044
41.191472 3.922009 18.704135
83.101420 95.959267 18.518816
87.847790 49.330207 21.889452
68.481732 96.106880 18.440953
56.942629 8.529824 20.642924
57.644396 29.447680 16.508747
15.578310 91.003020 19.319554
99.020706 8.959942 17.426038
79.417036 93.291212 15.347654
42.013794 92.396622 21.776012
62.049611 83.338517 20.119269
48.003013 41.525723 22.335611
49.789899 53.599154 21.981193
47.723952 71.379160 18.337624
97.839394 77.411963 22.092665
42.201307 66.672580 17.858249
83.907449 78.934965 15.393095
58.986625 31.538491 16.463979
11.443829 79.405505 18.083003
65.583118 73.168141 17.930280
7.357429 25.911481 15.354066
45.399320 14.787210 16.837481
87.112286 16.863092 19.134416
75.583436 53.018188 16.366438
42.306750 89.156539 17.637429