98.663674 0.788817 17.443162
87.816152 57.996800 16.210450
71.458923 24.802614 15.658394
27.429832 62.547618 16.660769
87.239031 72.793435 16.464479
43.698965 34.949764 17.487866
91.174699 26.650410 16.947189
63.952665 93.033882 18.454032
66.827907 16.914990 20.264690
51.392783 29.716427 15.500502
45.962325 50.450736 21.042120
86.968184 27.829638 19.089447
67.356714 22.772289 15.493282
44.771483 86.691345 22.057777
55.162806 79.315877 17.977390
66.175668 20.145558 18.434295
10.634696 13.397186 15.354822
63.471921 21.944039 16.719556
68.954894 12.585556 19.538673
89.737309 66.882538 16.141650
70.270427 76.246123 17.676136
35.045808 31.959358 18.393263
55.588178 95.649855 21.778911
20.977631 22.024200 21.978456
97.249229 35.482842 18.145533
42.086700 60.180503 22.120049
19.531869 87.135608 17.007965
56.010827 95.148812 15.921168
27.029868 0.455100 20.005265
77.062717 58.810878 20.520370
28.320510 44.129467 17.572743
94.208705 31.226565 15.255326
99.492557 52.069459 22.392982
18.127948 24.177140 15.050925
69.474514 68.783391 15.106118
62.992020 88.487458 19.608377
35.322496 11.319976 17.231526
72.244591 94.152807 19.535054
6.130009 76.004988 21.498453
22.903227 21.204014 18.980875
84.786558 59.516620 18.790625
70.653540 60.891151 17.647843
38.110622 9.982991 20.737233
85.918633 79.106650 20.823467
68.011833 42.691171 15.227502
68.694036 74.766291 17.491567
63.683801 61.592134 21.733312
44.901595 16.853251 21.724725
93.776319 73.596841 17.641205
2.621040 82.789165 21.354761
67.114860 50.478018 17.441198
85.970411 51.954905 16.279765
75.440151 50.625784 17.548403
82.998199 20.706672 15.912417
37.943564 25.143833 21.703247
82.125657 0.985747 21.026446
71.082153 26.458606 16.085309
12.372599 41.796814 19.887124
83.500476 68.130667 18.406590
21.438311 47.249492 16.570646
45.606718 0.094916 20.373670
29.908849 13.123203 15.506338
43.069717 53.195695 22.489807
0.282778 80.775041 22.158712
4.459331 13.264617 16.823834
24.286736 77.255917 15.275746
15.742462 46.081362 19.861482
82.868513 67.592869 18.516372
12.633146 75.234461 21.000115
18.216255 63.243316 17.202984
16.556160 56.716673 22.494548
33.540120 65.477450 15.603033
23.178769 42.115878 19.963074
98.221860 84.105058 19.144297
77.779593 87.561337 16.010334
27.721572 80.851878 18.694917
98.995642 57.995082 21.800181
80.804639 31.646780 20.972074
45.289910 74.668915 17.915733
16.642361 52.039450 17.403147
34.524213 54.793536 16.058127
62.306310 44.530167 16.182952
72.849859 87.136973 19.088531
88.219700 48.795904 21.572738
88.889754 47.749110 16.066514
34.318682 62.778933 19.018169
18.799022 60.033531 16.717440
42.043852 38.089491 22.471683
99.775758 33.298969 18.464349
35.171676 4.464395 21.387895
94.579455 5.383208 18.631770
88.792624 59.906905 15.310958
58.791836 74.855720 16.071201
81.332667 13.365359 15.426854
67.959591 24.947784 15.864628
0.777163 54.046790 18.818021
56.281615 48.015472 18.642532
25.918097 49.637364 20.231905
81.179860 25.382175 19.386328
92.234111 31.046335 19.566392
3.822987 88.952262 22.035604
59.321206 47.420276 16.941064
61.978110 57.524005 18.561208
11.887924 99.999395 22.005242
33.660321 68.882463 20.833887
93.185335 65.525670 15.413450
45.268152 75.797396 20.181570
6.986894 39.479414 21.257120
88.991169 19.865651 19.757325
35.345970 15.096232 18.281224
37.074231 86.039596 15.808248
70.042595 64.383361 20.870801
54.251357 6.517419 19.615492
48.837473 74.874257 16.574905
69.105800 78.757569 16.435650
4.748770 59.798681 19.872378
88.051881 66.951866 20.312474
58.581972 79.710839 15.200362
96.758130 55.456103 16.691996
25.885296 74.400847 16.917661
75.531829 98.475219 15.466371
52.434269 67.420610 16.462444
55.560713 17.886957 20.691203
4.598631 39.167564 17.844626
50.104605 41.233234 16.272210
80.765675 7.470437 17.694747
20.291175 58.503098 15.686143
48.145649 63.501672 16.272067
14.429336 92.907296 19.333209
81.985845 39.227391 17.667418
53.660846 92.873906 15.797394
70.365202 98.599220 15.823736
41.670976 20.965253 19.603685
28.305315 58.673317 15.823918
48.689538 91.021430 20.601155
3.303870 66.715674 15.301441
46.860014 18.768693 17.578776
94.238226 25.456462 18.238405
55.391233 91.519136 15.829099
59.144807 16.543340 20.286703
18.812445 77.427648 19.818088
92.215364 39.428419 17.228941
35.924386 44.511058 20.803955
46.117261 87.417072 17.807839
74.171541 51.984429 21.803964
19.689514 26.649565 19.633380
72.387103 54.591000 18.407342
34.742979 32.556580 15.158890
60.535999 20.066902 19.995038
32.224086 37.101619 16.354624
21.497567 93.300985 15.188139
7.376676 69.818092 19.068644
99.524542 99.353851 19.579942
23.563418 29.893878 19.003017
21.654581 67.766334 15.379635
84.017669 60.273521 16.925189
26.658717 77.398828 20.884202
74.368858 27.440777 22.473234
26.357250 7.413204 18.485675
6.343023 49.799603 18.067160
79.605831 4.371957 15.357547
60.510795 85.736414 17.791571
19.579749 11.788025 19.340992
23.919148 79.590481 15.186158
75.557721 44.992155 15.237791
71.476573 50.415215 15.703587
80.463775 53.194332 18.832075
89.452681 74.557926 22.402003
65.325533 93.654705 17.072115
8.732852 4.617287 20.664314
9.195397 0.669673 16.491796
51.943583 64.679093 15.091724
79.697526 35.189421 21.215716
50.698155 1.524402 17.544909
44.181825 48.214776 16.753184
96.337687 45.266980 19.345803
42.857556 50.692451 15.758736
92.879971 67.064096 19.392808
81.267778 80.936560 17.631171
4.022715 8.990515 20.389368
98.408271 22.892728 18.196952
65.349194 5.534253 18.511117
38.856406 79.271169 15.761292
81.225317 78.100816 19.281938
49.288594 46.989213 19.919139
0.726888 46.286184 19.374630
44.221714 11.446131 17.825699
8.309293 70.896220 16.610111
13.667639 30.482759 15.562983
40.245693 74.362448 16.046519
55.448619 97.564607 15.962154
80.914449 27.038651 18.367334
56.174592 97.669998 17.298173
65.657051 86.766874 18.134059
32.934094 70.934484 15.953103
68.009385 6.542441 19.900603
57.823534 73.400277 16.727388
80.702935 83.908075 15.593826
51.131527 37.231413 15.417450
40.213247 98.896577 16.169765
71.780924 3.320123 18.620243
92.713582 93.136860 15.886073
35.561888 27.066243 19.617909
49.274002 51.977438 15.629654
62.398557 18.481895 15.009143
24.721180 80.798058 19.170209
35.470898 64.791046 18.149978
60.034107 44.299019 20.190986
15.154881 1.900622 15.461876
88.956545 4.850167 20.093150
99.259462 52.829253 17.701405
15.811052 83.645166 21.224010
93.712295 65.305163 16.856142
3.032777 96.940809 15.889383
95.549565 96.368525 18.198084
71.365133 55.445975 20.108758
45.237876 24.255886 19.875774
14.803927 56.407874 18.756744
22.572370 42.731853 16.487777
98.998179 74.984589 20.001294
57.959804 81.101936 20.184147
85.368330 60.106495 17.990936
69.225735 36.532533 18.516268
30.312198 86.935829 21.543213
59.414790 15.663761 18.539928
51.106677 79.368150 21.169455
39.988822 55.201223 21.009675
54.038908 81.938877 16.335592
27.801590 75.458467 17.664407
12.362546 51.390147 18.355017
30.331636 39.884651 18.373784
54.520772 14.914313 19.063417
83.755268 61.979974 18.543120
66.755011 35.646627 20.743683
41.851946 51.787300 20.221837
16.898836 41.839787 16.163617
49.781991 48.738000 18.317734
69.151503 46.690727 20.645471
90.913630 29.478827 20.342386
91.895754 96.171634 16.104831
34.034365 99.033780 19.790152
62.330558 16.846667 22.350661
58.856220 44.066632 21.134858
86.937847 25.616290 21.100818
49.524711 8.980535 16.587409
50.767344 93.508383 17.273943
80.685312 77.989039 17.951906
7.104330 12.336262 21.133601
64.454980 23.513921 18.001185
65.008548 46.070255 18.107504