78.274865 7.655479 15.086433
20.427553 89.451273 21.411329
22.593583 38.214567 18.986450
62.162353 92.011714 16.342849
10.206985 92.813926 20.216032
41.995896 32.804251 19.662661
62.036399 31.893764 18.972602
82.515311 2.696941 15.517632
40.228281 43.050362 18.721907
90.907458 55.211207 17.556718
10.991891 87.645284 19.504129
56.929655 87.726209 15.108371
46.500172 29.162610 15.148343
44.501886 11.440992 16.842784
52.887380 34.537145 20.053241
23.108274 99.155445 19.100445
91.213539 36.888682 15.897663
45.081553 93.891982 21.574759
22.627789 48.852188 20.336789
11.339934 34.096128 15.546983
77.046054 13.417314 18.546035
60.961743 28.344836 20.984319
52.873642 48.761975 20.267689
78.804716 12.131916 20.300207
36.099450 71.952482 21.733027
13.733971 90.474516 20.089260
33.802257 74.204898 18.923438
8.746778 54.667591 20.649565
29.717332 15.069775 20.928377
42.672891 83.652898 15.237313
99.944101 75.077798 20.262353
57.704175 95.756646 18.491559
28.570794 85.855052 19.767463
32.196320 94.280427 15.958600
33.847385 57.598720 19.517571
22.125391 18.237934 20.009418
32.988566 99.782612 20.732703
34.490871 50.680494 21.779215
66.543506 77.406980 15.221685
7.797326 58.354960 16.265057
7.709185 80.412677 21.977349
99.048335 8.240330 18.544499
42.686398 83.422939 17.892685
50.799042 94.951077 19.989184
90.868240 10.623862 19.281286
11.791397 31.091347 15.684022
86.196427 54.897364 17.336966
2.157059 71.014607 16.083535
50.760341 83.871889 15.953272
49.721091 83.009385 15.743772
56.647394 87.174380 15.956126
33.368270 17.005199 20.426435
53.384850 31.745806 19.091066
98.869778 90.485660 20.247956
3.202122 20.995011 22.280129
68.701523 90.363904 18.067468
54.057854 99.931502 21.435019
76.344788 3.797167 18.970213
9.227739 31.003933 16.230778
84.129231 68.350856 15.542955
36.258218 76.051622 19.690322
29.228014 70.500413 20.853677
63.196457 68.899987 18.134776
81.565084 89.368794 16.615422
7.718144 79.627001 20.350310
33.529018 15.000421 18.116060
96.363855 8.741426 20.355747
22.853257 9.828985 15.750896
39.498887 50.012021 16.658781
39.775862 64.674567 15.791830
47.375985 0.801158 22.415797
9.222679 2.300484 17.246629
22.023227 89.821115 18.812875
16.574075 4.937223 22.230663
15.185585 81.394877 16.799249
36.373977 42.795649 21.382522
84.404715 70.361943 16.534565
58.371358 46.690553 17.574263
21.614806 20.297938 18.114767
22.261245 61.823631 16.320503
74.009172 80.277821 22.240507
4.730451 15.411045 20.224599
86.562845 72.883245 20.147366
35.090427 99.066382 15.991536
82.913425 49.890146 15.045176
87.220044 68.314050 17.241467
75.385279 97.089436 20.599589
55.538321 86.787928 19.520287
16.211680 76.402978 19.454278
30.164225 40.845181 21.794559
36.690378 75.260631 18.796480
54.937340 31.448708 15.896255
14.857894 27.406228 17.140239
96.218551 3.388990 17.813056
71.268993 84.914456 20.556598
72.006261 42.184332 22.360978
36.561755 46.082494 17.669693
19.043011 33.674030 21.982406
50.548362 44.205371 15.561141
12.009139 40.482084 15.391530
54.061546 89.631993 21.938241
16.806245 60.714386 19.920969
57.549440 45.926951 19.884571
46.078876 18.020518 15.863323
12.898095 26.987211 19.947165
84.601692 76.180329 20.856456
1.750329 79.495184 16.118828
66.447493 4.239769 17.518680
99.358693 44.696451 20.493716
48.801601 2.609312 21.688725
60.160854 74.363995 18.869721
96.462611 70.649975 15.444180
30.919871 85.490279 15.642628
34.324579 4.381267 17.252922
70.531628 50.803325 19.040254
40.056342 41.305165 20.151721
51.315221 35.247353 22.226242
88.136355 36.104107 18.923308
39.431467 86.715383 20.834588
1.371619 3.999499 21.643802
16.359225 3.068548 21.568990
20.588873 68.865934 18.704828
81.951295 19.131171 18.765602
70.502389 11.475574 19.390023
3.935724 8.712457 20.239865
29.414061 15.766000 17.292341
59.816328 65.689473 19.955613
43.861241 40.933779 21.084306
3.932730 73.742852 18.826961
80.379755 62.791458 18.678535
1.527600 94.643226 21.433853
93.733333 68.894613 16.515445
69.719938 98.358720 21.701928
4.720148 18.497889 18.628977
3.448548 59.552095 22.114572
95.085496 62.811213 20.581233
24.504651 93.491008 16.549036
23.961037 67.234796 19.471705
70.014235 98.639442 17.178922
93.001166 93.740167 22.272094
25.995696 76.379816 18.409325
38.744137 20.494304 17.820367
27.361712 37.485998 16.863770
31.411452 67.576336 20.273337
46.353364 73.990135 15.130387
51.344803 30.027166 15.176497
17.668561 90.614596 18.829296
76.325097 75.024490 15.239849
56.373553 45.186293 17.091057
62.190866 16.410792 17.051448
12.573657 27.966702 20.690414
96.192434 3.222786 18.176737
57.515810 45.602294 16.501345
19.854932 88.397030 18.267061
68.378626 71.897576 16.074783
28.579049 40.193044 18.740628
19.098647 40.310595 19.626122
98.614492 37.447522 18.166813
57.828100 79.361445 21.258904
8.587131 84.514203 15.721757
64.515699 64.713498 17.461334
69.859739 24.468039 15.295614
59.585116 85.997407 22.307194
62.082664 73.755376 16.681562
18.055165 71.575097 19.082845
87.229720 45.335244 15.656130
93.652134 4.562416 15.498650
27.947351 93.448365 15.749257
53.771421 52.061351 20.556303
52.085449 6.836402 21.872235
29.243564 87.215913 16.678158
95.054469 82.644180 20.891695
98.125338 57.645726 20.264112
91.992389 86.397912 19.696462
30.308317 94.073560 21.085910
75.065740 30.397647 18.156495
93.122741 62.058942 17.774965
13.323070 48.876339 22.110718
35.287848 39.754185 19.625244
98.529569 69.410597 20.508342
34.608905 3.725228 15.597615
17.641728 39.750504 16.053646
51.080818 1.993099 17.777715
31.455478 90.057945 21.502693
84.430424 51.947217 17.844586
75.359795 32.873738 15.535144
26.182892 12.189338 18.744410
43.497071 49.620084 19.121395
87.272145 3.950549 17.072925
96.331410 45.481606 17.526254
82.128023 58.590793 21.346510
33.167829 37.117019 19.723723
66.414676 36.376933 15.306985
96.064779 11.133542 16.180390
84.959954 33.573635 17.166299
60.624619 46.688217 22.082881
10.350001 65.464188 18.674423
36.396363 68.104665 21.061739
59.571108 84.348024 19.502884
63.351424 14.611789 18.164744
30.653715 71.859389 17.868794
1.211699 93.478232 19.069610
98.119942 26.172039 21.102108
93.751787 87.721065 16.852335
80.605169 52.602182 18.365586
1.291630 17.388489 19.115365
74.092818 56.909578 20.242575
75.579841 40.536956 15.069016
23.062120 63.975989 17.517894
15.122496 30.884785 21.948427
50.487634 21.086050 19.765150
83.574840 99.197698 20.381000
68.036086 0.507613 21.591042
13.624033 65.564302 15.992166
29.361145 6.809193 22.087266
82.129701 49.643900 15.057606
65.601901 27.316691 16.943866
61.140500 55.493854 19.223511
72.762295 28.556381 20.234383
64.772224 60.120684 16.620500
3.714095 51.399427 18.450173
25.699857 60.949904 19.466333
82.563230 39.714628 22.052587
41.980918 70.349500 17.508590
90.962200 96.893886 17.467027
95.336679 28.320425 16.125530
65.719309 96.923014 18.627740
35.321078 19.814908 21.029427
2.352375 47.933727 17.870295
39.845802 45.207115 18.470925
76.763730 90.455280 18.950431
41.886986 50.305706 18.994421
55.997394 44.062527 19.146062
11.821844 11.335335 19.660676
24.245867 4.370378 19.589807
89.809958 83.282994 21.691924
53.977411 75.313921 16.436228
58.833426 76.869636 17.915125
76.981690 33.615635 19.522749
37.773397 12.522141 15.801939
40.037144 62.166248 20.180096
26.890657 50.380311 15.921869
75.137896 90.341881 16.559577
53.870182 97.436258 20.930578
14.060441 11.529617 20.360277
31.699364 57.074333 19.088693
67.628196 74.527028 17.836343
90.068132 21.758807 18.508966
35.955145 75.816516 15.062542
41.079129 86.579315 16.409445