71.283164 68.879654 20.288825
15.567708 95.040895 18.545755
79.832822 26.357750 19.231166
66.627233 23.893292 21.934649
52.823232 6.508600 19.119649
63.067192 62.449083 19.611554
95.860302 12.244776 20.926889
64.505837 80.460742 20.221396
81.508056 20.863370 16.796857
44.251647 59.588368 19.992702
9.868128 34.187532 18.081867
75.442103 71.241654 20.411320
33.876033 59.181958 18.119920
47.787730 61.184097 22.027715
34.869651 79.308657 15.331016
11.090972 92.956314 17.249873
15.815389 91.019441 18.049149
12.295767 45.071510 18.356639
31.839357 1.180310 22.340175
37.330930 9.547774 18.539961
88.410464 85.048920 21.746892
6.380162 17.373483 21.867829
36.094459 76.749823 18.786840
21.402493 32.775728 21.031189
44.185262 8.823108 21.403893
75.246904 22.281193 18.708955
31.565744 64.974672 16.142364
12.144307 19.553405 17.644988
39.512000 36.072384 21.919055
27.092946 66.654320 19.114471
13.970320 35.493055 16.993617
54.010355 5.276346 19.873173
73.197044 77.581478 21.602128
73.424254 17.679164 20.396036
68.867330 44.655245 20.047786
52.413965 92.446723 17.481524
74.549272 49.791237 15.969901
10.206239 67.611568 20.753503
56.118645 93.979701 21.059093
0.527170 73.911950 18.977086
65.042260 64.914818 21.560004
33.017850 64.025855 15.843847
2.982902 33.243399 18.692323
28.498638 58.942061 18.484425
6.987286 58.963608 18.997915
14.685030 23.833445 16.362613
92.687555 47.416076 20.000374
88.922230 28.550367 18.855712
47.141242 95.537053 15.573532
25.843598 79.003565 17.929566
53.997289 28.857204 20.952570
96.669500 37.768399 17.100225
35.089304 41.575989 19.491210
33.032528 4.185941 21.034294
75.516716 84.567257 18.913102
53.901837 52.603491 19.790634
26.183298 36.625273 21.808589
1.786898 79.452516 20.154437
17.256973 76.991857 15.269441
89.643513 28.529620 22.283657
26.180687 39.074921 15.990220
48.021797 90.656441 16.962229
43.490376 82.029897 22.131083
87.346883 86.059467 18.725448
55.955134 13.038999 21.999792
85.969966 65.285638 22.354571
97.100923 93.699930 21.474750
69.143062 8.263871 17.477797
41.736331 67.285258 18.105929
35.491598 28.395502 21.941880
68.236186 55.073234 19.683807
86.703091 36.396206 22.015592
19.729402 68.200969 17.660479
89.094722 15.492152 20.191912
85.092903 5.420694 15.225387
38.567862 91.803279 21.859817
84.988826 35.138396 21.040097
56.567308 23.481546 19.263539
69.627200 49.658977 19.123623
90.316941 72.557831 20.316457
50.158054 52.278637 22.403784
67.732263 33.745316 19.071586
31.388010 99.391323 15.537290
89.697782 25.417899 18.724383
46.724513 85.530655 15.660455
79.420640 73.752671 21.874935
91.789928 79.474167 16.528815
88.346265 36.653522 19.483013
45.715060 14.240247 17.950078
31.498465 16.846319 15.903154
65.911216 24.091341 15.825654
45.001892 43.054807 19.554285
3.039513 74.493790 21.846579
3.825100 64.125866 16.859374
3.535903 57.904844 16.115365
74.848500 80.843104 20.765465
33.400790 62.721580 17.978703
93.803053 6.385062 22.225869
77.638175 82.830193 16.090761
75.533375 49.386906 17.445183
69.787078 92.535620 16.451445
19.287805 77.790005 20.940188
17.965885 86.067077 19.180042
6.897523 58.074923 19.609277
86.074199 91.713054 18.788097
45.243574 3.233184 20.177383
66.125686 50.737711 15.521248
18.847721 50.054111 17.413638
14.306382 2.539549 15.495457
50.253518 16.335361 15.997374
1.488865 27.600239 15.072108
92.604388 49.874321 19.774539
32.303557 82.456454 18.970799
64.979777 72.337892 17.828625
9.987990 88.454239 21.272371
91.072844 76.010787 20.234627
34.777411 89.587123 19.328244
35.229363 17.919634 19.817139
93.079411 37.876341 20.875318
92.900608 40.557112 15.052532
28.941979 0.303810 15.156855
81.653278 29.930107 16.025286
48.383049 15.082423 17.344686
77.023120 23.704836 22.191284
89.592230 11.710520 20.761142
57.688319 25.485019 17.841576
93.075394 65.826000 20.372712
52.868079 31.504241 18.877860
88.718852 95.056062 20.835698
51.033438 38.128000 17.942950
52.427031 78.804718 22.067097
50.453932 73.490190 20.477869
30.751917 86.067502 19.677837
35.952881 83.929722 18.388816
59.761127 37.277400 20.127292
13.701499 58.685497 15.735641
87.193015 17.124976 21.526564
2.543642 73.471973 20.333278
87.373373 89.079786 15.445009
55.708274 30.121311 18.103193
22.776257 35.412119 15.469716
14.634949 29.080347 17.708363
36.572259 61.043505 22.004518
51.057962 17.964992 15.063426
0.517163 35.185727 18.582233
30.172917 89.653487 16.222745
45.641578 55.196539 19.815315
68.655599 56.979854 16.214017
67.579110 23.334982 16.769656
48.308364 82.109138 18.354493
2.911479 8.452092 17.218863
43.579313 35.877235 18.109060
77.600054 89.487118 21.864009
79.701919 76.047794 16.100807
98.825527 72.154698 18.644858
20.512411 76.618682 17.586005
97.644062 89.174291 17.293235
11.520002 70.570755 18.453529
70.878836 43.830165 15.891026
14.599847 5.046467 21.726307
85.107259 55.088331 16.601503
44.136666 47.385963 16.979068
1.985474 74.312745 22.272279
65.265473 39.820946 21.702817
89.683085 32.757048 15.246978
67.283959 3.807048 18.200055
65.563797 9.560105 19.384716
78.959029 97.722293 16.240823
9.596321 37.537900 18.122161
19.042744 88.960530 21.109838
26.623528 76.772478 20.028598
73.044708 71.711297 22.140545
34.481866 99.450465 19.271654
55.466591 91.910812 15.747789
44.528875 37.423083 20.952582
91.510185 79.393124 20.109196
73.294001 4.771050 16.614614
63.212398 85.684343 19.698187
72.939103 12.187839 18.208323
70.118792 75.941212 17.043129
89.837029 36.192957 19.824598
77.263485 79.572181 17.576685
26.327793 33.179229 21.828014
40.531414 32.858422 15.237452
86.656355 58.175887 15.486924
95.551781 34.047532 16.967816
31.074411 12.289884 18.614303
42.717909 18.985506 21.325047
18.805546 61.848313 16.479167
68.114044 40.477932 16.152273
33.673660 61.873405 19.099734
10.338601 4.864980 18.777903
97.182183 65.648000 17.899959
47.871144 0.980916 16.789161
72.986714 35.666316 18.587964
24.298484 0.167266 22.248149
59.991577 70.266574 16.590958
39.356100 63.782048 17.747270
73.143404 47.407151 21.056790
98.147499 43.359979 21.690442
22.053183 24.761391 16.599589
94.952644 10.945338 18.648573
65.225180 44.148829 17.476012
85.477028 67.535139 16.456819
69.051526 12.010848 16.722891
92.516298 24.466573 19.765516
97.527092 66.657724 18.467418
41.437093 93.630108 20.306389
19.377397 9.599607 21.055518
70.859091 88.121219 15.990529
68.274355 8.715947 19.370462
7.623886 54.557638 17.077005
22.005959 53.584190 15.105991
18.848895 65.545907 16.034339
33.939744 27.051022 18.733487
96.684697 62.439179 19.301893
60.150203 38.947211 15.159141
51.390465 67.781185 21.790535
87.790165 60.839862 16.392154
73.410526 82.593833 15.814338
2.212552 36.945344 21.475546
5.054187 35.066378 15.218397
92.046938 84.476922 21.688849
96.206886 88.397815 19.742555
58.393600 67.074823 17.798827
23.709724 48.684968 17.002375
72.306410 93.027181 17.831667
97.782498 89.641533 19.817536
61.437217 75.539389 20.614289
29.213602 2.115941 20.354944
14.112099 28.008902 20.549776
36.076091 92.985880 21.863202
7.241772 63.261668 15.431189
76.492409 81.820849 20.396072
31.945684 45.224264 17.028896
18.255993 61.188912 18.641331
52.632729 48.158756 22.169264
45.422978 92.136519 17.804496
18.015430 33.470618 18.644007
57.027223 29.793832 15.623709
11.398733 69.503967 19.033811
89.886574 36.723028 16.999997
69.185483 1.101466 16.470878
81.447172 7.535597 16.888037
40.441267 86.882264 15.714335
53.036683 23.041987 20.477246
6.681937 92.589280 16.569204
25.793811 34.642341 21.625345
46.082471 12.338978 18.994981
13.624906 88.456447 16.449257