65.247534 14.533657 15.509146
14.884068 74.934243 15.039510
29.439374 28.570452 16.939540
35.490660 82.864649 16.455423
50.497537 35.177220 22.433131
8.410421 82.141004 15.725534
14.649510 27.672304 18.719736
20.160164 56.016891 16.556042
48.145167 58.592592 16.999697
17.968108 72.409835 15.075807
87.780723 59.301571 22.231566
20.952153 1.094328 16.642801
26.235381 24.081485 19.554759
59.607660 3.347409 17.558401
61.342850 88.904469 21.663522
86.898138 61.171342 20.944148
39.276314 75.631142 21.269832
77.842225 67.393410 16.670225
98.365319 3.824853 20.282607
4.952165 66.504454 16.396100
98.392314 25.905607 18.193601
15.039583 76.087544 22.317289
29.884323 23.796062 21.029233
85.197523 48.173004 18.920695
15.957757 81.323946 16.978854
13.259880 32.398684 22.415395
69.525074 37.911540 21.311392
66.546804 41.166011 17.791316
43.329670 76.988920 18.290895
71.071643 51.849019 17.290803
36.519935 42.553181 16.711786
57.716467 12.229323 16.013213
27.512688 71.817216 21.423572
12.344921 24.405496 18.456138
63.465404 17.716821 19.434488
70.826843 5.977770 16.804356
82.523533 83.135544 17.770308
98.315193 17.452921 19.138929
64.913949 39.289337 15.919547
8.267495 50.722136 20.997890
46.607498 95.743051 19.273684
17.123137 57.786874 21.459661
87.479108 19.666820 21.928741
90.613058 91.776324 18.998933
2.891840 88.757212 18.063734
50.518780 42.180346 18.392464
46.146518 38.336343 22.356899
74.970066 18.463794 16.726991
44.944747 91.611646 19.065528
3.260118 16.044028 17.555103
10.781366 50.019733 17.716375
43.172920 1.051088 19.398697
20.845484 12.217401 18.366663
40.856639 68.161158 15.499750
38.688034 9.717779 22.195963
34.079126 24.193546 17.451720
75.591775 90.508959 18.861746
70.256948 45.522576 15.607490
55.447609 96.721103 15.955339
71.879798 4.919098 18.706090
40.718991 52.862867 20.507593
86.999509 12.372500 19.115215
79.860871 94.740488 17.278962
52.849050 48.218315 18.568525
51.936065 82.189706 18.904038
59.393118 24.960992 22.429010
26.187642 64.927424 16.493834
38.916776 45.417166 19.649837
23.968339 91.142581 17.080068
47.705153 11.302834 21.117174
8.311957 13.967501 18.852044
53.214340 15.662887 18.375494
29.156250 86.413905 18.001041
65.685353 43.364803 19.964343
91.696564 77.305206 17.007398
59.339701 31.199502 16.611488
25.748165 54.760950 19.854162
55.741925 25.130617 19.436127
46.985022 14.142115 15.737490
5.513872 40.906046 15.137184
98.838493 64.507551 18.321219
32.674561 34.201278 18.299668
21.908734 49.760611 15.154167
18.357494 4.358923 16.924706
49.135526 65.090932 22.047746
11.199565 7.122101 19.852028
67.410072 92.742311 19.626767
89.248068 68.648969 17.432292
39.829438 48.566221 22.488803
75.013368 64.780271 19.843211
23.487949 57.810376 22.253610
97.738924 50.629649 17.788218
31.597233 4.297939 21.503270
21.749709 61.068322 15.102750
35.499852 6.397025 20.329029
5.604367 79.873136 15.949729
70.801879 85.279456 16.017593
86.323705 52.275771 21.380927
61.152706 38.607905 15.771896
98.823954 49.445720 21.063574
85.906292 1.867945 21.566714
43.512489 95.464219 15.673358
0.264204 34.433932 21.411081
55.731917 4.201120 18.955267
94.382471 32.551566 19.449604
48.404277 48.088780 20.162912
98.930529 46.937563 19.513009
34.490402 21.408950 16.732813
8.391439 83.945063 21.093737
46.067629 62.677520 21.322413
59.104598 41.471395 19.360127
53.170624 50.446330 19.279617
57.449406 47.982616 22.081517
23.529919 86.944817 21.394192
1.843866 38.928677 22.062584
24.706745 95.813433 17.749346
60.552727 97.843566 15.078756
40.438564 66.493730 18.283262
61.895654 75.648243 15.805852
2.992722 99.247941 15.142860
79.421562 91.472751 18.786461
71.328253 1.594898 15.285643
17.017889 4.901548 18.627144
52.060892 77.875525 16.466653
3.565336 9.192462 18.406622
68.080408 48.280005 16.374043
41.089032 4.827137 18.747499
27.419790 13.842372 21.995971
63.214253 98.153537 21.905925
30.718187 94.666045 21.858823
68.840078 92.961312 18.519377
56.154615 76.474206 15.675445
76.799413 25.662906 19.408329
84.101351 51.402175 21.501124
20.349658 75.061784 15.610899
80.489635 4.594529 18.280273
74.233464 64.290103 18.251093
2.196168 8.990016 21.111107
32.204635 81.386362 16.653985
69.423949 58.194452 17.081079
42.865533 24.660382 15.477699
13.493682 99.036937 18.581403
16.394285 46.964432 15.979168
91.019386 35.216420 21.932281
71.305639 72.044671 16.989581
33.854057 8.484500 15.431066
49.158414 21.963798 15.170943
94.594129 68.476456 20.912654
63.280496 65.815356 21.707517
59.049689 41.776591 20.723163
85.948558 30.126793 15.162815
12.541254 36.967623 21.114754
37.262936 51.230182 16.785443
62.009854 82.588961 18.758219
21.317006 68.240199 18.539844
68.458377 19.184606 20.605754
57.356057 71.547406 17.521434
94.774965 46.969727 15.864976
91.948979 90.240854 18.032692
20.804932 11.954129 21.402943
86.157975 90.579580 19.013590
75.627292 75.026720 21.628198
49.734795 59.633409 21.556417
92.902391 88.600521 20.461014
2.918213 60.557410 16.214071
73.007184 69.207682 19.969148
56.098638 27.165249 22.372236
15.138537 88.467469 16.050976
10.850618 63.811368 19.013691
43.035564 82.950592 20.185706
3.498716 40.924386 21.924872
12.653695 15.202354 19.420339
12.856254 5.110707 18.897758
23.838355 70.751784 21.358403
82.978457 34.582555 18.935581
61.094370 97.308661 16.475400
81.094764 72.571082 15.254831
19.994945 71.730258 22.056015
90.303165 11.914698 21.090864
34.611750 35.853847 21.631619
50.928664 61.647224 22.276285
19.919381 71.422531 17.667232
60.025858 78.021160 20.116590
83.813175 17.852590 16.871469
64.687478 50.560787 17.313054
98.942517 29.882553 15.457816
9.206128 18.424219 21.061424
73.151501 95.681614 18.952823
68.932019 94.880617 17.394967
26.728631 85.842324 19.079515
64.128897 60.056042 20.450437
88.959015 8.734929 20.894216
36.181807 43.389878 21.037206
61.746088 37.351647 15.727930
32.120642 50.799917 17.523826
49.108485 45.337741 20.080299
19.023717 86.661259 18.803178
53.023214 72.141194 20.846771
63.726499 28.663362 15.295205
11.152925 98.303627 20.391507
90.961070 4.692581 20.252393
46.305760 74.134407 18.306911
6.736748 63.201704 17.100815
76.495942 49.131261 20.395352
13.538813 93.902096 17.952809
60.085476 57.028194 19.014954
60.918543 51.128136 15.704956
57.098795 35.208520 20.437653
86.748872 7.013851 15.973784
52.445265 78.723800 20.320117
25.989742 43.518659 20.736938
35.264985 81.779845 19.549815
81.156562 10.256384 21.058910
56.704957 56.519110 16.178097
34.475146 93.176239 17.613668
58.447042 60.466756 20.582417
20.095437 35.056698 15.537190
21.339122 13.497961 19.509398
87.942623 69.755079 21.338334
70.155512 90.842303 20.068151
27.309188 52.201147 17.967287
68.561875 56.248754 15.147613
44.570492 43.544169 15.822334
17.042929 51.815355 19.454967
25.736292 9.157759 19.916026
71.853975 34.461714 20.636570
14.177325 2.577209 18.510304
8.651127 49.440693 20.630358
7.374762 47.871988 18.261043
85.545176 43.460423 17.754221
43.513467 20.274640 20.048004
80.659951 82.875026 15.535209
27.167476 44.706472 18.830715
64.760364 57.340682 16.404607
9.442880 97.160888 21.293708
95.981632 90.738957 16.205940
83.255749 35.848150 19.794010
93.432486 16.185355 21.386546
7.826015 1.928485 16.140484
27.773517 46.837678 19.588781
71.209927 54.812034 17.419944
36.772336 32.503862 21.969390
55.972069 70.589245 18.261048
45.684535 47.637930 16.409297
82.857650 76.897271 16.937448
91.783221 94.896105 19.328564
55.739942 40.668519 21.318553
97.068677 95.676181 18.165275
93.840722 18.160749 15.408389
70.310089 0.675509 18.213695