6.778018 4.542541 17.260805
78.278954 44.088360 22.181855
6.638253 29.483330 19.272782
50.252174 64.086969 18.595027
79.124802 12.068147 19.346617
25.748741 6.680249 18.576142
63.320343 36.299767 19.259770
96.044251 75.818494 19.478074
13.183597 13.781353 16.899839
88.958218 34.947373 20.287177
70.048160 43.633278 19.564841
87.137540 89.170477 18.321760
33.218386 0.043121 15.859038
86.311119 46.248585 18.207343
64.747215 64.203444 18.060531
40.035684 20.510379 15.187526
11.110982 61.470672 21.847525
92.513922 79.070481 21.735663
18.024709 6.410523 18.945329
99.557106 55.973840 18.363267
83.394532 18.269310 15.430827
51.159422 95.007534 21.350174
89.215809 29.216198 18.299342
82.616064 32.235948 20.587777
21.338745 20.911172 20.987204
15.266616 79.095448 20.673235
14.016212 63.186629 22.357198
8.785176 30.925034 18.701759
92.071637 17.365855 21.726216
26.086445 51.828307 18.649309
58.149512 44.263959 19.842840
87.609029 71.529290 16.520115
60.572829 18.717897 18.357088
27.787851 90.170579 20.686137
36.933017 64.932307 18.459540
84.347405 42.549665 15.335235
8.218228 76.196951 16.923842
54.745586 66.288617 16.923754
11.504707 14.936745 18.048592
45.861213 87.045198 15.128252
49.469852 48.274139 20.557331
43.089940 44.843789 16.505071
58.709168 3.741557 16.340811
17.299524 57.565582 22.205057
7.353259 50.472680 18.448773
37.151735 12.358745 21.996905
68.700157 59.298874 15.284723
78.279317 0.277277 22.207315
85.227744 80.324516 18.990210
16.738150 1.530490 15.684563
23.985303 60.141425 15.807931
77.664998 63.716608 15.168891
60.204254 93.446630 16.738728
41.202130 62.972345 17.797124
98.933392 81.024769 22.449001
67.148592 21.868121 17.679103
58.042898 13.932881 18.845569
88.751060 54.941734 19.039667
90.029105 48.253644 22.157258
52.919295 67.588299 17.899729
32.304570 69.395451 18.409140
20.863192 50.676476 21.153498
81.768148 78.379450 16.943494
89.953534 87.095466 17.618364
66.112408 72.412995 21.633674
91.730248 62.767106 17.004811
67.282813 10.636221 19.515324
42.027590 69.674119 21.861761
91.984645 70.640254 19.750213
76.544582 48.719212 18.532483
37.182897 58.375163 20.516367
83.157449 99.377839 19.165282
55.603504 64.508417 17.386686
80.774927 22.405792 21.123073
76.001021 0.824871 18.848756
46.186172 60.641140 22.330892
13.962597 43.671505 20.234572
79.873795 69.718135 19.632892
75.930141 95.590445 19.736344
46.315555 55.636374 16.909069
85.510424 85.215102 21.435310
36.825054 3.642665 21.584993
39.830057 12.735621 21.662965
70.956704 9.911644 16.952743
85.394996 98.051508 15.650574
78.466790 16.127038 15.517045
93.457383 11.854672 20.948387
23.574746 76.028276 19.087231
0.346694 48.912555 18.533081
0.356406 63.945425 17.199876
96.908936 33.742523 20.856822
4.985492 61.839852 19.162891
93.480390 55.994983 15.638679
31.962334 13.801094 15.740728
88.594447 90.558070 16.114926
4.733563 5.895300 21.314789
52.109788 43.275850 18.800307
62.567770 64.031669 15.608277
46.990429 19.951662 16.704341
45.031531 71.812264 19.112135
68.221087 20.508834 19.301021
45.677868 96.575568 20.580094
78.028211 19.826493 21.610038
88.658986 32.516326 19.370307
1.125720 4.911461 17.827926
6.068395 1.234063 19.313289
99.504700 54.473226 15.398996
54.381924 43.527036 18.012087
90.581930 61.472325 15.126113
96.493430 13.454690 22.242059
11.083576 76.750204 17.946416
83.954905 39.913110 20.566709
29.050720 39.679096 17.439694
68.783303 37.028606 21.052712
33.047883 21.436082 15.637106
79.395310 30.789177 15.890801
23.872677 93.147570 20.829284
88.200137 18.048931 21.549393
62.523319 96.147822 17.544001
65.235577 69.457972 21.119358
55.521292 79.461817 18.446856
23.573947 82.539956 20.270161
58.580372 92.046988 17.692093
18.091249 4.190587 17.141771
68.902165 25.175904 19.815079
81.937389 33.884539 15.130184
58.672357 18.565492 20.579926
43.876695 29.378094 17.454519
79.946966 79.137677 19.189727
17.965389 41.954021 19.629569
72.897738 8.334905 16.632121
12.593463 52.714555 17.892291
58.845364 54.167487 15.516512
70.663105 2.418420 19.244074
82.255472 62.727687 17.266862
83.029825 16.374612 20.078299
46.735284 4.071186 22.060537
26.753265 53.887130 19.474084
85.431924 45.017592 20.780944
92.638813 26.080778 15.869094
79.050712 28.011188 17.752082
2.396477 19.789226 20.389265
23.243934 12.466909 19.364771
57.317059 55.547428 17.099491
35.541466 58.641316 19.294869
58.492366 46.694094 18.130838
24.770917 46.994405 15.576782
5.989282 15.394515 21.583349
60.484098 80.494338 22.489443
95.001259 42.154666 16.682332
5.449446 52.278574 18.105889
71.950983 33.078289 19.349138
23.965899 12.194862 16.689909
82.206663 8.960166 19.333174
66.766267 3.605067 16.390676
24.137932 67.166904 18.564450
59.274905 20.460949 22.256216
13.318840 11.996121 17.719079
61.949886 16.435116 16.939524
80.225308 89.034779 21.124724
77.885525 58.262049 16.742082
6.618818 61.344768 21.161687
54.202541 64.285775 16.889455
79.854739 18.001074 22.242605
27.843358 37.876619 20.258207
57.563687 78.167830 22.206703
59.961148 64.095422 18.051553
34.058976 55.167289 18.065003
49.618611 25.189609 16.170313
8.188901 81.966317 18.784492
79.139931 55.565622 16.205477
32.667148 83.395491 20.934113
51.814112 38.744806 20.973170
76.126637 27.739545 21.664431
5.908715 27.302646 15.366070
18.234671 58.237752 18.689907
73.941027 40.441330 16.304672
28.010402 3.844123 20.192998
57.004630 91.586307 16.936358
48.665121 79.919807 20.445401
49.355494 41.714869 19.015794
71.379271 34.847311 19.779681
59.374376 13.739686 21.170996
32.420184 63.043306 18.865884
89.522556 30.970195 19.463229
68.181902 74.536272 17.404436
86.928589 56.022383 21.536733
84.552883 24.362115 18.521320
96.747131 86.271410 17.018524
17.947711 80.437339 19.460359
43.141337 98.630201 18.691189
2.251256 14.442333 22.168239
93.881925 39.869161 15.744141
90.262799 74.500726 21.303191
55.406496 85.977685 18.592721
7.993739 25.373085 18.525954
1.178382 73.798248 19.171803
23.561210 2.124968 15.628728
26.917837 82.652944 18.680819
5.493657 60.642616 17.925542
0.617506 49.508039 17.411896
71.858674 32.872328 18.076756
66.910155 8.341547 20.553183
39.949401 70.819145 16.800800
55.111068 92.665266 22.034751
44.446392 45.663526 16.831343
90.011856 46.746787 16.048319
32.452284 36.018195 18.232078
34.485473 81.146238 15.438627
12.805270 37.801688 15.455853
42.445073 50.531401 19.587850
35.104177 70.978111 22.058437
30.438808 38.063220 22.492682
48.902398 4.941068 21.523709
53.665546 21.577909 18.341227
71.011952 69.268388 19.697339
56.711039 76.040198 21.038996
29.246984 28.443009 17.498516
70.382358 43.178194 19.183046
40.273744 59.215108 18.598593
23.653168 63.210521 18.331782
57.513878 97.372130 17.199754
36.120239 99.290216 17.784010
96.330540 28.812671 18.040302
59.412849 53.404051 16.924046
84.476331 80.993724 18.106717
76.162496 68.717010 18.822318
35.487704 65.864536 19.687118
65.568939 89.186690 20.730487
20.412713 90.442926 16.948940
15.107492 20.251800 20.614148
8.254902 77.562697 20.262604
48.654295 84.203566 16.855017
25.458410 90.741038 21.941386
75.677025 36.327471 16.663686
79.578140 92.676155 15.661145
0.679791 56.433552 21.583105
92.923281 99.102672 20.567015
14.268953 10.962020 22.315306
90.685731 98.560204 16.561713
88.774189 10.721417 17.928690
60.717583 66.134076 16.002278
1.049287 63.186476 16.205237
58.048948 52.693973 16.133839
6.578187 62.886063 21.797197
69.260803 94.594501 21.012196
5.812765 73.325566 15.440863
60.030607 92.786641 17.675081
60.608046 26.328687 16.228436
79.109489 65.537778 16.625476