64.532574 85.802093 22.309210
72.073431 36.646507 18.538215
93.735263 3.339950 16.859270
77.350450 14.019670 21.475102
22.287679 68.380327 17.040658
77.076599 60.067040 17.700653
13.149179 75.871348 15.341080
70.066030 54.562734 16.237330
13.087234 75.047635 18.510060
6.595443 41.828026 21.912370
41.274708 62.532063 16.265427
98.783074 98.175774 18.418339
44.548909 44.983610 19.062697
78.194253 1.630668 19.904003
53.738137 30.537532 20.339726
45.461085 59.299569 20.151040
94.193272 94.656419 18.351964
32.411239 75.040740 15.170942
45.242053 38.795690 17.758568
99.752625 23.543811 19.137184
16.987128 29.392269 18.898312
66.733983 54.703628 18.257021
24.532979 7.254098 21.984779
30.943335 96.628747 15.111674
8.080400 74.361485 17.681855
58.505033 26.463183 15.150418
97.256091 29.072639 20.490188
35.881893 3.283189 18.942728
93.101960 5.445334 22.171098
34.798337 94.209173 19.555813
56.969362 81.084466 15.506184
0.056648 56.229556 18.574972
26.051059 80.452037 17.254476
77.159852 60.989671 15.158433
9.024330 33.873765 15.506656
12.183902 19.614024 21.819710
65.650327 90.328630 18.622536
15.212456 32.037929 17.662277
84.292867 48.664970 15.011354
3.129583 46.475293 16.050857
17.775465 57.492842 17.375441
8.892894 80.346397 15.334175
2.821681 19.620996 18.171000
33.168998 56.296597 19.825067
57.715651 90.554373 17.959711
39.001605 36.103875 19.648296
94.840390 33.453707 20.065878
45.710888 62.493903 22.128059
11.253698 78.259689 16.712021
96.314949 92.913897 15.826858
82.345258 27.524369 18.502748
40.397588 20.212842 15.981481
53.162754 83.360295 16.974117
70.713423 79.558995 19.793032
54.526731 89.758463 18.240266
88.812019 59.517688 20.511213
25.321121 85.713240 16.526390
65.490083 81.313232 15.049648
8.771691 73.337249 20.620361
66.516134 49.867318 20.475096
75.382103 19.698260 18.230193
25.556669 24.727901 15.305572
91.577557 64.578818 15.896445
18.018916 9.736027 18.598147
84.445729 84.606506 20.919822
30.183605 24.053903 16.353695
40.042794 5.844371 15.236654
1.020576 1.024923 16.520791
33.698211 66.253094 21.541332
69.794619 29.424486 17.017552
59.488698 0.716598 17.192390
76.896384 93.406241 18.876133
44.583862 84.952492 16.440594
28.381375 68.923985 17.553126
69.499244 62.511191 20.056497
28.979174 38.724028 17.457366
64.042180 39.159187 18.619614
72.571615 12.349978 20.609580
57.596944 12.533701 15.441720
60.816639 53.628100 21.984836
66.569421 99.036008 20.706366
48.148235 5.618214 21.484427
25.052183 69.164371 19.673738
28.890339 94.876999 18.669289
31.252264 27.056536 19.183044
94.841539 80.033682 15.659220
37.109850 27.619143 18.017209
56.279634 66.441175 18.331779
37.304273 21.132992 18.845570
82.599952 14.128756 16.172952
32.337917 2.071057 17.172905
94.517097 21.922516 15.294809
10.260787 51.668800 15.520020
71.824878 0.831162 17.618528
83.706414 94.441665 20.933536
83.436196 80.555390 18.584167
85.046071 6.600403 16.459321
91.546381 41.616930 22.040308
9.492927 57.460765 18.149846
28.370300 18.898815 16.924423
22.276377 6.320900 21.692753
58.095764 75.374772 15.871013
89.495314 45.503503 19.062985
55.034327 50.241746 15.154356
42.463827 68.758151 17.646267
31.287360 15.043125 18.610812
18.551124 11.908333 17.819508
19.945087 57.872722 18.535488
93.632957 44.039417 19.416648
74.306115 81.019339 16.899515
83.704974 77.954063 18.724363
52.313721 82.187176 19.171339
91.331177 35.323254 20.550797
6.639747 58.830738 15.981849
19.697793 22.004051 17.939424
96.248204 23.437187 17.274701
38.003668 12.720512 22.075895
7.367914 55.943748 20.104930
22.640330 23.070909 20.012911
13.194374 53.842519 17.531348
70.819485 78.437399 15.990574
66.860698 37.286078 16.865322
38.873574 18.098593 18.970705
83.757827 26.864690 19.809601
84.888950 33.460607 19.104299
35.041978 98.636837 17.889825
52.371190 49.924594 16.687971
24.145303 15.628878 16.898557
91.410538 41.227893 15.833654
2.002690 57.566814 21.937972
57.213948 18.730128 20.913999
56.671875 51.675541 16.005164
14.125603 20.656537 19.634541
58.732319 99.728466 16.975082
79.081680 44.715012 15.357067
20.877891 96.315435 17.249327
88.052342 28.230827 16.055922
98.789767 72.718710 15.216730
28.996562 41.409702 19.774267
4.752995 39.293661 15.950569
90.784079 79.618006 19.883403
38.221781 2.028201 22.235136
59.092615 33.549544 19.917471
81.540241 84.005206 19.699635
50.241049 66.924858 15.803702
52.625285 77.515716 16.385783
14.705223 57.529214 15.940512
87.512110 22.428991 22.335618
24.985066 75.430648 21.511181
27.560090 76.047236 18.691792
5.681056 64.377107 16.517443
93.946291 45.682986 22.235341
55.040601 55.428839 22.318016
99.334944 12.604579 21.872885
68.805601 12.285641 16.227465
56.728275 24.909142 22.400024
16.056307 30.378901 20.406655
72.342021 50.052446 19.234241
47.343594 96.054903 21.363221
34.209594 81.399352 21.815334
23.284445 58.631698 17.555963
62.010810 85.775335 18.609400
15.338298 37.649006 18.119630
80.221240 99.940448 17.057659
25.179189 18.803962 17.592880
1.966527 17.935375 16.720795
26.873374 81.611383 22.328611
63.497429 74.677985 17.306628
2.315977 16.236625 16.980608
95.587708 7.860910 19.807849
91.460927 25.534011 15.021874
22.253874 5.248688 17.509730
16.229823 67.394781 22.160791
74.839874 71.314296 17.873427
12.938733 25.000180 15.490997
17.432963 94.799684 15.812928
24.665446 71.335219 16.013061
69.176405 71.774972 20.709728
56.228458 87.354558 17.211623
35.402324 64.079897 18.417361
63.571274 22.644793 18.969383
18.804053 91.568505 17.766924
45.799941 6.214675 16.013790
60.984734 24.259685 20.151110
46.690132 94.459073 19.676989
17.023844 58.463664 20.153903
35.646321 37.359399 20.111521
58.111019 79.166420 21.057527
30.772469 0.577609 21.890346
32.045508 56.594860 21.886515
62.348611 0.827035 22.130594
88.850389 55.930991 22.132032
32.055333 55.438954 16.290278
25.197624 26.353554 19.596105
39.458866 93.218663 21.612564
76.564538 23.941298 15.839219
53.359920 19.519652 18.391393
22.063409 52.051772 16.337630
39.432414 97.999186 18.450427
16.698057 71.695379 21.135666
76.857881 1.005696 19.053281
38.111614 9.729510 20.038244
48.266728 81.528622 16.133556
91.948622 45.512716 15.660106
51.616416 1.410817 20.502688
52.003446 62.140565 19.135883
66.146017 18.130811 22.356543
5.812565 92.901814 18.264459
37.907315 8.976980 19.455683
18.325552 23.926583 16.457298
27.586755 11.144873 18.567987
72.892590 89.743540 19.178809
88.105161 35.330811 16.341914
86.884024 58.944788 18.065549
82.365749 51.554017 15.243579
90.031822 67.079363 19.786428
74.739059 85.756461 22.362090
70.966742 43.866936 21.432423
4.356165 92.605766 17.691510
59.312050 18.175284 17.571474
43.604727 29.316056 17.731948
68.125687 4.381251 22.186031
62.864807 81.261316 16.599577
38.221649 67.164626 16.832086
47.546089 35.469138 21.334521
33.155522 71.934276 17.901118
58.770263 44.741298 15.086228
57.584936 45.697691 21.574947
89.591208 55.681150 19.831451
62.894547 67.745144 18.567945
49.216651 23.429567 19.785915
60.972907 89.210633 17.871703
29.127846 96.611441 19.798925
66.829971 81.855177 18.051925
30.455348 36.429100 21.054956
42.554004 57.313553 21.584168
74.480048 76.954523 15.623193
54.935976 69.152083 20.326415
67.558873 20.803785 16.495850
95.996876 27.458468 17.976952
55.993182 50.612868 18.782973
46.866465 3.952577 18.402581
16.188050 14.774783 17.122785
70.078597 59.077900 17.253103
93.227162 94.644888 17.705531
9.020158 86.582296 19.740835
9.189951 54.691012 16.200087
92.949568 25.237145 17.724351
18.660032 89.013778 16.044206
74.080201 6.024041 17.478773