99.975447 68.164084 21.164505
13.193773 72.529724 21.151129
47.180107 72.013314 21.579475
76.815615 8.662353 15.528950
53.960971 16.534879 16.288756
79.387281 62.969314 18.080811
15.307710 89.981489 20.198786
71.206366 77.962107 22.168255
67.287933 54.442723 21.464943
7.526727 89.572435 15.235361
91.899895 13.801126 19.502136
72.707312 19.207811 20.060496
25.876977 40.289163 16.299039
25.461494 60.899887 21.292883
23.215350 56.160220 17.214767
63.693864 44.971126 22.063046
43.660822 79.085091 16.383381
65.738901 61.957109 20.550621
22.418657 18.176836 20.138802
9.924439 32.625267 15.918454
89.623023 82.372332 16.196969
12.696496 46.880130 21.461527
52.097702 43.391713 16.183573
41.619169 42.293897 17.660702
42.613627 38.589099 17.772435
54.494694 80.793760 18.913482
9.678704 4.738005 19.777630
74.616858 73.278398 19.714028
31.190688 55.129288 19.731622
51.274943 21.866279 15.266369
93.599746 64.455629 20.119125
3.207142 61.597249 16.904953
50.194469 21.429527 18.807066
23.466487 22.726835 15.373413
12.571254 45.801337 17.064234
48.439657 30.538385 15.853209
72.252954 3.419778 18.939809
19.048205 30.903070 18.932724
72.259186 55.762319 19.957002
40.931533 70.772408 19.393271
90.183403 34.451507 17.217221
51.391327 47.031679 17.141244
0.389442 9.606842 19.665512
86.406811 27.704154 15.348039
86.855911 1.191897 19.778283
78.983466 71.912673 18.561662
1.490706 83.827492 15.070597
17.406548 69.080450 16.842384
94.661688 50.622963 17.252612
94.915773 49.218427 21.061584
52.803800 54.985877 17.207088
1.333235 79.375377 19.184780
95.181988 8.531579 18.475584
41.374349 69.294011 15.940400
81.518392 25.117990 16.471432
11.488678 4.776056 15.945441
53.481408 74.834964 22.055988
19.922204 86.322080 18.007448
54.932263 99.557270 19.428359
28.225916 23.822318 15.378353
32.817272 70.434217 17.012889
93.970056 16.080021 16.861548
21.232418 58.661595 16.739958
86.072812 6.532958 20.439848
96.109040 33.792192 21.531031
16.695668 52.143999 20.038229
77.242065 53.188454 22.105353
98.456385 4.809793 19.560599
52.782091 29.223000 19.213571
13.204787 73.819968 20.364432
35.619959 7.653707 15.150809
25.832598 67.473337 20.952569
64.050480 33.223182 15.238944
65.031496 89.364119 19.050226
10.990181 62.973586 18.830874
57.673798 66.611353 15.726151
91.362178 34.077514 16.181115
32.559232 67.668102 21.934994
35.357652 52.780425 15.457897
75.434090 7.530023 18.886690
56.838224 32.697783 17.374876
10.056893 84.269929 15.302155
35.367523 81.562792 16.515344
61.235696 60.170642 18.713165
63.373484 15.859339 15.151211
99.935189 7.649252 21.663625
23.283342 37.553514 16.780469
26.080167 36.592695 15.686549
73.280283 20.985512 20.976753
34.323941 80.766318 16.938054
54.300587 90.991682 21.224477
42.828084 68.061531 19.709357
29.285954 66.135366 17.154447
78.978946 8.285221 19.277096
60.307965 15.223139 19.806237
4.448058 30.151886 16.977257
36.379869 82.489870 18.122916
39.372090 95.648338 15.430200
41.798638 58.154482 19.927618
27.337729 31.324879 18.548594
87.446157 18.504435 21.451864
90.389527 87.720666 20.816519
86.784288 38.462166 20.158288
87.325291 15.470855 19.578934
19.684501 7.099480 21.496690
86.951431 94.559130 16.357791
87.809629 75.521134 17.162393
3.695952 34.469740 16.589421
37.301105 28.751274 16.566822
85.996223 58.867466 15.350786
24.987350 74.466124 16.773077
53.853416 16.050758 21.850546
49.541145 77.212181 20.825042
0.420994 69.880928 18.571471
37.159609 70.676344 18.006075
78.010729 9.679530 21.105641
42.124283 31.408078 16.974410
76.213111 70.108821 17.593513
34.149880 99.615480 19.791218
8.054499 65.566723 15.556379
86.629490 48.046151 15.171232
55.408017 58.896243 17.782977
81.967634 30.880007 19.236838
11.950304 68.449501 21.513848
91.398122 54.466825 21.727734
27.104076 91.532279 16.528524
47.553884 56.579074 16.176131
2.937896 73.475206 21.255658
72.091308 52.151699 22.421396
65.201092 47.335182 16.368422
35.139084 46.799272 21.038240
26.165267 19.983903 22.367426
30.550053 58.493116 19.717822
87.421520 28.734342 21.834908
63.030245 47.495379 21.899812
19.402661 35.750437 19.847509
83.569542 29.713711 18.409889
67.062713 54.412863 22.112405
1.145110 96.778699 19.865627
73.481265 69.856607 17.630532
92.179939 0.221353 17.978635
77.772238 54.876926 17.175852
60.464956 32.860025 16.322549
18.523066 32.874370 17.347685
60.356386 22.893135 16.337395
10.837135 37.921310 19.904338
24.748278 86.350432 15.339035
91.632216 10.044659 22.196120
24.971650 81.766104 17.793941
97.381911 46.954694 16.384989
26.757056 61.177315 15.155510
79.941769 26.070291 18.993541
44.179534 2.647066 20.640489
25.904743 93.918177 17.978346
31.400033 27.702815 21.265966
61.348913 53.300789 22.189879
78.933739 97.876479 18.055577
17.631693 92.376486 21.764836
80.093065 9.344713 19.036470
99.701575 7.224945 16.069126
16.461177 4.724499 16.123535
47.223178 56.645523 17.966839
86.996728 40.812260 17.729406
5.716918 87.986626 20.430783
61.480658 64.484505 18.498968
27.253359 30.834128 19.909049
5.426978 3.189607 15.085931
61.514675 30.422983 17.242623
28.389130 40.319922 19.734850
5.920724 19.251064 20.399388
95.979552 38.649437 22.265357
85.258246 48.461926 20.841434
21.649523 46.191813 18.432328
40.246202 85.030114 17.307845
65.742233 79.846659 20.632508
36.278554 90.773998 20.289771
26.015952 59.225353 18.090257
90.254472 53.955652 21.735516
83.400642 45.683354 22.063907
46.317435 84.513949 21.015594
26.798529 31.146368 22.274966
88.751973 58.217414 22.436125
77.483519 53.128670 17.190648
46.477572 69.238467 19.009579
92.658691 43.516101 20.073762
85.634515 64.020689 19.666992
35.936159 12.709136 18.282876
42.371967 13.760445 18.427041
17.240318 56.525814 15.662722
37.900403 50.163797 18.787245
44.561921 81.642081 21.592543
59.026266 72.244375 21.669677
91.129094 4.741488 17.527860
93.280721 76.377741 21.572580
80.950774 12.333513 15.826268
94.992978 82.248300 15.609253
96.974228 40.528835 16.956089
93.808401 52.860828 16.747508
81.342070 81.997665 19.607453
99.949622 8.870042 21.915122
59.811834 70.716276 17.539426
63.511455 38.902242 21.225629
65.904450 59.286417 21.826943
85.846101 15.699386 20.832938
0.863234 29.736745 17.017861
76.037085 85.865686 18.700062
84.865961 20.966721 19.097496
90.528128 66.562770 19.408438
6.837368 19.389092 19.798668
78.509474 93.561174 17.407536
22.091646 40.299317 21.961514
16.572370 14.540940 18.968017
39.531211 87.676449 16.242267
29.860734 31.218150 17.246377
70.691954 9.007041 19.414906
90.122424 13.829647 21.042699
14.194418 78.695521 19.585407
25.618484 4.557583 18.359159
2.687497 0.484500 21.706979
60.421287 95.991967 16.253641
17.934523 58.891519 16.173990
4.317865 98.045133 20.504167
95.630277 66.890377 20.758897
60.761861 28.059246 18.450837
69.565464 39.782358 19.717175
17.953409 85.236009 18.297394
17.632478 11.632761 17.176623
89.436149 80.654116 17.392955
44.309513 70.793172 22.020055
40.378190 36.708122 16.952757
21.371636 51.455845 21.000552
77.189659 48.864538 17.087051
19.285625 99.233345 19.482920
28.953310 68.597389 16.774090
33.256021 36.845339 18.503975
90.159851 46.590858 19.235638
80.010848 25.941758 16.400084
29.933347 72.310881 18.983612
23.389972 49.538581 17.322706
68.126549 25.845935 20.371932
56.242759 33.997868 21.501018
17.569343 73.324266 19.339752
89.037566 8.224651 21.104577
97.822953 82.655927 18.060719
37.780763 9.211336 19.535960
22.996543 47.528927 16.593181
21.418011 25.902408 21.142558
35.941318 2.197871 16.950876
62.666183 43.335655 20.092651
99.413986 78.340047 20.438437