19.976206 27.259000 21.674461
71.749741 25.273684 19.920168
42.761591 71.903859 21.307229
67.561289 44.742667 22.486502
34.053842 54.775422 16.070366
52.141969 88.671749 20.421802
96.970925 57.130061 19.984165
43.491141 72.952952 16.921327
27.846478 36.020966 18.747439
81.893089 57.912229 20.739411
62.183849 43.499947 17.015576
20.224795 21.384248 19.169338
63.665244 42.933354 16.607979
24.244819 22.624353 22.248287
66.022554 96.906698 21.081703
42.554679 28.952181 17.459551
59.109977 36.389616 16.189715
10.629982 25.462000 17.598187
36.287973 50.791013 21.525369
84.871338 25.433111 16.189430
89.632856 4.109775 18.270765
7.986716 53.484017 19.290747
75.832638 72.292461 17.058289
45.014960 42.793678 15.598766
36.402361 65.502717 16.048576
4.399008 57.614990 20.875899
50.331833 42.311041 16.741950
69.486231 12.537254 21.612098
35.597562 31.294509 18.753943
7.764643 69.528481 20.595994
17.156497 86.341254 18.342272
11.496192 14.547286 21.633077
68.992133 21.567489 15.215759
4.135271 96.327603 21.751531
34.882422 89.570826 17.722148
89.707041 23.095023 17.125811
98.524853 55.655346 19.576899
53.645922 11.601467 19.340896
36.387215 25.708103 18.895537
34.338122 15.362416 18.880917
94.404932 39.510194 20.459295
50.462932 43.461470 15.175843
41.329953 14.349241 16.484514
46.302576 73.920275 17.819001
46.316890 58.334522 16.877647
88.104009 34.489671 20.303641
71.186690 30.859040 21.968000
42.029872 48.623347 16.117941
50.504567 84.266882 16.819310
84.144018 61.883817 21.463070
44.693713 93.691886 16.164062
29.956478 61.839170 18.719663
80.590565 85.509589 15.687425
0.067962 86.406149 20.670142
99.727602 95.213283 18.017694
20.082387 84.172638 17.520930
27.279590 9.717292 16.079644
7.250168 92.162082 22.135642
16.905243 16.502968 16.993909
13.671868 78.609946 16.066296
29.619522 47.926899 15.411284
14.449777 43.688099 15.779153
98.582654 55.731933 22.292975
52.788919 39.855797 19.444161
66.330976 51.782893 18.410248
11.841668 77.985960 16.925681
23.135553 44.778630 16.538257
25.120705 43.509235 21.094947
24.285346 73.168297 21.445240
51.552722 63.756859 21.670107
57.014371 53.559391 19.316720
13.831702 74.086900 20.137826
76.916509 43.127958 16.054953
55.929634 38.688302 19.182439
30.597263 89.450134 17.552843
95.490356 11.653518 21.987001
76.975834 27.230785 18.455612
60.415953 64.650738 15.877822
73.922253 88.014702 15.512020
80.156593 85.896153 15.434061
22.893770 58.008455 15.466683
21.267464 56.619808 16.983797
90.788720 99.907882 22.435612
67.623113 45.419606 16.306394
66.006898 74.036865 15.862690
52.695768 12.623740 20.849910
66.784172 18.720039 17.446535
69.142769 45.135661 17.513408
56.879742 50.206876 17.679019
3.970596 90.904698 19.611618
23.301613 14.914416 18.395490
60.548027 69.251280 15.406714
89.762971 63.418315 20.571118
30.523106 29.770683 20.701226
21.530526 24.485368 18.601879
26.232833 38.171446 18.277117
62.520925 59.592600 19.364147
91.586744 81.348259 16.366659
7.964057 29.656368 17.786175
58.529423 7.621353 16.551661
77.076076 13.166761 19.588448
22.529009 87.636619 21.353629
13.966539 20.344660 15.948953
61.106403 62.948196 17.821869
21.878040 36.466375 16.089335
41.878492 3.344000 16.625790
81.489835 46.972959 20.062439
56.672532 61.213164 17.986409
80.636794 37.849629 21.735111
21.255125 68.467028 17.588613
26.730012 94.796083 17.755698
54.809220 72.678491 20.493834
6.220786 71.127054 15.299180
94.895898 16.251555 18.115770
64.415248 84.904656 20.949603
38.802932 55.222610 16.733870
66.512205 31.807392 17.257437
92.572631 17.525170 18.387628
56.810166 78.908490 17.062438
32.995041 29.990891 16.335225
46.409402 50.893210 19.636249
81.390025 80.781595 17.566440
23.499651 90.268117 21.362651
29.239143 61.509729 18.638929
92.079584 46.743293 17.648129
50.680561 73.762718 20.885244
80.190986 28.533925 17.235793
53.373629 44.332206 17.235227
99.481406 71.367960 21.547826
16.101461 37.648954 21.600808
25.963959 47.772025 20.704677
63.980851 96.541383 18.121918
69.435458 9.967955 18.220026
21.920724 66.544128 22.403134
63.193464 6.548145 16.738040
26.378042 40.815269 16.718374
60.629364 44.560485 21.616279
8.661404 55.535320 17.791603
59.537147 47.226317 19.067293
48.825457 36.765394 20.622644
98.462382 21.289489 18.927929
78.231782 59.882204 16.782319
31.081208 82.672857 20.023826
39.077724 49.017420 16.240525
69.462438 75.473774 15.469708
41.637935 17.527648 20.821962
78.014057 87.372254 22.146748
60.106731 72.847019 22.121802
99.357602 70.995975 20.056717
19.932263 85.066651 18.129973
98.725076 55.048229 21.148668
33.988340 24.710873 19.983662
35.225743 51.934687 20.062848
29.679038 90.080642 19.053763
10.605775 74.125304 18.071845
19.416088 84.809854 19.080070
27.262231 4.609486 16.943779
16.648373 1.595864 17.348759
23.371970 10.136691 17.280412
37.355689 86.417042 20.360855
25.435571 63.248326 20.793581
56.150597 36.831902 19.219076
38.290560 40.924478 16.393511
50.499268 4.658629 17.143534
57.164442 27.485781 21.623512
75.373304 47.279872 20.446574
67.980243 89.653187 18.338877
16.580657 80.048866 15.365124
78.585814 11.878233 16.301536
4.937751 42.117169 15.213512
31.846960 13.305392 19.133479
28.006002 74.863404 15.678665
67.358320 97.337516 21.442542
82.944690 81.909834 16.848860
87.643277 91.580188 18.918663
77.280672 28.628214 19.598671
68.286074 63.947124 20.580894
24.195280 45.920317 16.210533
99.150040 55.191945 15.398087
15.814288 32.196513 21.211111
50.050456 74.304958 18.004471
30.487091 14.152394 15.822609
64.203743 25.553038 16.416314
96.304769 69.502365 22.078787
59.053952 97.196930 18.884497
23.041724 27.497317 17.137947
36.399496 91.563082 21.322999
8.846990 34.379394 19.709818
4.886988 26.015208 20.014613
32.671892 71.546473 21.593617
66.871592 34.923650 22.010390
15.930180 36.505942 18.921817
32.863065 17.817579 17.881146
87.216999 52.590304 17.786535
16.892227 9.267978 15.807060
15.298565 54.980196 15.128070
32.859760 91.654553 19.915754
12.133665 44.865735 16.139831
33.867647 89.801949 21.911357
11.144415 10.320414 18.147387
27.299903 27.444468 18.380709
22.103755 62.517104 21.470577
14.576570 29.059258 18.406124
71.003725 64.485232 15.583920
46.211509 38.469644 19.428334
94.911778 77.716044 22.381067
73.890653 99.699406 15.637701
67.699226 38.846601 15.496552
66.999646 71.687985 20.726533
62.651183 96.712292 19.117629
43.571508 15.441051 16.118797
11.973360 57.392221 17.317259
12.537416 7.439978 16.432244
61.600988 11.222761 16.521248
8.592640 89.099213 21.335905
64.484611 75.610774 16.735090
55.155259 12.342547 20.356250
90.374621 8.598094 16.527136
12.829379 3.693300 21.351667
18.411035 81.855693 16.417860
53.395589 42.253820 20.832211
15.839361 3.218691 21.975305
46.507331 57.210584 15.200537
74.244352 67.925189 15.942031
99.771055 14.782517 16.364943
58.284341 89.622790 22.153450
13.912999 65.680369 15.302698
97.856256 64.536285 22.174934
26.002519 92.604145 21.463607
3.622080 9.892991 17.067913
1.769793 25.930154 19.238852
47.819301 62.022234 16.026210
39.614771 6.747809 20.096850
15.185011 10.865102 18.786788
35.847205 80.721281 17.774474
28.332082 77.656317 17.695561
22.054401 60.494234 21.452512
97.100923 49.382841 15.976310
71.336384 42.046176 16.343464
47.351440 6.545706 19.006344
82.866562 20.691085 18.169218
6.598327 86.754258 21.057613
84.119808 20.009027 16.548763
74.706229 8.174381 19.092422
42.928070 97.810686 15.035996
89.421935 54.577725 21.538773
43.309521 47.108728 19.091561
92.370701 67.466757 22.193401
22.066039 88.381280 15.972472
23.532342 4.720236 17.922953