88.838510 42.344978 17.665093
47.462902 64.046144 21.849039
0.026715 30.137602 21.247703
1.593531 62.777238 16.860783
97.877958 16.483978 22.211729
48.596602 75.090681 16.697691
62.197401 62.702596 20.792108
81.181523 44.592919 22.258986
32.015892 33.913614 17.999265
2.868545 85.781688 21.288274
17.623326 92.863208 18.972920
45.529974 10.412040 19.946697
45.963025 87.400295 15.535429
48.410877 60.281469 16.361827
47.000851 43.035983 21.278883
72.147576 19.676582 19.864004
33.473498 79.173538 20.057280
59.868267 15.852540 20.035244
63.118385 82.678507 16.436305
58.862046 44.291856 21.116802
20.961822 2.555075 17.698485
81.277330 78.827042 21.491336
86.715139 63.673757 18.280478
75.234450 3.021940 20.452494
88.729335 40.464676 16.491018
68.396244 20.324629 20.697101
67.917524 46.283947 18.390525
20.736388 24.844669 21.551298
40.715438 69.915053 17.342286
66.340894 94.125420 19.234128
50.417695 9.047282 19.060081
70.295040 37.378255 19.062465
54.068330 50.877469 15.065107
15.156953 52.115527 18.360135
2.662068 70.969884 18.386764
44.777778 42.755804 17.848841
48.077342 13.715097 17.212592
81.915647 87.720914 18.964512
54.667403 63.774997 20.137233
88.780142 49.058587 20.829805
29.807708 73.933733 20.612234
75.979883 30.407546 21.747099
40.061496 82.907847 15.676515
55.175569 99.146311 20.029040
44.265280 67.245691 17.695230
77.233594 73.376116 17.360786
86.674238 57.743416 21.283979
5.363244 71.706341 16.833161
29.580399 76.602284 21.332939
68.386515 38.331470 15.571016
41.002300 56.648741 19.224516
80.668053 67.221881 22.003753
60.315186 87.917240 20.489256
84.909240 88.743330 15.378041
31.041738 71.614567 17.777983
26.781720 49.137318 15.011613
44.149964 97.947498 21.673365
85.478868 37.697336 18.539989
28.014383 77.027764 20.000163
13.364855 48.106542 17.869994
56.191851 52.709717 18.618883
82.318067 95.531040 19.580154
48.607692 6.499023 17.084381
5.880650 44.862459 20.250298
17.651760 66.650972 17.296070
18.828114 34.602085 17.777461
74.343193 48.515922 18.528603
25.516786 36.225966 21.637404
8.052673 76.455165 15.279418
30.086809 47.468603 21.136908
41.327760 78.575282 22.417506
83.962194 30.398990 18.558968
44.991121 31.652395 21.315877
63.937219 78.016133 17.348876
17.934841 70.373685 17.487650
65.096335 77.099232 15.227427
22.963374 8.975230 18.749786
98.908929 37.447059 15.455740
74.977378 34.983585 22.182550
86.443252 70.149040 17.314240
2.926239 63.993848 20.919268
66.745576 45.425036 15.386938
47.629033 48.823603 18.651411
74.863894 28.734758 16.256231
50.105518 48.547615 21.589472
45.772368 66.390010 16.122217
77.546437 10.934960 17.303960
73.867973 17.909017 21.468307
32.077084 2.640769 19.101065
13.990497 93.197041 22.463483
54.580033 81.955281 18.148080
37.699965 34.422314 15.084338
84.403358 98.851295 19.849999
14.555491 20.550711 16.339384
76.152501 38.432382 21.649697
10.016705 32.761625 19.532534
38.519789 9.749619 17.322041
23.379121 53.824052 20.735365
52.804937 48.794641 21.428627
6.207772 89.735795 17.757449
75.002243 34.472132 19.116195
89.489157 40.712819 19.815576
74.340981 7.526750 22.033743
73.690409 56.002134 19.387387
25.094950 87.770261 15.866050
76.545671 59.937080 15.970732
48.667179 9.855296 19.311976
88.977002 33.002299 20.182931
4.082138 35.993145 18.411541
51.843328 72.880791 20.800622
98.159993 18.751622 20.569044
54.637168 24.918174 18.659364
40.039348 87.738767 21.691920
68.285464 85.458353 20.819278
85.181180 1.008925 15.667987
75.284103 68.787406 16.031178
60.011437 88.829730 18.934724
58.194520 1.638008 18.867541
33.147129 17.460171 17.439181
45.706330 40.368499 17.406339
73.739945 74.232107 19.075572
22.638008 84.947993 18.840329
87.739634 75.123824 17.564860
47.513735 85.523810 22.485107
95.202406 37.965295 18.310024
74.377336 33.462573 22.006039
45.636044 48.416107 18.254326
73.455025 58.792184 15.853440
15.381937 58.035880 15.018860
33.089185 50.498702 21.583689
17.761963 97.938019 22.063413
31.320588 90.694602 15.119972
88.890966 80.361917 17.022488
74.649779 75.540986 15.872971
24.920159 90.518597 15.093706
42.769580 18.514214 16.175314
18.029551 48.199894 20.360917
96.780667 49.545600 21.656876
22.392383 23.729923 17.466325
72.061741 75.356516 18.197525
68.590829 16.865314 18.522125
67.819796 50.621861 18.357919
32.931569 50.711348 20.972242
28.166193 44.838782 16.920471
8.144083 77.850809 15.264222
23.506320 1.657825 16.507478
95.899635 67.241812 20.783016
8.700332 60.222561 18.129068
9.703963 27.805205 20.206989
61.492105 56.227939 19.861785
49.144490 99.965230 15.554316
64.787908 7.775392 20.061969
56.984610 22.438769 16.162790
63.435929 5.604428 20.895090
77.190569 52.265749 18.270300
21.904442 2.102112 15.418348
15.512434 91.477611 18.451426
9.261003 17.710482 15.215742
99.639758 33.387097 17.028603
39.821478 94.107494 15.748805
87.734400 72.668791 17.998001
0.401038 99.934025 21.075256
96.953813 24.789079 22.014089
46.507357 6.958734 17.261880
84.761323 87.178976 21.668172
97.706698 99.770504 17.789795
70.443093 72.446005 18.734933
82.151161 81.349949 17.825712
51.934429 88.622816 20.475154
38.861129 55.789602 18.577340
88.635579 86.053960 20.430463
38.807882 26.294926 20.728104
9.819495 60.289678 21.523428
41.418787 13.259396 16.488342
40.553088 31.877495 20.240449
72.131254 14.355257 17.259099
7.434981 88.141432 19.843335
82.819667 77.830639 18.926516
57.922702 75.329139 22.093015
67.722402 69.117341 21.057085
35.754353 0.551429 16.518101
26.294508 47.799892 19.883692
90.947489 88.447150 17.709347
68.360170 40.662758 19.766885
6.822419 60.704051 17.243641
76.388038 30.920734 21.513439
72.258918 72.347692 16.553053
57.951991 21.817589 21.132953
55.915112 8.501179 17.625541
82.927086 92.542377 19.113430
77.412346 87.318005 18.524932
49.527395 62.808859 18.692282
59.910784 97.944203 15.161832
85.426787 23.434625 22.243170
65.039153 34.631495 21.018693
10.677729 89.195587 18.766782
78.278398 34.825055 20.785187
43.060784 99.152055 21.908992
60.240548 49.943741 15.274529
98.946162 3.811769 20.302920
93.246945 10.567947 19.852861
42.649915 42.391777 19.467092
92.635259 39.847300 15.679923
29.003504 33.581310 15.657731
47.096381 33.192822 20.389085
21.793426 15.973854 19.053970
71.828619 50.285745 18.331308
45.900992 22.144773 20.061298
17.140652 27.556486 18.186150
34.684191 28.296070 21.118464
51.013493 63.271207 19.699468
44.837227 52.322007 20.322098
13.379254 44.248587 17.057449
6.139284 24.552800 20.211817
45.054260 45.131843 20.540566
95.744981 31.793367 18.879157
84.026140 40.744976 20.197285
7.064181 31.028910 22.130017
48.828058 81.264232 21.424589
52.887061 17.986932 15.339757
32.921363 41.771989 15.538468
25.610733 30.641148 21.538364
96.792711 70.611834 17.279564
53.089055 11.805289 20.562485
88.965323 78.900912 15.246880
24.368101 25.456136 20.643736
68.033446 32.251769 19.062111
49.123583 90.373057 20.381903
41.921981 92.057590 17.400408
94.445988 60.932214 20.914875
97.515312 80.850880 17.385776
35.934750 78.442936 15.232321
67.421650 26.004278 15.019009
78.878222 81.207061 16.940471
45.188074 36.760747 18.001080
96.284917 42.486869 20.954028
42.673326 26.902586 17.862658
16.360295 12.475590 21.300238
9.563960 61.100284 20.290466
27.232732 72.848722 15.281676
75.817911 16.801440 15.910966
79.019591 85.021483 20.029241
42.781680 68.123367 21.250320
20.206346 77.308908 15.221005
91.872189 28.389915 19.142378
12.361632 10.240708 20.696022
6.102938 83.390254 19.068107
45.384796 22.893087 19.559911
53.489168 77.981746 20.892430
93.986488 82.846734 17.645947