45.091866 30.469092 17.303913
39.397914 7.271155 20.573043
54.310921 78.278084 21.856418
32.580883 98.540622 18.691484
24.322833 52.742122 15.179820
78.194758 97.055186 22.083300
21.118089 26.384670 18.340394
98.694138 30.041530 16.987041
91.319065 65.288457 19.887783
81.964725 61.125240 18.802592
37.948739 46.423489 15.722366
1.245650 85.513399 16.892730
67.507225 42.002653 21.173229
42.501277 78.007545 20.263401
34.276370 13.395037 18.934672
89.560577 60.478069 17.323297
88.201749 83.184651 21.335753
61.511819 40.550669 20.067026
43.199595 68.576775 19.350030
6.094719 25.193333 19.107993
71.594708 52.265559 21.665901
89.072105 37.856479 20.715333
54.939109 21.444384 20.264089
70.083982 86.858482 18.568831
9.875320 59.560155 19.688013
0.921072 61.762994 20.257930
68.318773 18.699565 20.243437
69.735147 61.531015 16.192368
67.247117 55.457777 15.442059
22.713932 93.835541 22.119004
7.810160 99.705006 20.805202
32.458210 93.282516 18.813577
98.046290 14.174113 22.173669
1.583920 96.265215 16.491632
87.383981 95.275586 16.697389
77.084535 80.473923 18.679694
26.208501 98.202327 18.782422
30.263485 69.419435 17.147153
65.936976 99.256596 18.256782
5.626752 14.452220 16.432552
53.679234 43.568462 17.207340
60.309539 6.913406 22.012027
61.361105 93.830399 18.501757
11.986223 22.565985 17.425638
66.121100 84.436607 19.163703
84.523521 46.304644 15.119548
93.320725 20.767662 15.238264
90.288529 54.122064 21.624398
60.319048 10.719923 17.732987
41.624809 52.860670 18.481962
18.393168 76.899252 17.725184
50.170281 39.315980 18.648568
65.294958 91.774080 21.365635
24.236265 93.010194 18.752338
58.541836 73.462988 19.006423
34.303012 35.513993 21.814680
11.164712 33.218303 17.764618
34.638246 17.780806 18.364522
69.131763 69.323193 17.117084
43.134118 63.130650 20.019686
38.792647 61.293741 19.622480
87.975823 41.189893 20.517157
34.103954 23.253040 17.960069
27.984494 76.484159 21.923032
55.535025 83.343352 22.107282
58.338814 55.665135 20.394175
56.489209 42.471313 20.088236
34.216032 89.452931 18.783884
60.599532 69.481861 15.888393
55.237085 49.948494 20.638439
90.573503 90.203229 21.638853
98.557243 58.791623 20.811878
89.187160 27.562774 15.013882
83.305343 16.885540 21.650560
63.345655 85.325492 15.645166
93.379510 4.761773 17.971659
12.389439 40.730149 21.854017
8.619751 93.864312 21.529810
66.478145 40.802647 19.455886
77.119176 12.102428 20.817980
54.613335 12.048179 18.802059
60.352391 65.532674 15.242944
70.209595 66.708983 20.044899
17.606500 41.655219 21.515964
12.852797 67.040810 21.307870
59.892736 7.356797 18.607917
76.627851 77.303748 17.885990
2.074927 52.435937 15.389374
80.285893 21.302173 20.833274
94.716810 46.031192 15.989829
31.713916 48.305678 21.660883
88.686875 32.389363 16.209828
99.453462 3.749993 20.381456
13.451017 87.865311 20.536862
45.065065 68.254392 17.345346
75.446009 0.708334 18.591821
68.277650 54.817521 21.255458
33.970677 31.661863 16.788270
8.463635 90.502275 22.454950
11.882025 33.399029 17.264416
10.295229 64.415656 17.995133
50.726658 79.195409 22.236134
57.737174 84.591422 18.370114
36.791879 11.976715 21.399572
82.361409 67.422720 16.530991
70.215961 18.551502 15.370228
51.741647 32.294477 17.396484
65.092650 83.212529 22.233905
9.148854 45.111458 17.013258
41.802437 86.070312 17.672752
58.702355 12.334908 19.146533
35.837533 29.825468 17.416738
21.830054 5.404003 20.794229
18.595503 9.022840 19.254578
10.234748 77.451707 18.935318
3.013260 2.029586 21.799708
27.361813 31.013177 17.508571
20.085189 21.303762 15.527661
40.542073 19.695015 17.345799
99.212578 82.092585 21.896498
98.370908 44.604380 18.790562
42.803801 30.472618 15.397737
41.523257 57.018779 15.886099
57.334713 83.967763 18.652039
23.710377 60.620407 22.327698
97.173649 36.452996 19.478010
11.632498 88.972598 16.124110
46.575771 0.578946 21.621151
87.011824 38.085447 16.899142
64.233135 71.119752 16.369446
9.012947 64.953530 18.839478
94.925797 86.549436 17.021692
21.322380 11.689063 17.240526
42.072530 1.602001 22.083707
84.715967 40.363647 20.575747
84.606900 85.295647 17.641328
53.991692 68.412713 17.032079
19.230132 49.354415 19.984596
51.148151 72.517722 22.394605
42.820973 98.487828 17.856187
65.325635 89.108698 20.329065
77.910076 59.000286 21.378952
41.115385 81.914503 18.825955
72.033979 8.492247 16.661811
36.114838 80.115529 22.245151
51.783314 33.936490 18.230556
70.184351 90.023896 16.537112
31.442885 0.297094 15.093415
23.913614 10.093484 21.794256
10.083390 93.747917 18.956054
38.833745 18.115227 18.283369
34.374192 24.618212 21.822225
29.557979 34.017500 19.955058
86.623354 46.451809 16.816397
3.269149 25.462019 15.477291
59.440937 47.436262 17.950285
6.874268 50.151251 16.883911
76.235339 72.520409 18.622841
80.518553 60.402329 18.185764
6.315155 36.359086 19.603422
36.982111 33.820844 17.449298
18.252067 80.745228 19.010974
45.730987 98.914727 16.424534
60.264071 71.771036 17.167102
95.471662 3.556706 20.073579
69.674919 93.239773 21.764433
42.981929 24.146825 21.554155
39.186722 99.421885 20.809634
32.059309 70.582107 20.323460
75.312607 45.900501 20.427203
64.734198 84.205402 21.794396
55.217301 20.077535 20.756251
18.275687 11.264301 19.412062
17.285220 32.418961 20.859993
74.590573 47.206888 16.183222
83.326358 67.944666 20.939327
40.612460 9.245950 16.248366
61.650909 83.873636 18.396365
5.232104 3.574851 20.066879
89.753235 66.847627 17.219913
43.756364 60.745063 20.305911
5.070809 60.128533 16.612138
10.498499 84.774523 16.218993
65.833788 88.436685 15.967327
34.107987 5.157188 21.941385
77.712172 73.013374 18.263540
52.011153 1.852649 21.742140
1.440028 92.286029 19.408373
46.234953 57.899899 19.584821
4.698803 92.779786 17.779317
44.508990 42.981774 17.429123
19.382696 32.914110 19.049799
50.687984 16.270902 17.456127
18.448690 97.926026 19.805883
77.614577 97.204224 21.555410
80.130028 37.643243 16.236702
55.373031 3.588553 21.470964
70.935401 3.337583 17.083870
9.078877 79.510901 17.780766
54.378253 17.350922 15.784523
62.682180 46.320860 20.505146
79.770270 80.690192 15.035600
72.042462 37.704508 21.000931
80.278835 13.093186 17.397380
51.851298 17.371078 16.322604
45.052711 72.155141 18.552762
62.683590 22.740804 19.664170
96.543248 53.970631 20.344156
60.955310 12.100884 21.795230
31.021868 14.046585 20.492440
55.178472 17.406317 21.382903
40.271489 66.533423 17.206059
70.928817 12.641530 16.812844
95.650227 17.802607 21.001257
26.834929 24.157842 16.832020
73.981824 77.340116 20.514040
37.102749 43.665206 18.792683
30.271948 12.185990 22.234277
14.180500 59.388186 21.475400
45.502060 55.759307 15.954872
49.131842 27.989499 19.925424
3.508560 38.382839 18.922720
14.468907 24.337467 21.956815
38.206131 88.168206 15.417700
74.988952 44.637395 17.115013
72.473417 57.697847 18.859833
43.468800 88.232297 15.038473
69.562237 61.075599 19.731493
46.773186 84.000498 16.706437
4.760525 6.699311 17.557425
94.136511 32.758537 16.065905
36.334557 44.978064 15.676335
29.372258 42.826998 18.163330
76.011684 14.701879 19.529623
3.027752 54.800338 18.125393
12.445379 79.880525 20.625906
63.171044 14.838701 18.379986
2.291187 32.915752 19.008146
30.148813 86.002736 21.885457
57.537446 10.532790 19.341505
37.264472 19.150517 20.642101
6.716879 29.661058 18.088431
96.273594 21.266831 21.333573
29.747169 41.903324 21.716059
1.578900 73.346346 21.304098
92.843708 83.368569 22.359601
12.939577 0.761021 21.085266
66.472535 18.802206 15.426034
86.052066 67.296928 19.302653
0.044508 18.643368 19.176814