56.490250 80.820564 17.933382
30.850114 89.772598 19.766051
39.603416 2.853649 17.847159
33.467016 10.856738 22.232907
79.472881 2.457537 20.317169
92.994670 60.556360 18.895717
11.325648 14.243116 18.938292
88.784767 71.373429 20.730702
51.176513 2.189379 16.074042
38.927246 93.816589 20.572961
97.998615 26.172096 17.902460
58.816046 89.279181 20.900736
74.981946 30.626275 19.041205
98.755564 37.865073 16.910003
89.834202 76.473180 19.008193
58.362958 22.729596 18.662971
44.371106 90.277663 19.909321
51.173823 8.040562 20.562320
31.065391 53.726438 17.739478
50.164781 48.260059 18.562037
60.197538 7.178947 22.430081
21.328495 54.686110 17.483590
34.753693 13.038648 22.344304
52.258883 4.177871 16.293299
70.658828 91.755877 21.855218
1.147587 73.707336 21.240108
55.267890 53.692526 16.928259
86.947876 33.168988 21.323128
91.986296 61.076499 20.126815
88.894175 96.484017 20.979479
77.343758 88.229117 21.012789
80.565086 95.189500 15.084396
56.461160 0.395439 20.391573
32.291540 15.083126 15.359496
79.336165 51.607834 16.762702
52.810647 88.288022 21.039711
42.234073 72.846445 19.308866
52.512092 37.104829 22.438118
57.721850 31.296137 17.677425
12.875806 52.495582 17.525813
0.198695 56.566014 15.990297
36.567640 40.366876 17.294052
24.247635 41.328217 16.714349
91.774012 45.469969 22.216348
77.385828 22.748093 21.309417
14.125871 41.035687 17.038840
21.910383 87.712088 15.134099
82.790152 70.261863 21.932017
47.495359 26.331587 20.579029
98.610730 57.270624 18.126243
20.548395 40.093595 22.013542
88.630784 35.606343 15.319478
47.729923 32.832446 17.770706
60.295148 65.054434 20.130963
60.168719 69.583473 16.912057
26.610819 94.176866 15.896295
7.376924 6.223673 19.401714
10.952787 57.572521 21.616681
92.454606 75.246125 18.536058
83.729453 77.316900 15.358858
97.029724 45.373611 16.808156
68.213477 33.015632 19.870081
20.825090 99.132934 17.112627
34.881918 97.826744 15.070723
74.967615 20.062343 20.747295
20.470048 87.017131 22.452306
50.779536 3.652156 19.848938
2.995406 92.510891 18.586690
50.435012 54.852497 17.571343
97.741798 33.260665 15.085428
67.355745 23.448410 21.266620
28.998571 79.374141 21.669524
55.877096 97.724482 20.997348
86.151638 6.784565 15.727927
24.637121 23.291068 18.509545
96.362682 40.193866 20.254147
59.133047 90.455234 18.955932
41.475053 32.175733 17.753192
99.850735 10.442774 19.605294
56.514508 20.777046 16.861317
62.331573 57.053167 21.382706
73.604413 33.896121 21.149890
34.648274 54.484391 22.399974
88.275503 49.674076 15.551817
7.308992 63.784485 22.328548
88.340086 95.690878 16.308471
43.143115 5.660101 19.034864
68.426942 20.437138 22.246385
28.328431 5.357945 20.341584
29.264870 10.700043 19.074491
58.526617 4.990767 19.634047
70.259757 29.248513 19.242553
68.740631 18.481077 19.928438
82.933037 77.229466 18.134359
81.929009 18.683314 19.128810
28.233647 68.349991 16.626467
8.724552 80.237416 18.057903
18.341798 57.708133 19.040875
82.744364 61.280146 19.572299
94.835353 10.889868 19.897257
56.151894 14.997003 21.028846
10.486675 8.851071 15.854148
19.184284 39.317050 18.244726
20.131486 68.674326 18.757575
89.814421 53.980738 21.885318
6.457200 80.862411 17.395390
14.481821 77.449151 19.564437
4.039910 50.343134 21.708041
93.557277 57.472576 18.507545
3.549533 20.418168 17.670338
3.535351 3.508610 19.768804
53.585488 89.293066 18.288844
94.154559 19.168214 16.738590
50.265264 79.314633 15.000154
27.347607 84.201259 19.278044
20.963900 14.608788 17.092351
19.866171 2.259641 17.838263
64.905590 32.520602 17.534593
62.744446 91.663406 18.723094
56.732014 95.728615 16.215194
68.031370 51.863468 15.725751
24.021335 6.134814 20.214333
21.802452 70.210743 15.291050
51.186400 54.254103 16.423460
17.611998 21.067532 19.986724
52.729049 27.848902 18.766031
48.685316 92.219607 19.204343
36.496495 48.819767 17.990768
32.044855 68.279112 15.394007
97.816644 91.273844 20.794291
61.848341 81.287881 20.122511
52.920789 34.921907 17.877295
10.459425 23.816076 18.017005
5.917812 86.104622 19.012886
42.523292 11.803404 15.186415
37.841079 24.660608 15.480707
41.584184 55.433642 16.061713
96.880084 28.966700 15.878276
99.590459 37.641134 15.995669
92.168382 73.055698 21.889058
94.128501 58.196847 16.344529
72.194459 15.313443 21.251178
72.329210 19.096229 18.762875
55.143023 46.440145 15.497784
26.478118 18.529645 21.599364
68.902526 12.690780 21.573189
98.330136 79.228361 16.085254
21.102063 35.099623 19.945947
28.098570 76.405761 21.968859
41.170144 79.463590 18.663339
2.675344 16.266472 19.839737
61.020338 73.953067 18.147642
54.189339 0.325461 17.699711
53.073588 5.151917 20.387609
35.595458 51.706370 15.255319
94.297927 71.390368 19.333024
59.016966 26.587385 18.581506
91.974712 16.212280 19.052736
93.983940 21.916955 15.468778
83.408970 35.379666 19.582441
17.339748 60.313081 16.661178
20.572214 94.261106 15.155852
38.525798 74.893221 19.055428
90.846012 19.617043 22.010007
71.797435 4.024714 15.879601
88.630849 30.234371 19.827783
42.297653 27.031519 22.497279
54.610708 57.375314 19.969088
54.345057 20.732988 20.358951
51.276040 67.630553 20.252000
72.276503 38.347199 19.259895
58.058409 53.425684 15.383973
20.802029 18.605629 15.210825
1.829683 88.761629 18.272047
32.159492 15.664598 22.258283
91.133607 74.594141 16.098612
42.294828 90.227407 22.024112
54.697898 60.636899 20.337651
95.362505 59.035904 15.658519
21.410503 61.299389 21.358164
67.231495 69.870903 20.105439
2.769601 2.298969 16.453368
7.182614 68.949060 21.363660
65.704229 21.144765 16.883607
78.855907 53.013953 15.448598
9.508395 76.124903 16.999333
17.774936 59.873461 17.107254
40.025710 69.155672 21.239357
42.053069 80.600944 17.381029
22.097969 64.958237 15.676539
77.407243 68.463112 22.251037
8.325137 16.595547 20.348130
0.556360 80.751733 21.489032
20.670196 39.974861 17.769503
95.127426 12.773991 19.986118
47.254350 99.831057 21.752024
78.466802 41.338067 18.076146
26.647581 66.495004 18.053625
29.047660 21.153238 17.682196
46.658110 28.138099 18.960999
27.695423 50.508357 17.095527
8.519548 25.650850 19.164889
83.001799 6.903313 19.257861
66.540237 16.628471 22.295710
22.781698 33.804047 18.814505
89.534315 10.286816 19.694472
72.177487 40.520870 15.525599
23.110564 28.633599 21.663700
53.270822 27.113674 18.237896
60.093091 56.764544 17.003128
13.437114 63.187775 16.980770
19.674846 80.051077 17.458114
34.064675 87.959451 19.678792
19.135469 56.557906 20.045185
69.982335 54.357010 21.471439
34.953943 3.328125 16.784469
5.921462 27.349806 15.186592
84.240029 9.560835 19.776184
77.851495 4.867618 20.438398
85.509094 65.839016 21.424377
21.764838 30.121611 16.079361
30.641984 27.675853 21.788611
51.328285 18.637853 21.906250
41.087963 84.162487 19.041064
32.486225 50.964420 19.952135
84.227458 44.148868 19.811571
47.657301 61.292985 20.448155
4.027016 76.852589 17.523506
12.457134 74.453814 17.421341
28.986120 35.741783 17.160076
10.523183 36.775543 15.815754
66.871460 89.193425 18.966716
20.166530 49.572050 18.071703
71.970582 14.378388 18.640387
45.861847 5.026155 20.685014
60.732978 71.526959 16.582498
11.134191 37.020450 15.766126
65.571007 4.837915 21.728409
81.732162 77.334114 17.639369
7.685697 36.593659 21.138546
46.629658 77.511889 16.354472
78.901153 60.188723 18.541467
12.925399 61.597961 20.667151
34.976304 73.378313 21.882500
88.773404 50.986794 16.767727
79.742850 78.485375 18.372278
41.675788 91.390976 21.431144
3.058678 30.410900 22.189946
84.116435 25.691215 16.030814
2.455220 63.457643 22.211792
64.491170 37.184897 16.709031
57.694272 63.792413 20.316452
81.691331 58.570969 19.754530
52.714731 23.412328 19.903397
43.785257 14.587826 18.860289
51.964603 34.400067 16.776389
14.870515 17.718863 15.761652
93.154855 69.597539 20.493415
27.475260 39.776986 18.884777
9.082855 93.535122 21.752451
36.142754 28.766781 15.662977
43.663466 24.156076 18.725501
39.709578 94.066598 18.552596
87.458760 29.805451 19.058303
78.560761 62.286319 19.481292
42.466160 34.246781 15.425401
88.954406 24.415326 21.957686
85.967927 53.451171 20.062777
81.930510 95.932287 20.051827
42.991913 40.966555 16.220593
74.053361 94.788110 20.118442
32.938538 35.460316 21.516923
33.050204 58.557918 16.429406
43.455323 24.517254 15.037232
0.118230 45.382724 20.425213
92.066985 97.147369 19.104341
51.467008 77.697259 21.194763
3.349595 55.419970 16.387759
94.074011 41.510790 16.528902
66.191390 23.323841 16.852175
85.609468 9.817742 21.305024
76.709286 93.379399 22.443342
36.227539 0.162390 18.533927
70.075955 9.299391 16.226143
73.541478 93.977875 19.715806
42.487658 3.664015 17.889084
24.595858 25.819161 22.250572
8.177908 23.504778 20.541999
36.654152 45.610346 21.947014
56.141022 63.136952 21.064236
23.895989 71.203497 21.748881
12.331415 62.625800 21.551864
96.576586 75.702132 19.894950
56.010228 77.777670 18.201847
92.510090 13.799297 15.340189
9.595604 42.185990 20.918561
79.778336 5.516227 21.831940
79.444560 44.628108 15.705149
21.639487 65.595322 19.753794
8.446300 29.223311 16.395559