15.750659 5.710714 15.238529
4.764206 67.363718 21.340218
22.463978 61.887978 16.489625
39.273772 67.700966 17.871217
68.000914 20.473813 17.893009
15.001635 37.170666 19.841936
45.344856 47.495130 21.003462
30.002290 15.099149 19.323807
47.622626 99.719341 16.300526
11.992401 56.962334 16.419320
51.145602 18.323288 21.751126
0.100029 46.701293 20.746349
8.863980 73.804676 19.723380
7.768914 40.405426 22.450926
57.016681 92.016420 17.311972
63.092949 65.979902 20.275432
28.457443 61.953387 20.990668
89.866759 18.640247 15.748889
89.194276 70.759592 17.442863
59.472606 0.842598 19.351160
48.740004 41.182547 18.377215
25.235557 38.963006 17.547542
79.391552 91.725760 19.663323
71.082594 91.275177 15.356418
6.984101 21.758365 19.398512
53.184221 27.881087 15.194476
45.968669 4.421271 17.436618
40.273525 43.758908 15.386119
69.616905 4.082028 16.925538
68.654120 55.721151 17.556327
37.054296 50.237989 15.972799
64.211656 63.040597 20.248858
91.951168 51.272485 22.432329
69.906779 15.951062 21.119168
65.729717 94.752427 15.436505
87.068929 89.944197 20.956270
90.132403 70.687099 19.525677
96.579864 84.300626 18.409801
69.016555 45.807114 20.698354
5.656058 73.106052 21.289109
84.610710 79.002206 17.320280
54.441719 20.482134 21.563938
72.508249 29.696582 18.640115
39.573151 22.367226 20.342185
21.134021 0.144036 16.830469
46.345644 21.167249 21.772659
18.865227 95.275598 15.025284
82.054160 79.180273 18.576422
62.434196 28.423584 19.104320
87.593837 80.552430 15.801198
30.874410 27.016510 18.623576
34.177812 85.635503 17.377828
29.089118 51.219061 19.894971
52.353098 5.768933 16.627436
80.305652 29.873894 17.970453
1.594820 12.206166 15.205981
11.164111 67.905015 20.286799
64.760195 17.270546 17.259169
93.922943 50.620130 18.428991
55.677145 92.228849 17.679897
40.412330 44.772196 16.965791
95.391319 86.655598 21.414554
64.047613 44.222067 21.153647
45.223169 71.801271 18.999429
54.797809 46.933868 15.226260
67.952334 90.520070 21.304346
95.431385 54.287492 19.221820
8.496499 17.062845 18.454521
53.822243 86.262752 20.976653
97.494471 49.252744 17.058335
76.680445 26.705531 16.457391
77.574642 35.873374 18.428408
70.628673 79.367774 16.016327
57.545429 57.266110 22.262159
11.227697 9.819751 18.319540
38.719694 55.245941 17.790899
1.071442 90.010679 19.922979
17.593951 96.497586 21.256895
52.833923 12.150856 15.475313
31.268149 82.730974 15.878779
47.712214 46.073152 17.439582
3.692283 84.101564 15.067975
15.374980 57.618794 21.365445
54.572118 77.549443 20.166169
62.255988 16.819464 16.180042
93.768132 62.493351 19.335832
15.255004 77.028521 17.739929
71.900549 44.104856 17.134840
85.958358 43.783594 17.846226
95.614105 5.144916 15.590599
72.859141 18.925436 20.142512
51.149571 78.185144 21.888152
25.245885 96.491205 20.597148
73.765890 79.189296 17.641011
51.191710 23.996941 15.133625
73.884791 19.049871 19.590329
18.836015 36.265199 19.453243
22.122162 61.970266 15.008094
39.379454 65.423391 15.948981
7.295572 90.982689 21.040583
87.114326 70.166699 16.471385
80.098168 64.216403 21.997830
74.574556 2.959154 17.304121
96.144163 5.846378 16.791126
33.642546 63.148492 16.043450
38.258891 97.396066 17.080789
65.261183 46.533730 17.592628
6.869653 57.696091 16.147900
29.863192 21.497308 17.632057
3.224210 37.405008 16.459708
16.806951 41.682594 19.626104
63.032184 26.559180 15.702640
34.415097 5.966198 19.584394
10.148857 14.820426 20.931978
37.612876 11.951777 19.367502
44.354194 87.851793 18.847075
21.805838 32.981907 18.331175
51.213551 72.955122 18.385548
82.356828 61.215456 19.339715
64.220040 98.544533 17.715549
85.391748 36.465136 17.253711
56.513646 34.435328 19.601950
29.429205 3.218046 21.773689
78.075303 59.211849 16.866006
1.625659 20.542311 15.184688
35.457770 95.358303 21.009055
79.061537 30.893206 18.810444
81.074621 53.307888 16.612346
92.022374 10.168220 20.175058
79.334897 74.953143 16.423760
45.308309 30.551402 20.624154
76.014409 55.050280 18.908724
73.011243 37.156433 18.623317
99.013596 31.224137 16.181080
71.192688 92.023910 16.678755
45.028561 98.686688 16.413792
56.732874 88.488439 21.065655
30.112949 84.247702 16.922482
84.505809 67.198553 16.466905
95.441052 41.799916 21.081548
21.471611 83.168203 15.714891
12.549931 90.870142 18.572943
24.916344 7.261506 20.761590
58.667563 44.784476 18.292524
32.725159 14.543066 19.456520
73.139396 6.584121 19.052937
23.089578 2.202270 16.629003
17.006170 30.806045 21.704474
21.931384 41.847116 18.371210
46.446512 63.392157 16.641060
78.718486 3.700448 21.543575
82.208271 13.214783 21.858272
79.408742 29.341053 22.174647
42.860134 73.587231 15.568418
36.591362 44.852444 18.451403
89.449174 85.118844 19.282322
49.156275 34.738221 15.160987
15.635656 69.071055 19.285297
89.009356 53.859782 22.206662
97.035376 44.609059 21.611176
98.826164 69.869908 21.046539
28.554240 86.774846 21.333352
20.159981 62.229563 22.262291
80.822145 49.854386 16.583620
84.836119 20.599289 17.743601
44.085836 55.087623 18.708188
60.982204 46.329358 21.521973
84.366831 26.712029 18.104885
96.312434 42.467983 21.845873
56.705107 90.662103 18.065272
88.820070 91.934870 19.295230
29.497254 62.146856 22.439468
53.245983 79.118921 19.583206
98.374124 11.606777 16.445736
48.617118 15.619205 17.532366
50.417072 87.850474 21.166650
2.477869 66.186680 16.706589
32.637003 37.519830 22.005049
15.914410 34.677018 16.359808
64.091750 22.198397 21.289581
5.249404 55.487610 17.177887
80.525297 9.365240 15.401277
76.034668 83.916693 22.322355
79.948349 31.177527 21.902111
81.656023 4.033520 15.949345
98.860458 83.111421 16.027981
85.072071 18.035410 21.163467
5.323760 87.600144 22.251644
41.530535 41.766346 16.378037
96.485810 61.501684 22.049705
12.777848 16.910557 20.257601
99.718326 2.108400 17.046409
22.256925 94.867460 17.712642
85.013134 35.467986 15.683042
48.197214 37.992431 17.061558
21.175464 63.456719 15.478610
89.643789 33.032054 18.666460
13.949906 32.405116 20.662250
6.734116 29.462860 15.173809
48.370319 39.532489 18.093713
86.466391 49.054664 18.918254
27.019799 78.437809 22.460725
63.028680 61.769106 16.622244
71.848741 32.947164 18.440279
46.894017 50.560120 20.695730
73.091005 24.190329 15.076648
9.881177 41.011703 16.989989
90.891524 19.292734 22.483737
8.301875 73.363019 17.610991
50.695640 30.901404 16.950446
17.077664 41.199587 20.985498
69.936342 35.810333 19.566217
62.305644 62.797551 19.755807
44.403355 90.956881 19.293838
9.104171 63.611586 15.193158
34.559618 14.509140 16.306747
29.650412 72.685881 15.055646
86.784511 32.172820 21.692701
1.712737 21.276029 15.492815
69.184518 86.463471 20.335916
57.100216 60.611498 16.708701
9.661034 76.503071 18.827538
81.962306 92.725831 17.882433
52.098536 45.336417 20.982026
66.563635 8.374449 15.359311
88.842975 53.871291 16.360511
28.422132 14.114839 20.785205
88.209990 73.476677 15.782229
29.503828 15.072028 17.261824
58.658027 43.052049 21.715895
82.530609 44.011270 21.000600
55.849667 41.433975 16.651126
91.143865 5.783167 19.476457
58.488736 79.581678 21.273934
26.112076 78.288318 20.299467
42.863881 6.407943 17.117996
76.850829 59.384690 18.799576
69.572857 77.914452 15.873089
12.065547 94.805987 21.869421
6.452608 41.847864 16.949343
27.817978 25.310998 16.731010
95.084035 45.509269 17.706679
20.956907 51.484418 18.724889
1.411211 65.293429 16.096902
64.492006 26.541847 21.641999
35.100511 8.511795 15.617902
27.866469 94.116525 15.013188
32.350615 26.201477 16.235761
33.184047 32.381698 16.162396
8.250180 89.523071 20.722248
8.630863 34.190101 22.477159
68.465196 49.538423 22.023075
69.994905 17.185979 17.206208
22.042750 10.324854 22.343464
53.507197 19.090335 20.611349
55.792581 11.724937 15.117532
42.983432 72.394253 21.400916
87.275432 91.930974 16.375642
63.357197 5.846056 19.202224
47.646434 58.857923 20.289248
56.843946 76.831621 21.589590
89.014613 24.595335 16.065385
73.292202 94.665074 19.691086
16.729163 8.303999 16.284840
85.244446 97.886632 15.425181
80.185995 76.860351 16.735647
42.987515 95.273538 16.471505
22.617910 51.113353 22.349953
65.209437 21.340542 18.738724
85.609621 59.064066 15.900545
84.883992 67.348585 17.440176
99.538106 70.649199 17.427379
24.822768 47.134513 19.551117
52.949509 77.405158 20.415099
32.074334 70.660944 19.406009
3.896741 78.113754 17.508691
61.755021 79.220286 16.839671
2.588150 25.723173 19.168039
67.548589 68.398592 15.855930
95.938162 67.744957 17.455151
53.800315 92.650866 17.650499
65.118124 48.533490 20.088057
9.910926 60.025463 15.576709
83.799320 83.856858 16.568410
40.906332 40.173111 16.453318
37.315666 5.770777 16.461730
49.993608 75.727181 19.544344
56.016430 47.018644 17.237021
47.523286 61.676004 18.504905
56.097671 36.428347 20.121311
16.668823 65.374963 20.474368
77.545393 42.107282 18.714379
93.786340 86.084844 16.626587
84.872110 46.775226 15.444900
11.774676 15.064177 21.968904
12.407563 56.742546 20.322191
39.173461 63.271482 22.202559
65.308680 8.370303 20.717981
5.554310 35.169813 21.229162
81.934914 81.957307 20.741093