27.030161 59.984472 16.779933
46.251030 64.163039 17.210459
74.901183 89.388036 21.579171
44.686138 91.992177 18.949159
97.970544 66.612332 20.925669
74.439327 2.175040 16.140546
68.073129 3.635694 21.538392
45.192779 46.743679 17.444906
8.361072 2.914529 20.678831
5.097758 79.112736 15.824603
25.636953 33.131044 16.078815
97.187176 90.011171 18.146726
2.189181 46.695221 19.473251
34.331002 84.029569 17.912670
27.218268 45.156389 17.871965
22.294337 84.846065 19.437725
35.049992 94.580986 16.233584
21.581909 21.928690 17.049622
36.286827 41.881644 15.721036
7.997362 80.858374 17.688298
69.992059 3.239503 18.881722
2.089066 25.699158 21.338101
44.670206 64.994117 19.793924
94.870454 64.471433 22.387909
65.113318 70.211908 21.911057
67.297981 88.441264 15.568056
17.913767 66.505315 17.371732
31.132385 74.281028 16.347574
10.000647 83.683513 20.670984
27.384209 92.089697 16.880338
21.113876 68.859285 18.758942
80.256301 24.092225 17.275521
92.688414 93.876954 17.679925
36.484243 71.077685 17.724168
59.585220 63.265791 20.936776
73.030114 18.823418 20.732537
93.826352 77.828966 18.122251
41.818506 19.198092 20.843148
85.049099 94.223428 21.523984
82.673931 66.634410 20.754386
29.513669 14.969403 18.022080
91.997566 77.212711 21.831148
1.488987 90.634254 18.220405
32.522293 55.141979 18.335168
22.920155 80.525760 20.924857
59.785656 34.213240 22.214275
22.537703 90.233642 18.702441
54.548860 37.817159 15.328370
91.623859 83.815412 17.419186
33.022046 11.422821 18.505599
55.345579 43.720503 18.581528
46.896873 78.857682 21.322139
8.883983 10.453791 17.916689
51.500941 5.005723 20.965096
56.733754 65.375103 16.900828
44.864366 31.545149 16.169049
46.061079 80.056451 20.226837
57.770431 3.853966 20.577336
68.383974 60.041195 17.392698
78.592814 94.516461 20.859837
67.076749 7.738606 17.972149
28.605738 58.992862 16.482857
39.928779 57.430846 19.599451
35.628698 1.047692 21.503487
29.479458 96.152009 15.186667
45.915127 42.969887 17.602124
1.410827 77.591219 15.267278
31.358163 41.737329 16.216312
4.053448 17.782257 19.628987
64.731605 35.681489 17.217211
33.341433 35.645814 22.433013
94.849841 84.649135 20.286474
94.365797 84.921235 16.350048
60.619814 66.755625 17.436327
94.450048 23.547447 18.579479
4.857054 19.433295 19.666700
47.090726 62.941869 18.951271
90.278593 72.616981 15.230235
48.787373 35.386291 15.587609
91.438062 81.005048 19.190118
76.221678 8.387131 18.695784
87.686710 7.266586 15.247115
72.280879 54.514239 21.285908
91.977108 6.982794 16.370859
21.180286 3.371595 16.765561
0.059202 15.029666 20.335297
7.248423 40.719702 19.327368
89.432338 79.056505 18.171605
70.597808 96.685651 20.489622
58.374236 50.145929 16.524518
28.500771 91.389512 17.786912
53.414495 64.456344 17.392351
79.377243 70.609157 18.029287
29.920322 41.822652 20.923703
35.418897 24.405873 21.971024
15.614757 74.613677 15.112464
37.658854 24.555749 16.085353
60.456778 71.184204 17.491231
22.840381 38.503434 21.511523
50.656684 34.264477 16.032137
88.619521 64.842541 20.601731
37.214591 18.815647 15.673929
98.257318 17.075825 20.383623
29.460496 34.668906 18.358325
92.596996 59.880071 17.570407
68.219384 38.700445 18.805933
17.585564 76.519296 22.384685
57.485236 68.537403 20.220983
29.772728 69.572441 16.949024
21.022201 20.851848 20.492304
15.263982 23.355237 18.249108
77.840996 37.076900 15.110568
85.463529 44.163053 17.791471
6.111088 41.640294 17.504709
77.602899 36.567070 18.145801
74.874758 8.316374 15.086476
69.819195 81.368521 16.004817
10.758635 0.911145 19.677392
39.767758 87.322104 21.433413
9.497491 20.974487 16.335220
37.003565 42.283396 15.726984
75.895233 84.469439 20.034591
81.780322 34.332406 16.024684
43.370335 26.561447 18.179165
98.646491 51.910441 20.083571
78.806401 34.986049 19.849361
72.864322 3.276493 17.742801
42.621696 10.666772 16.358991
3.505679 46.433484 17.039124
73.515164 9.371871 16.892483
60.154875 18.586530 19.682876
50.761282 18.971070 19.666943
59.602393 52.886077 22.256115
37.699353 19.162712 16.554882
25.289443 78.127504 19.788311
10.858787 12.976386 16.766627
44.079766 27.622256 15.466102
87.974079 75.417287 21.103539
88.081275 90.203005 20.196197
1.241361 42.748390 22.230080
94.742099 32.713400 20.000710
64.411926 60.114625 17.637232
62.862881 10.389819 15.398171
50.370597 68.767703 22.164273
96.804295 73.062678 16.733853
65.259279 14.929335 21.639206
73.932186 75.534889 18.576087
93.602862 36.507530 19.518175
60.628262 13.432052 20.401016
67.024933 91.248091 19.458476
55.993046 10.234538 16.312053
32.272905 53.488866 17.919786
96.850532 13.891764 21.249960
83.405551 61.146854 21.865629
52.008832 82.779011 16.716051
10.244754 44.185113 21.028286
18.403698 58.239497 21.035733
0.211741 64.471955 17.432830
48.932225 63.484826 19.275587
94.392145 77.475886 19.071894
14.557719 75.549276 19.406365
18.886639 6.855290 15.143897
80.745007 97.162888 22.096789
60.638668 34.511114 20.683238
52.720079 10.165400 20.937451
75.725421 51.504879 19.903377
87.107177 43.359836 18.695328
79.351217 72.847145 17.095872
91.245709 61.696398 17.781673
49.420360 23.171433 16.172308
37.902579 97.803030 22.248732
28.029399 30.790626 21.212840
56.764173 13.853298 21.419119
76.918885 57.787820 20.889282
19.148522 18.934147 20.585317
90.380143 88.365842 17.027107
50.336008 45.421554 19.311143
16.783481 82.744328 17.310307
83.659379 47.895874 20.985991
59.194763 94.783477 21.730295
49.184489 6.982445 17.458818
41.002533 46.684104 18.331573
97.266089 35.189600 16.060199
31.483913 41.483678 16.843824
84.872046 92.394625 21.486572
50.883343 48.040005 17.872233
50.600056 37.415581 17.817298
3.311330 75.868067 21.781331
67.014378 18.196284 18.310695
53.095362 40.489013 21.395075
96.725070 80.847469 18.604736
91.438611 99.177933 17.275357
94.479183 62.780360 19.755980
22.010968 20.760287 15.387276
16.420450 42.774051 16.294985
8.784164 91.577441 15.026243
94.653222 18.280115 21.285764
35.722641 59.226181 20.134484
58.692581 66.784473 20.102322
16.793560 69.831085 21.129876
31.284637 92.150078 15.263096
12.873647 32.770953 22.454375
72.850557 7.089642 15.252636
22.429389 78.851646 17.965470
70.648363 74.646938 18.517442
52.116082 82.833123 20.067202
60.577852 21.051611 20.016719
1.698109 65.460605 15.889109
58.512340 84.121243 20.727408
92.241647 62.013575 17.310273
27.985791 64.083864 15.638564
91.244455 32.936508 16.321044
98.582816 72.190355 15.194602
96.413316 39.991994 19.765342
27.464635 52.877612 22.183721
84.201183 46.312978 22.000270
92.449943 92.083050 16.728107
73.063952 44.999155 17.417049
52.541487 8.245431 19.976368
98.217226 26.405043 20.431175
43.092941 54.852939 21.024521
27.815540 47.449835 15.038672
74.253824 17.385738 18.648469
74.455814 7.277375 19.436201
65.512265 26.651598 18.013424
12.369093 95.437849 21.974710
73.454751 98.057166 20.766986
13.899350 29.717267 20.908024
82.753616 71.415256 17.668886
48.102260 76.660213 18.349743
79.313235 72.225696 16.933540
99.506217 19.259936 22.368804
30.349174 89.765126 20.187628
21.091524 96.555686 22.397203
61.449946 28.480742 16.225504
84.137286 30.137968 18.403801
3.029888 52.262203 18.995594
18.366788 23.531906 21.207145
73.638246 75.420303 17.331235
99.417505 60.503041 21.989270
61.553372 78.923963 18.223463
80.059400 39.104019 20.238244
19.536507 0.909904 20.129105
1.880169 20.766332 19.257641
64.652922 92.438832 20.536893
53.525072 7.221396 15.016270
63.056537 46.997538 19.041192
76.350226 62.370975 18.637162
21.687288 1.009568 19.396926
16.392098 7.045987 17.628348
77.749648 52.639702 21.326539
57.608837 33.945379 17.846888
5.459501 86.028789 22.370322
28.126611 84.833508 20.464419
2.922334 65.467437 20.067410
11.573516 5.330732 17.727439
46.960500 17.512751 15.789378
92.429473 86.214201 16.573352
99.521361 74.157548 22.237264
34.712101 1.014521 16.888200
14.255883 64.066879 21.574321
69.549453 54.031268 21.454991
76.580185 96.108186 17.837748
79.852234 31.938592 18.636307
49.254542 73.446816 17.321400
93.643455 99.444029 18.321680
99.119369 26.784518 16.448352
82.571124 94.579157 16.542865
3.189392 21.794652 15.280757
51.860717 9.029142 21.971122
76.998887 1.583711 16.156700
12.288524 81.611073 21.806121
80.808118 62.427659 18.186612
80.299552 92.405523 15.915449
80.264408 80.873720 20.939494
9.155975 95.774412 17.511117
46.191987 0.839267 16.287252
51.520514 48.720150 19.816092
73.315532 89.488685 17.339081
84.461678 60.478432 18.177118
1.527545 78.502544 18.425286
56.914009 2.984997 19.800041
22.804453 14.198828 17.869870
83.350271 22.113678 18.085249
0.120534 58.182767 16.488444
58.219039 85.535277 22.408808
90.063336 67.414966 21.774484
16.038631 27.847425 20.244685
76.214317 97.185936 20.870158
8.212227 69.790172 19.441988
27.283453 18.323477 15.422195
29.338785 62.975580 20.174908
7.827514 60.938552 16.547294
85.771837 31.666658 17.066768
46.606015 17.309669 20.470959
73.846257 25.900354 21.741644
24.548938 73.466609 19.544829
67.087493 92.529056 16.398793
44.211494 45.648599 21.237883
33.485971 35.243232 17.852425