17.713563 58.308011 19.270469
16.575448 59.755490 18.357847
4.543623 90.268818 20.201292
24.127894 8.643906 21.205418
84.887346 77.598855 21.856034
60.202038 41.613589 17.249652
84.428607 46.884018 20.325647
78.137290 65.111072 22.164671
7.675729 42.898719 19.526705
84.725679 53.975082 22.094045
22.826603 84.134459 22.089238
77.162462 59.094084 21.290764
38.526963 89.170158 16.034306
44.932928 63.700119 17.824250
40.711148 94.689734 20.976414
51.359512 71.815117 20.295345
91.039895 10.592793 20.960630
89.174208 7.183252 17.633627
19.470847 54.466730 16.217931
76.629647 60.561739 15.955162
83.960380 82.124191 21.499533
80.930006 75.075397 15.394188
57.946801 2.489631 15.206580
84.512684 38.421442 21.134163
59.511248 83.042554 16.881155
69.226328 72.104433 16.010174
36.520036 67.033667 20.230391
57.324137 83.957241 22.415584
86.910319 21.130577 15.098310
82.603436 37.791515 20.856063
91.328435 33.064671 22.297687
21.232397 36.776892 17.939738
87.121462 68.996323 21.412629
85.858433 25.797875 15.694010
86.766652 39.543431 18.683062
27.200294 20.015244 21.552442
72.958315 50.426364 19.805308
22.563683 2.600023 15.863882
46.234932 83.565136 19.957822
29.139209 9.806713 19.309296
31.449794 59.241322 19.359660
36.950735 1.591164 15.597408
36.588933 0.166998 19.580960
8.412205 24.753661 20.064257
57.945095 94.874018 16.013668
8.977415 84.804553 15.440316
15.714476 44.617895 15.252763
42.273258 3.782677 16.490781
80.195172 10.624866 15.490052
22.090749 82.997378 16.232917
78.692551 36.852013 19.242232
5.124880 62.830543 17.890098
74.203803 45.503123 17.278929
56.677198 57.407675 16.157819
79.775568 42.974425 15.173253
6.912080 54.609517 22.003751
64.560040 30.297029 15.840843
21.039354 85.735963 18.159891
20.885008 22.500827 17.506091
53.195186 21.124642 21.734839
34.176920 49.495715 18.660579
44.012747 82.136202 17.001016
22.899568 17.336318 17.262645
29.777440 85.774956 16.225411
54.709865 99.257392 21.849500
94.497688 24.415973 17.708511
31.626452 52.909827 16.155996
95.086661 50.556696 16.873693
51.225915 11.612077 17.958463
11.673690 46.120395 19.180738
76.835197 55.638520 18.589560
4.690707 41.212912 19.699805
41.681030 68.974821 18.684057
96.399172 69.518078 15.052789
30.256867 99.090870 18.948807
97.738599 13.281901 21.007591
78.811422 57.999640 20.159719
57.075971 51.773628 15.139436
98.573778 92.671713 17.153970
49.832779 18.173415 21.903310
30.303974 78.683225 22.412494
99.335682 5.166805 15.052516
78.939916 80.361081 16.910962
6.104119 35.345681 22.355522
32.113025 90.435992 17.829297
68.014845 69.076909 21.553712
53.705135 44.338674 18.335389
15.164086 44.611572 15.195102
85.474434 12.244602 15.365374
34.867484 56.695293 21.836342
38.488455 12.985159 17.187648
88.952183 8.804898 19.938171
62.149361 12.069001 18.873077
71.636354 21.640133 18.756144
41.732155 60.983317 20.663189
19.140847 85.381118 18.362323
21.652221 37.021522 18.475777
7.609459 99.091803 17.835151
81.692262 47.762323 20.649976
65.084664 35.774926 22.143723
21.443794 27.917255 17.615274
40.850368 86.816789 19.519390
68.835540 32.623636 16.712147
12.640991 97.017083 17.566945
2.624566 33.309345 18.007311
2.521620 42.819042 17.010118
70.509883 30.894810 15.114006
39.759886 53.799273 21.029557
72.970542 19.519971 21.915382
49.887708 6.546020 15.135340
47.770262 58.823717 22.266363
5.865458 41.728642 19.439385
16.268241 4.818440 21.113361
40.619538 48.905731 21.286704
28.427171 70.089710 21.719070
33.147562 5.060902 17.553155
40.690410 11.616885 20.683883
92.433303 69.946079 17.764832
22.467575 30.591534 16.832205
78.222456 48.463908 19.621876
46.037332 53.092600 15.692871
55.194810 5.188426 16.912147
27.505146 85.080914 19.584037
35.097331 69.906213 15.082793
70.353178 89.089308 18.725556
69.167063 97.576442 22.218871
80.625489 98.660596 20.882889
42.544687 46.523270 18.151939
52.088551 17.315115 18.084564
8.635018 64.370975 21.360800
68.495894 44.482363 21.948487
72.800860 37.881789 17.101440
38.655786 70.416581 21.281164
59.294088 4.548799 19.356450
42.977464 86.708211 20.724300
53.217685 42.722363 20.486550
38.273959 37.995930 19.351543
46.368540 43.929153 17.902067
38.838306 94.581076 15.528149
74.322077 93.429338 20.862714
27.545024 47.333994 15.434377
36.133489 13.924158 22.102880
98.931385 89.563994 21.201969
23.804868 75.361072 18.649681
23.909834 56.675128 17.651042
69.760690 95.321798 18.249102
88.972247 29.195291 20.955883
92.702841 67.656326 21.244650
0.663859 14.237951 19.124467
28.086183 39.520790 15.853641
98.392638 64.967826 20.901810
37.260511 88.821514 20.538982
1.686931 46.361335 18.062353
58.663967 55.406636 16.638167
47.328186 77.173356 15.480394
70.598763 34.948659 18.526412
66.221817 5.405304 19.338665
88.569708 96.047499 22.276363
6.709179 94.213129 19.946173
33.786555 33.336302 20.721308
54.884999 41.813769 17.957257
22.028482 1.788520 21.186579
16.663788 61.505509 15.131088
33.239272 1.619368 22.417394
63.270025 89.652024 19.962907
98.803169 98.652995 19.298973
91.528105 58.283172 22.316077
96.356362 33.362731 18.493918
59.936005 3.892458 21.804304
44.371778 47.539323 15.951289
18.462437 11.136756 17.042554
61.991619 79.503278 21.809861
30.110260 43.863087 22.041943
6.913307 40.067235 19.120113
63.291370 55.396927 20.444249
0.152213 71.401081 16.442190
60.722135 90.856848 21.553927
13.411613 71.021768 20.054907
80.296965 45.188186 17.402480
40.033345 17.781427 16.863927
8.002093 18.197029 18.154094
19.974334 31.132534 20.964924
0.679971 40.147640 21.727668
85.431364 84.303420 16.666885
13.893848 51.584025 18.282161
78.943922 21.187934 16.717285
95.917538 87.889294 17.908343
27.045233 77.594331 16.766595
66.758911 75.003237 16.371754
99.611038 39.019206 19.993199
72.103487 93.779282 21.862914
58.212848 99.712915 21.455439
58.280906 88.312983 21.224731
76.184729 14.929673 17.248296
50.901994 62.418291 15.360983
98.684889 27.093332 16.429500
88.641203 48.304684 17.489611
30.426750 22.086601 21.111306
81.305244 75.585714 18.738467
0.360619 74.254062 19.440051
37.320795 24.588348 16.270875
53.398531 29.637825 16.617380
9.877578 49.199809 19.408487
51.590282 13.570886 16.380221
50.620148 77.751214 17.464799
91.942337 39.281054 18.603205
35.961244 76.640839 20.082517
13.404883 94.616084 20.212355
56.308131 63.056354 15.167684
56.867530 56.702638 19.269264
72.414277 67.981890 17.592957
46.094869 5.825798 22.325960
77.012582 82.446657 16.988390
72.849252 79.573380 21.829825
83.590756 95.740473 21.282828
14.182482 62.174730 17.066173
89.317944 52.988795 16.153431
57.782333 9.758736 18.041351
21.970920 70.774990 21.578833
52.113344 66.486197 20.566576
24.049148 13.942469 22.301911
56.932666 1.432244 20.021504
91.277569 77.132381 18.616498
59.819456 50.573151 16.182247
18.122780 6.204510 20.656240
46.443824 38.079519 21.957706
95.248931 42.199147 15.312862
26.962703 91.423442 18.378845
18.899131 11.871018 15.960208
22.107163 38.385473 19.840432
42.114036 8.617356 20.958428
65.918206 49.305069 15.238188
47.001457 14.291399 15.960747
24.433185 41.759769 20.561250
94.524936 82.469392 21.660525
38.845235 66.168981 19.534869
77.698365 85.114322 15.662694
68.251667 77.637367 16.720373
2.942262 77.407210 21.127673
11.268758 26.516252 18.929054
63.847470 21.673538 16.308530
35.165235 45.347531 15.348007
57.393220 37.030249 19.421669
48.016778 15.701797 17.149017
42.413629 44.489706 22.356671
23.969510 53.374305 16.255803
94.379308 4.538480 18.555173
45.784406 8.323799 16.701619
13.526294 15.032714 20.661366
42.829932 74.663629 21.687876
47.160464 18.005287 15.191580
57.953020 72.933429 21.300655
15.018760 88.225928 20.657366
14.141467 2.128461 15.688789
22.330666 7.053561 20.233696
75.905401 10.660962 20.646145
66.744457 31.719564 18.612458
54.475766 69.381358 15.222457
25.114433 55.695451 21.577777
4.831402 87.913312 19.612526
84.435653 67.505533 17.812635
46.362451 60.027992 21.056242
94.973069 94.250800 18.301792
54.772582 86.653052 16.288798
21.739164 73.276038 22.443502
62.567816 2.688475 15.744134
58.692446 76.803094 20.362258
89.162885 94.521362 15.519648
82.376451 29.976438 20.239531
37.934810 43.305563 17.311169
3.611697 27.443084 21.748731
43.331800 21.077748 20.580181
19.249981 92.577863 15.074806
26.914545 58.187470 15.427341
51.105483 89.586347 20.657054
85.044949 8.288242 21.188192
66.693133 0.793980 17.091687
15.887327 61.870124 18.095418
60.045815 64.310037 21.951959
48.763390 35.988174 19.672649
67.065048 65.645099 16.935527
71.514228 44.551634 16.610076
68.092418 90.945253 21.618552
73.818778 74.547779 19.222580
51.039771 6.753790 17.477793
50.742184 72.608897 19.635023
79.809670 72.560667 19.444012
2.610353 49.796841 18.716587
5.864322 59.904702 15.843477
10.782650 43.803645 21.301952
74.480327 28.535989 22.333756
1.799636 19.073128 19.949491
80.520922 67.518256 18.050548
30.683405 85.431814 18.440528
50.957772 70.534834 21.860606
54.496509 60.500739 19.961962
78.620560 54.813756 19.043722
80.611747 89.770015 16.517028
23.429313 3.302517 20.365759
74.419439 80.770169 17.826880