67.829972 42.866930 19.290719
38.256161 19.235342 18.133251
25.610675 94.888057 22.030475
30.668004 76.426222 18.410349
24.220672 25.166364 17.378231
16.754433 14.669358 17.088064
4.933330 37.069726 17.166470
29.885332 31.840195 15.745831
32.090212 88.708349 19.253974
99.269497 80.578969 18.942631
71.686857 31.711866 19.292010
7.733662 29.752368 17.420222
94.761061 75.388908 21.706740
66.544867 99.062499 17.992228
35.848860 12.254609 21.522069
94.246346 26.725323 20.079287
41.886731 48.902589 22.361995
94.879035 39.898502 17.298615
80.333567 56.373887 21.490493
57.638626 51.312613 15.290522
62.154504 6.951551 15.292185
69.146511 26.531133 19.715542
67.586814 56.794527 15.288872
70.696559 70.179757 21.658032
34.298851 29.484378 19.384227
38.274248 87.142581 18.827419
79.818433 92.732586 19.641947
62.859660 89.519301 18.988639
40.013842 11.506124 15.216117
84.917505 31.703629 21.448428
12.475121 14.478214 16.478786
26.129193 82.059478 17.868290
81.006261 23.251010 19.290790
0.478602 77.367453 17.724918
63.997206 65.133966 20.410433
31.312939 22.528835 20.979894
20.798027 21.302545 18.119046
68.109336 90.708626 21.976891
0.327608 85.481337 15.754903
79.154705 45.345298 15.357220
9.117377 50.138471 22.363644
54.769427 95.409357 16.005049
47.638306 73.801538 21.988034
84.005669 56.803944 16.360901
2.871074 8.909945 17.110782
71.646768 7.588626 21.330338
62.292580 56.173660 21.741526
49.590560 67.811884 20.197612
59.737790 31.414648 18.388952
26.131171 64.172892 18.972493
39.354291 46.049225 18.346696
11.193327 63.623613 20.939057
49.008440 73.876663 15.046893
76.311516 79.800189 18.947508
65.545864 5.100453 21.795588
43.231342 78.880061 18.264675
4.559515 83.746506 20.992472
78.528665 10.936268 15.078372
74.877081 64.015450 20.973895
96.773281 15.899526 22.009128
67.903950 86.272582 18.186498
79.457071 20.957548 19.970129
93.626936 99.685446 20.078570
23.276294 33.066497 18.237173
10.242304 54.371413 15.823509
95.770409 44.100690 15.783782
51.257843 61.300153 17.620919
0.651573 94.668100 18.305401
91.339356 98.479965 18.211794
51.070355 13.390587 18.031754
49.508514 60.535796 15.392245
36.214732 38.314854 15.589718
24.992758 73.404483 15.109383
64.340097 92.541445 20.971473
83.011108 69.819938 15.585925
77.088944 43.471143 15.976961
52.658897 84.928743 16.549180
98.412086 80.426599 15.225423
69.715803 70.732204 15.184343
50.826788 71.908455 19.302685
77.849345 10.709787 20.184641
9.396258 85.069671 21.042719
97.501844 71.184746 20.857989
84.258442 12.144545 18.535371
92.322343 4.477054 21.761282
54.719780 30.274783 15.924166
4.258934 55.911729 22.257190
75.071670 32.546308 21.391392
56.723776 71.489596 20.853738
60.545211 55.356380 15.702998
37.369490 86.954348 19.773917
49.292219 5.005261 18.437659
89.686588 37.278900 22.453644
98.717889 49.769449 16.664691
59.855277 6.052497 17.134405
47.021646 35.052444 18.892157
91.261681 94.577891 18.612311
43.833833 64.937098 18.602489
7.186362 92.664960 20.301061
51.083457 79.104900 16.762605
44.439005 23.789798 18.823385
76.248146 87.174247 21.527541
46.841051 2.932878 16.155714
56.082066 54.460996 15.581954
75.472597 86.467527 20.137501
13.826131 95.118888 16.903603
71.352885 43.754302 15.345609
54.775588 66.608133 22.157667
9.575341 15.473498 16.595468
98.258399 63.512845 18.168729
69.031874 74.585699 15.632236
58.103599 52.289706 17.508690
81.766078 17.427911 19.907405
57.880579 60.606046 15.745256
1.982735 86.914913 16.083867
15.969200 55.249494 21.605630
99.711756 16.822797 15.004359
13.124663 13.233446 18.968185
58.766998 0.955587 19.057151
55.347054 29.827055 15.119624
39.757766 32.772674 15.739636
90.557919 87.877934 20.657455
34.740079 75.484107 21.379844
27.531100 37.116843 15.777909
75.793488 75.056010 19.519487
11.636889 22.975058 17.570563
15.898743 23.412247 18.042211
4.648557 22.605936 18.692867
76.879073 46.514669 16.979807
46.142943 10.033254 18.690895
25.267338 51.375964 18.072680
67.758187 30.809441 16.346041
63.191282 20.622878 20.342947
88.557705 88.487849 16.473991
31.610821 60.810215 21.904453
92.917013 17.562841 16.595458
0.387757 5.720445 18.296369
21.868388 60.509355 15.405437
87.340606 94.869507 21.962717
32.011831 52.556294 20.395022
71.055688 81.746431 17.736177
39.009459 42.680356 17.699785
28.426556 80.437234 15.531456
52.529530 66.829546 17.784004
58.119124 91.255044 21.321170
72.121818 33.061492 17.558216
31.535133 56.778202 17.396867
54.055781 30.436877 17.366820
12.565423 32.241304 16.022527
95.386638 70.662747 15.879297
79.332011 13.561109 21.800864
51.488377 18.349410 16.741442
65.698044 20.858568 19.767067
43.868817 17.516731 15.620665
48.757995 91.388565 19.197674
44.054329 17.380684 17.694257
13.707811 70.642329 20.807687
31.588428 21.189178 16.805005
30.712834 14.668573 19.012185
79.614259 49.366389 20.428645
5.799459 25.338046 18.048653
89.107314 80.069604 18.740319
82.629305 18.513626 20.759255
34.002484 16.099699 18.405816
75.566056 50.098305 15.402733
35.530572 46.662006 18.316169
14.056157 37.053880 22.339573
40.979870 55.076404 16.462369
42.498124 74.021666 18.404835
38.613451 73.592368 21.281460
86.274354 85.957989 22.060188
32.385811 47.967450 17.229268
79.193877 30.627072 21.464949
66.852110 72.074050 20.805661
27.126657 49.816113 15.072255
65.717746 9.298280 19.051925
32.204511 62.489670 18.236075
48.690289 67.708392 16.287939
6.977745 75.434765 21.937049
75.376006 76.188410 15.656989
47.552041 5.412614 17.274831
37.985019 95.815022 20.244724
50.517588 7.427997 17.674778
41.606165 41.300767 22.410208
25.309661 81.644526 18.545332
19.335243 45.997923 19.213453
97.602963 72.606797 22.477845
64.149298 76.388130 19.174903
13.011213 95.564149 20.211874
71.552367 22.951149 21.502033
78.328350 43.411949 22.419480
21.632240 0.173251 19.191677
93.800911 60.360099 22.318224
49.870949 73.424097 15.153778
80.646713 51.775598 18.940961
6.287039 98.304904 18.341835
92.436475 72.300398 19.435712
75.474016 32.257957 19.771892
68.076984 33.425048 15.136187
40.170930 73.954914 15.526041
83.606194 32.903835 17.468062
61.100846 61.851826 21.080498
31.269091 95.272125 16.954381
2.492824 82.581831 21.008089
34.187617 79.551947 18.893698
8.958470 7.123540 17.478561
67.369438 95.811313 16.650672
93.637730 45.820404 21.670769
15.130546 61.972170 19.544197
50.131962 47.286259 16.605481
26.514200 18.551954 20.986027
57.881047 24.113889 15.266763
26.006677 32.632524 16.949608
37.090999 65.253115 17.229986
75.476455 80.914475 18.763570
30.272823 49.772266 17.617264
73.445014 55.375809 20.848745
46.220366 58.588348 15.470103
91.137126 44.550986 18.965069
59.295780 98.150307 19.667113
56.229188 66.133110 22.451893
40.844063 37.606528 20.120261
98.343176 88.356241 16.455157
23.111721 4.403077 20.311972
34.775660 14.589599 21.735351
73.444317 47.475844 15.157755
87.416105 4.105036 15.240306
70.959872 87.147721 21.999914
4.344828 37.377837 16.678557
52.514489 66.083680 16.264483
17.123675 92.393581 18.958019
94.805024 7.661360 16.621260
34.262057 8.130779 15.878658
98.348643 74.101930 17.766963
53.058391 47.392704 15.718577
67.279784 8.769677 20.289986
40.408180 14.933498 17.862095
88.352936 99.324913 16.044609
60.246182 95.130935 19.751585
18.188526 74.907653 21.320674
38.957586 44.880542 19.311850
65.422726 74.174186 19.943723
76.011037 66.004805 18.988539
74.043659 61.709991 18.429343
20.592280 84.467906 15.783281
45.665268 31.431677 21.041158
15.414544 28.331208 22.036606
51.419983 75.786290 17.893245
37.733742 90.142030 16.700958
78.933940 67.600076 22.007682
36.616668 60.004466 21.231010
51.970075 26.779285 16.419805
57.237195 59.762826 21.146683
4.865881 75.262849 20.217823
57.121363 99.067371 17.989440
6.725614 32.153481 16.320800
6.240488 32.568490 18.205840
66.036639 26.917116 21.694698
55.586330 66.643925 21.047781
75.910568 23.746195 15.193117
78.473956 78.433791 19.068952
93.447809 81.663542 19.839851
9.560939 69.763747 20.167656
13.384189 17.268973 18.679477
43.897027 54.830574 18.354553
88.219395 93.278971 19.042575
53.898012 53.333744 20.472197
68.492222 42.830099 17.986568
44.087025 4.587549 17.612324
54.993074 75.341992 15.650951
15.376486 14.792420 16.844078
83.930262 88.691967 19.250042
94.094321 61.275418 19.111603
1.029472 72.505962 21.147791
49.962629 88.191261 15.451806
43.838970 24.737231 21.594902
21.780331 95.667486 22.350809
64.293333 78.553536 19.175065
13.773352 79.311478 16.855951
36.142651 47.737898 20.389407
26.084541 19.451474 16.153559
93.240317 42.588993 15.494767
23.060673 44.842726 21.288583
47.519305 20.471301 15.006324
52.391304 18.475510 17.395363
88.650030 80.406859 21.110523
61.146602 75.068712 18.303995
32.349361 22.654778 20.952543
25.019809 66.912144 21.167189
26.586436 17.230505 16.402093
62.347246 69.767287 15.438107
58.293818 15.076641 15.467583
26.698129 1.413011 19.811737
70.845165 49.785753 17.576622
1.521528 48.626647 15.575967
36.143284 84.540801 18.502004
99.985771 79.419465 19.530749
53.080195 81.472212 16.878559
78.478133 52.876172 22.473709
82.373002 13.635574 17.517476