98.981756 51.460741 19.132567
1.419565 63.909739 20.994376
89.025768 64.627703 18.394028
20.468238 14.839003 21.734617
51.728588 85.365681 20.604485
95.138739 3.597885 15.655581
9.680253 84.863670 16.446279
28.730202 18.087602 15.289596
59.774084 55.692885 22.117904
14.584946 89.010278 18.169937
65.249246 81.290389 20.573667
68.707132 40.508481 15.009404
38.748827 0.506735 17.747319
79.193575 45.137985 20.959331
41.317352 18.690067 20.355769
73.828978 62.830939 16.440498
39.698856 20.275121 20.463210
92.533165 56.742746 19.595159
28.219558 99.361775 19.900172
6.306158 45.798314 15.112053
56.248645 32.429470 18.551952
40.691305 52.617962 19.260969
40.305640 85.390439 19.732911
4.905835 96.145061 16.193786
98.908932 16.728700 19.018775
66.986440 60.757376 18.232689
90.890737 74.848211 21.170625
15.485360 65.946636 18.551916
90.200341 54.435740 17.422719
90.158331 57.717712 15.793615
31.238805 4.407626 16.222704
40.480239 24.802587 19.392963
80.948682 93.835987 20.547001
51.969239 34.891805 19.865714
18.495553 61.778883 21.257389
62.113894 63.717074 15.711072
26.057374 4.370005 19.543751
42.991609 18.282336 22.022005
0.611631 6.733408 19.195983
13.973618 50.137355 15.270423
89.722354 70.320318 19.289421
53.914216 82.124128 18.266224
65.274280 94.641855 15.012669
41.273654 70.380132 16.947423
53.180895 72.963359 19.446438
28.843542 49.538036 18.385443
46.736128 20.635623 16.286447
95.848599 92.862645 20.139239
74.414223 51.659810 20.721185
41.732288 68.328780 20.631488
96.356644 40.929033 22.462212
87.376027 40.266153 17.361599
73.168100 89.071634 18.206304
13.086180 59.134532 20.328434
7.028132 39.715168 15.664068
16.264745 84.114250 15.953544
38.914470 98.286325 21.049262
69.320323 59.442902 16.902196
92.147767 71.736929 19.965206
89.478217 53.559210 20.480421
42.384804 77.802276 19.792467
60.750821 47.480807 20.264756
44.827240 42.275970 20.288862
83.450678 96.517939 16.385167
13.643545 26.942942 18.748786
67.300483 50.725197 15.167042
85.606888 55.834927 17.640789
26.543324 79.781045 19.451051
56.754766 54.445819 18.706995
98.079356 91.552699 20.759268
75.128036 47.915744 21.989963
62.811726 20.994013 17.824415
17.744070 36.608079 22.372543
49.447717 62.263570 21.920820
65.531135 48.990660 20.652148
17.661183 22.806672 17.490837
25.798358 96.232089 19.599103
18.424971 63.405739 19.913818
94.659452 42.599693 18.964561
83.206509 5.419516 20.462189
50.055167 19.425475 18.878068
80.745918 65.669047 16.204050
26.639843 87.637588 19.488991
85.553238 27.221651 21.217615
36.005448 90.957276 15.496932
15.877106 55.998041 17.354081
79.381427 25.765253 21.759659
69.450921 60.862887 22.060393
83.835094 3.806417 17.159603
94.143353 72.961421 21.654147
53.666888 41.508427 15.327007
94.846617 97.620739 18.691148
69.601572 98.452004 18.091570
69.063858 13.787772 18.925564
77.773945 88.990041 15.786057
96.585900 18.283165 18.268102
71.684917 39.978497 20.145340
30.167611 76.050929 16.696635
90.573101 23.471900 15.857740
39.173269 45.703768 22.426056
67.313329 40.940987 22.060695
21.013947 75.075055 20.178074
46.573656 80.275732 18.468002
74.930802 64.129490 16.336472
97.758104 23.462369 22.205458
38.819360 59.329133 18.734088
64.483485 70.925676 20.065408
51.268277 79.771373 15.379359
14.275736 40.213119 15.762652
39.746151 42.229754 16.474902
95.388542 43.018896 15.331988
89.674279 94.919831 18.967478
3.488849 18.572111 18.912091
12.423561 40.505091 16.621857
39.466538 89.467096 20.075152
16.402928 36.663765 15.576274
24.443584 8.063362 20.759544
28.490538 86.897284 22.056285
19.767671 33.974110 19.203036
71.232055 65.457032 18.940193
24.003958 94.373948 17.007452
62.674805 62.905751 18.755076
63.467826 17.475543 16.116918
64.863415 79.872285 16.433359
52.689635 62.025527 16.063879
1.229758 65.155441 20.630262
89.860701 61.510143 20.458767
50.341879 55.429101 21.373053
42.237312 34.480213 15.585258
70.688025 56.909616 22.127061
62.748000 89.825449 16.779599
4.734529 34.435378 17.300646
1.332374 2.625556 21.417430
7.016316 76.939634 17.995017
31.411158 96.016047 16.975740
53.665951 94.533989 15.037060
28.740775 72.075352 20.300510
15.016534 82.086750 16.392017
27.016136 5.637832 21.203156
75.152082 69.179409 15.858092
13.509420 46.558799 15.787015
58.090806 77.118692 19.898865
40.868289 54.346161 16.835529
15.618445 58.359624 21.593554
85.433902 49.750282 21.150219
62.002323 95.634449 17.090115
73.337625 39.165848 15.105607
12.983094 73.765185 16.972042
58.268673 71.152152 18.043527
95.294840 58.849877 18.870289
42.415806 31.943559 18.923404
1.741867 37.304476 16.247786
48.404963 76.251279 18.569297
86.305421 97.596309 15.275900
15.079453 37.063168 21.484112
4.628708 86.910561 21.883642
31.116855 86.702574 15.309343
21.881623 92.969439 18.547848
21.498991 70.143345 18.581463
91.561535 80.089561 19.823040
19.672846 7.523731 17.992597
22.267124 74.754699 18.411252
56.354227 4.611512 18.709802
28.276948 39.940250 17.155479
16.289721 74.885747 19.846673
19.952921 71.189461 16.591989
28.962088 46.055029 17.932462
1.804497 61.444739 17.238447
20.529967 79.721357 17.891526
28.732614 24.197514 16.049623
7.346867 59.308810 18.966912
6.711449 80.216391 15.617560
59.560645 10.273540 16.781593
92.568522 46.121822 19.077562
81.242698 48.970605 15.067817
71.092511 59.257103 16.171903
62.719992 53.539216 21.204269
63.501829 78.617140 18.728703
30.954930 74.768915 21.025970
32.947719 28.506570 21.683860
60.191385 59.716373 18.928371
60.699944 46.299642 20.670563
73.079822 90.907414 18.391246
85.809334 28.270103 17.917588
30.162420 35.946946 20.480833
71.296647 13.103117 17.692931
58.164641 49.678640 17.001082
33.761094 98.408168 22.420422
15.249970 62.683809 21.815073
74.024002 98.730592 22.441735
49.205115 84.006167 16.447297
19.365417 60.033021 17.136099
94.002396 24.264034 19.355540
31.991367 45.757941 18.032909
56.551377 16.349190 17.025243
99.653349 59.332086 20.858371
22.581876 2.172838 20.088644
59.290458 52.878443 15.960027
44.655878 54.059353 17.862967
30.038339 9.690473 18.753277
71.706154 42.965460 16.749193
87.814495 60.901631 17.121038
73.325973 44.283622 21.179331
15.929941 32.069138 17.973143
93.681553 15.119151 21.116893
15.511226 30.834689 21.830934
99.418684 85.408823 19.555401
94.357270 22.049267 21.598686
89.840453 6.884042 16.141802
18.754450 59.589116 19.868900
19.620005 23.040921 20.174713
72.027025 66.655811 20.883755
98.399127 7.125133 17.639631
43.351853 41.169533 17.421723
89.445787 82.094561 18.986893
98.126372 57.613934 20.472458
92.643919 55.978368 20.491957
34.111037 85.189262 15.969718
61.581584 64.371405 15.855969
97.373456 87.391849 17.113845
83.011972 16.597819 17.697969
55.607237 64.198834 17.600280
67.159512 97.156078 22.371496
99.468055 81.109282 15.887149
59.214729 52.779041 20.754213
47.691843 57.420385 18.173245
54.248079 99.630299 20.268662
30.679432 73.955145 16.172348
31.635290 74.026207 16.670084
83.857736 76.902529 20.041408
96.188443 7.811063 19.646311
91.946219 6.777354 18.664805
37.026777 41.182150 16.491111
62.070982 52.711240 15.555334
76.226097 77.162711 19.264331
6.402462 16.898594 20.713615
31.497331 57.325146 19.903629
81.132985 13.343884 21.942672
81.069486 23.285669 22.145791
95.073685 13.345368 15.981941
75.224316 77.430881 18.652287
90.326118 41.046998 18.758171
11.665874 94.913415 16.430447
13.140702 1.990664 19.277753
15.528031 15.269757 17.332570
92.402744 93.014909 21.757770
60.207179 84.892487 19.759127
36.230081 85.210150 21.805881
64.326348 30.680735 22.062336
2.664324 17.527492 20.970971
25.770801 60.360827 19.536653
61.206702 75.317722 22.020420
45.227920 4.918232 15.500654
77.016202 18.730915 15.785488
63.435643 91.005603 20.359429
73.646769 52.519481 16.358689
27.788490 7.458617 20.707076
88.072570 39.171442 20.927020
42.009310 55.392298 18.023875
54.653572 37.403083 21.336921
37.809073 47.320705 19.585272
30.951100 13.011224 19.440293
23.561963 75.985159 15.093857
92.485476 88.770291 17.902692
75.593957 75.354859 15.514327
95.632430 28.109785 15.160153
89.202465 8.788403 17.901029
29.902646 65.190939 21.238802
93.896889 62.590105 22.116861
18.329849 30.732587 16.820282
63.359910 72.286665 22.276300
55.622264 62.303218 16.498041
40.381524 5.238789 17.361160
87.128699 10.332411 17.422504
13.657794 96.366868 16.681449
38.405092 2.920764 16.331156
9.046465 1.941554 19.563682
67.616796 44.217962 21.673950
91.645946 94.262777 22.182250
76.968543 53.707670 16.068723
47.804895 13.077238 16.623565
24.388954 83.254642 19.975041
52.164409 9.516911 20.475585
6.172596 5.289866 19.483938
97.692642 86.974624 15.719238
49.413476 42.711425 19.826957
40.555312 96.682709 21.434375
5.573754 46.379365 22.416783
13.233765 59.137352 15.243831
42.711840 32.115966 15.515950
33.376713 39.853658 16.433082
90.607420 68.607115 17.598010
57.144931 54.582959 20.092300
23.323692 80.580825 20.177024
39.769283 17.298390 15.100578
69.488643 0.603768 16.118643
90.450856 25.746608 20.486348
12.600332 34.503377 15.717959
23.294817 45.171217 21.731335
53.096734 46.436632 19.443469