86.449619 17.819895 18.063210
1.252537 9.302801 18.396123
46.229230 53.348466 15.529427
71.551708 53.122854 15.938472
34.292756 73.822080 20.260196
95.333071 70.707053 21.060289
10.656758 89.940700 18.139772
23.741707 39.845729 21.308053
22.487107 90.910493 17.295558
21.544617 58.966871 15.545785
42.551181 45.758816 19.191817
83.812522 17.012264 18.267041
44.843657 68.090338 16.145621
9.516811 23.485832 17.503748
93.587496 68.508988 18.502529
4.272650 8.359872 16.927292
74.054435 37.072743 16.380297
23.466472 17.357514 16.443892
67.060050 59.919760 20.259110
51.436480 44.058170 18.680411
22.140082 93.164257 15.780590
81.095551 44.416616 17.036777
21.967095 65.418578 17.339546
62.599751 57.553665 15.616242
90.181053 38.700842 21.161810
23.270119 97.882268 17.265768
71.522267 29.371579 18.913335
39.159946 31.893693 16.896477
27.011649 4.535649 20.085361
33.764803 45.840396 20.306937
1.086042 1.353073 20.051973
89.173850 76.518339 22.149755
15.542210 66.240349 18.394914
47.260285 12.882794 22.019902
50.969762 89.648533 18.397164
97.277193 36.737384 15.526921
20.475500 94.980103 18.866887
23.051670 50.421360 21.514626
38.944559 38.522757 17.555479
60.166577 8.260221 19.073945
49.488311 28.221582 20.491393
14.999901 76.192321 18.575134
55.544993 47.241265 19.874736
64.696375 44.467601 19.702893
90.230611 45.415783 19.051317
92.577094 23.307868 17.567630
77.207020 44.569138 17.934715
56.608388 45.146968 20.503430
70.739485 94.985937 21.261402
38.335962 68.660107 16.990060
2.102626 28.007377 19.315318
35.436363 29.080973 16.451444
3.582714 22.845193 19.509209
68.310540 22.239652 18.315245
23.757485 74.251818 16.552799
31.638252 41.764075 18.336377
79.770657 51.528217 21.338336
96.846107 20.683727 21.272093
19.499423 14.372312 15.894498
48.003233 82.222182 17.795920
54.704014 41.536674 15.828562
60.839870 82.629756 22.263989
51.910803 14.277194 16.407929
29.762465 89.495414 15.358631
74.793130 38.502073 22.248075
41.377979 31.595511 15.490687
55.644526 40.292225 15.785451
29.923916 99.273573 17.222134
5.500590 54.615528 21.596644
76.427076 85.625811 20.211753
65.395676 62.769219 18.611518
60.653058 72.956771 19.005177
92.282961 87.830183 18.352421
69.441954 52.236136 17.895236
96.799545 19.759861 19.336438
6.032759 76.073603 21.791990
50.631373 72.371275 19.745278
58.747512 51.610054 15.020392
41.994149 59.797766 21.787425
88.469669 79.017428 16.017152
17.675050 78.969555 20.237467
59.065177 72.513011 22.349211
9.093082 76.363589 15.232812
32.514651 43.648518 15.349937
80.720478 26.308997 17.559041
57.545363 69.036459 18.341002
4.931412 27.559734 16.324120
9.605631 0.857343 16.096468
64.418945 74.410570 17.657441
34.518257 98.211724 18.499062
46.806852 27.631187 21.329052
72.255065 31.586582 16.249135
98.754769 5.962552 18.723465
66.551917 87.490120 21.083461
13.848650 14.359676 17.857225
6.037389 36.351905 16.162482
22.503831 10.477533 20.662490
34.837842 41.491273 20.196047
68.712967 37.206061 19.730949
57.991266 95.674307 18.591893
17.234648 65.377879 16.670757
30.812939 41.229645 21.241494
22.707039 57.343426 17.614538
93.214350 0.741522 18.474373
2.707452 46.923570 15.836025
45.917103 60.056265 15.730445
40.607385 58.603304 16.249703
59.197399 36.665662 18.035790
48.083018 27.582632 16.415973
19.893194 16.366194 15.191306
87.464475 98.593298 15.621937
10.570662 71.120356 17.646784
77.351435 18.006932 17.279838
34.502150 82.721246 15.536059
70.439510 97.222548 20.640393
30.928456 94.430606 17.300544
78.371870 97.647640 17.931294
50.782143 58.500940 15.507531
44.662050 61.365676 21.298683
72.038073 29.635290 19.428674
28.691927 2.520465 21.754578
45.036979 71.521431 19.772049
33.655652 41.397826 15.052662
72.285932 34.079293 19.642014
38.687075 22.057528 16.512077
77.628917 39.892483 21.275407
34.648094 71.559902 20.907394
8.712554 62.960911 20.811079
52.041508 46.897223 19.896123
65.885348 86.621778 20.347353
4.159521 46.313219 15.996284
4.298189 98.232811 19.919916
35.749659 71.093982 22.223567
4.997254 69.973395 16.515915
90.901641 92.684481 17.904573
0.348266 24.066646 20.971183
17.480368 25.425342 21.037928
96.385044 94.201476 18.390241
57.028820 77.718933 15.283602
64.179428 45.921840 20.578496
38.696162 38.828048 19.926823
13.582139 46.724699 20.395829
37.848867 21.848345 18.225365
53.434055 60.385221 21.703533
65.758264 57.601312 16.369079
92.103682 98.771165 19.939670
31.432967 25.012348 17.234936
31.343157 75.718748 19.472777
15.506889 32.090501 19.378305
54.049371 16.892826 19.947397
32.913675 72.511829 15.153544
19.912577 29.775707 21.528734
53.285792 61.519489 16.120324
51.269709 82.500670 16.247804
89.339567 43.258820 18.143852
28.104871 84.471379 20.325684
70.011168 76.049613 18.459616
8.453296 13.819708 15.821259
34.795089 10.870692 21.820775
7.129486 96.246403 22.409414
87.847428 68.532559 19.315268
57.109268 85.222155 19.387808
83.927512 78.027597 19.531466
79.231262 41.094435 21.126492
31.963126 87.937779 19.721974
88.975329 93.046795 20.318786
20.401530 99.513750 16.441948
52.255853 15.902830 21.626124
86.647643 45.714131 20.830775
21.288334 89.960172 15.507719
61.448303 43.067633 19.049017
89.530625 81.901918 16.683214
20.335262 98.658255 18.522345
36.135045 56.152402 17.959764
58.006494 40.706666 16.236616
9.063299 51.739906 21.999545
86.587962 8.155927 18.972184
53.475697 3.468541 16.030594
7.810984 46.507095 16.571497
65.230641 34.162036 20.255266
85.419540 97.312496 18.153830
96.617660 76.287105 15.897727
20.086685 14.462190 18.942249
57.613688 81.375008 20.496762
34.000243 34.959578 17.501899
90.795348 53.698299 17.875817
8.937754 43.381429 21.878938
82.829730 74.137929 18.793449
67.519967 72.465485 18.174293
91.258988 10.665442 15.635178
84.441190 75.123550 15.266997
2.174732 5.830732 20.303947
11.782347 6.169753 20.219843
16.823326 7.004401 18.450276
84.888107 71.180365 15.532371
81.337653 75.639060 16.972312
30.467054 45.710787 15.611710
77.974070 82.901367 17.776245
79.599282 24.341686 22.482947
24.901152 73.732668 21.585295
89.735164 64.482528 15.075419
79.590675 34.021383 16.019839
71.666238 24.803074 17.051225
49.510631 81.432150 20.990696
88.704789 35.295151 17.669841
70.863714 3.344593 22.378773
52.341388 36.546314 20.525137
49.113022 22.871620 18.147020
25.088564 93.487955 19.643563
81.455146 27.986048 17.318723
42.926978 27.258778 19.479162
67.410399 50.324233 15.023534
78.098678 75.682803 17.174436
66.616519 61.285615 16.980213
92.214999 1.919321 19.117917
31.374801 79.993157 22.213225
67.775295 55.521440 16.700868
45.543379 89.296719 17.507962
93.312318 54.735791 15.647836
3.530696 55.987438 21.737619
79.882757 35.273539 21.243257
97.321098 48.534185 22.005185
53.468287 9.759186 19.898286
81.287214 86.963810 18.842603
33.505530 88.980792 20.952204
74.629274 55.380150 15.235387
31.201451 43.903869 19.694718
48.506118 8.578023 16.320242
76.538436 20.929990 20.332170
66.795506 60.441030 19.679522
13.080547 71.982292 17.565114
21.246420 87.201207 20.861731
73.503694 2.421799 21.608548
73.148469 32.568326 16.456620
63.380408 80.805990 20.675925
49.596807 42.433865 19.946760
44.505709 32.504988 19.305748
83.854864 4.787462 17.464227
42.750448 75.200181 15.433844
10.298896 55.347020 21.963771
65.237391 22.610530 18.375248
15.872914 7.796525 20.912162
77.655904 74.003895 16.115970
65.347288 50.746120 15.437472
17.735656 94.344391 15.620226
62.236436 8.579874 19.459591
71.692869 61.269798 16.190997
6.847883 77.991065 22.281270
29.436494 61.245604 16.686656
66.366581 20.156687 22.210504
65.220488 13.803693 19.199535
50.217599 90.432929 20.362386
61.290002 75.041245 17.366407
68.643706 81.993975 21.137632
25.861086 23.787433 17.645626
51.584093 99.761603 20.942256
64.146495 80.577243 16.051629
95.056973 61.539264 16.739233
20.378917 41.727653 21.571812
57.262546 91.422840 16.657964
44.235085 98.657401 17.923093
69.459640 76.896271 19.211938
17.664831 1.028510 16.945803
43.639919 44.287471 19.875440
13.954132 23.271787 16.441470
0.065961 68.678117 18.490029
15.141431 36.176683 17.378396
32.661665 8.856460 21.973713
56.788409 78.351923 19.507073
55.944536 67.108817 18.178161
42.227638 83.298317 16.840018
40.980991 27.423061 18.012277
39.979097 32.794661 18.486468
19.567249 64.928328 17.980649
41.114357 55.632736 18.588732
29.873550 1.136841 19.044596
18.365567 97.981475 16.755891
66.852976 67.152266 19.878880
20.442161 85.028644 17.763860
46.591583 19.347032 17.911408
88.076999 78.796355 16.625762
62.684794 59.532992 19.850269
15.996704 7.633727 19.998309
70.297837 98.433665 15.459239
2.567565 51.758825 17.951735
8.351866 10.303262 18.779800
38.243989 1.369463 19.098340
94.510770 89.584830 21.700784
3.877392 45.047657 15.777009
53.952235 0.204160 18.816093
72.437843 52.339424 15.519931
28.031014 69.702516 21.885606
2.878334 62.886092 20.497004
7.179105 25.784890 19.505288
86.841731 29.730171 20.868303
41.736484 14.559191 15.654503
21.680265 56.379673 15.349313
28.575630 8.137133 17.831510
51.620463 56.388080 21.557290
58.292650 4.313319 15.145295