7.338530 68.869721 19.554360
62.866237 74.117542 15.967363
42.081294 39.961905 22.304892
6.760588 28.602651 15.838179
24.388598 57.962362 18.805918
64.610205 41.397755 19.113248
93.209364 82.378420 16.554653
24.729893 97.944938 20.500574
51.867249 39.444261 16.261061
73.492151 99.700395 16.386245
56.918690 47.207959 19.275989
65.303875 79.469821 16.808272
16.223792 99.977090 15.176029
62.984877 64.925629 16.917210
69.814430 52.514980 22.058384
75.250590 88.901188 15.411112
85.773463 76.529009 16.267161
69.223098 82.271714 16.218782
20.418030 2.089627 20.068700
70.483621 68.683144 19.016924
89.362060 68.901724 21.056128
67.165338 70.981684 15.913992
92.184959 90.817618 18.876686
63.425671 73.770449 17.231165
34.365606 61.217731 19.638109
39.063606 83.123428 15.797247
50.321564 11.414595 19.543153
65.837733 87.848510 18.385224
39.077281 49.029662 19.022371
9.066911 70.372003 19.012621
94.230478 48.514167 15.191865
57.842718 44.939965 20.845958
93.128299 80.181882 22.159842
70.860904 11.922074 18.475455
42.415950 47.991865 17.918781
57.928010 59.926588 20.473080
56.604534 9.107408 17.349235
42.735220 1.765479 19.404425
60.164730 19.185196 22.427892
20.273729 37.918761 17.623510
89.411406 23.506084 20.192901
76.446576 47.492207 15.801516
57.194473 20.634054 21.166258
63.335036 65.123922 17.008783
7.310065 62.852659 15.140163
34.152863 30.751461 16.092829
63.515641 41.864745 22.497812
24.539708 36.515606 19.628321
56.541033 5.357192 21.153207
25.544093 51.384355 18.711752
40.404143 14.448029 17.193509
67.727370 23.255960 18.794566
52.227165 91.474774 16.491407
8.883302 87.954905 19.318202
33.663444 43.323733 18.821863
65.269130 22.985518 16.117903
67.357318 86.105863 22.478130
81.994896 87.341387 18.128561
79.412522 6.932605 17.713686
90.431329 38.775075 18.381809
91.244796 95.159476 17.463821
76.483027 15.803358 17.133060
24.074642 58.615468 19.051743
38.956180 0.239254 19.104121
36.600565 50.972785 20.931745
30.795829 7.008925 20.212372
12.034975 37.728839 20.635090
67.970555 73.734088 20.376364
39.946525 37.268501 17.229785
60.528681 68.671103 20.286990
9.631017 93.540497 18.800767
72.400888 43.765392 15.204131
92.144537 49.574175 18.251919
39.963277 97.534648 18.467110
27.992062 73.752730 17.084239
73.687502 81.325918 18.848808
78.636234 24.278749 16.958460
82.008554 18.692566 20.334303
24.291244 26.078018 17.532146
26.604088 4.153465 21.604856
91.053376 67.845589 15.184697
34.609988 6.733325 17.790976
97.792310 10.409053 22.069662
84.361060 89.004628 15.393796
33.362498 95.662873 15.086796
98.270901 36.704677 21.789135
40.473653 47.449185 19.380159
24.554696 25.049675 17.226757
73.572936 13.133773 15.220438
92.429297 2.945898 21.655581
7.147170 10.123002 16.187807
79.430702 7.221285 19.781096
47.595019 64.526788 16.187740
25.179665 84.938295 21.497633
75.362294 21.506835 15.492199
33.676161 14.668696 22.339725
82.937483 27.033657 20.396756
93.408744 57.755545 20.254608
13.355380 97.335506 18.088356
65.059404 88.263691 18.635017
47.878226 50.613235 19.408458
36.610577 73.611999 15.925593
82.666261 83.438443 20.503752
40.566090 22.477612 16.891444
88.384162 39.161275 21.069595
64.840397 87.537570 21.792891
72.828556 81.985921 18.268970
47.667346 90.632015 20.363192
98.882014 6.568492 22.090557
97.483079 63.155703 21.826192
2.487150 88.549427 18.956661
34.015118 48.009808 21.216788
23.591387 73.181405 21.380961
37.452644 46.425844 20.110515
39.497464 75.522897 17.522974
94.382354 79.429338 17.281278
81.099338 15.352020 20.602576
54.667668 83.539622 19.851940
86.851391 85.865497 21.832533
22.525347 66.258781 21.685016
76.476180 34.006638 15.701070
11.183202 57.449809 17.313903
17.876485 11.141204 18.703699
9.676885 55.408421 22.035210
31.564764 43.267699 18.724154
92.674614 21.790744 16.615340
93.861873 69.399976 20.007502
12.916278 97.986870 17.119836
57.543605 69.696521 18.989718
67.427850 1.732376 15.302297
95.833134 3.841862 15.660202
55.599738 4.708972 21.726075
22.819060 77.267649 20.144864
10.008695 50.652629 20.399587
64.555307 46.894831 16.783708
46.113255 80.825962 16.116309
64.353263 23.668412 15.113667
81.478110 33.587041 15.764660
43.215471 7.384800 18.882331
95.736607 34.918425 20.210066
55.187555 52.655518 17.784819
10.007925 67.940387 17.960976
22.710415 93.554383 18.794880
54.647631 70.442106 21.639831
35.158527 93.802242 18.286541
18.690921 50.411180 20.234620
66.710192 31.970428 20.140071
32.173718 56.103179 22.146178
51.145630 43.397390 19.732627
50.738563 41.047749 16.624113
39.920561 95.847845 17.549353
6.939098 4.566925 16.517712
37.862951 83.969342 17.932963
35.349972 87.593191 15.326055
29.728803 20.968446 20.318218
33.202191 52.540598 16.501136
80.390331 44.099376 16.831938
67.670359 34.255842 18.660216
62.620732 75.617190 16.924540
68.612049 79.103774 16.662659
1.143844 57.938196 17.767247
69.868005 4.801834 15.994858
67.222696 91.596244 17.120460
90.521440 94.935391 16.887458
43.562201 35.096720 19.487883
40.536828 73.694068 20.504299
52.787666 78.746945 17.441976
5.890351 57.454285 19.459970
31.268616 22.833056 20.073456
90.072129 70.007841 18.637437
90.795493 42.780258 16.383583
53.866554 91.623168 15.761835
16.220048 37.929642 16.338746
93.827283 4.715450 21.049071
16.239910 3.663614 18.824393
22.718401 6.557855 20.669029
38.161502 77.065581 22.309819
30.669033 31.696699 15.795663
32.914647 40.169643 19.608687
1.393642 61.790678 17.016640
18.952207 12.421778 19.500393
61.437341 90.848484 20.806822
43.780726 81.337316 18.388282
59.230483 73.881867 17.796405
63.851726 85.578025 19.677378
5.183752 22.397362 15.489332
55.536169 78.308259 16.536010
43.746903 40.509549 17.548200
8.492188 25.355406 15.806779
1.098980 4.009652 21.240427
52.270397 59.264645 20.196817
55.688058 66.390188 17.852771
75.645661 89.822597 19.663204
46.592982 88.386033 18.365126
42.463979 57.692735 15.213220
49.241347 42.511537 19.721367
98.909084 25.876683 19.806739
71.781716 13.861525 16.826801
6.636515 79.110124 17.574544
12.756882 1.556956 17.176489
34.818811 22.553580 16.430306
91.253990 90.522160 15.220686
51.586329 10.271212 16.079732
34.834191 99.072588 21.436527
33.146154 62.200888 19.317244
65.592436 30.908312 19.187431
94.353556 46.211736 19.794015
25.767762 32.088643 15.818106
1.397765 77.015653 21.890199
85.071565 63.234977 18.965488
39.524680 33.350505 21.085207
21.662475 62.456683 22.294094
96.355753 81.664576 16.638535
1.479761 34.614459 22.086980
7.731038 63.794622 20.856497
37.512094 84.645934 16.532810
2.620626 42.331359 22.442842
66.837703 12.502864 15.308558
77.124172 23.583705 19.196630
34.535282 91.319352 15.397414
77.716970 5.265337 22.387392
45.049657 98.137878 21.248029
62.228917 24.385967 18.164219
65.981398 8.354460 16.920476
99.307394 30.818617 17.615228
14.867284 37.113662 15.183308
75.227423 88.309485 18.460608
71.768654 84.694850 16.519664
34.899665 96.659345 22.497977
52.110237 1.737877 17.614751
72.577303 65.481778 17.268853
0.287922 28.913312 17.125554
20.773363 35.993039 15.268987
43.363192 42.436900 18.385341
41.560304 15.331726 21.650859
81.303355 72.974406 16.167700
58.107315 60.486981 17.623049
80.417934 50.075896 16.242413
92.092577 21.411841 16.122464
63.405973 66.051516 19.979715
37.241107 58.665909 21.579731
71.270261 73.434736 20.608096
2.574578 36.752546 18.377000
71.859253 27.782223 15.011670
92.615671 11.535343 15.517665
95.307717 45.843761 16.823832
99.588450 6.123003 19.351791
56.402903 67.734212 19.736097
14.913539 51.402710 16.241555
49.475484 35.836561 17.872388
84.416115 45.325251 15.213938
92.397718 91.439363 19.851876
56.723705 3.231246 21.969106
98.564680 24.441545 15.268452
34.415462 46.357771 15.644802
63.600719 80.373197 20.419327
28.878446 82.521634 21.308747
54.672194 16.788277 22.305604
69.983388 90.949097 22.449988
48.810747 35.350930 19.275902
74.077409 4.385320 18.789098
62.470190 70.247214 18.589800
71.974021 72.893253 21.416384
54.230918 26.469216 21.255208
11.257088 73.827704 19.913760
90.083204 42.650054 19.499284
22.754473 20.812864 17.488065
64.677558 30.027815 18.766931
87.297912 45.208833 20.285700
48.781413 14.921256 15.972526
32.128459 88.386013 18.277512
54.438855 18.867618 18.922483
83.231387 56.375814 15.311208
22.581118 83.481093 20.127836
2.456297 63.628017 17.645487
54.424981 17.024813 18.025336
67.916985 3.119880 20.587078
73.961775 80.148479 20.310282
66.301847 13.355450 17.609860
12.801505 15.382738 15.674955
68.887843 75.945666 21.519641
41.822477 13.581774 15.615841
44.618905 35.641599 17.291546
1.278519 48.643418 15.437029
32.451739 34.634946 19.154064
65.876355 26.141628 18.411694
85.684791 59.613902 17.659079
60.009935 46.705132 17.594137
91.864774 9.698631 18.037388
63.831685 6.411612 18.910039
51.496686 55.532773 15.409852
35.808180 47.276200 18.117190
25.678474 29.314315 17.340729
64.228714 45.366890 17.927485
92.251446 98.822684 15.439081
67.529499 82.521369 20.852471
19.286717 81.385966 18.949450
99.296748 36.880817 21.103931
26.253246 86.502719 19.312413
81.837767 98.602276 22.471151