29.094108 32.476829 17.829345
29.401429 21.654635 18.538597
44.864051 21.503832 19.468915
90.734256 35.238098 21.340576
28.618401 62.856781 19.740133
79.686366 70.788440 17.882896
32.187438 99.670096 20.046637
64.956285 24.642451 17.163634
99.003064 47.283145 18.084724
75.932550 38.255435 16.858999
65.792199 79.594472 21.668926
94.961311 27.209465 17.555493
83.402316 6.192362 17.018353
96.340424 63.664403 16.748876
68.518333 65.027155 20.245409
59.290006 63.428601 18.251754
37.406670 27.760961 21.240145
8.350715 52.009174 18.441387
65.194809 86.531190 18.649398
43.455641 44.682433 20.762090
16.622739 56.565927 21.318167
32.017752 46.933529 20.198124
61.204546 64.788847 15.299041
6.104308 1.851175 19.667897
5.782728 16.397107 16.155244
7.425552 97.921738 19.786056
99.415832 6.845341 20.636338
68.490308 65.870924 17.595270
37.506519 75.351603 16.645601
43.269523 35.051659 16.806064
71.681673 35.464180 16.223798
74.096230 10.000371 18.137413
89.134837 37.081951 19.727667
41.142766 8.893661 18.907445
92.566291 75.351981 19.843579
42.974806 35.462824 22.346992
25.927404 52.356352 15.907473
37.662433 7.392773 20.758781
40.104685 83.485189 19.735639
89.714648 64.121707 15.989751
4.989124 93.693504 18.852040
98.580015 6.077737 16.307037
61.008691 48.733112 18.874505
95.644855 15.555248 20.415321
63.751451 16.290440 16.900782
11.356362 63.795293 21.611420
51.694151 51.839033 20.748455
1.891629 45.962117 15.674926
91.749898 41.950322 19.388103
41.818428 29.378833 16.990248
19.609887 36.081242 21.844448
87.107701 27.656560 17.628966
45.026693 36.473172 20.131446
0.606263 18.897572 16.272575
94.158500 69.904550 16.373400
55.031882 78.505582 21.412487
79.931947 99.289932 19.898709
65.781585 33.570609 15.013570
75.869797 85.087503 19.359842
40.850178 24.015785 18.485532
94.575779 59.864901 17.515705
77.232340 22.667081 17.761019
45.089587 78.229630 19.935682
16.723453 42.453799 21.110328
23.163019 91.678066 22.365130
96.889418 20.204039 20.157694
39.743389 28.941138 19.217656
30.234002 72.140455 16.426169
94.895329 82.727252 15.853122
17.657390 53.479524 18.686279
83.115266 86.364696 20.226683
35.470293 29.746856 21.614718
12.569317 9.466394 22.145063
48.992923 96.055291 18.981225
43.301879 93.224544 17.551625
9.258799 32.972772 21.936731
58.901142 50.740589 19.884550
11.512118 96.687887 18.696519
63.667669 20.900744 22.247453
56.205478 19.483333 22.097806
3.877649 7.355323 16.328920
17.055590 19.532976 17.487198
84.465063 81.625696 21.043678
25.702219 57.608109 22.385051
34.444203 96.891474 15.090286
93.586769 7.398765 16.996443
86.418214 72.648351 15.483500
73.846505 92.649593 17.082887
93.125582 39.982246 17.714419
6.322861 65.673908 20.675980
8.730746 81.996020 18.555334
29.317763 17.681337 15.308241
14.987931 57.688052 21.918928
66.768106 86.495451 18.385007
53.252535 66.208286 16.191568
58.082075 8.240918 21.785849
16.164654 43.832825 19.566698
97.391061 36.768072 17.562314
53.814442 61.961557 18.940399
44.574096 99.504524 21.723525
72.972500 75.357230 19.627651
63.383374 2.804509 19.140428
50.845616 35.598047 21.129412
62.576842 73.059199 20.928272
39.613713 56.354733 15.493906
14.099404 44.344582 17.105876
69.801530 97.782969 20.233853
90.517931 35.567580 18.481270
70.841927 19.265118 21.253156
99.768475 18.189500 21.866283
20.727279 42.803481 16.256084
28.131191 80.964577 16.938521
52.449694 19.209472 18.758322
85.386622 90.219465 22.472187
6.476103 39.374966 15.933287
68.206572 77.330274 21.127761
86.243657 83.406696 21.591136
57.907861 90.624614 21.276365
24.412209 3.085791 21.990469
14.185886 97.600270 19.846008
37.873154 24.791900 22.295518
95.154182 46.005465 18.578823
77.567519 85.566156 21.690257
26.995174 47.606019 18.874329
11.080234 96.588334 18.939201
92.527095 46.592537 17.431910
63.913369 64.986114 15.254911
62.474325 43.527247 17.291678
71.563192 20.719426 16.436571
3.047117 82.579017 18.490838
73.484560 81.494645 17.297293
91.368809 42.302669 20.965497
25.638897 92.506899 20.281889
37.221714 27.754918 17.818362
8.953425 63.976428 15.383518
56.935087 23.048904 17.664863
42.352008 57.896924 16.904554
61.549423 64.350276 19.343200
25.901490 35.839683 18.348834
63.057291 65.896498 16.009726
78.474540 74.443074 21.128208
91.611907 63.958008 21.631341
9.997248 89.986194 18.207312
97.598434 98.771030 21.700464
65.201914 55.474592 19.276239
85.072210 13.326282 18.881657
83.978418 79.711687 18.387848
56.439681 64.329511 21.278333
0.212860 22.268715 22.307721
38.759804 80.171047 18.766051
62.453025 27.939041 16.238495
63.431019 53.351509 17.813251
81.109242 37.822885 18.652063
50.500653 38.136179 20.672533
55.889420 76.691292 22.017134
41.804779 10.962151 22.196540
64.249932 89.690453 15.711027
20.920404 64.233054 21.989122
60.475129 74.298905 19.832168
11.725566 45.078071 16.990422
34.098383 40.768984 21.995910
84.330021 42.722460 16.520334
76.313566 14.282204 17.691233
38.216876 98.007117 17.944159
82.634594 4.407904 22.275185
12.518356 30.570774 20.534477
30.283704 55.082409 15.201191
60.367661 53.802770 21.576546
75.118110 72.449211 17.239811
54.978661 64.676411 16.823764
54.061583 14.516175 16.863014
86.992257 12.341044 16.021159
45.392348 4.651825 19.722942
25.180661 40.940506 22.316266
66.006895 13.548733 19.579094
76.387171 13.313895 22.260170
78.698697 39.004288 18.379403
89.286006 85.975618 16.847290
97.992424 35.041766 19.001346
51.957169 23.783012 19.150242
31.074367 24.532624 16.599113
11.191924 79.851264 15.312961
80.703491 34.072862 16.119386
66.627115 83.618926 18.693455
97.402590 2.807172 18.233181
59.927490 91.043087 17.211055
27.284154 27.396581 16.941325
83.388322 85.782520 20.518640
73.384652 97.503878 17.916050
27.398705 29.340287 21.255146
41.262464 2.823239 21.409311
19.560057 25.830071 17.725012
40.351053 39.978421 19.180065
69.255719 64.330570 22.413880
90.942907 42.720952 20.003353
70.582413 92.018773 18.574501
19.520712 30.668317 15.149909
87.219601 63.162494 18.861628
12.683139 51.182643 16.999216
91.156627 35.240273 18.991053
43.298745 80.082973 19.719973
23.066175 96.562077 21.939127
44.124602 48.971387 17.274460
3.823338 26.293543 21.493547
52.849705 4.134737 16.211155
42.806769 47.360313 20.891669
68.240614 29.225915 16.927515
67.440874 74.932216 15.132149
91.107301 22.970111 15.578183
9.781361 75.657219 16.348763
49.143779 65.206509 20.867190
81.382875 31.145480 21.534456
42.218135 35.864087 15.026722
33.707561 96.731454 16.473944
84.480244 89.679268 20.900500
61.002087 50.483153 16.702369
70.834517 9.877917 18.012471
40.868586 8.857328 16.089495
46.232831 97.186898 16.752297
70.920786 29.303633 21.093441
84.173286 97.373131 17.483820
65.253028 11.557657 17.977659
4.824649 19.950352 17.175542
19.628116 28.929664 20.681572
29.948484 18.876948 18.905665
49.206044 29.655828 16.443274
63.579733 52.757192 20.930327
18.610462 24.056919 19.713608
38.219519 31.619340 15.143095
66.407093 66.396196 15.960279
95.416967 70.005297 21.711384
97.006245 99.690461 19.512424
43.544370 49.585268 21.149411
80.633096 28.787701 21.423842
96.151916 53.823898 17.846874
50.855153 7.757469 17.544935
45.725719 50.159008 20.512318
79.716335 89.489741 19.300958
82.589987 31.061770 16.494702
3.108415 28.088725 20.597007
96.776860 7.892294 17.597671
96.716410 91.574039 18.254630
9.872562 49.055769 22.229916
90.803946 79.376248 18.332742
39.129113 9.468347 15.957839
72.219771 65.619778 20.823270
43.246425 94.656430 15.849958
51.210873 79.291687 16.352486
57.631752 50.916308 18.912003
28.564875 14.332107 19.159467
44.328218 16.623262 19.895887
16.796687 1.965360 15.178392
75.411186 22.714927 20.202090
72.185163 0.996544 16.414315
26.681402 89.551362 15.657026
17.231895 65.793140 20.982727
95.614829 89.543189 22.156221
35.561803 44.756187 15.664936
90.478149 83.271829 17.768236
43.559719 91.392905 21.921668
48.770341 69.465794 19.408388
27.682002 64.828469 21.720483
36.236778 92.060608 20.254351
9.900313 34.667531 15.838386
55.822173 56.118149 17.703088
74.105440 73.812085 15.448273
49.765075 39.821135 20.423265
98.904382 73.920336 22.318388
94.314136 28.584902 19.856420
59.304032 10.791799 20.276097
98.037460 41.291306 18.952452
15.127068 73.016988 19.591367
61.909690 37.908799 22.238063
42.523051 69.468348 21.721019
87.391915 57.891583 22.349267
28.809555 92.002236 19.397026
82.908181 14.939122 16.221407
9.924381 34.014821 19.094411
41.676354 92.752355 18.980558
5.712312 38.792214 19.745783
93.436662 59.634764 22.059337
85.910925 36.800090 20.116469
73.782728 75.797275 18.590103
88.734442 53.535847 20.972245
64.012599 93.693831 21.663993
57.697561 3.457711 18.687292
42.395758 3.198447 18.939618
47.579173 74.803171 18.834941
16.277166 87.638562 19.530752
79.019470 82.083467 16.485427
64.694123 96.377208 17.623290
7.843794 24.960970 16.163369
81.845978 71.317884 21.372797
11.522411 9.442897 15.282180
81.033340 0.122769 21.834460
6.941764 35.134255 15.543689
38.050714 85.050947 21.807327
85.110483 16.528645 20.023944
89.095672 72.406761 17.990264
15.999519 83.905546 18.235544