18.998798 50.535898 21.882305
25.159301 35.551194 19.102507
48.335818 60.958423 16.881564
41.816226 37.558664 22.183148
54.166931 9.389028 16.623937
60.791830 2.611397 22.428030
24.496597 9.576808 15.923722
62.270291 22.015636 19.258541
46.971600 55.189227 18.064465
22.025979 32.008869 20.542369
42.119134 51.280256 19.022334
34.399778 64.726345 19.487085
42.092492 82.431491 17.432910
87.185874 6.775266 19.901813
59.471939 18.283407 20.208646
21.212001 45.662307 20.631896
89.786679 44.634643 15.008817
92.413222 73.880950 22.279072
25.175637 96.799685 20.950123
95.525350 50.566051 17.553569
59.551283 6.262418 19.198508
59.238812 98.010673 15.713068
87.285411 99.599211 16.008455
58.854503 30.126658 21.657682
43.314055 92.868694 18.954292
83.116602 5.212984 19.456855
55.491257 72.803673 15.438328
55.698484 62.896135 17.555509
79.871490 55.205519 19.628286
60.096566 59.592026 21.920320
13.338149 54.095175 19.759196
66.529317 9.213562 15.161142
35.872771 98.520548 15.277652
36.710011 8.741642 17.513078
12.143037 92.096612 15.378544
71.765392 7.959608 19.552618
62.038298 28.344168 18.441446
28.920710 66.292252 15.837251
43.992047 41.122747 17.498031
60.320563 97.658112 19.340176
24.052218 28.132913 18.385155
20.693926 50.341568 20.492896
12.171323 31.550463 20.697419
89.024217 77.828749 18.381977
66.572602 4.911646 21.589231
90.715168 67.631818 15.230143
42.224370 61.069168 20.107760
13.551293 20.052793 16.622075
71.401335 60.366977 21.925576
92.998763 24.118275 20.565740
46.568425 82.884830 19.493106
52.799371 10.139620 20.703994
28.867613 44.475370 16.369668
92.700455 37.181996 22.196411
79.372594 94.398772 19.093270
39.877077 7.657316 15.193955
33.254189 91.951402 16.678212
38.409826 79.025637 17.609974
9.332256 94.620472 18.644492
76.958197 29.935895 21.545647
1.480200 96.224305 18.839875
18.450421 86.862845 21.434950
97.315946 13.701141 18.767924
5.492891 44.167298 21.271029
59.474061 45.851662 20.636882
69.113647 70.140416 18.083992
56.934171 6.090932 15.014387
97.023236 94.732654 21.744453
53.786304 16.375714 19.071684
9.015204 68.233408 19.931755
2.508492 73.312415 17.629808
72.679817 62.612094 17.464476
82.754195 36.425590 20.401552
85.853131 29.562595 21.453071
0.272851 59.224845 18.242013
56.041915 9.865259 21.566910
38.756513 95.746802 22.134353
28.576336 47.178335 18.099870
17.659693 33.712469 20.497358
22.752722 60.725477 16.312818
36.922347 73.540976 16.274940
48.914285 47.096425 16.793104
40.364210 75.226717 17.425342
88.357478 96.398395 19.059597
14.299429 65.824499 20.350795
84.241518 43.151259 18.783170
47.256391 91.037410 15.981426
81.170611 66.421985 16.135689
74.001347 82.736476 22.340981
13.359035 53.339171 17.240405
22.498902 39.221356 19.833087
36.202700 94.637262 15.757029
74.400710 32.370866 20.975861
37.777868 73.150116 16.807406
9.809766 44.839408 20.151153
37.029447 15.234602 19.745784
37.509920 56.769177 18.014255
56.216636 52.811547 19.368089
72.793609 65.504658 22.487654
44.671992 51.540176 19.095035
59.750610 62.650660 21.618970
16.697571 86.532036 18.131591
43.351494 15.156589 18.851512
95.367276 5.071250 17.230546
22.389860 53.691389 15.417098
80.204460 5.809375 20.247530
49.030633 60.514161 19.906523
20.579083 6.021812 17.778814
55.455032 55.911211 16.663250
10.311682 15.793234 18.262175
98.713969 71.574496 21.870708
60.601067 89.280120 15.091754
2.966086 27.409219 15.555133
89.410902 11.393531 19.203416
90.849779 49.634124 20.760107
56.440104 17.476098 15.411292
1.101940 19.329306 21.353602
94.383826 78.049935 21.672891
47.608106 93.259783 18.570255
51.963507 16.335668 16.433638
72.856912 61.050540 17.686989
24.945582 72.783236 20.478377
59.649004 94.863160 21.404478
27.444158 97.065334 20.738299
9.811542 40.363885 21.838679
98.999787 12.176316 18.908128
74.744025 7.810841 18.616781
41.624952 61.367679 19.285905
65.393146 78.212064 17.688235
18.545403 56.546756 18.149411
97.599195 28.951917 19.396165
51.388948 46.953100 21.445670
97.149413 87.631576 21.588205
88.121777 36.643656 18.369361
67.878742 65.298347 21.202595
14.290926 21.348403 19.991614
58.516905 0.823329 16.721574
67.510925 18.116986 15.577711
84.095544 66.402758 22.043685
72.193256 15.047098 20.657384
43.475563 68.900433 19.082733
86.509522 43.090816 18.843572
87.577552 99.190226 18.423468
88.748223 78.406665 15.232338
13.886481 0.558695 20.161784
8.224622 31.431005 19.813924
84.523779 85.999643 16.844093
84.077992 10.772663 21.111731
24.246678 57.248524 19.145527
24.182930 45.181771 15.559247
26.626474 59.046870 22.427747
45.170646 11.257355 19.897246
47.210041 0.165180 19.780899
16.729676 51.576138 21.948866
4.809292 85.301323 21.642505
50.815865 91.823808 16.298399
26.150917 25.603629 20.427411
70.884116 5.243950 15.042154
63.618707 46.599772 19.648989
53.362813 73.392354 20.419196
58.690082 66.372082 20.833115
14.991232 80.269702 18.711052
60.027929 97.414275 16.947427
39.796588 62.515399 22.261264
5.791281 83.020709 16.668170
62.390596 28.286253 18.823777
85.968704 34.054802 17.737493
47.362307 41.873149 17.097183
67.366988 77.874525 20.950532
76.244043 61.873894 15.719781
38.134390 31.698199 16.289271
15.220186 59.559680 15.380141
83.010619 0.566615 22.349083
65.328560 77.978892 19.465569
39.814091 37.344945 21.145475
99.713953 70.693142 20.612011
57.836678 74.731369 21.763500
71.048476 26.630619 16.662430
0.416643 67.484818 20.922669
82.402398 51.398373 15.086548
58.117345 11.732361 21.081434
8.196569 57.487033 16.772320
93.651356 87.202598 16.757659
17.771220 86.335497 20.304786
92.270407 83.311929 17.123603
23.035649 42.866259 17.329421
48.426587 73.050887 15.399404
99.583875 43.618746 20.347870
74.619088 12.818349 18.782734
92.441488 51.533295 17.373804
50.351080 87.005330 22.164733
44.768458 24.278136 16.129297
88.655871 86.977443 21.442209
53.894155 54.806543 17.219944
86.658333 9.181290 15.236747
75.026852 95.399443 20.487448
76.642580 40.811936 15.363194
99.235489 53.689473 15.256523
19.136121 20.872481 16.624566
39.679089 36.037870 18.510086
44.077177 35.666743 18.551852
97.359018 56.328162 19.331697
9.654521 63.209555 16.690678
96.304298 35.365503 19.206469
50.987961 82.306561 17.004331
66.675560 0.182003 20.222692
2.785185 5.662022 21.454265
69.760456 66.517539 21.261466
61.183105 65.746240 16.122669
23.209343 62.569431 17.775379
51.660311 47.528280 16.963379
44.459005 23.093198 18.232943
91.515638 8.367923 20.168673
89.396293 69.055398 15.988648
98.864355 35.338448 21.593184
95.897242 13.277354 16.720150
72.584364 90.275378 21.062462
95.700508 98.482210 20.865792
78.337575 22.482687 15.868485
4.270493 71.582299 19.593616
4.812215 58.381748 16.790515
31.730832 56.748303 18.310491
85.441524 9.017202 18.602023
92.201381 4.805333 15.256971
73.146836 2.976786 18.381182
92.160931 19.990353 22.101987
10.514366 44.360669 19.360824
0.553485 72.497349 17.181957
20.362268 23.585558 21.142756
29.512823 39.651916 21.855610
93.622614 20.764113 15.415620
21.455373 14.887504 16.534686
41.364322 57.852449 16.371163
57.065381 14.742140 17.168818
36.626625 21.430252 19.679075
76.382987 8.899036 21.260929
12.028441 35.414283 15.847988
5.272626 23.771341 21.786506
82.270881 16.838884 16.518626
85.252044 91.332913 18.919063
78.325474 86.844771 22.470485
69.813388 19.794417 19.987265
74.861315 15.452955 17.532588
49.593320 58.929236 21.488564
44.521334 40.889456 17.963960
86.416926 85.766925 20.056809
73.507105 14.925943 17.795946
93.891566 43.258653 22.362469
6.909228 9.016990 17.708289
70.335571 98.812906 15.926362
79.720586 69.456961 21.285777
77.031892 98.662903 22.021590
52.244302 68.300224 17.200980
62.672507 41.043902 19.167015
82.841528 95.026811 19.286226
84.511298 93.854526 21.191051
73.157903 49.719919 15.598732
17.092638 8.592319 15.876645
3.702445 51.241832 15.903624
63.952410 26.167430 17.178273
98.160713 94.518620 18.681838
33.009242 61.890788 18.119597
42.168905 17.385787 18.039612
33.082944 55.497118 21.907315
94.359391 86.897678 21.462934
46.840561 54.912564 17.081658
13.808681 6.775358 22.479407
88.160245 39.180768 18.345764
97.243061 82.030335 22.419994
38.501739 13.566155 22.124980
17.789901 58.506680 20.170898
97.687490 36.054917 20.811028
80.131499 36.675713 15.543550
66.330169 48.420830 17.843632
24.882511 44.956227 19.270617
16.699213 20.340566 17.810468
4.370753 91.046911 16.657117
9.328979 56.323205 16.321721
7.638919 97.801296 20.339036
38.136183 57.872822 21.183284
24.236533 45.345470 20.384627
30.584097 96.245132 17.241176
58.411980 56.465776 21.468746
47.470925 35.035378 20.987116
66.885788 74.403125 21.730182
61.186502 13.858285 17.492775
17.009878 7.861241 21.510493
46.211391 31.475929 15.363556
41.186088 43.923279 18.967502
45.406414 5.365741 21.568332
98.129517 82.228083 20.459671
62.948127 70.042592 16.629528
19.543463 34.247314 15.363093
36.782139 8.662890 20.178561
66.633564 24.194731 22.376281
90.682419 79.245486 20.131351
37.829500 39.286072 21.786010
37.143687 55.078149 18.652462
56.801878 98.442551 18.764360
7.183668 87.414983 20.637051