31.485186 48.009035 16.819861
13.177922 57.199371 17.891533
18.532026 88.852983 18.029224
98.459864 51.347985 16.640833
39.952413 91.430600 18.623288
44.248554 38.709327 21.529156
48.775274 5.614844 15.946738
23.105692 71.346602 22.159328
5.176310 40.995659 18.449790
64.835488 44.391715 19.374223
34.536932 11.167759 20.228129
27.104207 58.023858 21.178300
18.344803 37.524987 22.005905
65.773226 98.662213 19.451121
9.049891 86.705096 17.218530
32.468815 44.815474 19.333099
53.208762 5.426609 17.333756
92.845236 4.640085 22.478590
75.699601 79.077516 21.709236
13.953774 45.343151 18.427805
49.336088 81.253647 16.474859
95.075850 29.071983 17.637103
43.520093 27.562945 19.356853
91.356167 3.415895 21.739317
68.762678 22.237673 18.813899
57.129440 49.324472 16.382171
33.081837 93.694167 21.444079
80.781803 2.684675 17.103348
66.276706 98.386621 18.024762
98.272761 80.320180 17.320838
22.637563 53.649172 16.102267
69.485735 38.006494 22.396923
40.614525 32.881970 20.643824
64.447151 19.257770 16.955316
75.787501 62.836157 16.518517
6.056723 32.865180 16.296324
17.050256 37.121659 16.686206
83.623293 89.817107 18.975093
80.287005 57.694054 16.630651
23.650981 51.805664 21.560525
99.569445 15.299191 17.636013
34.787394 22.118609 18.440103
23.668914 68.202709 18.033627
18.636824 14.952225 19.255436
27.194290 10.076971 21.874905
97.071965 0.981986 20.456293
94.836030 25.382428 15.571175
49.777304 19.895319 19.859555
2.319635 34.070764 17.966374
17.450137 30.360913 18.760976
58.757268 67.190003 15.991954
55.495102 76.826582 15.629346
67.128791 76.077862 21.727074
24.761456 77.585333 19.890841
39.961111 87.198467 16.861935
35.382067 82.350302 21.076575
35.663951 53.353739 20.688309
65.337069 93.315788 18.306706
41.123418 45.391127 15.607661
1.560513 72.437299 16.047101
12.433582 55.669178 16.409320
21.656477 1.271718 17.464290
7.500498 8.369924 15.086616
80.949164 75.126815 19.183257
84.200152 71.874724 21.367077
67.572493 34.249739 20.212586
52.067535 0.387386 17.164789
3.188590 55.287207 19.341339
48.069495 85.534754 19.582350
12.651944 40.414456 16.308724
75.869265 67.044655 19.864269
16.014076 24.345569 15.445010
96.687099 38.236533 21.360691
74.392102 7.298006 19.870592
22.934875 92.335114 16.735906
85.382755 67.798553 15.318729
15.316613 99.319763 19.682886
48.480437 50.568439 18.023256
52.940126 57.888623 17.527063
81.789835 59.028065 19.676842
21.719871 43.650420 16.313860
76.940753 85.980291 20.302550
93.814548 89.440673 15.006125
82.654178 53.061224 16.592639
70.049000 72.660080 20.430110
85.530152 89.001562 22.464814
77.400986 74.284465 16.682251
69.577808 97.605271 17.961046
2.230873 21.189820 16.136191
34.566439 40.448258 17.936361
70.335387 27.363131 16.217145
59.347717 17.469238 19.573014
62.115421 91.096961 16.234336
23.534260 92.160385 15.825260
41.832947 86.495905 15.926468
25.114709 10.323695 19.510169
76.353280 64.922160 17.580238
29.088461 38.011931 18.210127
54.197514 50.080744 21.688262
33.326546 75.875678 19.431265
1.165582 81.327258 18.549901
41.563793 25.543319 20.774574
23.740164 38.800814 15.872274
26.259209 70.130769 20.554591
1.250151 48.247113 21.522691
86.519216 71.355348 21.804653
51.373045 88.619798 15.200554
30.295136 97.024585 19.177328
3.419868 62.293091 20.488370
1.920827 23.025352 21.331146
28.156007 5.583253 21.583727
3.873245 31.867433 18.173333
18.721474 73.546046 20.346278
55.225179 80.920214 15.448085
94.323193 36.054441 19.629732
47.368038 96.651115 17.075839
42.955980 6.618871 18.943674
74.878378 75.111006 15.609129
28.695545 94.532231 20.790025
28.246070 46.437762 21.011209
69.960674 89.197705 21.089953
74.358058 74.131886 15.115928
68.543957 97.017354 17.719032
46.411951 10.394172 18.813731
74.452174 93.772599 18.768498
77.345258 43.278743 20.863241
14.255803 56.741523 19.522891
27.829108 81.991812 19.891088
38.782625 4.817879 18.823317
18.501828 80.296204 15.060314
63.017617 2.051150 18.914984
13.621078 61.150806 17.243249
76.985239 93.211079 17.358829
32.619589 7.384558 17.819214
43.185453 78.799581 18.549078
98.629638 99.151085 16.629402
11.248995 27.442872 16.363130
1.557267 26.492840 19.898557
41.641576 50.833927 19.254251
14.430651 30.218142 18.314776
66.015473 30.188529 17.947006
74.719229 93.693532 15.170605
98.990197 81.965473 18.930701
64.994451 39.720735 15.239512
15.644809 75.892694 16.493529
57.247058 19.799287 21.402179
76.768158 93.195481 18.046075
50.847165 87.862554 20.369588
74.490400 38.770022 20.705283
7.076314 90.167694 16.717022
11.585528 63.913455 17.992190
98.340785 71.769253 22.282280
52.855862 3.005739 16.189940
96.228303 39.602550 18.418085
45.226628 49.773052 19.987166
88.506492 22.147612 16.709194
53.943249 2.674171 15.242184
76.921407 26.485795 19.764042
60.870642 4.812925 21.866465
98.848705 18.919485 20.510224
4.848827 30.381779 19.413370
75.233413 94.303143 19.004742
21.482690 54.160335 22.132926
7.644790 55.270571 17.643410
37.673217 99.293305 16.070007
4.281157 93.807857 15.563707
39.553017 82.152139 19.430666
70.787196 23.775973 18.290803
39.647643 73.296058 20.449140
22.385745 13.395841 21.615187
46.868518 49.818137 15.530366
24.754668 57.589244 18.355488
73.049913 97.538932 19.793150
66.256054 19.336040 22.387455
54.089525 73.188223 22.404120
4.119043 79.792290 19.191881
72.894408 47.072906 18.365436
19.502951 97.899845 22.103346
47.865123 27.928387 19.487904
24.539339 73.017706 16.472285
40.201314 53.358039 15.984655
83.619438 96.671847 20.147092
76.230452 84.153167 15.278813
64.900140 89.731085 15.227786
11.886836 91.690684 17.882038
56.113803 64.137118 17.632490
84.749072 53.698408 15.480574
17.125928 4.137415 22.392368
65.297437 22.922622 15.411944
75.751562 66.124979 15.667337
74.522565 14.532530 16.459447
84.725724 66.520893 19.338336
86.138165 13.394998 19.744293
10.680027 37.020748 15.441128
34.905257 1.416995 20.429734
2.691527 86.672334 22.460619
40.305744 10.593498 15.073171
80.419157 24.964476 16.959154
95.148754 85.650467 19.850211
45.804445 79.558597 17.746449
28.348471 37.682045 21.385554
54.285798 2.345291 17.146695
16.033583 20.972699 21.267594
88.762367 62.794471 19.857491
82.987315 39.310101 21.719465
78.279239 43.118901 21.549720
11.603285 30.233464 20.955976
26.172986 3.406568 16.868216
68.282365 81.280420 17.412077
21.005391 85.579919 19.237994
83.286135 10.001738 17.071321
12.450153 56.190323 16.934101
83.579976 23.710285 21.725388
41.689879 58.522561 18.267879
77.495533 57.828644 22.083323
53.328453 65.554815 17.037091
24.017683 24.895328 18.308417
28.910733 28.188685 20.668713
54.368005 32.300292 17.951846
69.005183 63.964042 21.064286
3.011185 89.166946 16.388550
15.361331 15.989610 16.417420
65.300483 27.048745 16.960685
43.775917 38.249254 15.066433
44.292905 73.393824 16.387266
81.928063 52.714571 21.166080
94.080043 87.457308 22.167886
52.901763 42.004154 20.712135
18.666128 84.589111 22.248975
54.722045 51.478958 16.761575
22.868304 81.983012 15.942992
64.901984 53.525342 20.158394
14.749012 21.412651 20.448237
53.005273 6.138319 19.971830
25.860039 42.631494 18.212565
56.245650 92.809755 19.325246
67.668196 95.302199 15.438543
5.510473 94.006518 21.619000
27.374686 6.564181 18.922433
83.230860 24.828183 20.982878
39.232741 96.910052 18.143056
25.811578 49.041097 20.125323
13.465221 73.662118 20.424282
17.621483 54.097841 21.809845
22.285332 51.986109 20.337536
50.377338 34.093018 22.169905
64.597977 39.671792 17.825928
54.188503 33.308179 19.750223
58.813568 66.267877 19.528690
5.623593 19.338044 15.053845
14.988484 69.374015 18.867323
26.856343 49.694432 21.567750
57.169413 89.749131 20.127593
31.184676 61.468597 15.778715
6.211610 61.291876 19.298255
47.996082 1.453842 17.447502
71.060327 35.048996 16.637763
37.871910 88.564059 18.413727
0.127849 17.463900 17.210461
58.883151 86.217217 20.249224
37.891875 80.894593 22.086848
92.439619 55.293707 15.193335
54.096278 63.212631 16.243385
20.132333 92.170463 18.890668
98.210622 6.625113 17.427251
22.242872 49.035059 15.472902
43.237527 64.823970 16.315329
22.736306 76.385620 20.035665
69.551083 86.619804 21.308022
29.983099 16.229236 17.290980
49.265233 25.640315 20.772424
77.966840 10.518902 21.055810
72.420903 14.207829 19.482870
47.718049 26.715604 19.000144
26.409391 14.068555 17.466353
8.864916 30.027857 15.193157
25.726762 63.435033 16.653229
77.197152 45.770518 15.704199
6.247989 15.510952 19.455498
18.478866 20.561938 15.001473
67.924682 12.020227 19.627442
73.751368 91.123909 15.806006
61.016155 27.932059 15.783422
72.428347 21.929145 19.886019
56.845716 12.971105 19.685296
10.489528 22.812221 16.670453
8.269267 13.413378 15.856436
47.260141 15.354708 20.183370
70.048687 45.884333 19.727954
85.460763 12.605154 18.425963
23.302875 21.955887 17.786977
0.536621 7.310854 21.169408
52.190373 18.616783 17.471200
15.051921 74.158157 15.168144
4.469716 56.932448 16.625253
51.146087 11.866327 17.840474
49.770279 44.203732 16.714549
73.186584 80.052902 18.477553
87.417102 4.940123 19.592376
0.188270 15.253300 16.750478