79.355216 16.591660 21.450660
41.290713 86.038996 16.833182
53.255574 66.176636 16.984968
45.599016 71.922513 15.123950
19.011253 18.617331 16.986515
98.350811 9.247828 20.994089
75.395924 66.221139 21.894367
90.320176 2.970494 21.559067
67.193249 71.237532 19.132104
61.871309 51.843958 18.117593
54.166596 90.013460 19.708659
76.732012 23.228762 16.863121
15.253474 33.691849 16.084660
50.108001 21.277049 20.886467
1.335969 29.433072 15.209126
51.806488 6.435218 19.085989
7.233058 7.101278 17.995657
36.467274 95.071185 21.666962
51.990951 61.664905 20.786825
40.181156 52.153662 19.520130
10.677278 66.526894 19.743433
63.452844 30.949144 18.728287
40.661689 17.449688 18.489108
45.429051 70.971093 16.157076
92.685928 30.481890 21.703654
87.237215 54.268694 22.284034
84.039458 78.155824 18.929234
52.513253 27.118950 17.069581
30.106135 15.208054 17.976375
80.843325 97.393023 16.733088
27.878983 30.751568 20.698011
74.597703 57.467443 21.767013
59.193511 71.630634 20.175541
36.488173 94.318872 16.898072
80.244366 40.892210 16.423735
27.764252 10.350448 21.272296
43.851478 23.726085 19.958736
88.630178 79.030676 19.571641
90.837738 84.273780 20.782499
61.738319 81.523891 15.806788
36.368640 87.711703 20.650636
99.461371 11.086115 19.458640
94.762052 94.182971 17.008709
62.168320 23.129851 18.570567
33.378259 95.905724 19.762413
7.771804 76.903427 17.138699
91.811683 72.700664 16.704697
2.782786 23.065437 18.806141
44.896054 98.230361 17.995526
74.923587 78.492659 20.954492
68.994669 88.712147 22.178050
23.345323 51.067641 15.034170
86.411234 86.144092 20.340465
53.646113 45.453539 21.037706
28.120623 82.622816 20.595530
89.094205 41.363480 21.906985
89.819772 94.348506 18.800652
40.863096 86.200927 21.806337
50.012546 94.464423 21.891010
23.913422 79.610037 16.208543
47.421139 95.921786 17.221260
7.478894 66.452493 17.242343
32.278397 78.252047 20.431161
34.120186 27.213183 20.796611
31.101168 42.964943 16.835997
9.981377 43.774385 18.513973
15.982464 72.235643 20.435966
45.374988 86.858862 22.036733
3.391565 75.129353 17.344227
84.773607 96.114526 21.620449
23.312059 58.601567 21.839525
66.123178 3.177161 22.192557
39.162087 26.194743 17.014509
17.580749 91.565475 19.253887
21.801635 37.404105 21.447652
69.731579 12.518286 15.539776
0.739243 69.913146 22.070761
25.366326 13.923304 16.619852
0.993364 79.469764 16.116213
91.407607 79.329845 16.230159
48.166794 64.274851 16.845333
26.936362 22.472944 19.819227
36.744698 33.726058 15.664889
37.187954 40.176127 15.395597
88.405477 23.406770 15.721150
6.496916 31.463532 18.392372
71.816993 30.563598 20.086023
48.797993 57.770892 21.693354
90.736654 29.283866 15.717045
79.485847 71.537713 22.488462
83.693625 13.555047 21.801466
21.264779 9.841582 21.221442
1.271546 17.824412 15.664534
21.831437 18.769071 21.089391
16.397688 32.721142 21.208748
39.596048 92.348848 21.013942
1.280540 18.936341 18.817344
22.602412 95.770283 19.261827
89.730647 36.377081 21.885791
98.196650 32.641937 22.095396
82.283675 72.493331 21.862242
96.606455 38.610735 17.552376
62.481804 10.299269 20.909429
49.473652 81.324412 18.079995
66.835124 56.512880 20.004974
97.173121 56.542580 21.437205
59.479950 9.266954 20.828329
79.837970 40.731453 19.431727
18.974929 38.696380 16.346946
79.930542 53.077655 21.108988
93.431421 24.752198 18.515851
93.540288 6.069314 16.175730
97.607734 95.855656 17.617274
68.385029 97.425122 19.762093
66.626592 56.101699 15.881508
25.446685 65.715718 19.527785
72.531449 79.693608 19.093123
25.169253 83.766496 18.455381
5.265133 97.813978 15.590981
83.138265 31.310324 19.023667
84.268114 27.878189 21.239644
75.268279 39.999979 17.152764
92.248810 85.278910 21.827291
33.499898 17.120697 16.436318
0.004563 47.650187 20.268030
73.832166 5.932902 18.488253
84.845069 94.856115 20.228007
18.643380 41.777575 22.125517
42.009611 77.702326 20.797195
79.124509 51.934938 16.939297
81.029204 33.815970 19.682573
14.129312 94.994781 18.267070
55.631502 79.904714 16.512771
42.294362 91.031254 18.169652
48.701787 94.263758 19.339054
4.635583 72.206510 15.228426
11.580703 58.813984 18.418315
41.330663 79.246313 19.707632
1.569441 41.835121 20.449405
39.259474 42.786111 21.289673
84.260063 57.893416 16.691734
14.118109 6.419903 17.313687
45.151830 74.799514 21.507881
51.803488 9.456578 20.597298
28.192119 9.666636 18.208334
77.172845 35.796107 16.659891
38.586854 38.802982 17.835433
52.820945 98.818680 21.308537
58.262846 84.069550 16.205083
84.823773 71.453200 16.965694
10.453737 90.241051 17.039178
3.802618 90.086264 22.359741
0.538058 81.048179 20.683203
91.061486 29.926007 17.091149
36.159690 98.155093 19.628330
82.033690 94.601286 16.688768
77.320851 71.541483 15.421633
56.948306 93.448936 22.236163
32.437626 52.519718 18.061016
82.774849 57.472256 20.392039
5.213715 74.787854 18.722607
28.787265 85.434134 18.982996
24.650229 22.181792 18.561418
45.221657 49.232144 15.462041
73.374879 53.232998 15.596661
30.761974 29.694213 17.092224
11.584678 84.059859 21.512329
34.043212 91.615006 15.174666
43.102548 36.475726 15.263931
88.968055 62.689053 21.895130
77.834948 15.618341 21.252384
56.679209 94.120762 18.470297
74.252371 99.704492 16.621653
14.630139 71.167299 20.356749
31.794965 83.409894 19.311088
96.703616 87.946467 18.813934
46.187306 84.161183 20.980899
54.412340 72.272750 21.337833
61.513739 1.264872 20.278432
12.467567 62.681495 17.970736
85.155666 0.125790 21.582943
91.660346 88.308097 18.096547
23.514286 4.607256 19.267498
66.624799 74.524447 17.163948
84.075818 56.042796 20.418920
38.768456 8.386692 21.734451
64.730288 66.882926 17.842428
67.962416 35.847244 21.437779
67.264840 70.409767 20.169028
65.686104 57.758428 16.690579
23.318675 10.100268 15.956667
29.081249 14.218907 19.625733
15.894142 50.462106 17.293929
70.050949 75.735094 16.972758
91.904815 48.805344 21.650766
14.689531 53.263374 20.765830
77.857741 40.094860 20.487050
7.329662 21.042828 19.946793
84.514600 57.975808 15.744951
61.574605 58.326301 20.259191
92.365735 78.184577 20.646932
6.695103 63.440926 16.425585
38.710756 86.685294 19.168396
51.975431 25.091054 17.314164
85.520617 21.032402 15.254490
60.953948 15.519264 21.023354
76.549893 57.768274 19.278598
43.501125 24.157124 16.184390
76.329314 50.299478 19.652959
15.723319 6.424603 17.154733
66.105664 57.404427 22.085604
60.565751 17.027469 15.262534
91.001999 0.656801 15.735511
54.715262 93.596515 20.760522
38.407360 10.871730 19.145562
66.017573 73.329948 18.156416
36.167758 35.103603 15.558047
49.800625 68.116144 21.038948
62.069059 44.886727 16.670130
53.680983 98.223367 17.123854
34.990543 17.569991 21.197011
74.305593 92.142616 20.986320
28.777163 38.686947 15.443959
46.198973 12.272730 22.038768
99.081700 14.071967 15.172050
76.020319 47.937029 18.943995
35.719589 1.056720 21.461640
55.681596 25.747483 18.981138
4.789361 43.054699 20.170470
10.103146 29.558553 22.198527
9.422510 51.406469 16.628798
42.240881 37.663453 21.190495
72.979890 28.659184 17.052055
94.941812 70.224290 15.310199
72.472062 11.277777 20.583975
27.946269 70.014191 19.606927
0.807488 15.356835 18.188069
5.101339 93.683645 18.842791
90.878170 8.071152 18.982668
82.070723 90.200069 21.447967
50.840588 28.709173 16.345206
50.934168 70.763308 22.085266
13.930614 51.426175 22.496114
51.408192 28.782658 16.699936
15.235475 70.133559 15.049675
42.157645 39.510113 20.428818
28.866604 7.672955 18.419581
52.435566 12.358542 15.165058
14.584806 66.707330 18.766364
44.220375 50.916939 21.958820
25.275505 36.177049 18.181848
80.926158 48.642063 18.921930
64.759753 2.164800 20.656267
86.577146 19.788966 17.806374
53.595405 57.700510 18.324742
34.713050 30.606883 16.603621
62.336493 41.503662 16.182817
33.966470 5.011060 18.346804
63.282408 63.227502 22.153335
8.573935 90.146668 17.072221
13.781151 42.443783 21.405926
59.292902 85.309241 17.364779
57.618440 72.516852 17.722241
82.395626 29.259519 20.324475
55.754069 63.241212 15.059041
3.392529 51.410341 18.347475
47.705592 46.128895 19.571707
39.378015 48.464887 20.413506
92.536729 83.965243 18.618727
72.763111 40.638105 21.177726
82.581588 37.971076 16.193978
93.773919 21.146579 18.913568
53.826916 19.297779 17.398951
95.041261 49.327746 18.839823
24.956433 50.696318 15.190698
7.697957 56.783553 16.579525
35.276523 91.661392 15.681800
44.024217 18.831971 20.088573
82.956122 80.809088 19.877912
32.605697 64.631988 22.429934
42.970944 61.236784 18.207133
39.711981 49.014548 15.331698
98.721807 25.020022 20.825564
63.661626 14.927894 16.715934
40.561510 75.236878 20.366887
61.504598 90.959761 20.561356
0.963511 71.834740 20.662869
4.830426 36.534219 20.051786
73.252541 7.164909 21.139408
50.481981 91.071900 19.711547
19.096181 60.313064 21.996088
65.696273 32.720609 15.171856
7.263339 4.963508 20.817124
92.791748 5.700225 18.780201
44.740647 41.782126 17.568053
94.106824 35.704879 20.962042
61.413992 25.393436 17.657227
86.354401 8.055371 18.198766
79.940131 5.015435 16.576983
74.770488 49.056964 20.417570