3.193671 77.506154 19.083341
80.826803 33.900739 19.407430
5.779468 42.023494 18.346220
45.821289 39.932633 19.766026
27.521382 85.855761 21.739941
23.812852 63.592311 22.313968
8.011543 33.890868 17.711882
92.854766 53.104398 22.174064
98.796112 3.996733 21.123036
55.228394 74.798907 19.403356
28.833839 63.533596 17.978204
9.051654 23.329479 21.710335
97.687605 31.174890 19.701910
66.400953 75.478692 18.626784
71.274429 26.672139 16.458891
0.666563 67.804990 15.228040
12.613447 45.434765 21.783232
89.941660 32.786273 22.020487
11.515573 89.517184 21.529506
9.584788 9.292109 21.253415
24.506768 69.805110 18.305172
43.443316 68.870682 18.249306
31.685041 91.174098 20.850845
27.898479 82.904825 16.392039
66.702413 31.241408 18.915872
43.063103 39.939567 15.529380
13.258622 19.375255 18.415353
21.638872 37.752500 18.806485
26.326028 41.773461 16.676495
82.827989 14.012996 21.323742
4.970264 18.119465 15.145517
49.021758 99.783161 15.360514
91.965156 35.517010 19.658231
87.759625 83.196947 15.342103
34.636363 53.240004 22.342471
31.783514 94.577077 15.074239
44.682157 51.418443 20.439400
25.594468 71.163323 18.035662
53.334564 17.866006 20.574260
88.201534 20.942437 16.549837
35.387899 8.285956 21.287738
23.858518 47.774946 16.137948
91.068472 20.595603 16.985399
50.860815 59.896672 15.185133
21.577196 39.933377 20.849862
22.053687 80.417767 18.929201
24.242565 91.186287 18.513895
76.843899 0.474481 16.681606
69.159143 49.338263 15.253638
97.848057 88.008506 15.462354
11.408627 67.540309 21.659640
57.938143 21.591902 19.676371
64.448854 66.563847 15.804285
28.924362 29.700978 20.201151
10.998556 83.453336 20.237905
70.142550 41.105684 18.405909
63.859659 71.758729 16.785860
33.656917 32.574453 15.727952
26.657180 88.423893 22.339799
68.449904 74.928865 22.275834
63.354021 66.029730 21.925159
39.863177 7.417314 18.881294
6.036868 98.370916 19.085385
47.473712 32.513159 19.661455
40.194593 64.250690 21.236937
62.985270 80.833184 18.851571
18.939853 79.943394 21.755739
99.188440 87.312221 15.970484
71.099033 36.461036 21.111351
74.483176 2.963290 16.383837
88.975852 86.344941 18.737552
19.200230 61.822393 19.155971
17.788382 82.041378 19.856834
69.503836 68.532386 15.658437
36.592262 31.482732 16.057807
39.541705 11.984298 18.175156
35.839597 43.392926 21.334903
85.091322 52.055939 19.431591
42.743995 77.050616 21.426686
47.351364 97.357191 22.278967
58.001370 8.523155 17.552290
51.409314 64.076527 21.509511
96.475424 84.414334 19.364208
36.354871 86.811273 17.992008
26.846854 96.405948 20.490020
90.738858 39.326561 19.325477
87.328485 85.947057 16.573790
47.056072 44.516806 20.457516
60.486591 59.128882 21.578578
58.733528 95.705116 20.462013
58.826612 97.295277 19.962616
57.830481 34.262771 15.357555
33.373532 32.859653 20.420690
29.222176 83.284853 20.211047
89.375295 74.270784 15.015246
69.822145 54.517528 18.321878
12.563477 91.205474 15.895148
92.848787 74.531392 15.369786
89.607375 65.394110 22.002519
12.872460 80.398368 19.416451
7.890035 72.812487 17.154762
46.151587 5.755260 21.159988
17.115182 14.809325 17.802464
55.479446 94.474044 17.012703
52.667653 46.608892 20.798860
75.501053 33.055002 22.454420
8.497135 54.406356 16.611699
62.298046 48.622929 16.275405
75.213675 47.358283 19.422762
42.702243 33.137329 19.935566
22.623853 64.052361 19.859471
23.289310 16.838417 15.768630
60.794180 63.284738 19.069349
80.997508 1.312685 17.905220
77.033598 34.379585 22.331951
65.440447 83.666096 20.554105
29.408497 81.247938 17.700514
35.868816 93.543418 19.543555
82.438667 5.792061 22.460479
95.074805 95.521405 15.760728
58.949080 37.841646 17.946600
13.992654 44.681971 22.276052
54.710277 45.630821 22.034395
10.135295 82.751778 21.877558
71.747607 21.792460 20.732323
34.042776 51.422127 16.669568
36.770063 47.227144 21.132665
89.075425 83.525490 22.441168
72.364422 61.607958 18.520033
36.795771 21.881781 19.179609
40.931268 96.626070 19.686195
45.435300 74.128390 17.839773
19.328889 73.582859 20.729014
48.153422 68.684295 20.080164
99.231306 18.737000 19.837133
2.972178 82.010490 16.392599
84.924472 64.089443 22.214292
72.823571 5.663467 21.663828
99.230282 32.664775 19.780128
0.841352 89.021861 19.410562
39.662970 37.852401 22.046345
26.668148 82.180094 18.558346
37.120945 22.091368 15.278172
56.621404 37.115725 17.224117
80.190120 30.420073 16.433955
59.456559 23.710201 20.049857
65.128676 5.284401 17.340931
36.887381 25.808764 15.912439
62.483832 58.051438 18.213687
8.340050 28.275997 17.724472
49.313822 45.678418 21.237898
58.059217 55.954526 16.497706
61.312391 28.088078 16.904450
1.966613 45.000105 19.339384
1.303062 96.420377 15.046318
69.053232 75.464974 16.623189
21.823004 57.026105 17.278662
42.400204 95.233827 17.984620
50.116423 58.176491 17.038069
16.503358 94.307242 16.292400
6.260600 50.924396 17.570291
11.645258 73.567557 20.496080
30.750529 67.443915 17.505721
15.465887 49.310025 19.246910
19.715989 4.762603 19.464926
75.124742 3.486532 16.455587
74.890898 40.192046 15.880900
3.827304 55.063638 21.930470
73.228824 4.886568 17.312619
13.234527 36.047361 21.841101
41.145531 69.158853 19.078017
62.048400 74.222770 20.032153
53.527752 57.420317 15.224841
39.180595 25.097697 20.688374
11.465679 93.260139 22.313071
29.145249 11.382742 18.421273
53.878403 82.477357 22.154765
0.520570 5.530206 20.146354
38.266353 2.707228 18.775769
63.307948 25.870931 18.740312
15.378178 81.073755 18.587944
44.043204 10.891097 19.083093
38.494457 88.737966 15.857509
28.262959 4.243375 21.450561
87.415707 23.076304 21.067924
17.341194 39.192890 15.248005
43.244051 22.994395 15.782568
16.244984 69.070290 17.940345
8.567987 21.791823 16.858604
57.636410 56.937036 17.466047
38.184718 17.934136 19.402934
98.863355 75.513815 19.117131
21.472748 6.271051 15.335724
26.432970 52.494619 17.131770
76.397609 25.644791 20.522338
26.631424 74.310307 17.628954
45.497607 82.026977 20.600393
69.771931 10.182740 21.479737
39.244445 53.676282 16.363882
2.703861 38.345807 18.082968
5.957248 60.486045 17.276338
43.494637 72.089810 22.453751
19.270606 98.680796 18.052620
63.610203 22.996588 18.265274
74.814909 12.476251 18.065009
35.487185 64.979798 19.515883
57.488366 15.389535 20.187508
2.180732 52.128827 16.965282
5.851257 36.460845 19.297897
85.301192 68.615499 18.153875
63.266673 49.213459 19.234737
45.230251 81.455028 19.590226
51.542602 92.958156 22.119148
92.497326 28.299789 17.714558
44.768225 73.663100 17.537803
88.482090 62.742895 19.471719
7.433570 62.759952 21.274830
6.535642 85.343922 21.830157
48.192745 88.696643 19.508272
10.333573 17.509137 22.494601
34.723641 42.722699 20.978374
6.513268 73.117105 19.237831
95.632385 17.577301 16.245603
38.380780 90.892570 21.243462
13.207964 21.469683 17.178313
98.362163 1.699818 20.466447
22.094627 27.605614 19.053405
69.011176 99.486202 20.825730
29.402296 86.968161 21.305428
23.716442 56.740390 21.279814
47.933340 67.792983 17.694272
55.716743 57.208162 15.416666
38.263015 61.295696 18.602173
40.073325 0.063167 18.427668
50.034238 81.511168 18.506831
20.934301 60.930856 20.989467
72.492934 33.942845 21.091826
62.866312 33.838157 16.188748
74.245308 20.807117 19.432147
25.961182 24.571920 19.524673
64.699714 91.426112 18.431419
72.916318 74.058762 17.248227
21.198441 32.746761 16.537653
3.527275 87.541826 16.415830
43.715789 77.443751 15.794175
60.982333 60.185099 21.985629
28.236223 90.835923 16.591704
22.195334 29.531989 19.381773
28.730197 63.785718 17.057134
57.611639 2.633831 19.132656
38.762238 18.848470 15.288214
63.619016 19.928303 16.664750
58.960593 99.674218 20.912822
43.513821 96.275263 17.845841
10.375395 3.768505 16.689988
84.582559 95.527525 21.673914
45.168817 13.868154 21.608464
1.774984 63.530370 20.429214
63.816886 84.566240 15.231542
42.453596 58.820686 18.203420
30.958941 74.685223 21.035208
48.743935 50.878400 18.173669
37.239701 42.142509 17.968252
40.051661 20.120939 18.208448
40.838685 23.160931 15.232216
93.207802 82.585027 17.211221
18.152253 35.745713 21.823893
65.394588 45.019745 22.240300
48.260587 7.353802 17.728574
38.485209 4.746954 19.970165
84.481363 65.499910 22.366000
23.925466 69.293302 22.472919
94.988623 62.417881 18.413687
64.134654 11.886337 19.587175
29.840927 32.331673 18.004825
95.621296 66.127059 18.870862
60.723457 70.426404 22.267009
30.617867 62.352883 22.057317
93.503398 85.067853 15.586189
76.144084 33.647508 22.152933
13.829212 73.741879 21.329043
74.487539 87.063768 18.395508
53.501339 0.781798 21.536477
9.060453 29.676123 17.664447
36.826842 40.885074 17.646252
76.555696 45.054262 21.004522
18.736908 73.086101 18.016869
19.954673 27.852365 19.869894
92.266727 78.936812 18.774629
74.321182 46.040040 18.057238
70.069745 71.872842 19.602431
55.872418 95.956814 21.318630
42.192636 6.785703 15.354173
11.092031 91.754405 18.040894
83.004680 85.886143 17.142718
96.567685 77.126963 21.903084
18.587592 26.480014 19.685900
17.424697 69.815900 20.273193
86.576880 27.403991 19.203688
72.332923 90.527162 17.037687