53.507957 35.236231 17.099520
93.512302 28.625807 20.492244
67.531217 88.084987 19.338561
5.950002 93.224533 21.586674
1.105764 63.954588 19.433211
75.246582 15.423126 16.831401
86.028868 90.060543 16.891665
48.955916 82.938532 20.019038
69.508110 50.380327 22.309628
18.464402 21.864468 20.354571
77.590479 59.912180 16.475101
60.059326 79.165699 17.603085
66.306289 91.958086 19.370588
98.092879 9.144357 19.831937
84.991651 39.129881 16.710911
54.691717 2.393798 21.694569
84.035934 58.066624 17.545903
35.348874 29.990046 20.983849
78.151075 95.767590 22.241354
19.415787 65.867786 17.253903
12.308970 25.451084 19.654258
52.326858 64.984879 22.443840
7.147136 61.372013 16.219821
85.418412 20.610979 15.885105
60.533185 22.247955 21.406778
97.022034 23.339084 19.875120
33.173989 0.120064 21.676938
22.795836 81.318938 15.242650
88.357810 16.393636 15.501057
30.559907 44.563232 17.675848
96.005293 5.748181 18.350615
91.480498 94.290664 16.487929
47.361959 14.293897 15.150014
31.071706 90.977817 18.710254
39.384359 44.545557 18.888773
15.697756 50.449946 21.245153
44.725459 67.330328 21.349562
61.797827 59.132882 18.743691
43.342708 1.108437 20.821124
73.032425 57.206314 18.736901
66.693069 20.238440 18.214039
31.424616 32.139876 17.800581
26.025675 7.325948 15.625507
37.935869 62.552669 18.408746
14.959314 11.366689 17.879936
78.878235 70.119853 16.268162
52.797681 55.318186 20.224831
97.681231 74.344262 20.263230
82.725041 75.433604 22.261294
30.795589 49.094061 17.456840
95.724774 76.707593 18.569410
26.329442 56.367077 21.873758
64.559846 66.435157 17.623385
29.219741 56.051647 18.550360
71.204845 71.026404 15.567188
47.162440 45.406649 17.011642
89.856338 76.165374 20.880897
63.784841 66.700330 15.954664
35.847557 49.105436 22.391629
35.483154 39.637886 21.046141
35.853050 47.872392 20.975894
66.767568 35.540942 20.470462
23.492352 80.647748 19.842353
35.577662 73.450282 21.823868
74.591598 16.328762 19.137049
98.354623 3.455440 20.519312
91.361620 11.336912 16.237923
10.075092 27.425227 18.920778
76.098416 5.957090 18.342220
64.550016 86.150045 15.997728
99.481731 53.244172 22.451607
95.154574 97.689993 16.246987
83.158350 26.774731 19.758287
58.169016 33.359749 16.740001
59.953500 14.720660 15.671428
95.235299 67.366157 18.165676
69.412496 5.124807 16.251945
40.655919 88.495581 15.028319
33.670833 91.977276 20.066894
3.367398 25.694412 15.441832
91.977429 21.497629 17.799022
69.886188 77.943517 22.483265
9.186963 6.329833 22.470020
26.731727 71.142012 21.624007
41.992300 41.577490 21.863641
66.511359 36.900501 20.493711
84.135089 63.872571 20.859046
62.309328 40.729450 15.927778
12.502161 30.666433 18.361788
52.509371 90.338992 15.781497
89.547795 34.994027 15.203151
42.238559 47.723619 18.494633
18.515096 96.551911 18.659807
53.757382 85.105606 15.817815
17.616813 85.887941 17.270752
81.266980 75.632235 22.309567
98.079604 7.503149 17.191938
35.488448 2.723615 15.837596
91.055392 55.950911 18.620979
81.594566 10.812997 17.640345
4.111361 98.328063 16.656400
1.186395 26.762220 18.853999
52.410371 73.059013 21.391896
74.931385 81.517162 22.352985
2.325381 79.664596 18.106595
81.282096 88.647703 19.347112
81.928719 46.376684 20.670091
69.615688 90.727245 17.280101
33.705448 24.438613 17.430565
39.167012 27.924909 17.483698
39.399628 40.913758 17.566855
34.446185 73.085383 16.185999
49.975420 70.128268 22.182180
86.853296 23.750269 17.060837
74.307627 1.913485 19.572924
71.304462 65.291160 16.669213
74.080973 55.569407 18.469195
79.115526 90.137163 18.277391
21.354210 32.283724 21.086691
24.001827 30.261467 21.769656
23.633238 44.270032 16.482511
44.048993 4.173063 15.341587
76.850573 91.488668 21.549435
70.667286 92.568437 22.318107
49.668766 21.734905 16.020787
43.095878 14.529992 17.665363
73.060781 17.609951 18.275666
82.190949 31.562562 15.967209
76.288431 82.414711 15.928117
5.387620 21.880972 21.712026
60.272497 85.043570 18.094543
20.272555 65.836709 21.849848
36.651500 1.373108 21.542260
97.706455 22.639052 16.054274
46.071798 53.200481 15.057553
56.387114 99.326758 18.873305
61.347503 47.809945 20.004291
64.498008 87.991395 16.970653
3.008107 24.656286 21.010608
83.443521 63.486982 17.880469
49.859123 73.611257 18.606909
43.904876 62.357582 17.851609
9.564973 65.045196 19.549795
25.919864 65.808223 18.693233
63.344318 83.820675 18.687600
83.326511 13.283662 19.793529
86.879287 67.631084 17.219222
99.898704 50.039654 16.805956
52.377777 41.849889 16.660299
13.753358 72.599140 20.576212
31.863647 11.688091 18.799817
61.931199 22.262900 19.684465
80.090224 75.456346 18.832225
12.077640 49.090435 20.515312
54.433587 86.915603 19.282311
80.843894 45.073173 17.623419
93.093969 3.456027 19.617612
16.143538 84.099582 21.135680
69.892968 7.401230 19.043529
54.997818 95.356988 16.845030
8.436286 43.908542 15.558964
54.905413 26.832706 17.439237
84.133963 95.230095 21.435391
80.919635 89.151744 16.721071
13.306097 60.255991 20.492989
20.938228 29.269440 18.747027
17.805611 9.998993 18.960410
16.878457 5.172642 19.430549
68.488228 35.422007 20.955456
60.352760 61.755688 17.620726
10.286264 81.293755 21.701863
97.992544 71.297850 16.951925
1.835862 7.921562 17.290897
12.435035 98.183920 22.194962
36.039297 52.280623 22.335350
15.372352 45.165963 17.528978
61.679753 74.591895 20.477443
40.213344 24.388826 21.825499
48.738500 94.495029 19.340465
44.855531 56.248775 21.604957
55.229889 47.142500 21.941773
52.251938 22.159852 16.657661
83.263484 81.166579 18.072779
64.399366 1.665967 21.533167
33.005177 40.890111 15.791196
65.867138 17.911755 18.449561
82.741685 41.547268 15.734674
80.621302 15.896691 21.441991
69.932709 50.072585 18.064841
36.035721 92.608973 15.325138
22.180817 45.489643 20.328643
50.257632 90.658352 19.463374
86.780489 96.066941 19.650735
26.535780 40.481630 15.304700
0.886693 75.781330 15.111262
54.681240 5.861399 17.623389
78.818475 2.078806 19.812714
45.059318 12.829682 21.561059
72.151113 80.824294 20.937163
49.948366 78.239840 15.658500
51.109546 58.667853 19.042937
69.567637 94.631440 16.809274
99.316492 78.090975 18.212025
76.162221 51.447056 20.644500
98.960993 16.256133 21.754823
54.555009 74.562260 20.377524
25.397601 1.218832 20.657363
84.002219 33.220312 19.809436
57.630702 39.824151 16.688157
14.134947 34.285820 18.182011
74.224353 79.612192 20.582814
28.735757 34.986572 19.513523
85.981051 30.054834 21.286877
47.809620 8.284523 19.916609
45.307003 97.958054 18.039666
57.922603 12.042958 18.901454
76.244131 44.524502 20.083227
72.652795 73.662553 22.046625
18.751066 55.951820 19.982239
50.803893 11.004852 18.150090
55.738568 34.714256 17.015360
16.441698 27.072178 15.381840
94.637649 34.159097 21.196676
89.159903 75.545306 18.599979
31.916939 92.839837 19.582907
5.939392 82.189278 17.415328
39.134167 86.228838 18.218226
55.046596 95.680804 21.162369
45.333525 6.743855 21.609781
96.162221 0.258190 16.296027
8.435237 89.678672 15.899461
91.472985 55.293156 16.283735
5.093636 44.554388 22.358681
65.981599 44.509930 15.760899
12.263550 51.097955 15.236433
21.975055 64.618603 15.441348
95.260602 24.724722 21.808719
62.094886 15.306629 15.530115
5.361359 57.047753 15.738942
79.517197 14.246458 21.720958
97.450588 82.714997 17.847321
99.489575 87.438314 17.069000
67.532741 34.897360 16.366175
74.151549 6.386551 18.659142
32.769041 91.573881 17.689249
25.545944 29.944810 20.610766
20.486234 52.065213 19.378808
42.416109 17.192950 15.162281
99.768563 7.317437 15.063559
66.644805 95.108745 20.260830
80.485035 85.120750 16.826482
68.344406 96.099415 17.483965
46.354592 12.834337 15.035255
41.790567 82.507360 18.083819
44.844736 74.865370 16.638515
75.952497 66.153088 17.194883
23.754246 0.724889 21.473902
45.937951 62.200163 15.188994
7.300419 98.827778 22.453971
97.543412 54.504933 17.742624
0.316356 74.222806 18.594447
12.427847 3.555045 20.370217
32.302608 39.218853 15.209777
43.873816 9.079603 15.311644
90.492157 26.769868 16.568534
9.629777 82.656515 18.793522
42.819795 89.296630 16.549895
28.278197 63.582213 15.636825
68.378541 88.644245 17.921029
56.357406 73.615038 17.834433
31.149534 53.713315 18.558409
6.227249 62.896815 18.938357
93.454218 24.945246 15.343865
37.983698 64.580051 21.080828
46.869332 13.155481 21.292580
14.743333 96.772599 16.399633
13.552723 31.973583 21.251516
20.481660 5.993873 16.875313
95.316236 27.493439 15.349960
48.513693 16.130938 18.293387
75.935268 91.698688 19.912864
44.560400 13.471191 19.041353
36.308407 23.979462 22.306420
76.014551 37.734605 19.422947
10.747962 76.880811 19.306418
86.828065 83.111070 20.467658
17.807064 60.544697 18.311145
99.068287 81.275489 16.944292
20.634938 92.295586 22.352925
21.321182 34.094188 15.190148
2.046418 89.978357 15.350961
82.508069 47.138735 18.073673
22.405679 47.487447 21.671488
93.911311 48.644000 18.956676
61.925078 62.035602 19.740320
65.659719 82.265904 16.536674
29.051904 58.142015 18.860079
64.290333 92.784569 16.215993
87.632492 77.994086 15.332128
62.207212 83.074671 18.396277
64.651554 92.810798 16.732139
89.411868 92.533557 16.363220
48.768113 26.918421 18.441035
46.896227 88.772815 22.168714
56.368267 47.771159 19.558288
87.485880 33.063549 17.324729
28.053291 11.388699 17.806600
8.533139 19.257452 22.195656
20.488992 68.098920 20.174427
2.231964 77.493031 20.804429
8.248179 76.716420 15.343897
49.263402 30.036641 20.977117
75.619508 91.928554 16.992328
61.790460 76.408743 20.605179
50.075597 37.337734 16.522189
43.345371 94.287629 21.586214
12.682621 1.395263 21.391006
96.728874 0.816519 18.000788
73.356489 3.863362 21.960594
10.143623 88.966345 15.179127
17.867134 13.051115 21.093346
86.411215 34.438835 17.344907
36.559442 51.202324 19.087076
81.742358 78.815530 20.361865
51.889216 2.768659 22.208269
15.448794 47.306663 19.455224
18.707731 17.315422 20.331955
11.273710 63.508700 16.195588
66.530677 50.600812 18.212894
11.773040 67.210786 15.841318
17.524297 95.137458 19.747644
85.610174 71.157343 21.137823
9.790071 64.341225 16.421088
74.422031 55.670929 21.580992
99.805430 92.952144 20.216209
90.418489 63.471961 22.279659
86.047646 38.089399 20.333117
66.814452 23.053237 19.906997
30.608302 92.101709 15.077993
17.186440 88.539399 16.723695
38.638318 4.045665 19.303686
36.811896 50.105669 19.719675
22.136378 9.604729 17.398546
33.583427 51.558067 18.958021
91.716545 50.935188 15.598883
92.199854 81.835511 18.089720
19.896085 8.985575 20.144763
75.478224 13.271980 21.689676
63.323774 57.850472 21.307014
2.144119 85.720325 17.353899