90.047913 4.070482 18.422417
95.242060 77.811818 17.801128
25.020804 82.340821 19.115474
31.050367 16.951324 16.647478
86.122500 20.677285 19.066986
63.139473 58.669744 16.605076
33.304975 89.793082 19.010906
6.889408 28.666878 17.779158
35.908815 17.459766 15.550954
86.550479 78.204094 20.804211
92.070061 56.392697 17.130824
68.126556 66.277621 22.044124
49.907305 48.575983 15.604050
83.660842 39.533835 16.238553
25.005237 2.403987 21.550732
36.482191 45.947010 16.426368
45.025825 54.122718 19.207460
92.971907 79.001654 20.464693
66.717355 94.797442 15.112054
74.216253 93.290224 15.642980
70.607506 29.089085 18.912607
16.253099 85.631050 17.707921
92.340933 46.075158 20.667504
12.817650 80.452158 18.987949
81.564154 76.900679 17.715326
4.108172 59.396778 21.024272
39.534744 38.161166 18.195774
48.376092 19.192073 18.899441
6.067731 37.148094 20.817179
19.872147 4.680760 21.273008
58.919355 76.918460 21.420362
23.250033 75.421502 21.332530
96.611241 93.039932 18.616957
48.929592 58.909762 16.214424
61.859866 81.393415 16.057625
39.162281 35.588609 15.350219
91.198767 52.872845 16.611667
92.005224 62.898100 18.138224
19.914018 61.136786 16.574708
14.659016 70.382882 20.947304
73.855421 40.981240 17.937766
6.022344 75.814294 20.934458
79.155633 19.698245 15.999747
81.167658 61.273787 17.126856
93.845601 23.093698 16.497426
60.620602 78.238405 18.940472
72.694691 30.992512 17.647668
91.083877 25.816664 15.249820
14.870375 37.722290 22.085143
82.130018 14.088454 20.656673
41.912815 37.804920 15.577051
34.558913 75.162340 20.045729
66.583540 41.371461 19.106130
33.754191 2.082772 21.657798
80.403462 96.919455 16.750436
5.532810 61.435595 18.123962
29.616013 59.206392 18.119827
95.495875 15.100360 21.520560
61.633413 81.811923 21.788813
16.720565 88.763041 16.190496
39.199795 28.877953 17.094913
74.464014 36.579668 22.216039
6.500238 26.820019 20.375314
80.398965 80.683099 17.587337
27.664483 65.453686 20.813336
83.086811 98.339902 19.787783
99.959142 29.032452 20.290829
45.002802 64.390367 20.402718
67.353588 63.360388 16.127744
35.294289 75.630433 15.929777
49.878483 79.395719 21.443768
17.501430 7.833176 22.358519
86.693866 37.571634 20.762477
26.915027 7.781877 17.382094
38.540336 59.014340 21.788715
66.049783 68.729907 21.955302
20.047246 53.329605 18.426455
69.590794 53.401270 16.256548
68.910875 29.852608 20.796257
54.733656 98.291420 19.036834
44.914102 70.399835 16.231772
16.322511 39.421991 21.060413
76.852331 52.755102 21.627928
22.794191 4.800412 18.848800
19.666194 18.553077 19.888746
89.235135 34.298734 21.293329
61.440774 99.067334 17.767186
41.391709 4.581136 21.633615
10.468194 83.345552 16.804903
81.212975 92.946421 16.821214
2.501936 95.313992 20.871490
83.382139 28.050864 22.043983
67.876632 70.206514 16.095056
79.370760 27.612374 18.747936
89.796649 10.453790 19.768226
86.772562 57.108593 20.792589
70.589076 17.021618 20.904953
70.280560 98.718403 17.216897
97.562989 48.425763 19.978128
65.127118 92.032346 18.557247
19.452501 13.157841 17.902696
81.178339 17.168880 18.732114
70.216186 51.846979 21.720884
25.182416 82.773235 19.703564
34.645420 98.116731 19.361484
18.811971 7.865938 17.904015
23.514789 66.346807 15.900225
5.682972 58.998585 16.897660
7.459790 52.168450 15.096570
64.975737 56.715727 15.035367
81.749696 30.431220 20.380211
78.744983 92.228470 16.211394
98.281087 43.211241 17.578771
98.376307 91.126158 18.082467
49.554576 76.585978 17.901342
71.970909 74.133381 22.360475
38.223922 61.011291 21.326555
41.850827 2.650286 16.074089
89.673000 88.170716 21.825251
96.907354 55.956682 18.737466
31.111586 27.646565 18.302321
96.178544 80.910683 19.154813
73.012626 10.059780 17.026259
32.793067 51.275341 22.471696
94.122621 86.044673 15.753201
7.939533 99.244924 19.267190
42.557332 75.535245 20.847361
22.958861 42.181197 17.329265
95.915272 52.188451 20.834631
39.463627 80.052461 19.830714
96.047262 94.352665 20.592376
44.591345 18.238908 16.383943
84.316180 18.801322 15.636009
58.225040 0.292452 17.762653
65.715968 91.234796 22.412512
9.218003 45.718512 15.222900
72.739901 68.216932 19.807580
55.970229 92.102383 18.710081
74.198020 0.197493 21.759275
89.868058 96.017390 19.931225
24.314279 21.127492 18.867964
31.273006 73.740550 16.638993
96.386368 19.078990 20.632932
54.784572 80.524229 22.089623
36.882864 63.181125 15.944685
44.962051 15.042693 17.093234
9.190847 38.067356 19.010446
58.938821 73.872322 21.461514
3.109305 42.682616 20.602983
87.553413 45.424901 22.228768
19.441952 44.762997 17.407337
87.592020 46.914217 21.561298
75.903828 1.124597 16.655792
11.858205 95.119660 21.249657
70.953440 31.456044 18.159831
36.945949 88.939205 20.710110
7.662684 66.910537 15.837371
86.236108 87.117483 16.938028
86.151299 83.513858 19.508572
45.173248 9.143391 16.658052
87.453145 90.825807 20.323421
37.987784 29.120256 18.380181
25.012115 97.132012 21.727000
66.508610 71.871540 19.513735
71.106499 25.295221 16.625736
22.889157 1.543138 20.284778
19.557732 59.903009 20.136193
14.746593 96.045673 18.823856
93.441141 68.518514 17.082006
7.726246 22.118085 18.323923
13.623035 95.381084 19.154776
24.150410 34.136806 20.991921
86.325954 60.486473 19.722210
40.950562 12.446701 19.854270
93.725013 55.238306 17.285148
53.948095 5.712389 17.925898
75.488132 85.794850 20.073979
9.565349 91.960620 19.910100
18.246382 59.252285 16.745412
99.511579 8.918367 16.442621
25.786382 86.196482 20.471325
65.163888 90.376508 17.954511
88.377565 86.324152 20.461583
39.415760 78.239282 15.676328
48.454030 54.147219 21.637519
0.646631 23.864773 21.383806
41.702204 86.549443 17.211395
97.824451 5.848956 15.588783
72.386355 47.681219 15.784077
7.812279 56.536979 20.592948
32.163461 61.074194 21.964692
62.744350 51.373669 19.875288
63.674417 2.512463 19.581810
5.438313 65.520881 19.747635
53.615234 42.051887 18.170421
39.322335 34.942171 16.546843
10.446213 30.316400 16.417622
14.186326 74.779249 19.944932
75.166371 4.204279 21.647992
24.323104 98.908623 19.735857
30.914301 99.536493 16.689666
91.757373 69.312558 16.922732
4.130068 14.171278 17.201416
19.699974 56.280840 18.137975
84.664007 41.111631 16.950379
69.920656 16.218460 21.844920
73.998094 46.860953 15.883710
95.510513 7.804617 15.903327
75.609549 92.167761 18.239090
33.622758 43.423548 21.943270
67.883348 76.451741 16.131452
76.593751 22.844391 20.208524
36.175969 28.434005 17.336036
84.920140 77.510970 17.723204
28.473790 32.645687 19.687490
81.708361 77.495314 16.219378
3.593111 13.931499 20.699770
1.979160 8.578291 18.769971
51.305422 91.452547 20.967267
61.616442 27.317251 18.716671
78.352485 48.249140 19.091607
96.076075 86.612278 20.299094
59.677004 15.320100 19.994204
38.570284 48.631767 16.151075
55.030318 81.890200 21.586334
52.492457 91.487714 21.812600
58.312779 60.884223 19.374082
5.487228 62.700250 17.761198
93.996073 85.617851 19.778879
54.085574 60.986749 15.939653
75.093128 87.280574 21.525937
0.407561 16.053430 21.859303
43.478383 43.111682 19.257257
50.630235 53.934760 16.140000
93.215930 79.090504 19.744428
46.811822 12.765865 15.984341
63.997398 56.524408 16.244802
36.987125 76.172393 19.924055
51.695138 41.951341 19.459339
25.667603 13.839289 17.172338
5.242691 48.779251 21.313167
28.116295 38.962997 17.532441
23.812655 62.626023 16.087053
31.694059 58.218565 17.663694
72.228488 89.994520 15.591552
50.140490 64.360475 15.637953
6.198477 30.091172 18.383025
45.942265 3.583263 17.971840
17.485458 36.381601 22.218341
44.845535 17.939678 20.147075
80.956480 66.418780 21.314188
87.658060 9.771137 19.642559
95.267831 6.332902 19.860573
93.776768 53.131897 16.064613
64.366576 37.000378 15.068147
9.871992 96.231641 20.435771
26.194628 6.759588 19.229102
13.395321 63.618691 16.117402
88.957348 45.442136 21.491466
56.477972 26.482023 15.626344
26.547656 47.751023 17.893585
76.389346 57.151272 15.043685
47.872803 97.820862 21.950942
13.479072 75.390665 16.133649
76.577002 76.619710 18.770053
33.952549 80.664491 21.090977
67.474467 62.471164 18.699407
81.727336 53.815535 20.308434
62.285954 81.426355 22.466933
97.517754 14.088379 16.053289
2.965417 2.292399 15.933251
49.698559 69.941187 19.152508
88.319619 4.717507 15.917253
33.695109 21.497443 22.058725
25.757960 3.622612 21.743387
1.296000 24.288280 20.602133
98.493340 77.687805 20.973711
23.784674 29.828580 18.164170
17.512865 61.295397 19.966089
35.023873 7.553096 22.411291
88.028589 33.621788 18.278659
40.832948 86.484920 18.827255
8.815622 50.462942 19.054644
73.238153 9.833507 18.088052
5.555980 25.646561 21.243971
49.926530 82.205320 21.803028
37.873181 64.399601 15.359436
74.367380 61.274064 20.788940
53.833211 86.233879 17.103049
28.929660 19.832349 18.102633
81.870547 50.865947 22.081743
15.539208 66.258980 16.997796
67.744343 35.326010 17.112189
66.265429 25.801178 21.650043
56.209422 22.724521 16.024623
31.995284 28.379542 15.714018
74.913268 20.767588 17.274818
93.555282 94.816022 20.233014
47.994291 81.613358 15.341766
57.375302 65.020909 15.322170
79.951379 26.480228 20.400864
41.056848 96.350945 18.534162
93.740296 66.070245 19.745287
72.645662 22.450076 20.527708
83.789173 74.713026 21.770047
78.079361 64.494131 22.395961
25.666121 53.701016 16.783703
65.172063 24.408076 16.927945
40.072184 11.800127 15.160498
13.618402 38.358437 21.851722
18.541574 23.319501 19.615873
10.886725 64.904633 19.098822
93.542042 3.597898 21.803329
36.360162 98.894327 18.554961
54.535355 17.134821 19.073262
72.890601 8.230070 18.005328
49.803132 28.483634 21.706978
84.831436 77.371578 22.008182
97.279787 8.898960 19.975919
79.007182 57.736309 16.698773
15.834945 13.065152 19.300710
82.124806 1.112084 15.661239
47.374432 57.345564 20.666936
50.738094 42.134845 16.219003
46.558858 87.646925 16.691920
96.942511 5.321184 19.593075
44.634819 42.986147 18.641018
14.199369 22.560416 20.144945
63.794646 26.883895 15.716467
66.309343 85.320715 18.085078
60.425594 76.006292 16.980021
69.511619 88.433928 18.146545
59.299559 50.137021 20.155277
44.681295 80.950517 17.298999
54.012197 36.020580 17.545492
20.055670 46.501628 15.945885
45.074210 40.058334 18.516741
17.282501 87.288019 18.380644
23.618602 28.449707 15.264529
19.284011 65.152927 15.438077
90.508768 89.711080 22.166962
59.930011 35.216841 15.559601
92.381119 27.795580 18.729027
68.865978 71.335192 20.297843
39.716817 42.629495 21.729164
3.205403 22.454213 17.062506
9.079088 92.636799 19.057776
75.380063 5.520070 20.245895
21.866040 9.011793 15.967844
95.690994 44.595892 22.251802