77.224734 34.704009 22.238190
96.474756 8.895225 22.449943
23.797368 67.963058 20.753554
39.038748 38.347241 17.832246
60.367538 88.255155 18.165577
13.391427 12.889814 16.090557
66.531901 99.424035 20.189119
45.423719 8.235527 19.266772
28.017781 86.149820 19.638189
54.000257 94.760706 21.235610
31.339748 39.532983 21.976070
86.425774 61.006583 18.373654
21.773856 38.000884 20.973641
29.385966 14.250543 17.086783
10.144888 84.682782 20.832293
81.383133 26.419485 20.695287
86.738796 98.236300 15.751543
61.343259 12.518975 21.986858
68.110475 3.445484 20.513559
0.634675 78.296135 17.538257
3.144785 16.892942 18.436078
18.130152 47.440572 21.189108
88.851307 53.288888 21.320035
83.518261 12.688278 18.786285
8.468122 28.868979 21.631252
15.162125 66.583695 16.459017
78.096416 85.422731 20.490843
69.651212 95.142851 19.729716
59.232699 19.538023 20.527750
89.962664 17.508808 20.454163
10.859279 5.397909 16.384541
56.531680 27.660148 22.258229
22.355309 45.391062 21.619366
66.819310 16.900002 15.101181
46.887449 63.112445 17.483509
70.098118 4.832580 16.168381
81.430231 81.880025 16.264353
49.011289 7.624767 20.359758
68.872337 48.099025 19.701969
47.945972 98.039363 21.851607
13.201884 5.617713 18.679309
92.772567 67.169081 19.946329
81.484198 50.515148 16.384814
95.744166 93.113541 17.203940
74.357148 43.713071 19.768736
72.840789 67.052050 20.602647
9.893877 63.492434 18.000102
43.805986 5.851419 22.280065
35.961067 45.930475 20.024185
96.521859 29.236158 17.895175
94.586699 83.713685 22.346759
39.661274 20.341778 18.529062
1.747278 26.022704 15.502024
17.074035 19.965719 16.366918
50.268151 95.275470 15.183488
99.245919 21.931726 15.819603
29.960712 28.877510 15.812275
88.710165 12.709272 19.167608
71.464959 34.373509 19.864324
39.032242 6.371233 21.134511
84.471327 74.590135 19.770783
29.825740 72.111207 18.523049
76.276955 70.207987 20.462347
31.960474 64.614793 21.928904
69.446744 77.581351 22.440734
59.626227 70.549541 21.929471
1.145138 95.466632 15.595082
88.241466 30.427256 21.858168
8.601099 40.508782 15.588751
45.161145 70.653367 17.581516
79.694095 96.805164 17.584758
77.733989 71.950694 22.332278
42.599537 10.105623 18.865893
42.327374 89.790906 16.966346
15.478048 34.507444 18.289057
65.027495 56.040107 22.396400
41.899752 67.781359 19.546198
18.431561 41.692314 16.616776
93.518349 91.578154 16.187314
2.564724 70.461436 15.284543
18.394506 96.078336 21.316300
45.406526 8.793978 15.929523
77.871181 58.865033 19.944934
61.793390 94.168590 22.209922
21.295869 39.010689 16.655689
61.514814 94.592385 21.055246
34.795984 0.382586 19.060427
25.682462 39.256960 22.263230
18.525236 62.405604 22.145050
61.289407 64.539347 16.523385
55.256681 96.669492 20.328285
70.088880 88.325114 15.497375
63.793425 63.827440 19.508686
37.603718 45.265894 17.442337
33.991492 15.880465 20.244104
85.033928 94.965635 22.227162
83.746328 57.401263 15.615358
59.182440 77.514844 22.378477
45.024852 86.229551 17.461081
13.191659 34.655144 22.187941
24.417266 51.390179 17.359937
77.790298 96.897822 22.102277
94.505975 46.115900 19.499533
38.507726 1.568632 18.647113
57.095695 37.510655 17.153807
8.746302 77.628395 20.692154
71.074531 59.048428 18.048241
1.833697 99.342899 21.611111
60.281361 6.321822 22.331229
15.885050 18.300480 15.106857
5.856752 92.986545 17.057068
86.106455 21.271042 21.993353
9.069030 22.537443 16.449220
55.543852 60.042014 20.600182
80.538919 75.831975 17.637024
30.692076 28.610039 20.436711
32.528006 22.926414 19.416706
19.440002 17.414433 20.299123
8.533070 75.640539 19.034924
5.975871 75.613362 21.367318
64.949642 88.300117 18.438688
52.226243 85.606047 22.173152
73.822779 85.985141 16.438656
75.447781 82.873398 17.610775
63.660509 92.335984 19.221023
58.496383 49.620969 18.799833
87.100154 39.058812 21.053179
0.555410 78.234711 22.088374
48.438108 81.751705 15.573105
28.195718 0.744063 15.102843
74.924464 53.562895 17.251143
59.354636 64.625401 20.272105
3.991844 8.323827 20.427313
97.045399 15.415172 20.654068
91.163608 28.634887 20.838387
8.747351 40.260029 15.732733
99.153297 73.665844 21.610276
27.584658 94.951966 22.192706
15.875443 76.822901 21.153678
12.415787 26.828369 17.827139
26.587016 91.336876 15.478157
47.001358 52.741760 19.002558
34.094350 61.177600 20.218399
31.369060 37.925836 17.297915
94.958198 53.066978 18.428885
2.600825 92.823443 20.055184
69.663550 78.430000 18.329713
69.234917 42.467715 17.986658
36.213780 65.583836 22.364351
30.729374 60.012868 19.342643
38.379268 81.595974 15.451009
49.168762 6.204410 15.582959
0.164539 93.678205 16.848882
4.744512 56.102331 19.860560
48.617819 11.994456 17.625911
52.558157 66.757092 17.370604
62.373770 16.819708 19.586759
89.883171 23.144056 17.814987
61.247836 11.040191 15.522222
71.771902 71.066091 17.815031
41.390702 77.327100 20.242035
22.273080 87.366454 20.887976
38.350128 60.433809 17.178948
26.086341 97.627986 18.513857
36.609972 88.832363 17.888490
34.360229 5.799593 17.349702
60.967968 84.160901 18.994776
26.223250 7.924605 17.716577
49.713712 69.776464 21.792143
28.916807 96.623247 15.815700
41.696066 31.604374 21.679173
25.358611 83.380490 21.497196
20.116201 2.081103 17.366412
31.475390 68.348649 18.369712
25.737914 5.705168 17.263009
83.564484 70.724832 20.970442
47.290627 43.115488 19.105784
15.128158 51.543508 19.897694
31.414042 38.738899 21.753211
89.236320 44.196656 15.983480
93.536675 70.472888 21.855806
91.997169 36.615034 19.989867
5.295069 28.044149 17.198086
21.116964 4.888980 20.577269
75.309695 42.937703 20.553233
1.356908 87.309702 20.533717
79.497275 83.524276 18.807005
71.623951 19.870793 20.715448
91.522335 69.057815 20.153067
76.689085 34.963470 21.407980
31.697274 75.305301 16.485200
16.062363 41.215529 22.175651
15.225580 74.521310 17.039766
63.439465 45.296365 18.167075
7.936547 8.532016 21.967725
17.317234 27.264919 15.075082
34.782685 54.188764 16.694239
61.557485 50.001091 20.943723
64.349617 24.023312 21.219834
93.389323 8.647655 21.061301
83.181619 2.542213 20.590274
68.183190 66.891643 17.463413
24.459086 98.636586 17.212875
3.073864 0.474157 21.335216
72.890861 64.435538 20.328444
92.980409 58.611256 16.635354
44.982297 89.743076 18.108289
89.440237 53.517227 21.462477
70.022235 54.862328 17.527273
48.981623 16.445608 18.960237
12.758169 86.807284 19.283638
77.834220 90.958341 21.466263
54.998443 40.263433 15.191345
88.984203 77.001280 18.480538
92.634663 57.361100 21.930953
91.103059 73.245926 16.312405
70.327463 23.456833 15.070633
73.113027 24.547414 19.731649
42.161830 66.402391 18.505976
41.219511 46.999175 18.990811
46.596258 30.984987 17.199436
25.401960 54.506629 18.929427
86.438426 57.538226 20.339074
88.134815 89.208477 16.948851
22.673416 55.605652 20.725945
1.808439 45.913556 17.658950
54.828885 92.083781 15.580084
44.132293 35.146129 21.462226
20.943399 12.082896 15.416929
72.871029 2.941278 17.364675
44.545228 47.021551 15.807846
93.438253 7.247900 16.824201
22.223716 40.438347 21.776238
7.751822 13.577609 20.870924
64.056812 11.955405 17.345347
48.100038 20.473757 15.280575
47.885756 94.328015 21.524207
15.545233 45.213324 15.668051
91.676361 17.394863 15.797152
47.805057 58.172879 22.471461
5.050753 69.595409 21.672714
3.857701 90.181201 19.271928
38.301604 0.707696 21.148069
45.042326 77.376916 19.909208
82.180909 13.540694 15.553652
98.683092 21.722307 19.862494
45.143468 11.274600 18.589489
74.634126 61.026100 22.469855
52.279804 86.741112 15.637516
97.875389 45.636864 22.356651
57.378317 88.863221 19.135941
95.504423 92.295519 17.799666
74.977342 49.243829 18.751338
10.572027 90.369462 21.839615
87.922733 12.938868 17.684169
83.349954 76.037951 17.214241
4.010830 22.647495 21.216048
45.119915 75.136181 18.122374
79.517415 55.401091 18.372074
19.845249 49.272682 20.373569
5.050870 62.308557 19.849987
66.978347 34.008309 17.393400
9.567122 6.574196 20.437897
30.219376 55.927855 21.065782
63.038243 29.410929 17.159761
36.999780 43.248582 20.254841
20.870019 17.813497 16.042326
29.557578 11.414600 15.991709
56.602282 21.212947 16.197213
66.871089 60.315885 21.022238
92.070957 44.854974 17.210396
19.429778 13.145784 22.309275
5.202709 56.685275 18.211384
15.175013 36.033359 21.863731
95.051579 33.324660 18.264651
71.066744 94.448090 19.985105
26.312105 98.632767 17.328309
54.609766 37.880101 15.468121
30.157856 9.271351 16.577347
67.319319 62.469737 19.244222
83.677080 76.374476 15.553226
48.056163 39.871575 16.761520
59.269688 21.714365 16.284108
98.057674 85.351682 22.028906
79.556063 62.479417 21.628443
57.171852 28.584363 20.475319
0.033344 79.859823 16.306225
15.410985 68.636035 16.085583
25.169683 5.694321 15.333279
76.801836 55.155607 16.906478
81.162372 92.402799 15.892760
36.327094 15.345638 19.429328
44.457118 47.524814 15.290879
51.012431 83.957563 20.614631
42.619585 71.104299 18.143211
29.496664 35.220841 17.325714
65.243003 92.876223 22.459189
27.561163 36.277515 15.538033
59.155356 89.712554 17.050258
84.151869 14.762190 16.240913
2.621396 7.164405 20.955552
68.178677 3.811020 16.461429
7.696040 24.340047 15.119045
61.671495 76.938059 15.002522
31.470445 45.424849 21.719681
46.245699 56.456194 19.891092
79.114137 72.394005 18.106843
73.874502 29.978979 16.233249
20.801125 67.800403 15.642962
63.178548 2.543137 18.886825
33.094380 59.343694 15.202973
92.424548 29.444596 15.682293
12.851862 89.475992 19.671097
3.724979 42.079396 17.375322
0.726082 97.851685 20.431436
94.314838 50.399141 15.849809
30.793278 96.172473 20.426680
51.876366 38.712170 17.003528
11.391821 19.075298 20.004409
29.683710 95.916244 16.708746
90.230543 6.174749 15.861522
90.623108 46.307660 21.173250
61.861053 0.178330 17.856654
47.292849 49.187515 19.472028
30.853809 69.587659 17.788969
63.294249 3.713378 19.832002
85.464168 31.121056 15.642917
16.475733 39.868570 20.763720
60.845688 97.267970 18.276744
73.593416 27.667894 16.233288
42.886437 88.414437 17.226145
49.116030 75.054104 20.189562
93.174624 65.856997 16.210791
76.514615 89.459735 16.704811
15.325745 25.424456 19.256037
77.636431 83.056178 16.140681
59.156691 72.021476 18.029948
41.968585 40.887816 18.847201
17.300124 23.609351 17.472797
88.632754 42.017970 19.410293
21.818762 5.766614 17.736835
13.902661 65.369069 19.604870
99.346123 2.672730 18.511893
79.942284 86.350164 21.206998
46.852827 97.028747 21.375687
29.335572 26.722894 16.868325
58.586025 51.147383 21.287808
39.373225 14.493116 15.985208
71.397262 24.157413 22.218515
85.524512 46.372965 16.842693