97.361102 52.767403 22.277395
1.783290 65.542548 22.275295
21.221063 96.329597 20.765628
76.104550 72.890653 16.100708
32.923653 26.616374 22.258588
76.211468 26.650795 19.560658
34.465625 56.434834 19.301931
46.811977 14.692491 20.964597
76.420062 87.073928 18.010361
75.021779 0.962053 16.310530
1.219976 70.740357 21.032205
55.413430 53.627115 19.704185
68.589246 32.973620 19.787708
62.898153 71.632740 17.567215
62.141996 62.749821 17.529592
13.582521 65.513134 16.030660
1.122628 24.062581 17.189045
64.467465 11.058540 18.803781
69.379426 49.898949 16.574850
56.126664 24.450034 15.825439
47.221240 34.075766 15.998614
84.661493 75.729002 17.792518
27.325667 69.772714 22.157428
79.509275 14.247976 19.798203
54.969915 47.028182 16.018830
43.180540 6.854269 20.616315
97.640013 32.725756 17.906834
60.470345 45.165966 20.637392
63.574639 70.033196 18.962199
97.426397 67.578211 22.352168
64.876858 88.174437 22.141020
80.513459 15.738796 16.977410
79.752408 52.932259 15.782170
14.036276 16.716919 17.618718
55.828897 74.340559 19.329994
59.576377 48.174765 20.504172
72.231211 73.928123 17.286370
94.897866 63.921292 20.890328
31.762595 91.797025 21.301725
36.660528 46.435093 15.175016
17.821982 52.869157 18.958928
61.190909 58.625914 15.828891
75.206004 54.685649 18.706114
17.823469 93.723607 16.495844
11.837567 64.032208 19.565637
55.515453 44.048760 18.495432
30.945242 17.037951 21.614719
94.979106 42.159294 16.728454
84.254350 12.162432 18.494830
88.743180 32.481169 22.005648
64.529406 10.649940 17.676761
27.775477 36.252371 15.995886
55.455249 42.751965 15.409924
61.389698 1.917450 21.638011
46.004418 53.193923 17.556920
90.808719 46.283982 15.751417
47.540333 8.994973 19.953803
85.953005 18.375279 22.157544
42.038437 76.816893 17.543062
47.308239 4.465796 20.951967
83.710750 70.949396 15.445887
43.431775 98.838312 20.935678
8.710168 81.132292 17.489784
4.531266 60.809777 20.521140
48.454849 83.472456 18.020818
48.186786 76.409557 18.270447
57.086250 85.966842 21.014013
44.951505 74.667438 21.246811
89.549232 54.259768 21.866306
39.856986 26.681819 22.408961
30.147125 43.757959 18.344180
94.466738 89.800279 22.323596
88.624111 24.295142 15.752000
51.838997 34.126180 18.095521
65.576640 83.513943 15.698490
32.474751 40.836882 16.223637
57.991450 67.816842 15.048422
50.946765 24.663573 20.405726
95.761173 2.507910 15.360437
34.007543 38.335679 21.031497
8.865401 47.664507 21.391562
56.739472 11.655003 19.127120
92.154130 22.591838 16.302025
79.105560 39.901278 17.433682
16.248489 72.178804 21.652494
91.363792 90.621909 16.044110
99.739142 39.689156 15.189729
7.156671 78.525020 15.453121
31.639911 48.916047 19.997169
90.551042 1.827849 17.520244
38.724543 39.867343 21.288950
39.971178 20.461293 18.100335
34.284944 28.810526 19.953232
47.999448 89.449695 22.093875
96.270648 94.784562 18.447346
36.243809 90.873417 15.403760
68.518454 63.639042 15.396197
46.757797 96.560650 15.371014
72.290035 77.216762 21.004713
27.534590 59.218770 16.497034
4.571873 1.676865 19.457235
70.587215 50.088166 18.675949
15.431060 38.614756 17.185272
4.307862 78.638586 21.514449
72.616853 58.378614 20.661009
49.915529 21.614922 15.649506
15.659851 6.324983 17.606714
54.836993 16.149226 18.470763
85.386128 50.709589 21.718857
83.480688 3.765872 20.050100
9.289621 8.992014 20.210339
95.287523 91.569902 15.733775
62.876005 94.819828 19.830718
77.985217 29.152546 16.567805
98.690975 54.218269 19.909886
20.432193 95.278202 19.055975
73.530524 66.946579 19.171046
93.553738 54.137257 16.384990
24.066974 23.434160 19.220072
6.044266 70.284885 16.061869
5.909547 39.951192 15.673773
14.424307 30.471614 21.715755
91.332033 13.547403 18.683659
51.823555 78.253992 16.581406
1.867280 67.826756 17.297716
12.522437 14.989538 19.223605
97.103445 53.563554 15.564629
6.799799 14.168970 20.385512
67.356252 54.450373 18.450923
73.670435 67.264326 18.216720
61.840126 47.252921 20.253056
71.060739 12.380873 15.368851
21.903386 77.611215 20.370352
51.503511 13.487331 21.037620
32.307394 92.403868 15.149345
67.845271 10.754787 20.023328
84.487234 42.543180 21.360940
60.285291 29.379181 16.358662
65.347300 35.836651 18.198110
73.306171 53.063058 20.223350
80.664365 27.716409 22.121074
8.980111 37.789413 15.543741
84.720806 23.392750 17.060168
7.793825 49.660418 17.948090
48.631039 78.204069 19.290441
12.708153 3.379839 18.709526
0.509791 48.116412 16.691545
32.205997 54.446816 19.832317
16.063117 75.952652 21.299682
98.098673 81.062847 17.801009
91.459711 57.367544 15.902325
86.051687 34.178261 17.026497
80.700530 33.825446 21.037143
16.637571 88.165178 21.115385
97.062780 65.354258 20.368166
32.839825 82.366924 19.580774
47.898056 63.172405 17.042044
6.496758 45.939492 19.747717
22.388165 39.646495 19.976658
57.720628 42.419835 16.537512
77.577905 91.320654 18.926453
98.357312 98.597870 17.390951
18.091835 99.179352 18.323253
8.500470 29.195981 21.291666
62.574941 92.049349 15.756027
61.683362 75.060671 17.421937
54.545434 42.274882 21.397982
87.462754 13.843459 17.554917
76.675198 8.530259 21.563866
60.420137 40.603063 22.030951
78.042262 75.465915 19.567266
59.401315 95.350045 18.034279
16.481162 20.991175 17.184218
39.110266 91.494019 21.301168
82.777010 98.569677 18.569849
66.570870 8.883305 15.590223
77.415360 38.003227 21.736824
6.353736 27.085254 16.154568
45.027606 65.806764 22.471221
51.601394 5.379031 22.119806
25.788412 97.781272 20.741706
71.041892 26.388879 19.380455
59.755926 81.288077 20.279958
33.419646 69.929440 20.303229
1.289780 29.767690 16.859917
94.899085 38.203164 19.424190
7.680888 54.325144 19.321159
35.700337 89.548628 16.362426
69.433778 60.714260 16.040869
88.273231 43.890970 16.702875
45.240201 37.653052 16.985406
24.878365 39.314020 21.001958
36.243684 25.523182 21.777266
21.163759 71.205704 17.491493
2.668743 37.982969 15.212456
63.595115 62.136716 18.889190
15.905945 16.566418 16.558023
67.395968 78.966650 22.426695
28.513979 55.789376 21.829252
25.110737 79.292799 22.326193
40.728565 73.428203 15.773016
45.064359 53.710478 16.889954
11.462177 17.129196 17.882263
46.975955 52.296471 18.723459
36.020116 36.556409 21.890707
90.289947 32.079291 19.208393
13.875829 9.159967 18.010234
1.662395 71.234605 19.367534
75.845948 31.119644 18.431027
70.053511 56.325456 20.920752
61.312803 86.984622 18.511796
37.803866 7.407685 22.467199
39.386124 65.426639 20.800922
7.179024 79.064169 17.538029
83.999674 53.195298 21.345780
70.560116 7.092982 19.854481
65.775281 86.372546 20.490543
22.871230 74.340110 18.655127
62.858974 79.269660 16.957878
77.563895 51.788484 21.106712
39.328771 43.439420 18.500158
64.623200 39.623558 18.329465
64.073265 21.391385 16.143192
85.102336 87.891230 19.946980
31.516729 78.200780 17.944516
51.794474 71.096180 17.864000
67.618661 83.309238 16.369877
90.803224 9.245173 16.486291
25.416766 9.316211 15.848921
1.995321 6.735041 21.481533
88.558309 33.156730 17.419872
69.602314 6.493091 17.222068
81.762296 22.593737 17.570408
21.887913 80.428959 15.776890
7.071531 56.883457 18.265375
73.634726 53.669447 19.806373
85.963238 52.881317 22.297259
88.295110 50.256912 19.685231
89.268207 53.182472 16.259681
11.739009 19.151895 18.317737
85.122004 14.062041 17.363642
28.731263 30.696626 17.667085
88.462604 22.761194 17.457057
79.588905 95.909907 20.094806
62.848156 61.800471 17.440318
64.960447 71.827967 19.672418
98.818396 70.452376 21.274461
24.152891 73.841917 16.521857
31.475591 63.901366 19.250669
93.299150 71.025922 17.170295
20.071174 24.670776 21.023545
38.774779 93.942501 17.043472
49.765801 61.389336 21.851083
28.448081 57.656239 20.765447
94.037514 51.909375 22.418357
68.016283 13.615752 18.493895
60.780451 95.317122 15.989756
79.831939 71.176405 20.326745
9.224156 12.576492 17.277554
24.849427 94.172696 20.564745
48.151264 57.233026 21.707218
79.095572 13.717578 21.239931
52.460968 72.669838 18.668929
53.077899 39.055949 16.980734
78.427977 27.485983 17.545143
24.145734 4.511381 20.687684
0.265435 38.930253 21.103535
65.900981 43.163014 16.171545
26.284192 55.871180 18.030422
86.334807 69.991395 16.559021
16.707183 72.653220 19.090304
25.949536 95.144829 19.273502
46.558148 86.934816 20.296664
7.889360 83.627888 18.539849
28.050334 32.729509 17.703766
41.212730 67.472118 17.575078
56.399177 92.905281 21.113828
87.137948 68.990003 17.834799
10.999320 67.058274 19.580543
55.033819 66.114191 18.350183
32.643230 19.486395 20.590688
44.136536 69.385783 15.857296
55.377598 97.322724 20.729358
41.541842 71.635584 20.289714
23.473882 6.979008 16.072355
37.206861 60.616666 19.490573
43.556533 57.222032 19.699374
56.902934 7.027530 18.630646
63.088261 78.445016 17.439703
29.353821 73.176982 15.246784
61.713387 56.621593 17.698032
89.592689 55.489938 16.702756
59.322900 63.104350 16.255781
25.217851 91.982946 16.660473
40.294841 61.285703 16.854216
71.807967 48.402989 21.567458
64.588404 66.400598 21.256870
56.036741 2.736751 15.160802
29.987507 36.799979 19.389957
41.717771 26.072305 15.154568
11.116584 29.943911 21.077579
98.633776 0.974727 19.709292
21.980124 48.426321 21.758212
1.268048 10.989226 19.038480
35.731739 9.193274 20.452092
95.580655 35.773882 21.818664
89.804555 4.404525 20.994165
84.772292 92.788087 17.712459
50.600962 76.754946 20.137455
40.120299 6.601676 18.649415
50.003939 33.213885 19.490956
72.037037 50.210077 21.213892
97.296532 48.477369 17.117766
16.802677 30.288802 21.820236
93.020072 43.200126 21.500684
92.346899 83.311157 20.116639
90.824566 18.036004 15.138956
51.090487 63.588588 19.651711
37.071780 31.401005 16.677896
43.706115 12.934655 17.078821
42.744639 53.725800 16.088878
62.004799 16.758227 18.957747
73.541941 60.955466 19.781556
65.598615 57.218142 22.153564
44.891079 52.906766 18.320261
5.180287 14.142763 19.193640
4.280255 50.197899 21.979648
70.661616 15.792492 17.863197
91.350981 26.239378 18.633178
7.558616 39.306045 17.531675
24.873657 3.335806 18.072058
85.460193 61.528195 15.929406
64.093652 85.682352 17.205298
65.956964 84.395247 17.080573
18.614811 63.683393 20.584447
14.846557 80.619427 17.811070
78.499011 8.713608 19.416006
32.973858 3.696324 19.237775
3.088752 68.989576 18.760347
76.403788 95.700974 15.619043
6.215497 42.463930 18.631886
29.919548 53.205993 20.030468
60.413901 59.772069 22.461321
30.010323 91.203788 18.115129
20.227839 30.828200 19.747995
90.749302 26.480448 17.218918
74.977355 89.205516 22.113916
91.115239 93.551070 16.842999
33.588314 78.625183 15.152733
26.232151 36.703442 22.179394