9.393218 23.962981 16.920788
91.064646 15.968472 20.612078
50.245717 5.128381 19.278302
28.702250 11.115598 19.300250
56.988355 52.666905 19.373270
14.381540 6.412586 21.879743
17.550622 6.958699 22.095082
91.513049 76.757929 15.762880
47.215926 65.583335 21.804307
60.249292 3.224131 19.180668
54.763704 11.110125 18.837504
92.481890 61.071186 15.453654
95.800937 95.779683 22.178599
59.065674 87.275990 19.629493
48.127362 88.407852 16.084854
9.254518 96.840935 17.553354
66.723198 7.184160 22.136135
32.161535 42.262711 22.089940
36.237498 21.382068 20.387619
66.490769 51.638494 18.833517
29.249423 53.965186 16.383884
50.190116 97.329795 18.608489
40.068881 85.536369 18.945239
23.562208 24.453039 15.604966
36.641008 64.468445 15.333033
11.301196 59.906282 18.723173
41.029412 51.605485 15.388224
59.703642 73.757390 19.305500
94.256008 99.072583 20.282407
53.315084 3.367523 19.805599
56.075261 40.595461 15.214382
37.833037 0.950911 15.180675
15.140731 91.680041 15.263505
45.446092 40.546804 22.277004
42.771820 82.669320 19.690736
26.487496 41.318332 18.996058
83.518137 49.916212 20.865039
43.234466 23.076386 21.466710
57.132035 55.952901 15.845665
49.619970 99.735228 16.834686
14.909356 87.979145 22.111740
9.937775 59.058202 18.248949
98.145980 19.476292 16.710886
80.300980 75.152978 21.499131
26.764038 32.590793 19.736933
33.072459 70.520753 18.661263
21.188662 25.785947 16.131989
82.192445 92.856001 17.395888
68.256048 60.548937 21.855390
49.051930 90.979589 17.744605
86.130350 46.337839 15.133596
46.964486 10.411503 16.914024
46.860886 7.504623 16.834589
5.118963 65.759355 19.183055
95.048671 40.920033 22.372285
52.827638 32.993954 15.573228
28.101520 11.767076 20.179760
64.330058 98.931386 16.757977
86.030577 93.225769 16.970961
25.119882 6.580301 22.383009
35.675191 11.392257 18.621741
38.224463 60.781240 22.014119
84.845690 8.837730 16.360603
72.949264 54.968463 16.371741
87.593312 51.796091 19.021273
30.238064 43.053673 18.470905
96.211384 50.202517 18.122265
83.606009 46.662332 19.181225
9.008419 4.904375 21.292428
96.826769 73.917156 18.486850
36.530742 39.211367 19.781941
79.063618 65.969042 16.452597
23.884382 54.490712 21.807075
43.325759 34.851303 18.644456
59.960952 59.418532 18.601390
70.268640 83.001201 15.097050
13.557078 39.571954 19.984798
11.966359 65.954158 17.936216
28.355659 70.407166 15.625780
61.171222 21.527756 17.035838
93.429773 56.298555 18.762825
43.189330 21.393975 15.615428
63.921303 7.225769 17.964436
63.781440 44.973018 21.873030
64.817415 74.565072 21.843021
49.519325 45.575863 16.525183
5.265620 51.665468 22.244140
79.293025 7.927095 21.704150
24.711597 48.808326 21.858974
59.224581 4.415971 21.400531
26.815316 13.474227 17.920451
1.223912 51.596092 19.410720
46.792942 83.980537 16.338927
58.041562 10.525376 19.722216
95.652822 25.339472 18.592434
6.042226 73.263234 21.162956
66.229127 93.331053 19.296954
54.219961 9.552061 17.842947
9.185147 4.150280 15.011920
44.608377 11.272006 18.346533
75.229970 58.724786 15.577347
34.359070 81.657537 21.815611
2.569609 58.802599 21.027833
15.691220 41.000759 19.792823
54.271131 96.545201 21.392246
97.296606 13.975303 22.255466
3.989152 26.956904 19.644571
39.328079 64.144977 17.884065
46.705867 57.341979 21.219130
19.574284 12.639007 18.817692
35.269242 80.767573 15.138157
75.060776 23.350194 20.633112
24.442044 27.350568 15.364441
42.230245 13.173300 15.031370
48.863607 42.526895 20.421563
35.895552 93.815378 22.310280
7.505550 7.361880 15.985434
61.380065 11.761777 21.775222
63.556769 20.228527 19.484254
56.651515 75.548308 18.070809
44.846821 56.357544 19.819709
91.348744 34.957938 22.363826
31.682006 58.691529 16.481547
66.084987 93.612200 22.328971
65.131573 35.217487 17.121001
39.228121 41.889141 17.556772
54.533260 68.598811 19.200000
1.119092 63.568183 15.531665
82.403967 29.138000 19.234157
11.160914 50.644273 18.380987
94.153441 41.564382 21.141276
95.951217 44.423018 18.927471
87.616612 48.909673 19.197236
32.843063 72.121534 17.503110
35.927342 6.257621 17.826884
76.935633 11.347519 16.668801
21.858526 48.997216 16.501320
98.868852 77.531328 15.014715
5.136213 97.302253 19.248277
67.411960 85.346423 19.705074
70.306636 61.713245 15.736039
56.194259 75.686515 17.271627
51.035294 3.331385 17.359715
71.957327 83.008594 17.045405
57.633069 68.098030 20.831111
60.749724 41.050421 18.384353
52.438369 63.299388 18.398909
82.888968 91.069816 20.390895
89.906634 71.760688 20.583730
41.958068 56.630073 16.779805
57.688905 30.646643 18.160267
80.776503 49.659561 20.930535
52.270457 97.303943 19.353723
90.755805 90.022887 20.377951
67.994323 66.866807 22.226381
82.574976 51.383916 22.384415
33.443917 29.706175 19.260386
24.238711 89.384437 19.794857
63.117536 27.655505 16.746772
13.039367 88.022262 15.348182
11.356794 38.607077 22.134791
67.507423 38.304070 22.428680
6.567436 91.052204 15.793579
69.986407 18.101836 19.806286
40.524998 51.409619 16.865469
1.232127 56.742606 18.769365
71.519220 49.175212 18.873076
86.309932 90.373090 17.149874
52.028665 11.033129 18.416038
98.556876 30.761991 17.072315
62.230210 32.318652 18.459074
73.572749 61.529356 21.539572
75.518382 2.206240 21.111062
64.696602 49.479824 16.760385
50.892764 28.207799 19.567186
16.091911 32.550353 16.025742
6.796124 51.298646 15.043594
73.800389 49.448661 22.323980
79.829069 32.610781 17.942286
23.352074 71.621217 16.945308
6.944168 20.799843 19.919175
30.283882 96.766515 17.529869
83.310224 87.812957 19.714352
7.543133 19.448857 15.228904
80.551942 3.428188 18.701793
60.187636 20.679363 17.437936
64.200875 48.091862 21.090092
43.889060 14.458985 17.731204
34.036131 21.053461 22.358786
95.361309 95.869822 16.548819
42.979198 87.883501 17.442923
33.912249 41.437767 20.870648
95.176710 45.282231 16.940170
60.948020 36.297705 15.664244
49.271232 30.293484 15.352770
44.377382 52.192990 20.875471
80.802879 12.722386 22.329937
5.173773 75.261940 15.761035
61.448646 21.173368 17.979286
54.824759 73.392373 20.832840
27.639474 31.195764 16.414576
12.534305 74.752213 22.343436
24.729243 69.696348 21.337091
84.564153 47.212591 22.000507
34.687725 73.597894 18.673825
49.085092 74.185774 16.037596
72.496571 21.907879 15.732178
90.425263 72.742605 15.529027
78.124732 67.782689 16.429201
73.339549 76.532223 16.964666
76.075662 49.485761 17.740819
44.615267 67.950880 16.250049
66.624636 40.982798 15.944061
54.298957 33.185298 20.440847
0.391332 99.291856 19.729660
73.028062 89.737328 16.539146
13.797734 85.956289 18.151323
83.513450 7.110995 18.399579
92.778257 68.751545 19.705386
95.763762 99.268554 18.205923
75.135027 18.621559 21.623352
36.853940 35.726410 20.387362
19.610952 48.540084 16.467921
3.296704 46.565261 17.836494
71.573408 21.672848 18.858351
88.930185 86.164376 15.398601
85.804003 20.652692 19.935289
27.274068 4.074531 18.702357
72.696267 26.330460 20.985865
97.448635 67.967394 20.585913
64.190358 2.551857 21.576335
65.324053 41.072776 18.892497
93.011969 6.268201 20.158697
82.703378 94.279441 21.109856
82.488087 11.961105 17.414099
11.355228 28.585324 17.586928
3.351660 1.399169 20.687693
17.017369 17.292881 21.756520
35.563543 53.889907 15.624585
81.445730 71.693886 19.355927
24.004709 44.028196 21.516510
95.548980 6.962642 16.414291
58.482474 44.689629 19.403275
65.492886 84.119466 19.879970
70.986262 95.782293 21.285197
24.706247 30.185023 19.000215
46.881516 74.075497 21.031813
27.492256 45.254866 18.189693
4.025170 43.998147 17.107895
22.921892 17.638567 18.674910
65.834164 32.087218 15.324407
7.555242 85.775299 17.816186
24.961582 50.842611 15.428569
2.034635 98.248089 16.652239
55.437364 87.311081 21.620123
58.910316 55.602739 20.534681
96.996693 70.195239 17.642411
83.401452 98.147728 21.240463
82.219247 85.297313 17.312542
54.199072 45.599868 18.711180
80.721786 69.134550 20.964341
75.804650 30.327333 15.538707
86.437623 99.635114 18.739378
84.296122 8.612136 18.817457
12.448779 69.972366 18.285686
88.371838 79.716314 15.211334
89.117535 82.471958 19.288206
37.093704 46.398664 19.660589
76.083425 11.358998 17.094868
96.174402 19.320980 17.618970
13.948596 4.333597 19.398451
72.234710 3.394816 16.846828
40.212062 76.331249 15.092711
5.374856 11.189668 19.942730
23.206443 84.959247 21.269719
14.167239 32.058818 16.197471
31.606269 59.245187 18.839071
29.505768 11.562568 18.208433
88.176435 90.159338 16.411688
9.393546 98.491125 19.968277
27.962873 16.209540 22.234485
41.087888 91.473251 19.246165
40.099184 81.022154 15.498495
21.353219 76.369600 17.793397
23.719525 85.521802 15.660338
86.779133 22.177506 21.793291
76.963586 87.230733 20.341300
10.904923 64.988635 18.872402
49.865145 10.110862 19.683598
52.445226 56.080586 20.600980
70.486813 21.349531 18.717657
22.891283 61.147284 21.974654
17.652603 63.698370 21.609792
79.869476 22.377605 20.482873
13.694745 44.205831 17.477144
10.694911 54.138275 17.348322
36.809646 3.899677 18.217652
17.471200 0.951259 15.193779
96.145419 92.506904 20.466285
88.961748 5.333565 15.862647
97.675996 5.405144 16.849021
19.551292 98.552165 20.750231
84.774045 95.842261 20.153280
97.787865 73.272244 15.384853
9.593451 57.346439 21.484837
51.138085 50.607929 15.890443
59.135431 10.131542 16.957033
66.317419 61.712470 16.576180
53.461722 67.639212 20.471855
19.324261 20.341821 20.920250
55.300919 76.276423 19.346315
31.181278 74.559478 21.961000
97.753014 15.995225 21.224465
82.033680 19.011082 15.043561
19.834008 60.845544 21.580244
64.973581 65.922526 21.890100
53.343293 54.005458 21.071174
20.955333 29.916272 21.257576
81.858981 46.783094 16.280383
22.652069 91.821198 20.313732
10.662547 72.342022 20.432431
97.833125 17.978707 19.864449
38.640558 90.430857 17.173917
28.655389 10.512080 20.951317
7.724102 50.652705 20.043971
78.071196 20.365843 22.282407
76.491812 20.559682 18.888912
55.904242 79.060532 17.886367
76.033307 32.375217 22.341768
41.609573 44.289742 19.951623
63.709213 34.509824 20.368069
98.605987 3.542445 18.649960
79.254508 2.605101 17.445565
5.063108 38.533790 21.826815
76.024282 12.739201 20.403608
53.903511 5.493008 19.059343
26.511500 31.549433 22.060871
46.413931 67.585115 22.371744
32.991180 74.624754 15.672661
23.356308 59.613039 15.418452
83.543037 5.496355 21.755400
94.903585 92.731791 20.437612
31.905137 6.196836 16.827205
92.220480 10.500217 19.415762
39.972397 54.703856 18.963763
38.709753 57.708619 20.657958
88.320915 3.395809 20.296748
58.269946 58.955012 21.775857
19.146070 83.612918 21.922245
12.028463 40.197986 19.026174