73.588373 14.250632 15.138327
29.440552 79.492039 21.434796
43.562327 18.719287 22.227717
9.397394 92.191028 15.390528
11.820641 59.488364 19.178658
79.806712 11.547149 19.717834
79.914995 11.678620 17.887241
61.825078 52.891631 17.007718
42.783817 80.978314 15.708685
50.195814 52.935156 17.449243
27.623905 5.693659 22.338394
37.102131 46.923250 20.752850
56.373429 43.458029 19.663325
72.907050 75.892279 20.825296
31.063312 73.661590 16.156063
57.820298 47.310878 20.207488
49.416332 10.830745 17.545157
41.130039 78.021419 16.954420
28.311245 31.278546 18.761409
62.583581 7.192309 22.279097
8.444548 40.496655 18.950099
68.545607 66.096400 21.543788
35.534582 85.132692 19.338139
26.213875 99.858747 16.805052
88.586573 11.891858 19.028500
63.634641 56.789712 17.913534
43.131489 82.062504 19.883300
74.111460 0.909267 21.481689
51.597181 66.952044 17.764399
75.186534 65.833734 20.222907
48.647734 24.220183 21.127404
64.460956 57.701241 18.427739
28.059912 59.696584 15.288594
51.784304 5.350819 16.277237
15.904253 97.442793 17.001914
56.885725 35.565483 16.191171
61.941742 33.510308 19.602618
97.739268 64.466050 22.162279
25.877214 88.378396 20.244845
29.435969 50.940788 15.002007
98.087507 9.179918 16.904567
37.277902 81.703115 20.792624
10.543231 80.996526 17.591284
3.323740 8.187836 21.675206
29.420492 26.497958 21.505817
12.610407 49.708394 19.781792
29.261914 11.634251 15.088244
8.936717 9.623142 20.427749
90.903407 83.878065 18.115947
38.002698 16.657246 15.115395
77.606474 26.440739 20.570868
71.186143 79.575305 22.404918
54.748292 79.313122 21.417552
62.588997 48.183064 16.994074
63.178482 67.457203 21.344385
17.312257 29.058263 16.225252
89.413618 50.548974 17.849493
56.897360 33.423894 22.191768
86.346465 67.152474 17.354400
75.849547 41.851718 17.012785
28.904105 88.369645 17.444579
96.302808 70.618128 16.583440
78.595219 48.395718 19.663849
61.359098 82.838926 18.334508
17.295805 33.180595 20.158522
92.256445 12.880456 17.321265
62.815526 84.671987 17.109920
25.475946 6.063502 20.392755
82.353211 89.584353 17.121256
75.439449 57.724207 16.854481
37.082312 48.957718 17.258139
49.628094 79.315437 16.796503
56.382374 55.429437 18.351439
63.989263 53.838109 15.829607
58.413758 23.535230 20.021627
32.139736 81.699311 18.474813
7.410470 19.117356 17.314749
64.647485 96.129862 19.376499
72.192903 64.002477 18.340103
43.223370 21.134984 17.421009
58.660967 76.680971 21.648118
3.236722 30.914042 20.211562
51.040593 69.405872 22.366450
15.657459 48.544610 16.228597
67.553151 79.990257 20.121678
51.323129 96.295099 19.297110
97.938471 36.210370 19.986336
89.022813 77.896797 19.775593
47.565040 92.557357 20.366522
21.050996 61.516548 19.361434
57.062776 69.341655 18.540587
66.109309 66.222608 15.698013
19.647986 25.013892 15.702537
41.582258 89.462603 19.461855
6.004038 10.703290 18.618395
43.749896 25.028463 18.724735
67.085514 95.732141 18.412414
83.096603 2.695435 15.947381
92.151927 92.932285 17.249076
59.921599 51.757152 16.908082
70.049369 42.686551 21.092542
58.239531 2.724019 21.406626
41.026928 32.023737 20.771548
70.325349 62.501592 20.883409
83.913828 30.064164 16.767006
33.231265 58.061740 17.957336
47.766097 92.647023 17.044662
85.909079 73.568239 17.071824
83.965014 8.622431 17.575227
92.795264 75.887384 21.960502
11.861461 0.374786 22.101769
41.066347 63.485996 20.400876
48.434738 92.186869 17.972356
86.619868 8.317791 21.044429
62.139505 95.491357 15.933022
70.916840 93.071528 17.944145
96.382225 16.944161 20.694008
60.446273 0.935527 20.470549
54.637693 98.020957 19.362882
35.155082 0.432206 22.279310
37.719482 23.561360 15.595687
17.580919 18.526905 19.392607
38.529064 66.939202 17.290054
77.157829 51.991209 17.449823
43.678504 83.358414 20.384936
85.512249 73.720243 21.552256
29.042090 37.631512 21.602015
54.298328 97.040608 19.388283
63.027885 41.798333 18.607654
4.456447 63.563332 17.014936
32.734122 39.086889 17.182642
77.662814 16.596080 21.545260
19.253077 62.845493 20.809099
95.576257 39.152293 21.308921
74.592946 48.935875 15.455829
20.721834 55.112801 15.503764
73.914443 15.268328 16.401718
69.322829 78.944747 22.490475
75.702713 7.664312 15.390740
13.441870 13.643216 16.990299
58.293811 84.700655 17.183641
49.237974 43.758416 15.544218
56.635231 1.192273 17.624121
67.152261 70.493565 16.033645
15.382857 7.689651 20.177561
28.884621 81.137611 15.431388
28.624027 61.680529 15.963914
47.099355 81.983847 22.470177
44.364203 21.852391 18.163042
0.361466 84.449600 18.606658
95.579399 80.844270 18.917284
4.981377 30.685543 18.603606
59.749815 16.043255 19.660837
43.286008 33.747999 20.240847
65.886257 69.495695 20.696327
33.816751 24.360434 15.252801
3.604652 33.041395 17.518769
14.764634 40.008874 22.291075
78.618111 88.407037 15.974696
54.580439 55.052935 21.015732
11.192462 68.610716 15.210198
99.577445 14.826393 21.732657
20.784921 38.830486 21.415177
41.692464 86.929438 17.996197
58.740258 31.319265 20.664691
25.570368 19.552286 19.895331
6.636790 67.608790 15.806755
90.829501 81.793568 20.070040
53.606862 33.326129 20.133985
36.815398 15.220596 21.739447
20.103397 16.147529 16.152596
89.309165 15.218229 18.213141
88.828749 42.103589 21.037696
71.207510 50.509686 19.294153
17.900175 87.129446 17.918907
18.619858 71.546725 19.185684
45.151272 23.921534 20.757767
93.665276 40.169190 17.826250
61.736711 83.819668 20.821973
1.769865 87.607684 15.502408
77.275499 8.259758 18.788080
87.651887 32.643699 17.593852
78.693304 22.663337 17.695031
87.691631 3.414927 22.445897
44.328928 66.377201 20.008588
61.097053 97.379110 16.495391
8.510480 89.608139 17.543853
15.695946 18.388254 21.245141
35.747113 35.918579 17.031709
8.795735 19.820910 18.729931
84.241837 79.417659 15.510649
17.290181 37.077924 21.190271
20.414123 12.524443 18.191221
43.848707 4.000706 20.123301
18.914451 53.311578 19.291161
60.147535 27.131922 18.452259
25.863424 88.047471 18.233874
43.341037 33.895272 19.996858
42.559483 17.433977 20.447458
19.506868 1.784826 15.366269
43.702743 15.194098 19.792440
33.885042 56.187823 15.782114
67.209436 62.083987 17.022919
17.773606 72.064087 20.867364
48.228148 16.907472 17.490826
92.271081 98.394255 16.942776
67.052258 38.433932 18.506410
89.933157 72.397788 17.457249
46.876704 2.064004 20.299715
31.027510 7.306698 20.035421
96.698809 43.153633 18.054046
12.791844 41.186422 20.466943
2.976415 55.608947 21.431546
27.447065 29.243059 15.055578
88.324965 24.526674 22.222064
34.604964 42.320528 20.156142
40.348746 83.290710 16.351383
38.925025 89.538033 17.830037
53.659358 47.861167 21.166415
43.755296 45.616789 17.956748
48.844636 57.555066 17.464002
40.911126 19.848054 16.388367
77.003636 43.363880 17.241076
61.396082 54.072640 21.901690
89.545905 17.084385 15.152330
90.589379 74.602415 16.080477
51.075309 31.920956 19.728129
31.682778 20.657284 19.764745
1.460457 3.312589 16.058481
16.280690 58.415032 15.392874
91.593344 94.943412 20.685672
18.785946 50.023754 22.245653
57.271919 70.798963 19.803886
53.514316 44.427343 18.015543
42.293214 9.687001 16.403459
88.956620 63.931149 22.481983
63.491121 51.324738 17.499987
57.189234 26.349554 22.058005
12.260609 22.604099 17.191527
97.480087 69.898231 18.749102
92.017583 57.020894 18.154337
8.566484 36.271024 15.151831
98.411281 23.409920 21.705150
17.652522 26.434234 16.052391
64.106228 5.062188 20.099162
72.844422 77.522675 21.661171
54.219665 45.956907 19.983551
57.217679 79.200810 19.091944
33.151724 90.700000 16.538966
36.859265 63.461688 19.805350
81.489972 76.723957 20.944238
99.599824 12.225878 17.118392
3.882788 96.255880 18.871208
56.239450 80.057465 16.449304
34.673027 48.783560 16.560643
66.160870 52.866241 18.730655
91.483282 64.488290 22.397643
22.745603 29.883473 21.193542
92.250451 11.934861 17.494340
96.398890 55.362296 18.531104
50.079860 85.766894 15.731751
82.534874 23.673515 17.002296
66.656367 15.526612 20.480535
42.036505 53.910259 21.314654
29.079428 23.775933 17.272828
0.954254 81.486393 16.851294
7.671370 51.176438 16.706761
67.812345 95.610065 15.369865
65.337434 14.047011 18.736032
94.725199 98.120968 17.727768
7.372284 42.989379 19.939971
14.304310 47.553313 21.945483
74.546187 55.951023 15.492627
28.052185 0.773182 22.209722
96.137747 44.737254 19.412191
7.077569 19.828310 19.036608
37.309449 62.417292 20.595918
67.358967 24.664333 15.204605
18.646368 25.558022 15.822377
85.134718 3.090945 19.953815
22.872435 9.218801 15.145509
24.365414 72.093203 15.333652
29.351860 79.793493 18.807312
94.339797 54.574038 21.838109
34.635313 65.998345 21.491245
46.409171 91.277509 17.117693
23.557317 83.824569 17.989251
61.213099 62.845856 17.504289
67.906725 11.224818 19.363241
80.218810 9.974129 20.966350
76.239866 36.045759 21.926088
5.471649 55.392394 19.381879
30.873569 89.762154 17.742118
78.203993 73.544210 16.278475
76.988990 24.252821 19.087655
7.446233 84.369207 19.616399
63.044388 26.776235 18.491927
31.035326 45.347655 18.136834
16.307949 16.994899 16.480408
99.057715 60.963699 18.466171
96.533212 43.507980 20.963218
82.065461 30.319675 22.276220
40.569327 39.441529 19.496346
86.650401 42.046437 18.296948
11.105234 89.190808 15.242008
13.302656 91.352888 18.995519
73.400173 3.734123 16.096918
12.653371 40.521809 21.923858
50.211396 62.033654 15.532397
64.790016 38.642620 21.322367
1.308660 11.833571 19.919829
0.141169 90.793370 15.986806
71.143390 98.387979 15.000650
26.805690 52.327309 15.782370
63.894516 23.411772 21.449751
79.928119 64.950515 19.632248
40.468803 49.285831 20.370580
88.634118 41.275054 18.375014
51.113001 37.851128 15.345566
51.602308 66.525226 21.695041
16.807766 34.758242 17.484225
34.874684 35.558761 16.238556
72.220118 48.418748 15.423872
18.646615 86.617602 18.551018
71.608406 17.367411 18.805577
17.647470 33.832470 20.814233
90.677791 79.791392 19.141004
90.024387 41.148302 19.760178
99.172399 31.506100 20.258471
95.533020 1.547921 20.841292
9.552101 75.554836 16.996314
46.075392 24.799423 17.104686
9.307610 4.225766 19.248577
62.239160 62.432389 20.723659
20.805721 34.025734 15.473551
70.940889 12.634705 18.082962
31.217785 32.891711 17.627567
44.334108 68.022619 17.020018
21.910376 6.610154 18.977446
52.947958 50.560036 17.815998
57.702107 41.530448 20.459771
75.838636 8.790003 18.847329
71.285045 62.266194 16.005536
95.222760 5.640848 19.319738
18.686862 61.311383 22.291236
69.506190 35.374683 16.503885
1.846933 82.619100 17.313794
27.771558 13.591458 20.624947
50.197673 53.977188 21.553838
81.135120 67.878788 19.575778