80.329284 94.534191 16.689108
86.769849 48.581548 18.190510
69.949966 7.584605 16.722969
26.028812 19.803433 21.152576
42.428945 90.538923 21.530180
90.866055 3.325752 17.177082
15.529720 95.584175 16.128235
3.128071 82.923480 17.689089
39.295582 68.288613 20.449469
99.560167 99.175605 21.308679
93.074637 17.092412 19.892717
31.120492 22.145316 16.750989
47.948344 8.040033 21.698153
51.182825 91.407812 20.864938
85.853945 60.524941 21.117069
49.419908 70.288730 21.230343
49.948248 12.901039 17.649054
5.904855 49.343171 18.020562
77.894854 0.102016 16.301986
68.597743 31.229982 21.413256
47.808710 17.094281 20.467294
78.924537 69.204894 21.712827
54.707517 51.445497 17.391581
45.307413 78.110886 19.229338
68.931716 50.559458 21.918965
62.682628 61.461907 19.760906
92.970227 76.382804 21.367579
20.617324 39.685005 17.320738
43.957766 55.890320 17.875223
82.877727 12.076860 22.125411
90.790576 72.276391 17.578427
30.759134 42.612810 17.750787
66.975466 3.815894 22.211599
50.435098 17.451798 21.567355
89.172290 97.865784 18.442451
28.377991 11.388601 22.134173
60.418161 49.230743 21.476561
64.478478 12.110655 15.378818
57.094452 41.754841 19.275875
20.222255 87.797335 19.144126
14.780733 12.265423 19.429964
3.087813 89.756104 18.214950
26.385495 43.888559 21.204065
93.821801 52.436274 21.418162
98.131313 80.528840 18.185261
7.829434 25.417407 17.322393
58.162506 11.689103 15.337661
36.933070 10.731609 19.409906
52.134619 71.680591 22.018571
25.467985 13.812563 21.330549
53.933754 80.263235 20.900816
83.476106 50.406971 22.291453
32.545711 35.200870 21.287556
45.711709 41.452592 18.962282
72.301989 36.867745 16.191565
7.156916 20.349020 19.700417
96.111581 24.216515 22.374039
62.029696 30.687852 15.952962
62.276302 77.961104 21.510393
25.949845 64.587664 22.492807
8.078855 44.590477 18.440508
83.329824 90.320611 16.661153
81.021802 72.262558 18.008342
14.093836 56.764808 21.361339
65.196470 23.522171 19.832900
27.023101 56.124898 15.198718
91.962346 79.365420 19.905322
46.271128 73.439938 19.162301
69.284227 85.813825 22.031667
57.245579 42.856756 15.901976
22.969496 43.450477 19.317602
12.124829 44.654160 17.079426
30.094678 80.467818 15.333044
23.586351 40.855565 16.721484
96.092850 26.018343 17.166323
38.583962 79.863467 17.669655
68.906176 61.434526 15.597807
49.497157 39.406925 19.397468
3.045190 74.546508 20.080855
90.970911 39.889131 18.053978
33.196018 67.777214 22.374918
67.934325 56.157483 17.090855
42.644153 39.009262 20.548182
74.412033 30.105723 19.579160
19.459787 41.435931 19.883012
36.217992 51.404126 16.779341
12.373971 71.994922 21.567384
53.787697 0.401633 21.006022
14.321897 4.756868 19.599272
37.231364 89.017096 22.248080
0.022941 88.639299 19.674528
60.368061 63.661849 16.633204
59.991152 19.231967 19.184765
42.473562 72.552542 21.434149
47.131939 17.525683 15.779772
38.442395 37.614731 20.315627
69.633616 1.675144 16.222317
26.485791 34.053915 17.034776
12.036591 70.416293 20.236522
33.366597 83.959930 18.628614
55.151690 77.614991 22.178829
81.021546 54.511393 18.381838
54.976738 0.074187 21.438728
92.504482 26.338074 16.596541
83.195354 96.381588 19.327764
51.346873 29.239364 17.757212
83.886495 73.190380 18.650548
44.972798 7.512780 19.197142
42.471371 48.846237 20.200325
36.409744 4.022342 17.193981
49.794585 9.493303 16.438428
29.648069 39.662728 16.358761
17.095697 50.683383 17.208586
85.020915 64.269108 20.885641
25.365431 36.795055 17.252036
67.871986 24.208919 20.348613
1.793199 55.103984 16.936585
84.070231 2.962987 19.017998
64.922667 88.765021 20.250311
49.960409 25.708892 16.126098
37.543291 12.650793 16.387847
51.525737 12.690124 20.165603
24.814042 33.473261 21.886860
40.712441 2.270463 20.354813
63.006089 2.737529 16.292505
80.852059 30.126191 16.733538
26.900051 42.885552 21.070607
35.192997 62.185027 19.512118
26.286067 10.197050 21.500472
72.349688 34.648639 17.514866
41.400146 26.132345 19.744525
39.057147 6.910009 18.407658
15.115288 72.804994 20.210538
30.472766 52.668159 19.669242
53.608115 20.725335 18.049283
70.147135 26.172381 21.367685
76.589860 91.627538 19.302593
82.468347 63.552408 16.322413
17.506572 74.912269 16.408611
58.277760 77.356101 21.738652
27.247355 37.643619 20.656463
19.272093 50.936979 19.337316
41.309751 72.130841 21.455597
71.982039 94.089576 15.673226
70.213077 3.004851 21.133267
14.332403 7.718702 18.134572
77.701680 6.433917 17.780797
80.528341 67.787162 21.257038
6.625088 53.466437 16.875222
24.106703 45.459394 16.549244
51.789564 78.919382 15.025291
78.044678 32.770559 21.857266
28.429199 8.942234 19.574776
63.719398 89.043424 21.714206
15.958932 68.766001 16.761191
10.046149 88.097597 22.464108
28.683186 14.372802 21.411479
35.312594 44.854266 16.854479
2.887876 26.331986 20.363226
98.562370 5.905783 18.145122
43.904260 77.580672 19.676286
25.892488 81.398728 17.442034
34.462371 79.556899 16.431174
3.518833 40.163675 17.168863
79.177118 59.144257 16.152178
85.445834 87.721339 15.242649
4.499487 38.812128 19.335669
20.712304 8.917477 21.075497
89.418119 79.637066 20.974434
55.613596 48.814209 19.522065
0.095538 72.173810 17.726707
9.696018 45.365453 16.651264
98.698630 79.751728 20.472646
77.459258 41.752593 18.544115
1.544314 13.653983 16.699402
0.192160 13.674661 19.015572
42.447577 48.755286 19.491196
48.216569 53.981633 15.863355
7.367834 55.241554 21.325560
23.624364 52.313339 21.423367
35.483500 25.867054 18.489269
47.098280 33.694457 19.744600
57.141008 97.673393 17.773624
80.191973 23.820613 21.029373
6.607937 28.692114 21.145522
86.904484 8.570747 17.594215
53.731055 54.565011 17.011223
56.100922 64.898143 17.299717
11.930008 46.903428 15.469721
65.322643 61.771729 21.589509
36.762309 41.770330 18.737675
65.267889 78.834414 16.139690
43.882118 75.880366 21.893627
37.645905 12.450040 19.681191
53.573209 37.431175 20.422066
68.209076 3.947639 19.755318
88.547039 38.688874 20.189998
14.197892 37.386008 21.578942
16.853919 95.208922 19.805061
53.796226 51.211962 17.375015
56.906637 12.184162 21.404042
96.339860 30.894537 21.950532
90.114235 14.638140 22.085122
42.806583 3.656255 15.190936
66.876574 90.902303 18.010316
77.491536 71.299580 22.459109
71.789469 29.989340 15.091101
78.427712 4.077997 16.397074
58.129176 19.158708 19.021942
17.569552 71.584573 20.421473
2.461839 86.916145 15.039687
14.042685 0.453662 18.790337
18.555878 61.348078 19.180331
17.940056 96.141701 21.453050
84.945047 50.511399 20.719860
20.776051 90.433180 16.039427
71.915539 70.139944 18.955445
33.341614 54.819947 18.398755
35.489860 38.611943 15.864808
59.648294 87.558769 22.280026
76.119189 14.915691 16.013451
26.785704 74.496126 21.746698
33.081774 74.433116 19.540575
92.558537 90.776316 16.129536
25.770600 58.711932 18.162818
69.627422 63.216100 18.652520
6.823047 37.664584 15.673677
61.657118 80.931099 17.992821
47.422560 37.135033 16.344533
52.940677 12.261989 18.712475
18.532359 59.338912 19.179273
51.319284 1.987902 18.004571
49.994266 39.391061 19.170420
30.093439 34.001522 19.408763
9.043842 7.510919 17.589750
31.878311 29.443047 19.309775
48.498897 84.818440 19.882096
81.090996 14.324879 18.449354
38.049428 99.905137 16.577053
16.536059 2.538299 21.984857
58.031790 22.389791 19.125683
32.569439 95.625536 21.491318
53.049122 23.666732 19.052681
79.125788 52.449518 20.595031
64.050429 17.404972 17.714502
23.218329 83.401403 16.667548
81.091449 19.551990 21.703596
55.100927 83.420933 18.060454
42.246066 9.582427 20.583901
49.447346 53.784149 22.162985
37.003289 14.451957 19.784130
14.361832 88.496310 21.654743
14.916632 61.859413 20.460475
22.394510 25.691756 20.191798
67.491886 85.134029 21.883747
66.698888 16.654351 18.343567
79.628704 74.850851 20.892252
39.246348 65.645486 22.443751
57.176572 56.007352 19.618744
17.666919 51.224907 17.054851
5.271453 53.844785 15.079523
28.465177 33.690469 20.702286
42.642158 99.231695 19.790367
15.086617 2.868442 15.670376
23.451293 31.327713 20.195091
25.244075 50.857602 17.381147
9.158281 37.896311 20.206316
51.496099 46.983821 17.577117
94.179703 4.146467 15.196132
57.517386 67.912325 18.819229
43.881730 6.539323 17.202654
49.884060 19.313663 19.615047
5.927095 23.877306 21.043727
87.004754 81.793951 17.970026
51.703209 57.028260 21.918683
98.468292 36.689137 15.289526
96.799637 64.201481 19.070617
8.479614 87.485308 21.595463
93.389271 74.827315 21.433871
31.980607 78.076596 20.227416
90.965201 25.018722 15.599051
89.646524 94.184163 15.658476
10.158160 13.456945 18.387597
97.015603 1.511655 18.224458
41.725069 92.889722 21.992725
50.523758 39.384154 18.504991
55.982505 51.374731 21.997893
8.233574 69.333612 20.375519
30.563282 68.671162 15.590933
6.728430 80.186244 15.348980
5.577895 96.145431 16.068584
52.988927 59.028290 18.833953
61.930822 92.726385 22.399092
96.904002 2.581844 18.048930
82.763942 66.936990 19.015907
15.956101 92.913105 19.755062
9.282118 20.702680 21.032503
3.391508 63.658750 22.274273
31.498277 58.223001 17.872234
33.079681 94.709209 16.540189
10.619657 49.791608 15.801535
18.114336 69.183091 20.005863
7.219296 64.982486 16.594977
32.240577 80.726188 18.134664
51.676600 15.996338 19.121971
53.925086 10.444807 16.981755
0.238389 39.702195 22.102441
84.025593 79.214763 17.491367
39.874201 94.556959 20.882335
11.646048 79.141950 20.565945
12.974835 78.625430 17.827165
70.135228 38.107569 18.219721
16.878684 48.527128 21.390225
83.177719 2.471195 22.087413
44.644531 55.801414 15.440373
16.219009 94.459544 16.417008
78.920478 62.919377 20.852885
12.011345 55.011491 17.765313
36.764928 7.710882 17.848323
84.971258 61.632019 19.020214
2.576354 52.087642 19.372666
16.225619 33.053937 18.995055
63.791605 0.575130 19.491701
92.598406 9.676165 18.564479
48.941836 62.293747 16.417450
60.470271 60.992347 22.426893
50.984612 6.979142 21.675170
86.599909 26.981382 21.029597
90.122409 17.475510 17.744982
47.608419 51.527512 15.945409
85.287004 0.269959 18.985548
57.463513 75.235288 18.819211
84.049255 14.095279 19.773618
59.881618 92.500467 21.868131
0.249864 69.709111 17.036868
81.886192 51.293526 20.072015
35.642587 95.988733 19.066412
73.340725 11.894220 21.699653
77.417260 19.764653 15.336539
42.150739 97.325225 21.240894
79.229762 46.498542 18.810644
1.104789 40.101422 22.100764
32.056973 26.529029 17.767997
42.353618 74.817551 22.439335
32.255819 18.972247 22.442163
51.412444 73.512097 16.731501
64.713800 91.681679 18.742576
76.539419 85.826319 19.559977
1.974302 12.975994 18.248848
75.054828 58.010179 19.413988