87.311729 42.483690 16.792122
0.347064 59.554340 19.586052
71.237850 69.969514 15.010834
57.561486 6.426770 16.300471
1.112633 21.004042 18.989479
2.861359 85.073836 17.074092
64.497924 74.524874 21.468870
93.285636 36.667610 21.024787
66.369942 56.780457 22.417546
11.949288 50.833018 19.007473
74.933026 13.365119 18.438535
23.081060 51.359012 18.493725
2.043971 81.806049 20.313679
78.800536 7.608290 20.977866
38.003748 44.728084 18.430650
86.665563 35.620219 19.365378
31.360320 50.208898 22.225193
81.311612 45.784268 15.797640
51.814628 78.732028 19.331327
31.608045 68.793451 20.697527
59.496527 70.923323 15.278092
44.659043 88.689745 18.755771
64.712272 75.301505 18.181506
47.846992 69.365836 21.384453
11.622071 76.834705 20.835073
86.992568 30.129551 16.424028
61.218096 32.129697 21.242891
64.392634 50.648769 16.990057
42.650759 36.472994 21.207405
90.093076 58.406046 22.050603
85.430534 36.530479 18.561940
70.356373 33.124568 19.374249
80.245960 26.369102 19.160159
34.331925 99.101225 21.298331
23.445231 58.210041 15.245554
46.269422 86.590062 17.428837
23.984726 43.764837 19.531637
36.980744 10.524846 16.059100
68.935852 66.604263 17.907239
90.498823 68.152574 20.412909
5.351653 94.876074 16.525132
53.259873 54.578304 20.367326
70.313995 6.886507 17.548265
55.272339 71.689388 16.729859
91.903343 30.028023 17.881351
71.545272 36.119244 15.724324
38.627832 84.419873 19.653293
57.399911 3.568897 16.237871
15.374184 7.417251 20.068370
44.699758 44.299607 18.236457
71.583854 34.681681 20.913592
73.807623 95.402783 21.034118
60.185723 57.702245 18.249103
34.805201 4.619885 15.132168
14.341804 80.907053 21.063901
4.542040 10.676590 20.651560
58.977604 65.318310 20.515450
93.099819 20.713333 16.612938
24.737543 2.760947 16.478667
6.304166 90.896902 22.023974
37.406365 88.459765 19.864837
62.189939 89.485129 16.909748
96.499738 0.719479 15.092452
83.270209 43.779506 21.699166
20.838502 49.286993 15.141892
62.910980 56.981580 19.348234
62.952192 91.044437 16.788098
24.349927 75.407920 21.140490
7.124264 43.199263 16.761396
18.815908 9.012895 16.297440
28.916203 20.880417 17.848088
55.055872 54.570488 16.007409
68.017727 15.349199 15.153702
88.233457 93.765743 17.126350
95.099538 75.783033 22.426123
93.255091 41.168981 22.178341
31.102333 98.125394 19.844730
9.581059 31.549055 17.300185
7.757648 90.743990 17.571021
37.605033 97.685126 17.358420
0.858254 30.185091 19.907744
68.480322 48.998954 19.392893
63.204405 93.709669 15.705327
18.714951 43.004000 20.384688
60.898741 72.147014 17.771093
48.776958 74.603322 21.949982
68.645962 35.797858 21.757792
42.631766 1.753827 16.401022
14.476833 96.750234 16.889375
92.491294 22.658257 22.173525
3.081151 65.950792 15.365638
32.570507 59.239839 15.808629
47.395761 39.672881 16.869257
89.744310 48.287350 15.768124
54.038143 33.877737 16.807771
36.447448 91.605043 17.290734
64.166075 17.439219 18.311021
4.589370 48.266742 22.079636
65.387573 76.752978 22.188476
45.592943 89.994567 22.150126
93.698037 2.230795 22.125705
12.545906 72.245562 20.753604
81.746555 58.055691 19.463420
59.349912 0.909921 21.376935
1.251359 60.064262 22.220418
12.661477 78.638535 18.802635
42.196317 20.338943 18.328572
27.992949 70.243114 20.334080
37.051351 67.584119 17.130077
90.516138 87.817049 18.441989
82.246836 40.161799 18.773573
88.079340 88.406127 15.107426
88.257015 82.234822 17.334625
23.367592 21.231826 16.753718
80.330673 18.502248 20.191143
68.384945 0.768965 15.891919
95.900401 10.996523 19.057438
81.381854 58.835213 22.238250
96.784402 17.361607 15.371974
48.052209 56.191883 16.183933
38.560335 57.483627 18.079974
99.134324 48.936279 17.032938
67.378402 29.027307 17.434954
39.728308 6.931009 16.234270
93.767931 31.200716 21.867706
32.343881 71.693061 17.949238
8.010331 67.075512 17.469208
9.173924 54.276897 17.807960
69.226566 48.866860 22.435238
64.560923 41.349846 17.922347
65.722891 1.960609 19.845461
34.137708 30.528701 19.956739
92.905186 88.651691 21.900099
72.812174 64.326557 21.359045
58.537389 9.554842 16.129263
20.904293 40.564641 18.788228
8.538177 77.687696 22.310816
4.793996 58.210523 19.152813
14.934342 50.575926 19.084183
50.596555 63.453740 16.895843
69.474503 85.462102 20.080240
77.924009 7.019102 20.023242
90.524367 41.876930 21.372414
6.587224 53.944123 21.677452
19.529453 28.264601 15.922965
43.274724 62.664285 15.013282
79.885201 48.502567 20.606490
68.337277 71.847826 18.408563
68.186485 43.079584 16.065385
70.220820 18.964203 17.397869
18.281939 83.949111 20.900000
11.648370 58.428179 19.374818
40.400152 80.079815 16.807121
82.157921 31.631253 20.860714
76.403920 10.340526 16.360155
9.553281 20.447320 20.838548
72.412609 60.350186 16.234550
42.681337 88.990964 17.633756
78.335402 4.402852 22.485616
97.048410 25.781520 16.683806
21.105451 19.080065 19.737419
79.712700 54.781753 21.518480
82.525090 5.846978 16.802007
47.160148 25.895471 15.547087
1.229697 81.481414 16.247257
24.183027 49.884149 22.204755
27.739879 4.056036 15.291256
57.603697 19.342353 22.024242
25.725226 64.875443 18.089890
6.443204 8.195506 21.806220
7.693945 20.388766 15.725565
77.813103 85.397853 21.516687
16.312732 57.004966 17.916590
57.608089 24.045216 15.302806
13.826780 44.443896 15.241565
82.384362 60.537056 18.922719
4.997830 86.821020 16.341158
27.692435 79.236456 17.717393
24.777066 30.298833 16.023373
9.031691 90.821851 22.458165
91.440929 34.601302 16.484665
27.683242 13.234317 21.374809
69.751494 55.413853 17.216735
53.976201 2.342377 17.055443
45.678618 5.285822 19.290962
15.268409 81.698302 17.908020
87.444601 86.712302 16.915521
46.840445 97.938428 19.104151
69.324158 48.656393 19.872904
77.768949 84.470767 15.500816
47.551673 97.777341 22.173104
27.145042 32.368739 17.927455
90.620490 96.949082 18.773941
63.864876 72.816955 19.948841
14.481364 54.701450 20.898034
53.104645 41.361730 21.015511
84.630067 19.479992 20.497912
66.161822 86.037942 20.939774
93.711152 13.086339 16.067523
71.831031 12.885548 15.708692
23.548719 41.890381 18.466872
18.395623 91.959687 17.947078
64.648466 24.918523 19.588768
12.334826 16.966779 16.799235
17.002912 26.421481 15.134155
7.942104 31.755519 20.507761
46.333574 18.747017 19.675523
39.719519 50.015198 18.056754
81.792889 99.344422 21.700648
88.721809 43.656463 20.042279
73.164670 58.116723 21.607587
55.443034 58.346105 21.889855
84.012569 6.866670 16.825452
50.363504 30.507298 20.528171
44.144387 89.981931 18.840385
75.387753 10.808918 22.148906
63.905099 7.530718 15.363795
98.997888 27.148987 15.550031
69.366683 63.537368 15.808049
13.986677 96.854451 20.851317
42.416737 27.694730 16.823979
53.560617 55.927506 16.281613
65.577675 50.522704 18.698723
64.406177 72.918115 17.014053
0.331294 78.404929 20.160907
84.981316 92.740557 20.158588
51.957450 8.968289 15.941163
3.043877 15.726283 21.120380
21.545026 32.356369 21.751090
33.504453 81.923577 21.622083
35.097028 21.490408 19.254134
24.849653 66.941909 18.035584
65.806978 22.218365 16.743360
53.374367 63.644730 20.741103
77.759777 86.593043 16.541160
40.437302 46.408149 17.386645
85.253919 12.580614 18.799881
17.172336 0.972357 19.813418
72.487922 52.856049 16.910179
55.516138 97.702439 18.533257
29.904576 66.202170 19.936966
72.674249 68.693856 21.014459
6.297030 39.461343 16.429406
70.998601 78.732090 20.866333
22.842519 98.043315 22.014031
20.939199 83.837559 21.825550
61.256402 16.696469 17.680432
55.684359 7.967954 19.283680
18.472363 4.794238 15.882880
76.354817 71.983820 21.479359
89.216947 33.315744 18.057323
86.349920 88.377827 21.385373
2.728638 47.881319 18.409189
99.594756 67.648850 15.056584
64.848372 16.989202 17.030826
2.382824 73.354144 16.060893
35.839009 53.929691 21.972287
97.623830 83.189917 22.131387
0.067588 59.878176 16.830836
2.005115 2.540629 21.902460
34.390976 93.498886 21.586628
20.321677 51.824805 21.707914
88.787111 91.587765 18.790575
96.399967 6.463159 17.579186
69.930769 26.682004 19.874413
36.189410 89.903292 18.696330
14.393168 71.956861 16.053009
65.201255 47.526820 15.698328
70.946458 24.200741 20.959113
79.671341 63.223730 17.287991
68.137098 68.911962 18.921729
94.592645 73.358960 15.942130
21.302421 98.347551 15.592992
54.643308 15.136934 16.310596
83.386669 86.325378 19.916649
42.357488 36.564138 19.013985
88.718400 56.507677 15.400004
21.571970 20.754203 16.582417
14.310574 5.892725 17.981044
14.099938 29.080690 21.843392
87.683833 78.490811 17.920000
47.572723 18.582766 15.173404
25.880896 18.223105 16.991120
95.687883 1.356905 20.328523
99.372235 2.938430 16.970543
61.196350 71.111052 18.641597
23.744095 37.665793 16.565137
22.213232 27.466734 15.290744
73.688172 87.801133 20.199781
40.613934 70.381977 17.540050
4.433503 0.088754 20.059498
74.596140 79.158186 21.139660
18.018360 0.826879 15.441878
15.823457 68.422241 15.487393
69.452835 21.606962 19.080064
47.182769 91.256122 18.862115
4.264145 68.116337 21.515909
37.855636 77.526275 20.333741
78.705876 52.805992 19.381418
4.317449 38.571439 19.646185
88.273127 97.628939 17.687256
4.428335 49.824035 15.150687
52.429751 48.842902 15.867187
71.443567 2.998307 15.770430
73.914839 77.028252 17.468357
87.510647 19.803508 15.149595
27.203101 92.368858 17.928774
36.924099 50.259046 20.682186
37.471967 72.651431 16.927535
78.070567 33.136040 19.708785
44.619748 51.695811 15.882118
87.285826 20.308150 15.029033
25.174554 21.106734 22.066510
26.448456 65.292259 19.283618
23.640466 98.144051 15.316939
88.650118 23.543535 16.670082
39.500176 55.864179 21.688600
51.800657 82.471113 18.504193
77.681817 21.507546 18.817784
31.142854 27.846219 16.020731
18.203794 45.743444 17.084277
2.834632 6.635258 19.515013
98.880728 31.774954 22.204712
16.243157 93.169285 22.015798
56.728618 41.854368 16.629479
85.318122 75.652968 19.291317
60.892384 20.185895 16.760462
83.290678 4.366860 19.606790
17.467966 23.521799 21.420799
4.519399 69.599639 19.436945
84.422147 29.904687 18.842114
95.198893 98.923962 21.278878
1.936106 52.371512 20.649798
86.014496 81.124731 20.710043
1.810944 95.669027 20.393542
63.625886 78.753390 16.887093
42.144076 84.852646 15.935200
21.609505 95.513961 17.175767
58.945182 19.322413 15.749743
49.706879 27.589731 21.395622
26.303368 59.887521 15.616445
85.805142 43.576549 19.276715
85.440091 82.396479 16.931910
32.081056 36.188664 22.062608
35.926746 84.203307 19.213928
83.429608 35.917641 15.484395
12.441399 61.723015 21.467096
87.662905 19.886763 18.785626
91.227110 30.800679 16.115450
25.701884 63.662698 15.320887