46.613568 25.700089 20.624293
3.256179 38.844005 15.609611
53.909887 25.061040 19.369021
1.313363 56.208754 16.566695
86.889328 86.497987 17.695856
28.723900 7.968631 20.733143
60.608928 32.675593 19.422193
53.895648 87.562605 16.482594
20.323791 71.352851 22.148658
13.930390 0.167576 22.012683
68.157880 79.972385 19.597022
78.075540 43.566517 20.000297
67.962379 24.194748 19.610959
31.953377 46.335218 16.929820
71.282905 60.001149 18.657143
71.895393 46.132963 22.386503
18.048237 1.354557 20.705540
82.926579 30.535922 21.780334
39.676239 55.133948 17.709170
40.597728 7.082435 18.435633
41.625031 46.364989 19.562614
89.291698 50.307570 16.920940
34.827773 5.368990 20.515990
30.401246 49.051932 21.758280
88.350116 58.024351 20.118508
56.436370 57.094691 17.325224
61.413748 75.222945 16.317478
30.361859 82.933632 18.243735
27.560638 48.148011 20.303879
34.497904 78.194996 18.543193
87.586495 50.301933 17.417409
23.983299 83.135215 19.999634
67.983486 97.098960 20.757524
4.363981 70.282004 16.460121
66.481393 52.595694 19.870566
83.992653 10.110135 22.312723
70.941998 29.900710 17.451873
59.558869 10.954816 21.954973
5.375323 70.710053 21.000846
8.642576 95.309017 16.081426
64.745060 49.103316 16.301822
10.957910 40.382708 17.642524
81.148389 83.698425 18.640013
10.361906 85.066152 18.153487
98.305919 69.952720 15.385113
89.281525 44.653017 16.419895
41.574393 45.714682 20.114747
49.055630 22.102570 17.302731
62.702337 96.001524 21.796794
1.824094 15.886666 16.202857
99.720712 38.763469 20.236058
19.234956 37.561371 16.123883
78.834751 31.660554 18.338125
80.590823 25.760924 22.012138
94.697540 40.014544 15.217639
55.922290 54.748026 20.871318
72.309476 7.054377 19.557382
42.011388 76.770744 16.340303
13.829738 50.003603 22.081068
82.114228 38.470796 16.463082
38.293583 14.765785 17.338006
82.785225 36.105185 20.790241
43.930511 17.263497 19.908982
86.969150 18.554734 22.212768
36.841316 21.294388 15.367998
58.444179 77.666813 19.114122
15.786896 71.516069 16.372711
46.237239 14.207359 15.505189
73.268327 41.192792 19.269593
69.946994 71.020504 22.039383
39.158691 64.144152 18.517845
52.117712 11.613160 17.745385
76.053353 5.546260 19.138618
77.081602 70.522075 22.426378
49.313632 39.763267 20.264480
78.414909 67.645685 15.973297
71.119369 44.512198 17.382171
30.976296 20.041582 15.560895
89.804017 34.283726 22.205483
45.753639 91.687453 15.650437
47.773247 65.894565 18.394199
81.966817 27.339970 18.786139
72.343807 21.255223 16.688899
29.369549 84.239313 18.392859
14.374479 66.848114 16.577557
96.970481 90.526827 21.191864
47.947712 87.032014 21.013387
28.994041 65.005557 20.953448
14.770486 53.390178 15.341114
79.888086 71.774355 21.803578
63.436237 37.323873 21.368168
26.615960 69.133803 22.233255
93.593464 8.107324 20.027006
79.234907 62.850640 20.543140
75.736230 61.579024 16.229049
66.768791 43.683566 15.067609
82.994474 17.660716 18.645850
87.148426 76.854732 17.396831
21.659398 77.237384 19.589124
17.074427 26.277296 19.765357
84.880429 58.194554 21.827007
85.613515 90.863499 21.173451
96.765855 81.766692 17.886976
99.555548 50.699413 20.417083
19.779782 8.437968 19.306472
60.938907 68.925847 15.588868
81.438931 53.982330 20.387800
43.403754 68.555437 20.426615
88.160930 49.281030 20.802933
87.501175 12.187949 15.524032
56.547535 79.376245 17.408230
96.476221 65.220704 15.345166
61.219209 72.574176 19.791394
31.335548 58.801275 15.286833
16.453701 93.615341 21.099640
50.799634 68.898664 19.425693
70.935766 67.893574 20.554258
77.994666 87.798778 21.210481
62.905702 56.412187 16.504145
19.049427 5.537390 16.027388
78.733399 20.400218 19.653623
49.101443 38.589465 19.320832
26.910046 58.906373 21.115607
58.792272 57.432326 19.657380
5.165960 31.763850 21.203963
93.905294 2.773438 20.895031
48.251578 90.326224 21.168124
43.745239 81.597306 15.499951
52.529931 53.751078 21.427422
11.359389 1.560683 21.600359
70.293980 60.328916 20.238396
49.743131 42.128413 16.646617
39.456906 25.197576 20.713518
0.294707 0.097805 15.102842
52.071969 33.014460 15.519659
98.095599 70.330240 21.867965
76.537228 58.480542 21.724818
43.603799 71.755273 15.328872
19.267912 51.803990 22.448949
57.790494 68.566515 18.237462
46.938354 66.312004 22.281424
67.551731 89.907984 18.347929
61.561644 97.565138 20.873256
7.499257 68.367465 22.393511
29.963920 59.849784 15.344160
10.044050 72.997938 22.298388
59.459510 41.465644 16.061778
83.131085 30.254426 20.266661
92.525963 72.628169 20.798887
47.595579 64.069082 17.186354
54.131485 51.314617 18.296859
51.176651 39.321145 21.133855
8.244586 5.045021 20.615859
93.615432 68.364424 16.389786
0.889226 97.845210 15.963430
66.048948 54.356220 16.241782
5.509014 22.047077 20.278383
0.105154 6.022340 19.950376
90.865821 23.868530 20.097370
90.491998 60.310578 19.131229
17.162419 51.060682 19.912574
47.726389 87.498671 16.542280
65.021003 10.568929 19.332128
33.378755 3.562018 21.322111
88.057128 81.143068 15.299435
23.299464 81.723884 21.073739
8.855337 75.267809 22.290003
84.245893 99.000217 16.445236
2.207541 84.382868 21.908934
56.973908 12.417579 21.119303
0.362959 5.788910 16.508409
51.114974 86.027505 20.404069
98.808895 12.732628 22.407943
26.444659 57.017993 17.879387
79.895380 76.979291 21.854100
35.886691 32.874279 18.739295
66.546108 23.772515 19.702006
70.391509 35.920221 19.125732
82.249796 80.761861 16.470477
46.657759 88.184840 18.975190
63.785236 69.763593 16.846620
37.156203 95.398611 16.657929
56.997680 12.327524 16.995993
68.608562 63.451223 16.992971
28.045170 68.940474 22.195754
9.403474 45.777262 18.205817
60.116724 6.586534 20.085158
94.777247 4.956270 21.879513
66.863451 21.911293 19.113605
39.839712 16.470745 16.250172
7.399767 97.767071 20.539745
36.065822 13.759232 18.958270
10.071882 76.584965 18.556183
93.339649 24.099973 15.431553
57.998907 96.034061 19.693615
96.617751 29.333816 20.885299
73.774322 2.030753 22.396775
5.197879 93.033922 22.009898
74.818660 0.522824 17.783563
64.506330 64.558967 17.938812
15.196527 34.098478 18.071430
80.506949 56.910340 20.119085
64.976956 9.040993 22.193523
35.509366 10.760196 18.055940
30.832259 54.227342 16.959546
50.639460 38.049826 18.427680
85.277839 16.333199 17.681350
43.162771 6.097804 19.357384
40.997503 38.258337 16.014977
36.155213 24.442849 16.549881
44.649146 5.713826 19.086461
50.802758 52.216095 21.975064
73.097414 33.208534 15.777426
5.968391 45.183960 16.983267
97.919258 77.430422 18.804764
52.686109 67.813785 16.819296
12.010415 23.971276 17.037686
28.697636 87.312186 18.865981
75.387789 4.684753 18.415721
36.952652 69.226813 16.173661
53.175214 82.577394 20.939390
30.978905 39.079642 16.706961
60.361187 79.232742 20.322362
71.704131 81.923377 19.548697
23.500206 86.355763 22.058313
32.083815 90.437738 22.017958
22.043364 19.976623 17.270656
78.202114 18.756197 19.502738
79.523523 60.878281 18.904076
10.548924 15.337241 22.223053
47.686118 42.161271 20.071274
54.478136 60.821640 17.737369
60.733068 84.639220 20.233271
93.555074 48.660473 17.563780
51.674367 98.394666 19.387482
35.315347 70.124733 18.321346
61.903358 40.793316 17.386847
46.300115 83.914135 19.455013
46.171980 52.623022 21.975986
37.255453 87.084455 15.218355
41.327907 37.569047 17.951343
94.255898 34.080093 17.943590
34.956620 88.660255 18.461364
1.527592 47.642641 20.789557
92.797162 91.937380 22.216392
13.408138 51.768278 15.197888
86.056149 58.097565 19.352798
89.722630 27.039670 21.689777
28.853454 89.144260 19.357671
38.500907 26.275783 15.211493
83.831586 83.228640 16.100248
91.788453 49.591839 17.928877
78.673901 40.831692 15.183628
14.918924 59.323840 15.341128
10.923532 1.286235 21.669144
10.371275 79.327093 19.378967
10.692375 14.844211 15.136120
41.488773 36.535781 17.987355
75.888111 67.205584 20.004922
75.125085 83.778455 15.499697
20.943698 32.683923 18.552245
53.524088 44.095547 18.857629
45.221314 44.434879 19.746832
52.748849 25.053264 18.874999
29.047512 65.985380 20.437375
29.021530 7.680618 18.405966
73.150527 83.831439 17.523715
6.147142 6.135419 16.792774
7.062867 88.550138 20.020125
5.560455 36.176690 19.336302
9.908537 98.669038 18.202088
92.987557 19.104767 20.985797
33.548104 64.702450 20.763436
61.641032 31.919712 22.455388
5.405498 89.757132 15.559035
3.823236 75.155428 15.704603
10.758286 28.598164 21.191661
91.534641 87.786355 21.821033
8.527626 77.570261 18.024332
72.077579 64.986369 18.290686
49.588750 32.520997 18.000549
89.681876 70.286362 21.207605
42.249296 32.679443 15.568918
26.409950 67.768229 17.463054
33.015865 14.459836 21.882125
8.192620 41.497429 21.061995
65.872079 13.030932 21.646386
99.856335 15.052531 19.900729
60.569837 31.000938 20.379145
12.950802 24.047714 19.679101
2.805780 6.744091 15.953762
36.956890 87.256179 15.338201
57.937025 95.146589 20.153799
71.344905 50.274938 20.008130
68.202317 46.331602 19.857000
49.939483 25.527711 17.592056
10.882892 7.871952 19.386743
95.501133 76.621617 21.075317
95.023747 1.757823 22.315038
22.650628 43.252022 22.193945
38.250194 66.126761 18.286387
97.679352 11.459804 19.920293
92.422899 86.513191 16.641779
3.730551 41.941619 21.532701
22.612027 39.917161 16.089495
74.895419 83.601196 19.251408
43.029817 40.452721 20.879108
90.004474 25.539388 21.031102
16.818643 26.647933 15.156472
74.865354 4.917747 15.902212
86.685268 20.630621 17.871656
30.118587 25.000527 18.183513
10.326689 8.334542 16.443303
70.414658 21.099565 15.672734
89.306572 25.877284 15.857494
74.982706 49.295163 18.758309
85.471913 47.121555 17.279178
59.531034 57.214796 18.261883
87.117740 98.380606 17.223546
96.277082 66.902076 22.228825
38.426584 33.155153 15.998982
72.985519 77.017391 19.270112
30.743447 50.464722 21.830131
86.072315 35.081927 21.881619
80.789146 81.083008 21.187070
38.167008 38.852772 17.639386
83.445182 73.983328 15.109612
58.955875 19.939353 16.071677
49.590631 7.004443 16.572685
69.690006 35.555661 19.678841
51.426896 25.300787 18.165800
97.061785 13.766325 15.808009
55.693236 81.999292 21.308541
93.135620 88.175916 16.377601
83.846076 52.498727 19.624905
20.549503 27.835596 18.629397
63.578564 48.776753 21.312252
40.142606 3.580372 15.455680
23.915142 32.203617 17.165529
64.643127 56.122217 15.233614
6.723809 14.708652 20.142535
66.044938 45.425751 21.576751
95.008268 41.728424 21.457797
13.706368 49.533026 20.381825
23.785980 82.111905 18.913990
85.807904 22.211013 17.371522
4.614264 93.850472 22.038542
11.186985 33.915129 17.150428
57.714774 48.033576 20.053331
77.931764 78.187739 17.557368