31.447801 1.912459 19.728450
8.680656 85.750095 20.308475
28.555286 82.760806 17.068090
80.171149 60.867876 16.736755
77.560638 84.113149 21.651003
57.712996 17.293928 18.931812
87.677538 98.526921 19.854637
49.834127 19.247801 22.006297
77.553317 57.204033 17.696926
55.384596 30.635525 18.193175
5.893951 14.226651 18.975726
28.163137 28.370235 17.536994
70.117224 20.845708 15.142571
26.251786 32.471832 21.618196
5.043642 59.804041 20.896681
29.373157 13.664375 15.661718
19.656960 63.560369 20.479479
42.911445 18.815002 15.207951
78.364796 27.755905 18.122886
56.849022 1.102319 15.628155
96.561606 38.087009 21.800536
62.254225 12.843892 22.057057
86.157980 48.106959 21.414108
58.632327 37.764835 21.637226
23.646006 14.234928 17.631845
7.006636 59.958295 17.714697
2.319822 87.932289 19.897139
92.182926 33.578918 18.505441
53.649087 25.867929 18.582864
9.710850 73.435844 17.057964
29.804916 44.089590 21.993501
25.983631 33.160086 16.861147
62.342935 70.648974 19.888767
2.873098 50.786689 17.127835
22.908917 33.917323 15.991951
35.668855 62.114744 19.259436
38.152572 75.240208 19.921136
86.780769 35.873361 15.055419
69.864246 68.607435 20.315622
52.668544 7.944747 16.362579
86.639943 66.266561 19.476762
75.592524 48.485453 20.279731
88.718415 1.385461 18.794571
1.889424 38.267106 18.497925
66.966416 48.047141 19.779325
31.584390 36.141244 17.583550
49.762724 88.815005 18.131557
70.863887 63.052391 20.049018
78.548335 52.222630 15.427371
58.001173 22.852398 17.388226
89.309771 22.699395 19.972313
11.859510 37.114303 17.939753
95.723530 3.667929 19.450263
85.725413 12.440578 20.013911
68.163612 83.842870 15.560763
14.460286 57.817352 18.049962
54.885717 98.832419 16.283887
70.526977 34.927723 17.541368
72.177824 15.864913 18.162828
26.100024 33.794936 16.444662
44.367478 79.231437 15.398377
33.721546 0.801070 20.299808
52.386499 98.972039 20.790176
55.106646 23.839923 19.768115
70.983795 18.476693 22.485459
19.024430 67.797695 19.097588
3.243328 67.014941 15.111589
54.819593 20.564725 20.694579
57.187851 66.919180 16.647681
93.496112 78.978739 16.186398
5.191294 40.622139 22.288247
38.974098 91.905500 20.567131
17.850842 45.020223 17.926902
71.130555 44.783674 17.665894
58.090690 23.121831 16.354002
64.419684 25.499248 20.362938
22.710355 63.815653 21.139833
85.666064 35.434729 16.374524
12.893065 22.575714 16.050910
44.944904 44.673250 21.919900
79.553121 44.936442 15.909551
76.913495 64.274025 16.766303
88.094140 20.665073 16.398850
54.205712 40.804446 19.840201
43.734262 4.064412 18.614530
86.680131 74.557670 20.336368
70.577591 99.667835 16.677732
91.824731 40.846409 15.171243
1.279175 55.170013 21.526364
41.468647 9.788885 20.544592
98.782633 65.691461 21.945611
30.939277 28.955843 15.458187
3.828022 6.028993 17.511551
82.429814 85.996928 21.952088
93.957549 10.449603 19.594076
80.740661 63.140002 17.175702
83.328060 45.207748 18.447632
42.328356 48.450082 22.426140
57.495205 84.539799 21.061911
84.704328 51.492748 18.807748
42.147777 26.193085 16.766745
62.883239 36.556066 15.554639
47.093589 34.300525 21.903909
42.276578 73.887139 15.486733
79.135665 55.221302 22.033984
48.968618 46.030894 18.614443
21.435233 99.512110 20.583526
73.822449 82.147832 21.085862
61.161031 5.546713 17.229311
73.678528 59.364396 18.501063
84.574740 97.433996 18.984898
41.514252 52.561422 17.863108
67.236489 87.861972 19.086168
36.061176 92.740997 21.692697
3.710277 70.344481 18.837558
11.428946 96.216006 17.655300
32.476012 90.869557 19.392684
78.517751 65.069248 20.833013
32.239401 45.607756 18.751216
0.550351 78.429153 20.704938
87.295459 1.255876 18.129907
64.977924 27.948400 20.414312
73.112450 44.227961 15.304890
87.192502 34.531195 20.099132
59.008726 7.537870 20.508390
14.458046 24.133871 20.212240
96.443856 88.941534 18.206409
72.025580 52.640874 20.263973
15.212552 82.379697 15.305474
48.620366 9.929637 15.856799
46.606693 38.593245 15.221843
56.126648 17.594415 16.799147
64.069744 95.968147 19.283998
90.859539 93.012036 22.148079
5.800738 96.035729 20.861280
92.617780 3.417635 15.482346
21.822862 1.141970 15.556943
37.486764 67.368925 21.586914
26.563805 35.913771 18.544421
12.870628 62.894922 16.023973
53.236936 16.595568 19.496947
33.471178 61.302302 20.004114
29.261517 53.601024 17.724483
0.915300 38.030239 17.201333
58.333374 82.833625 21.290413
70.422708 30.593911 15.304291
33.928921 68.158308 19.778246
86.439546 14.333591 22.209808
33.410588 18.060069 15.274809
85.190022 44.817344 19.810081
30.688301 13.602446 18.715714
98.732503 26.690422 17.540166
41.407872 82.232583 21.368314
96.882003 8.460802 19.017741
88.912883 13.144115 15.975251
24.426420 78.203994 16.466221
62.779641 95.263253 17.687776
5.391188 49.536755 20.204118
84.386038 18.023965 18.737356
37.939002 12.048651 17.474246
24.050028 99.911208 16.202654
24.017029 40.967452 18.444760
91.281445 17.208453 17.194452
94.504646 32.939331 19.235021
79.850173 39.670172 21.959971
7.554682 20.899643 20.394950
51.705742 48.373826 16.983773
65.480328 35.058760 17.872562
46.669053 35.294670 21.779234
4.047123 74.491476 18.434740
15.114429 98.796887 16.841883
52.721764 46.205900 16.956284
91.924254 53.312112 20.604156
73.711546 31.413638 19.637740
29.816978 65.390448 20.133011
46.004782 33.030247 19.820885
58.609172 17.350275 15.835471
3.786876 58.248180 15.469717
51.127293 71.500214 19.447166
74.356935 19.871569 15.111503
79.878787 71.007792 17.976558
77.015272 33.116255 20.517315
14.027107 74.201914 17.728271
1.213082 93.518738 16.723568
10.055559 90.811240 17.865364
47.321595 89.931001 15.092049
44.796838 9.829896 20.669328
39.829723 67.340252 17.490046
50.160796 69.232433 18.137219
16.638930 43.272422 16.702493
41.895399 13.469942 20.229743
15.989138 83.684297 18.016174
68.818802 71.146890 15.310400
6.878178 87.521215 20.244217
59.293308 6.896538 20.957019
52.028526 87.704563 18.837756
50.132697 31.078807 18.066103
54.639442 98.127622 15.504280
74.399296 59.997551 16.501744
70.611255 90.801740 17.451095
75.831186 15.341146 18.548962
42.753595 35.056513 16.214815
13.080608 30.590420 16.895536
85.898953 54.517364 16.737352
48.349275 71.929053 19.482813
67.258362 18.091704 22.240487
21.735463 47.099922 21.053474
51.437796 60.967867 17.842795
78.511369 60.249100 19.463637
42.611669 67.019694 19.090185
97.384477 88.589716 20.183700
33.709791 23.427230 18.367739
21.096287 86.593020 20.093599
69.661800 12.770549 21.061035
77.761832 40.617998 21.578934
95.643348 82.574269 16.609713
5.406760 27.208813 21.539546
60.416835 4.832832 19.073042
82.744651 39.899656 21.476070
6.623488 13.177410 15.900751
79.989717 82.358342 18.025545
92.800208 20.864216 22.069759
47.992835 95.002370 15.331310
98.809556 83.863591 16.621194
21.580704 71.691027 21.293379
32.390654 40.107426 16.903689
31.123582 8.736316 21.962517
71.233627 25.466843 15.237424
28.127546 26.787911 20.675835
16.951810 6.859775 21.947642
28.325575 50.502571 15.950989
31.734482 33.871814 22.163191
82.591995 14.817726 20.498198
10.768768 45.575947 15.323583
83.567946 67.503538 18.705849
84.937766 89.356807 15.793235
45.696644 32.476141 16.103020
98.189059 32.155181 21.446062
9.599348 47.439457 15.412422
71.674898 67.639599 21.271734
11.673532 94.067450 15.695457
53.405443 42.449173 16.763404
89.366372 53.158386 18.391761
50.137812 15.354823 15.946359
36.162003 72.806855 18.963959
24.352860 87.229300 17.661918
42.707215 54.938921 15.879129
42.381342 3.239917 21.062867
21.231223 57.713230 15.565469
82.203378 80.791660 18.109806
8.953485 71.392663 17.447452
55.786062 86.873309 21.332075
32.279957 54.528939 21.288945
72.918568 53.554714 18.223731
96.232386 60.706097 17.829113
68.243634 98.060017 17.867991
46.293140 0.957638 19.167341
4.794185 33.909774 18.270727
33.544204 97.328869 17.478539
94.724141 59.447219 15.948038
58.609622 87.003150 15.643126
93.608045 77.133384 15.163418
4.560195 57.584469 18.850686
24.804931 54.381192 22.285778
19.486616 50.044912 17.740576
49.421319 69.299835 15.353893
71.644223 83.083289 20.312484
16.712573 34.040116 17.138677
11.507779 84.989056 15.632435
46.730301 48.246063 17.159791
10.998865 3.987562 20.958657
72.909412 78.088093 17.432176
84.195878 66.396401 15.107215
77.420828 57.304908 17.821000
4.592776 58.552653 21.939348
85.808970 91.881080 18.808684
49.515484 46.916941 16.792345
18.095827 85.950716 20.860651
18.442382 77.978799 17.047529
18.223593 36.909328 19.790092
75.205907 57.096923 22.137960
57.307669 16.259513 21.360019
57.362057 1.585316 20.505479
78.031020 44.080606 21.725827
79.303788 6.099721 18.993773
0.360291 55.569396 21.127834
95.689333 38.364518 20.457883
36.350641 74.648128 22.491061
64.356967 14.564240 17.980000
63.545002 21.548495 16.364630
76.564490 61.876323 18.369020
95.306299 16.111205 20.439293
38.304008 84.815578 19.472940
43.603889 70.563086 16.114544
88.712422 25.983347 20.842395
30.352268 92.128399 21.260418
52.612383 81.597780 19.574936
4.771599 40.437257 19.161488
78.843918 11.849450 22.349485
74.190393 9.441058 18.574371
93.773918 34.388819 21.822042
4.681266 21.602504 18.162314
7.548052 43.674832 18.586448
79.469801 44.486678 15.912703
30.366120 70.217572 17.116535
7.265940 88.344252 19.360869
21.304311 77.782206 20.199291
75.975897 30.942449 17.208529
15.667422 73.380539 17.658855
37.943124 60.510425 17.357132
66.311402 33.585956 19.898943
50.922035 32.584304 17.852728
31.031711 97.626257 19.156741
27.750957 27.297880 16.583919
48.002498 35.617001 15.452809
53.733947 37.672300 15.714345
18.479468 5.735777 21.312904
34.824319 48.987948 16.091645
37.459706 68.250872 17.112047
43.454166 37.066484 21.265556
42.575190 56.359129 18.522135
0.981686 28.473334 15.917583
82.328028 4.353602 20.568407
40.901667 50.460804 16.680947
1.957439 68.693064 18.484926
3.110123 71.413241 18.808638
14.402861 88.689276 15.433548
8.153495 91.506036 19.700115
30.992054 33.680306 15.059077
10.867892 82.090632 19.462901
42.618069 79.894297 21.670073
4.161674 37.643611 17.367110
93.828494 93.508604 20.997715
20.050608 77.988797 15.547321
50.458298 58.398629 16.444042
76.498705 56.841107 18.721504
88.785821 76.304278 19.577103
47.189737 77.535160 15.065927
76.590851 91.844726 19.782527
31.973291 94.515614 17.157557
47.409750 72.627124 16.174219
5.964223 28.239022 20.411786
30.906259 15.174322 15.917958
46.749856 91.371710 22.074365
99.294922 15.569530 21.208542
39.374848 64.986334 21.406744
77.318889 44.700293 18.096845
67.779882 70.289073 16.876018
37.584673 53.944837 15.058254
1.742099 43.841904 21.545264