85.275561 46.855429 18.858506
67.349816 78.486175 18.497864
82.961089 7.016618 21.130181
7.859653 85.490124 21.821505
56.478969 61.829279 17.258114
28.314114 56.960512 18.507684
27.894404 44.890807 19.276091
84.534358 80.413097 17.096450
53.657425 18.257416 19.188493
14.490279 70.881004 19.291077
95.285639 38.551927 19.681962
88.094476 34.381171 20.858478
50.718014 22.188622 21.225499
92.032456 74.182214 16.852110
88.219720 67.334831 16.757007
95.052146 16.004546 19.652471
13.902257 55.602847 18.404678
86.367561 74.107754 19.423370
74.629260 97.726622 18.928753
44.464036 39.881981 15.473728
54.043296 22.139127 21.516844
37.010336 5.687216 17.531522
72.138949 40.440336 16.843550
3.160630 51.656290 15.304252
21.858568 98.147983 20.872923
28.650713 50.468076 15.577780
65.703227 25.917295 19.449466
10.646681 47.271073 21.043498
14.325181 79.028961 17.255074
28.585449 51.044615 19.971137
69.883672 61.673777 18.023291
77.181958 27.370564 16.096096
72.098287 27.030136 16.694338
65.419462 84.604685 16.873393
45.945575 73.714276 16.184470
16.732344 91.989579 15.612904
56.793374 52.204323 19.759742
22.280052 11.283469 19.732774
14.977664 55.070034 19.327611
97.094981 64.319856 18.595951
99.007108 78.727061 17.752550
60.897077 29.895803 19.737377
43.790894 43.493554 19.480629
42.378385 59.281437 21.315308
31.825986 74.289303 15.102419
35.152610 32.744088 15.638137
78.875186 39.254214 21.869702
84.917407 75.504328 15.494421
17.648374 88.217181 15.653635
71.883036 94.969673 20.980897
12.800768 45.729257 16.982953
99.059679 14.481910 22.366529
36.708869 12.361912 18.494928
41.377640 64.515795 18.468282
80.768673 10.674984 19.980074
25.916192 47.169281 15.257895
36.535370 40.532497 19.795363
21.456602 56.274149 15.735322
91.229158 21.590910 22.371707
85.130480 68.264061 17.677315
34.682422 32.620344 18.118031
89.608410 96.304431 17.606647
14.964023 55.119747 21.993922
32.365420 6.767978 18.637427
50.512196 87.603437 21.133247
98.890281 36.274523 19.291138
2.930513 4.246025 20.608714
9.741679 45.064424 16.167408
41.751629 69.096562 15.219127
94.635903 93.528693 20.307504
59.499641 97.272814 22.431395
75.263420 50.813180 18.143034
72.161839 38.753609 16.918518
58.623503 47.431543 15.191248
96.505104 15.066018 18.951492
82.484067 79.716027 21.721735
25.035399 20.443942 19.638482
44.876834 86.885437 16.536707
76.299608 59.726690 21.737679
87.463759 84.565540 21.242999
25.868154 99.155384 19.148165
87.098628 66.906332 15.855843
28.585191 5.031211 18.656486
18.087760 66.554655 17.411558
51.923514 67.569725 18.984828
66.180566 1.252982 22.498901
37.529790 42.936473 21.215749
66.331696 74.257562 18.998876
0.559941 9.619931 17.504129
83.376281 94.756527 18.208624
10.650652 3.315004 18.747290
23.860496 75.132519 17.636691
25.123407 85.105390 15.478521
83.927138 38.337743 22.423272
10.521010 29.375918 16.827810
49.340911 7.062407 16.559131
6.784695 23.682911 17.216131
10.828215 65.863656 20.307541
96.542254 4.721739 18.698617
34.853065 55.956801 16.163229
40.242407 9.739949 16.050739
44.687607 62.270436 19.816914
47.003471 5.575997 21.876505
15.740724 11.892122 20.714705
19.441771 0.269324 15.467342
99.861171 69.925371 16.430497
27.670128 92.592760 16.442982
11.198981 88.906001 19.432246
55.575890 64.676217 18.826288
84.954899 81.707973 20.696652
24.189220 57.699074 20.683112
15.034816 9.040621 17.835902
33.166461 9.874177 15.024606
81.250506 31.588818 21.942859
32.487704 7.644316 19.988216
65.275536 80.225585 15.267415
32.294530 18.347107 16.360797
1.523537 1.868156 20.692390
3.006168 42.217823 16.609998
87.839419 65.517181 15.821739
93.087741 31.279359 20.631819
77.096709 81.054183 16.965754
10.168323 63.600144 16.517802
33.171710 62.025596 19.435478
45.351505 52.208082 16.511154
81.628207 30.135997 15.206736
56.394167 48.222405 20.180461
15.242734 53.530612 21.684409
90.075667 17.397012 19.669642
67.614179 75.576202 15.835996
76.248926 58.836169 15.377129
20.864755 39.822149 21.526122
93.168084 20.233934 18.968539
51.920655 19.415858 18.931600
93.572626 7.325948 22.378813
66.171083 24.586500 21.345288
47.439864 21.581582 15.090160
48.992416 67.281074 22.004633
81.106058 39.380951 16.592931
35.192754 18.188167 17.961197
25.013933 11.441569 20.967960
35.916187 91.122520 22.009323
27.889158 16.664367 17.447249
4.163765 91.955065 21.806001
76.088453 19.809242 21.622563
32.450926 34.447605 17.600966
25.017463 63.248199 19.737398
79.646552 0.783357 17.766506
18.691612 66.399030 17.763946
16.117885 80.261188 17.667788
47.035430 31.384652 20.926159
40.645376 70.458125 18.969493
67.386905 5.335262 20.542265
76.506705 24.368331 17.872996
77.055516 58.247300 18.989976
0.393602 91.488219 16.699851
76.924902 36.028371 16.882788
98.708117 57.044508 16.967928
15.738048 47.207848 15.216027
34.113377 76.794287 18.052814
93.051960 74.523853 21.025528
62.639324 28.922231 19.257391
75.409105 32.761076 20.901034
21.199934 62.371825 17.871977
22.527539 46.597279 21.577980
39.095179 70.596392 18.202495
90.088258 66.332831 17.397728
21.604828 81.238630 20.271465
1.209082 83.679706 17.765187
30.049699 88.898195 16.422287
44.827058 67.585226 17.216150
84.079125 25.519470 15.348197
53.645616 42.441867 18.409959
97.349047 51.391561 19.955481
13.806433 15.792656 19.162484
37.296268 86.879211 20.085850
69.698511 49.697655 16.362784
72.454263 51.604895 16.121393
39.480527 0.463584 20.970415
26.491133 38.787388 21.687560
36.767771 37.248052 21.871540
80.776804 12.830180 19.408669
7.132840 79.800378 17.855306
25.792524 51.239883 20.930090
72.981634 3.605648 19.878883
94.255142 31.664475 15.121941
6.178093 13.696423 21.850090
54.883537 41.339801 19.573255
18.961205 72.586879 15.511329
9.355324 53.401001 19.659905
63.751608 57.161377 21.075850
23.521777 9.622613 21.941812
70.496819 96.077076 20.916023
53.700806 14.677810 21.896309
31.191571 95.000688 15.045556
65.584831 67.959187 16.873910
25.844183 99.510004 17.556141
0.416727 52.076772 22.357790
19.559590 84.980479 19.550234
13.996574 37.734679 18.764481
50.680957 9.953524 20.797564
46.722037 85.823670 18.523390
92.982607 4.326175 17.274467
36.450802 42.687782 19.608408
27.080052 76.649905 18.848868
44.126504 25.798685 20.086692
75.299587 99.229160 15.739056
54.238872 78.011614 15.371316
12.770912 6.822414 19.157770
86.774402 54.973799 17.155060
61.457214 57.585541 20.718652
15.148134 83.151979 19.919739
74.127388 91.712340 19.171300
63.393267 55.973613 15.146045
35.253567 20.541665 15.089080
83.589243 10.900126 15.077168
86.129956 29.086481 20.037027
62.991942 47.921781 16.849848
21.116622 71.846984 19.292573
7.742738 95.685824 20.790880
64.699463 26.570106 16.276990
86.812585 27.894021 19.733904
84.481366 76.416726 19.334014
34.172839 74.382958 15.490246
30.849465 41.372411 16.126378
63.163199 52.876540 18.295973
6.197185 8.922230 21.974785
42.266958 27.197022 20.741915
1.222008 38.308673 20.701181
10.110642 32.212996 16.748375
28.099731 70.887725 16.782808
92.755446 79.892911 15.987325
21.765636 77.945596 15.397511
47.978829 36.561496 19.736100
23.512899 23.505217 20.707853
29.960507 68.910129 16.541689
30.091232 69.866581 21.260827
79.711363 74.927474 19.681599
0.712505 67.375493 21.278061
42.302669 10.171920 18.258760
58.413351 42.342303 21.441320
84.358540 71.257882 20.864129
31.563659 12.088988 16.677396
7.213051 38.102477 18.884498
77.716747 45.030292 20.107925
99.925933 95.597313 20.885755
83.592652 87.769631 17.531279
95.226972 67.234127 19.970569
44.128849 19.994193 18.585059
19.350686 36.020970 20.481767
8.598673 90.396945 18.274207
61.148960 83.400778 17.244154
14.737816 81.175208 16.527784
72.477139 92.265702 20.582702
79.999928 19.649330 17.397418
5.850788 30.152033 17.901693
78.186911 22.534109 17.807159
88.785995 51.685926 16.569532
1.378658 41.651287 22.059964
15.477773 68.286620 17.283720
38.043655 22.289170 15.485910
57.359756 5.773643 21.692353
88.753905 19.218864 15.846187
73.213522 60.962074 19.185243
46.673124 42.567025 20.193396
1.918790 34.362364 16.524530
14.037876 90.596668 17.664918
6.984142 10.050550 21.180128
10.326376 24.156764 18.437065
5.897384 74.567945 17.294066
66.121670 30.632343 15.895476
15.447651 9.543203 19.533543
38.907818 72.861575 16.996021
49.143019 21.329577 21.087777
33.295859 77.076216 20.607719
72.491363 74.455086 19.561766
66.721460 23.080010 15.829667
96.184277 97.398914 21.332584
99.475684 29.128170 22.345991
87.919378 78.987079 19.252846
41.695550 71.665394 20.904101
12.414203 54.855215 19.426419
7.727887 48.183841 18.569717
94.671802 54.374143 21.515739
0.884137 2.227251 19.623899
44.634045 18.649382 18.730012
79.621216 39.115624 16.208093
30.426628 9.663767 17.453330
46.159300 92.940379 16.532011
58.796941 52.825327 19.972155
30.630083 63.215211 20.343525
93.049105 75.018334 16.063662
60.021073 39.983983 16.130909
88.181929 18.856242 15.153528
10.131042 55.596731 19.874439
1.430560 31.565332 21.469578
29.343823 31.320198 17.992439
86.986817 42.615273 16.639490
5.548855 21.574197 17.993746
59.487485 52.129785 18.613385
60.559116 54.153579 16.774064
4.192856 87.682304 19.476932
80.785782 32.421613 17.296261
97.804839 92.961394 18.715360
28.447139 42.841229 17.208283
96.302374 20.868217 19.036929
39.429538 24.609966 17.668478
31.975743 12.766187 21.067283
1.374454 62.889441 20.564290
18.637109 96.022591 22.176651
47.664218 69.680049 19.062416
26.956817 60.889650 21.600717
12.313643 56.223094 17.982678
59.064020 76.288662 21.929699
61.096363 46.766452 20.622397
60.865779 65.956047 22.105363
83.274548 81.890396 16.779934
17.704617 15.552475 18.804658
81.950624 9.276032 15.463941
99.750189 59.277445 15.726318
10.339843 12.754987 18.644573
86.876606 50.061688 20.346578
1.600130 21.183517 17.283120
29.096656 50.615436 21.373171
57.812412 92.095820 15.626553
23.568943 17.851224 19.296804
18.933129 49.597022 20.023191
60.365464 74.794538 17.363256
48.066414 51.877848 16.765266
8.603382 91.765939 19.179978
37.035516 0.649714 15.737951
92.187226 32.871014 21.067511
54.492969 16.224902 19.219000
2.908684 8.101310 17.600044
15.062478 3.397593 20.075334
38.980588 48.002177 16.315125
66.242349 26.545061 17.439749
91.181957 82.737317 16.245423
27.027771 41.862656 18.273483
65.619655 36.940043 17.061888
94.608212 2.943114 16.647930
91.344146 97.828690 19.619700
54.769014 35.410148 15.919283
93.081381 95.503473 19.078025
67.783721 32.214930 15.684162
5.311201 65.013783 16.548437
34.754965 40.232541 16.415170
54.440974 44.177641 21.065801
96.189287 49.653664 18.942594
48.569935 56.644902 19.346576