79.289854 98.457748 17.777655
11.813985 74.612732 18.397500
95.650281 49.439191 18.115747
81.854157 26.940820 19.802767
39.300177 90.851461 17.903148
31.396195 79.082751 20.045989
42.181973 36.245720 21.563255
36.019453 73.973668 22.497517
65.380816 81.151728 16.590072
95.888855 31.593390 17.756164
33.530192 69.424453 17.443192
44.881212 29.753872 20.534748
70.748123 82.801302 22.161928
59.152622 31.550016 20.673692
95.514078 33.508570 20.804184
22.394190 47.265018 18.873373
96.338469 75.789230 21.111049
7.016625 8.851169 15.753857
12.031606 19.920233 17.196249
73.105562 57.148576 16.162589
8.943158 30.248758 19.373533
13.562525 32.034863 17.473249
78.533431 76.920918 17.353374
99.852280 41.910912 20.903141
53.820709 98.805146 19.109394
6.328298 98.263543 15.884599
36.422120 16.890298 15.982968
24.930609 50.453051 15.382665
52.688683 54.836176 18.997913
57.435292 13.564545 19.701361
16.052782 0.625027 17.353735
69.852237 8.246543 15.909763
75.187776 97.074396 17.877915
93.807377 52.844540 17.017954
26.822214 48.152814 17.777225
20.023887 6.646352 20.352196
87.126157 0.833286 16.400321
17.169034 73.692150 20.620477
66.208721 86.386548 20.711605
16.863188 10.847562 19.772013
74.083787 85.861810 15.933887
32.045335 21.611889 15.886633
20.698206 94.352518 16.996363
77.054464 45.798139 20.558622
12.672940 35.221602 21.482490
35.691392 89.413045 19.895157
76.336301 11.652829 16.798003
1.786084 50.807642 16.859574
48.271681 5.880618 21.665925
72.467442 3.844168 16.768395
30.298784 78.631167 16.414930
26.259779 91.067511 18.576083
12.230929 19.164057 21.184717
8.331816 12.282434 17.679001
13.796076 65.177342 20.361927
57.885119 46.043677 19.597233
80.648478 80.466906 17.887988
41.077183 28.432446 20.376703
44.562348 80.909822 21.942675
95.987096 7.140333 17.216011
25.748060 46.573679 18.246144
3.455539 32.378551 15.639436
68.304907 51.341091 20.283211
13.845079 11.982328 16.912958
88.610441 81.416467 15.574346
82.697980 34.316395 19.583554
57.710055 56.174461 15.953903
45.408518 37.496141 15.091392
70.166215 92.273319 16.575808
40.121176 74.969381 15.107703
12.365914 34.424172 18.525765
8.731504 18.763968 15.376006
63.681136 91.256623 21.787221
94.570474 59.334297 18.205271
11.652886 15.628467 19.108146
30.493254 61.250535 16.716953
83.944691 90.838005 15.913838
91.938120 91.341064 16.104866
92.894104 57.616181 20.238349
46.059434 60.404334 19.669361
13.516310 29.662730 21.466621
69.179458 90.563605 18.300301
8.181727 57.370558 21.104343
7.068303 4.276586 15.701606
65.163337 87.999519 19.268252
58.307472 22.172309 22.426567
47.972994 69.027523 16.143988
60.743394 83.314545 18.413287
71.993595 80.346162 17.120138
23.419895 58.478544 21.269343
66.183174 17.678315 21.979656
65.495985 60.120017 15.664643
11.616283 7.939417 18.201980
8.165456 99.316018 18.544619
63.766796 92.792430 19.062483
79.754289 4.298389 19.342151
68.744342 40.514793 19.188039
51.383546 23.732700 15.500637
52.822061 36.429571 19.994781
82.668064 88.679352 21.125896
22.189088 84.826462 19.363411
76.539936 43.417318 15.628199
41.185863 84.518540 17.990641
11.715296 45.564825 21.135220
35.393056 30.972769 22.341264
40.517203 3.941818 17.954550
89.925388 42.474223 15.269890
36.968675 46.601866 18.752035
39.911824 87.567015 19.297859
86.578917 46.285123 21.770637
97.875308 85.628759 22.401710
46.826735 95.175694 16.622957
59.105559 60.670544 21.741510
3.899601 38.511197 18.413419
18.259398 6.911069 20.587781
76.437743 92.253391 15.406828
84.573430 45.776626 17.641831
10.815252 6.216419 20.247577
85.282115 18.241882 18.654183
29.903570 37.193820 18.262367
35.492771 68.637743 17.903680
43.044545 50.223113 22.424876
50.413135 3.109290 18.979914
42.057690 54.383025 21.116753
52.979090 36.686126 20.054287
43.169930 42.037188 20.854175
5.090397 86.060104 17.086358
35.002122 87.426795 19.820033
91.245830 66.810085 15.797380
58.243289 38.976088 21.559559
41.054729 93.112264 16.233344
58.439809 49.244439 21.690962
17.521568 60.914434 20.636888
35.853207 96.598430 18.794990
78.595513 34.892305 21.781089
32.338982 67.459004 20.356548
87.750803 1.203064 20.019523
42.416561 79.244465 15.156538
25.801103 72.420583 17.993574
31.984712 64.027375 21.298651
54.947335 80.940388 21.175285
19.713843 62.881647 19.576397
5.165282 64.693650 20.606874
79.506537 37.382894 21.218355
59.546031 5.486932 18.357199
50.451547 42.989189 19.515739
1.144668 87.386400 16.399440
37.864346 34.550168 15.213128
94.216287 76.024200 16.662875
75.267406 10.815028 21.403432
28.598482 48.596071 22.006210
84.684343 49.577502 18.691151
73.427178 62.855415 19.552078
67.729147 90.749762 19.749739
56.992308 16.731530 19.639500
36.021320 67.018206 19.984488
94.819467 50.385855 18.231506
14.414302 21.724580 18.031805
74.148974 10.851430 19.539864
73.938589 10.583995 16.497126
32.846533 66.731451 16.222631
74.424910 96.888042 16.926237
48.030972 46.745845 18.124140
56.179580 58.846457 15.174676
36.174046 67.747861 15.809085
68.874347 81.771688 16.316757
2.069228 64.378009 18.643327
53.486772 25.484527 20.988398
48.256476 93.869772 15.853751
86.003013 22.235185 17.077923
26.961445 66.905898 21.009964
44.458542 7.293851 18.038825
51.785874 26.427263 18.673617
74.064010 8.461317 21.947732
10.871585 27.851404 15.957162
65.140414 51.303655 16.932652
7.663279 54.620098 22.369627
15.627166 64.305856 18.976302
22.389832 38.080061 22.390704
90.289993 20.034350 16.166426
34.628998 58.906169 16.749118
61.960891 2.307808 19.416642
46.260249 61.968727 17.758854
19.944505 34.504914 15.945608
7.718871 82.572489 22.202608
53.566600 37.455823 18.101704
52.082093 5.637494 15.461785
63.001795 65.674897 15.775843
97.797732 14.290029 21.553750
3.808899 97.356018 19.777070
50.496024 74.516128 16.342517
54.484172 91.929135 22.281441
4.174957 20.044950 19.862644
36.631014 39.612648 18.311228
60.648572 28.540571 17.828713
46.498303 25.025857 16.960186
65.792149 55.469044 20.533549
44.195978 18.713054 22.465881
66.832838 5.197270 20.113339
30.922260 44.383920 19.377772
4.303165 69.861381 18.708628
69.867793 52.014034 15.344441
52.194899 57.474007 17.665303
60.021087 39.831889 21.900555
70.966032 99.520410 15.772741
40.447017 22.240959 18.581379
96.035666 44.910100 16.802227
65.382825 87.036592 15.697304
72.970775 85.437396 15.902686
83.331609 93.224415 15.167198
82.007214 73.924634 15.484697
11.899561 44.583576 16.322113
66.112538 40.974349 16.196872
58.710613 99.146347 18.928409
10.461223 43.314486 19.214892
32.989275 55.062849 21.908596
31.939010 22.808863 21.418932
71.936825 18.601948 22.468922
53.788314 67.991481 15.129098
90.909099 14.343111 20.349002
70.307051 95.081694 21.406971
71.568608 76.753151 20.320971
17.811070 80.736412 16.991824
92.548760 9.005824 21.131205
41.260954 71.885724 16.091857
35.889219 38.149080 15.449479
10.720544 12.589729 21.509938
5.444331 24.920550 17.088478
20.466181 21.945548 17.865061
58.450828 64.060180 18.856584
95.814104 30.065912 20.793008
38.035716 85.564892 21.245998
79.958326 55.522816 18.970006
53.456444 54.407308 21.254901
51.473214 32.206795 22.366831
24.506639 66.130599 18.135293
71.359813 53.856141 17.329287
93.589368 94.045258 21.856028
70.918021 1.447528 19.596006
2.305582 46.033360 18.791565
99.216993 97.023767 19.783500
59.209049 71.304538 16.978609
86.631492 61.708636 19.802198
23.891054 55.263849 16.006728
52.639300 28.366433 19.326300
57.485652 92.353983 17.507357
93.186434 69.510898 18.573336
96.152439 65.146005 15.270108
45.413376 38.226115 16.383271
70.595495 84.318310 22.377127
13.897433 27.460874 21.034632
75.645594 50.255975 20.848819
26.634666 75.954350 17.198305
40.549423 16.350105 16.128110
2.718118 30.349430 15.918329
35.535009 40.008150 18.044243
52.051307 97.528097 17.220415
71.997934 72.519630 15.571432
64.983241 78.944663 18.748330
6.022091 52.479849 19.691264
68.268422 91.070404 20.649031
6.726950 62.843196 15.808408
27.247106 45.907152 15.416282
43.554390 22.936169 20.784000
25.292780 25.193881 17.395418
76.960209 87.534603 17.917520
16.033654 68.428744 16.250072
98.371458 21.869589 18.889817
69.848463 12.609219 17.016179
73.093858 74.947773 16.237572
77.012314 15.233484 17.806838
95.010238 41.208164 15.096303
75.431669 47.866774 20.699141
79.652069 70.183105 16.867403
52.773118 51.085735 19.812803
80.286957 7.136976 18.273195
64.648555 23.249140 20.178869
32.461811 89.100930 16.232164
85.145449 2.577897 15.947238
5.884402 83.769776 15.647763
56.253519 81.993587 21.169236
79.897593 5.245685 17.297473
39.315457 74.582320 15.938088
48.533480 78.875347 15.919216
35.658682 33.919218 17.145023
41.350015 36.658441 16.561129
6.251563 32.312913 21.210588
49.942272 71.170788 17.117492
64.343840 63.338095 19.142202
83.332720 36.462151 15.010270
26.403178 27.015365 18.352862
67.213587 73.712722 20.395280
77.316604 4.828460 19.139768
17.726213 23.048556 15.908509
46.294343 96.266451 15.078130
72.332890 41.977801 17.548873
37.703941 55.307315 15.488353
60.451435 98.889328 17.810188
90.107771 30.160305 18.738602
51.224131 63.149605 16.459693
17.488712 1.559510 16.614142
77.430322 99.960233 19.323507
12.337164 56.561752 19.382137
1.245559 92.905170 15.639638
60.674108 71.439844 19.871968
48.071324 6.936721 19.547849
74.935919 45.428349 19.228438
99.685912 15.886311 19.716038
62.526888 4.438888 18.290075
83.952929 98.671595 18.433512
78.684491 24.189828 20.805259
89.454415 39.060244 17.472654
43.855727 93.298386 21.128815
20.188792 8.792665 19.076264
54.666733 87.925024 15.616362
54.191063 84.754630 18.790042
12.573220 6.411283 17.910758
33.932968 52.674510 21.310500
91.388922 11.279767 15.007350
95.880811 6.987814 18.649787
16.257774 28.630678 16.911748
29.773456 52.509465 16.007923
82.898197 92.105876 21.266432
52.338042 78.259245 20.856187
39.160945 52.014834 15.933998
14.737856 47.691279 16.751522
63.816651 85.599235 19.383988
70.823460 60.748955 18.646429
27.643745 16.598437 16.607123
2.167063 86.009375 18.710889
35.497503 7.276518 20.287056
17.919806 23.910053 18.497684
14.735797 89.998842 16.721947
25.553946 38.049403 19.586476
42.964282 46.843482 19.803137
46.816645 74.437536 17.261690
99.646161 7.073197 17.707222
67.492872 46.922913 21.738217
48.259636 6.736826 21.381622
71.712467 69.414833 20.661675
76.977709 27.416021 16.564565
54.965289 30.481701 19.183068
63.426843 64.804810 16.781645
10.043725 95.484040 21.649557
65.289240 45.136226 16.028559
99.304883 14.512086 19.373258
71.118038 74.155257 19.382726
43.117218 97.018324 19.404309
80.961261 61.271396 20.125148
38.697475 27.996455 18.612453