69.961783 14.436476 17.787289
46.905950 69.100269 15.973495
47.539497 63.549574 21.144892
69.216158 40.154837 20.502512
31.837069 54.693832 21.111944
76.511886 5.214829 15.800905
53.767341 83.312952 17.068690
92.538659 28.846943 20.087112
9.183444 42.010108 17.611613
27.470171 92.069374 16.082005
57.834514 75.324357 21.511666
84.861132 44.416781 17.390843
82.106619 76.256288 16.480833
15.603881 3.705460 20.313377
41.779404 88.425451 18.170033
10.181017 14.832834 19.719586
33.342453 9.293467 20.059223
48.667399 95.651942 15.141599
59.057407 80.121087 16.054581
82.984439 7.513625 16.853704
91.305053 93.688580 21.112233
14.250490 10.766644 15.667767
6.986693 85.599278 18.847118
89.028712 23.030024 17.647636
72.434399 55.851347 18.121219
77.561041 51.705332 21.198714
61.766028 96.148982 21.640793
35.693491 7.864388 21.525874
48.338802 80.072567 16.703451
60.295737 25.812608 20.767500
71.197665 13.772792 16.969954
32.872305 54.668022 15.115044
9.867336 71.046744 17.640459
63.291068 22.390376 19.137695
63.581009 4.847528 16.358327
43.058231 66.215526 15.735853
72.626291 84.601278 17.878043
29.892068 77.485372 19.391710
56.107312 34.276504 17.247320
90.111703 50.029463 22.092229
91.381223 49.441698 16.612254
3.856545 91.125799 20.857632
77.826233 45.124734 21.109629
63.806029 82.102397 21.269797
32.317010 72.593503 20.259924
44.722465 85.038502 22.183007
75.056299 44.252366 15.740966
92.168967 98.217396 20.019402
10.435323 65.326587 17.877907
6.959965 62.979237 21.182502
20.788724 45.267542 15.527019
66.327691 46.085107 17.203285
92.887384 30.428961 20.512997
92.827254 25.902057 15.870013
80.847284 19.633018 16.716794
15.967611 7.639003 15.217736
56.435062 74.788427 16.620567
17.144217 73.986989 17.046139
59.289059 68.391938 17.023762
23.987944 3.001672 19.013334
35.816112 44.322209 16.021568
80.886978 92.923833 22.479155
32.217450 58.303762 15.107200
43.787885 82.507307 20.510628
72.435105 47.325023 19.393084
9.921874 61.854453 19.685079
52.237166 19.702768 18.197016
38.457983 46.569631 20.714186
86.445449 5.460546 16.874606
43.020756 14.079210 18.869924
17.620847 83.130512 18.980381
50.827238 37.810709 16.015468
68.539104 36.431925 21.241186
86.092883 68.715169 20.193427
86.251277 87.424944 18.042339
22.270428 99.058000 19.873068
8.358034 18.366364 16.624450
74.239488 29.573713 15.833209
89.252177 57.549449 15.005199
37.241853 33.131965 19.628945
78.663720 96.276520 15.447774
36.436186 7.422682 15.612087
29.680572 39.346173 20.779260
26.624158 59.744066 22.437752
82.378591 51.228920 17.558364
20.559193 41.982500 19.983434
4.278316 96.001505 15.642241
8.904134 24.379206 19.121053
85.081197 70.453205 15.001016
28.639591 43.882892 16.990539
8.784828 88.604791 21.291762
79.720640 37.028176 16.131034
93.792588 0.778116 16.506771
47.577180 43.264750 21.913703
88.215276 99.421331 18.753840
8.790151 24.792117 19.345901
91.841301 76.057622 19.834695
9.541474 65.701170 19.136295
0.136542 70.416445 22.101001
93.767568 76.512449 16.696244
17.541823 57.223912 15.778115
0.436689 88.970865 21.597234
21.565918 21.447765 17.116170
11.232015 94.621305 20.054198
66.841909 30.761228 18.766199
79.570807 63.128034 18.505184
56.019386 74.754592 21.720649
65.014782 99.941476 20.536907
91.125607 66.011302 21.702821
77.598291 66.739730 18.955381
90.031265 43.737243 20.165401
88.851033 35.692025 21.304475
71.570615 61.810308 16.116516
88.027522 27.147040 19.775054
72.693854 8.973149 19.922266
10.733458 56.440022 21.358324
74.382356 34.943473 15.111159
93.736087 90.351258 16.379330
10.884597 74.027063 21.983549
9.846250 73.056771 21.406843
17.670029 38.661358 16.891897
46.464154 12.778454 17.940810
58.655935 47.225847 22.066885
81.987574 90.683647 16.859297
75.673673 44.742129 19.954827
87.020758 32.309096 17.010577
52.929385 5.824862 20.957537
56.904769 83.788774 18.207570
76.009446 63.093354 21.713686
35.536833 30.647010 15.575886
90.817547 36.459214 17.613395
66.489997 37.710601 21.088113
62.038394 57.715597 17.067102
45.383956 58.321519 17.235392
1.215998 42.123489 20.186497
48.359302 63.830178 20.672876
64.785273 27.434735 15.173147
56.292506 53.488308 19.304420
37.340438 60.377870 19.533920
45.080251 16.668664 19.300056
47.412715 21.602412 20.196482
53.253832 69.591571 21.800602
33.892048 43.535441 22.419013
67.600603 82.005668 22.176655
86.395812 46.085108 21.911570
12.534486 89.112137 22.124098
0.435234 12.981112 17.792621
69.775996 64.220142 20.713239
19.614773 36.362995 18.379627
1.808099 20.087348 20.108530
57.730401 7.469114 16.183451
58.353221 83.283685 16.571701
67.089890 12.687163 15.413957
70.133023 19.005715 21.626687
86.639984 19.888764 15.911879
67.231180 41.347541 19.988509
92.441693 75.409818 20.457371
24.572585 2.499799 16.484533
51.048332 99.390892 16.204959
59.012153 13.528738 22.414741
84.904075 71.564465 17.561809
23.042713 37.723232 21.110810
9.553476 90.202194 21.216540
74.215078 0.919102 20.888212
39.994491 17.035234 21.027000
0.056922 50.440882 17.737870
42.303774 28.709075 16.361363
74.996532 65.649480 17.707651
11.905755 49.724834 19.738955
17.764541 41.755172 17.971474
86.469727 62.713889 18.089020
17.306349 51.785949 18.903196
12.197430 91.471823 18.262578
82.207582 13.370667 16.228482
77.238940 47.712697 17.977991
31.051436 69.817407 17.342166
80.555229 14.773170 17.545653
48.033938 48.168752 15.669270
16.965104 43.619664 17.393233
88.431925 95.187379 16.763098
37.920324 50.747230 20.702038
43.394261 71.857136 20.803953
35.545422 82.279971 16.367245
77.724948 86.667503 19.125713
74.505674 96.501460 21.644295
89.870979 90.834643 22.330954
68.105714 26.585964 20.136618
49.006734 65.110213 20.630289
31.743052 19.870300 19.331111
53.576969 89.724631 22.178435
45.089372 60.742087 20.606277
19.086511 33.740910 22.196244
66.651164 37.340035 21.316001
76.042384 29.947928 21.387322
95.539793 55.608783 15.580288
79.501489 99.766226 19.963397
76.934667 30.334945 16.572026
90.117232 61.970454 17.003572
33.920180 50.043610 18.120639
34.633088 62.985027 15.519156
24.632472 38.827622 17.827841
57.907695 99.081238 21.143892
86.722466 39.755173 18.288926
62.113246 55.790823 22.018772
84.471217 0.196977 16.222016
97.390619 98.923885 21.672579
8.668988 65.237723 15.786557
41.452651 98.661389 22.129232
15.278782 56.361035 18.732786
35.260410 72.751430 17.483304
73.346497 99.442911 21.706387
57.206358 71.190618 19.933447
80.723651 14.477287 15.204452
95.929543 63.303463 17.407274
49.890089 75.146395 16.311580
9.446219 17.108447 21.239842
69.956244 53.731122 22.407513
74.731411 68.297775 15.556753
6.308840 71.211203 22.415889
37.073732 73.155827 16.392769
6.441262 57.982736 21.494824
89.653442 22.566361 16.375839
2.944108 1.896077 15.611808
60.844306 81.223298 20.079755
36.563331 30.758931 19.836378
57.655747 60.838749 21.303437
30.572361 27.166304 19.788142
79.103131 62.919096 16.376010
86.363116 91.805081 18.313553
2.898110 77.765782 19.493724
31.358028 95.098217 21.738114
17.890462 70.542991 22.421969
73.037298 87.857592 15.360051
13.589027 62.480067 18.469334
23.115891 42.802818 18.574573
61.412871 85.426396 16.176889
57.068536 65.045888 19.668788
36.287168 20.251346 17.638406
74.230886 68.266096 17.821387
17.875752 10.884915 17.908594
44.920715 67.521071 20.317145
42.583458 59.286286 18.595296
75.803170 36.889023 19.341525
43.368411 95.258442 17.308564
28.959866 66.612953 20.248238
73.881907 26.326198 17.022648
19.105337 58.601632 17.739236
19.614208 31.468434 17.874622
74.403665 4.652573 18.034817
31.906163 74.222927 16.755661
56.242199 16.488578 17.965581
7.562826 22.443595 20.894849
59.083444 84.787779 17.409618
22.804910 33.743220 16.706938
96.048630 24.377528 20.357442
56.284555 18.493639 19.854869
24.719287 13.846414 17.370169
21.008283 37.936235 16.457185
24.633442 86.734445 19.482329
41.083922 25.201555 16.297880
90.091113 28.617618 21.042321
62.261158 81.886001 15.192201
77.194908 71.380333 21.154806
9.697068 83.469937 19.861173
84.202651 46.534781 17.924135
74.843546 48.178675 16.912839
87.740294 6.268946 20.805990
55.934603 62.343026 20.542239
26.787855 84.760530 17.595560
58.497987 8.128860 16.194710
61.467941 14.846060 16.749528
50.775376 73.375212 17.650029
84.327774 70.622847 20.377833
8.380034 72.734787 20.287205
78.902879 23.242140 20.491443
16.444858 69.363190 15.839255
36.322346 64.689282 19.592023
96.639693 31.020604 15.724806
34.520577 96.142950 15.927600
39.771750 63.127716 16.292904
74.023301 3.301113 17.207449
53.230334 73.832728 16.639391
36.552303 95.932724 20.545244
40.507075 56.937198 17.815493
38.209262 1.227461 22.131480
66.454663 42.040057 16.657988
25.983796 95.967983 22.409810
89.936707 3.439312 17.510719
96.924265 41.505044 21.929541
53.981239 56.994961 16.016022
1.139444 27.322627 17.873094
95.684763 12.428542 16.649304
65.777783 8.450947 15.723574
81.621963 76.644087 21.975979
43.675826 40.363410 20.443272
1.517995 73.066105 15.514723
2.760618 89.173984 18.853494
70.138116 78.954426 15.660634
98.282506 55.656409 16.271407
84.684296 87.334195 15.840289
76.775621 41.304536 20.118978
36.249551 53.192891 20.086514
17.926831 62.945628 17.669802
38.398980 97.788106 15.109133
74.145360 83.858484 22.078938
56.000084 3.515854 15.190433
82.381943 88.041458 18.145306
39.493445 85.012384 21.523891
57.088891 46.462223 17.763971
9.726975 43.135310 20.474142
65.130078 79.455057 17.697769
37.228703 74.654673 16.604939
53.350510 47.487473 19.659545
69.304252 42.908208 21.313146
84.514698 0.922947 17.285105
90.565987 52.635644 15.074272
20.436078 96.301178 17.140394
80.038765 67.571969 17.829581
29.328755 26.094995 21.972287
27.858615 54.106409 16.830552
23.265471 74.514452 18.443457
42.077104 72.627311 15.698345
65.805956 94.751307 19.454177
70.510682 72.371804 16.522936
14.543139 54.656302 18.785547
64.263177 64.765078 19.529189
60.744521 54.823320 21.874702
0.329537 20.915854 19.497348
92.020901 75.920940 22.215571
12.976359 16.484065 22.175796
19.729978 11.517215 16.958922
77.235909 18.063709 15.014630
72.833708 73.405225 20.673853
36.542357 89.582526 21.278719
25.084190 83.561102 16.028689
70.335170 77.735382 19.443040
74.364619 13.181542 17.398539
16.586052 88.038439 17.317601
51.684886 50.031400 20.272153
34.215079 19.682388 16.005095
85.964034 69.988526 15.200924
36.645578 24.505941 20.379506
20.338433 66.175932 21.376158
95.352273 76.749941 15.842003
30.795253 31.703041 17.148242
98.812417 88.757087 21.484929
65.152339 46.450333 17.997110
22.873305 13.978999 15.091518
72.087383 7.676960 22.288801
29.418457 31.854311 17.701283