28.552850 93.140419 21.574959
76.453193 55.728228 18.946278
34.271007 8.962644 20.341477
63.478032 23.474845 20.734142
92.403367 12.075722 21.954652
9.563393 49.673763 19.183322
38.745044 32.463518 17.697115
3.268192 70.747193 17.727257
49.877626 37.835933 20.768749
20.934123 38.987425 15.109124
10.372833 30.864784 18.024783
66.839974 47.046131 20.852899
25.019418 82.465818 21.184969
59.057157 5.981967 21.883953
36.403744 53.182133 20.473293
93.216839 45.482060 22.190482
73.951843 46.527576 19.171219
64.462075 63.944452 18.552238
30.514957 41.525673 18.324873
34.584189 22.025901 15.766981
89.448273 2.099376 17.567181
21.318972 82.943155 17.218080
69.321440 96.994009 19.655915
69.420555 66.402877 17.668310
85.110786 67.900285 15.264168
55.711364 60.591874 18.309287
18.439980 80.915527 21.197511
99.772443 83.759438 17.466945
89.656003 20.992022 21.715591
32.333508 32.295793 19.348704
13.399088 95.223901 22.183783
20.854851 69.698666 17.486719
46.263668 90.876396 18.904247
33.641577 35.321888 16.921734
78.101178 46.766273 20.706716
17.688023 49.390510 16.881447
17.706776 23.120063 20.461619
47.770113 60.158055 21.588875
41.108861 50.984494 19.135773
62.254283 9.761382 21.571995
55.851034 12.923669 21.418648
37.058448 28.662628 21.778133
34.397010 82.647981 20.549955
97.842950 24.682945 16.045518
57.384137 98.859776 20.068096
15.858991 30.154111 20.719107
11.442583 6.677708 19.398007
96.688992 17.877226 18.411696
16.221546 59.343806 18.878914
64.735730 64.344530 20.598369
90.176507 83.462365 21.520725
57.024795 68.935439 21.942402
35.879963 55.070229 17.498672
61.421499 29.732746 18.937403
86.231059 23.409423 20.345132
98.150614 42.420414 17.540991
33.752862 92.549098 20.375751
76.497691 94.112523 16.090738
11.544266 65.791976 15.154279
97.490564 19.921135 17.067534
63.786098 4.656479 19.789056
79.336793 98.208318 15.866686
39.430825 87.887347 18.718611
19.441271 67.826795 18.624406
88.729596 23.567715 15.138533
6.535348 91.565546 21.551591
5.315509 98.759522 20.929225
69.342393 8.707119 21.946222
40.559650 9.457177 18.495428
89.892342 33.580658 21.570048
74.482717 33.820197 21.849574
63.509074 90.247702 19.149368
37.561471 77.331963 20.900661
77.309990 68.566490 17.098582
96.803206 26.471046 18.368426
61.288230 20.447035 21.131071
1.356985 70.960586 16.027676
43.023436 53.884861 15.492579
40.031162 40.558198 21.424601
92.628266 89.966558 20.935038
82.761493 9.759410 15.226870
46.367518 64.644183 21.175318
45.588263 0.898797 21.938866
90.169745 65.143998 20.047928
91.036255 1.603572 15.402951
83.270391 44.034324 19.290334
66.218726 73.482459 17.863984
76.718956 42.735760 20.990964
54.734898 73.280070 19.784594
18.600826 21.077935 19.405634
7.772458 39.919424 18.964988
40.957264 81.860334 15.000453
13.193396 5.199458 22.197974
29.408736 21.145435 18.154133
70.598264 31.517254 18.958710
81.750730 42.101505 18.595500
47.175193 3.403076 16.003364
72.211677 8.732816 20.789868
5.485614 6.548526 21.663285
60.386805 70.017136 15.487255
25.051255 51.086932 17.020469
20.079430 30.011416 15.720717
33.980143 99.157355 17.850280
10.747098 34.140605 22.070311
22.328118 94.330915 16.856194
8.135395 37.599681 21.291308
76.470512 33.673390 22.063170
69.791945 25.611869 17.268953
41.635378 58.417831 18.325365
70.233824 78.176069 21.466600
37.988619 18.230705 17.696941
75.376723 85.719904 21.184911
96.420160 78.725933 21.967383
53.395984 51.077756 16.864247
51.870706 60.003921 21.689295
35.738298 6.707239 21.644043
58.787392 51.272481 17.963529
98.286110 68.751208 22.013417
87.383949 33.503506 18.264965
78.664725 8.928263 21.391843
59.040762 84.225179 21.547454
44.771466 81.517861 16.474919
37.371221 83.973908 19.016804
50.927278 41.613911 16.320586
69.645332 77.122570 15.832712
84.710227 10.114854 17.764415
63.188318 11.416904 15.329618
99.932992 30.467249 18.697724
28.085883 86.723538 20.065438
96.352919 1.160246 17.794296
6.508317 10.038087 18.938123
88.157453 65.771937 19.051197
16.816778 22.139528 19.085840
18.934324 59.485321 17.875700
18.198197 83.019132 16.272707
41.304358 25.818541 21.900662
69.085549 21.829055 19.589485
29.442690 44.685227 21.135899
69.008646 76.350731 16.770308
79.129911 97.541234 20.256757
90.796706 12.229229 19.209189
96.821676 97.624059 21.437092
6.556829 90.819745 22.015996
79.788574 52.592550 18.118200
25.317602 46.576008 16.188689
45.525092 27.237065 16.499328
38.768732 14.243063 20.759676
12.129329 62.887864 20.199455
20.152270 80.376825 20.868888
54.652747 38.534540 18.106997
18.848914 59.699539 18.749198
60.630297 34.175971 15.864084
27.624606 63.693466 15.207988
77.641728 95.323394 21.828060
14.867613 96.785247 18.023245
36.626813 58.708347 19.411133
23.638128 67.228079 19.267972
52.142411 37.289687 20.038945
32.517770 24.759523 18.802807
20.306521 39.793890 19.901078
30.731333 19.516299 16.188143
44.616635 42.517192 19.093371
20.594558 78.361324 15.327536
46.137233 57.534072 21.669018
45.804283 67.415155 18.294929
25.617047 53.726545 19.960407
55.061408 83.414043 18.229011
38.816274 86.138092 22.483982
91.795331 26.911124 15.451461
43.482699 5.541355 18.749280
6.218638 80.213401 17.755328
50.019947 32.046275 15.152246
40.352886 81.056724 16.309775
21.276403 16.488423 21.443102
36.371339 11.055650 18.441425
12.861281 23.396158 19.916728
77.225336 65.082904 16.395016
0.750387 11.568198 21.342177
18.314392 4.224015 19.906119
55.979128 90.136537 18.258470
59.328286 8.347105 20.514281
93.391839 6.566489 19.651791
1.770083 54.928944 20.104133
43.943645 23.874935 15.415578
72.229423 80.076273 18.429412
22.369376 57.182866 15.637372
2.378391 30.267550 19.959084
43.286660 2.047816 16.635281
0.327162 49.449929 18.758948
58.891276 73.388498 20.873855
88.966439 64.611033 18.132578
29.770590 57.857704 19.127483
50.854157 9.757253 16.857639
10.172180 97.173485 21.649429
79.904068 66.849196 19.774390
77.552248 82.365148 17.479106
70.760209 27.986276 19.359723
98.719685 26.485719 20.530526
55.691166 33.263748 20.993295
67.913761 47.691577 22.453741
93.422928 85.395535 21.915231
44.953527 43.245927 22.147418
1.753348 94.604717 22.075725
72.147423 86.473261 16.787120
58.701982 5.896542 21.543042
5.589126 4.995955 16.274828
21.163754 63.688403 15.736313
18.215545 39.357955 21.881378
56.563581 95.591629 17.346069
61.442248 25.162675 15.245275
78.080172 44.169531 21.434776
54.686780 75.710801 16.793719
75.944848 8.116682 17.257865
83.522484 49.290035 18.074203
77.779704 22.710422 20.194120
2.419011 30.888826 15.093907
65.058714 49.081113 17.273881
45.126949 69.545397 19.333342
94.000336 38.953225 20.499305
26.741256 99.953967 18.687746
76.216619 47.163378 15.502020
28.174991 8.524282 20.472730
55.427148 44.245120 17.883816
16.488816 59.763084 20.557665
56.559046 44.249912 15.946596
67.289627 0.599922 16.131688
63.277054 96.521033 20.827865
83.706696 96.999620 22.484357
89.212562 69.897904 16.610055
66.784356 42.459205 18.833665
79.609485 83.820233 22.075348
9.368662 16.331044 21.278927
45.603142 67.276105 19.833546
41.438926 4.604316 22.418498
78.873820 69.696495 21.179019
70.244742 75.700946 18.079516
30.005543 55.702149 22.114802
18.297767 58.360395 17.025781
67.834558 91.051607 22.259144
21.272009 71.649338 16.858162
97.618235 98.833856 21.867687
30.188179 63.526729 18.111333
36.820126 48.571168 20.880956
12.816928 57.535939 16.951860
75.731572 90.453902 21.147167
42.393205 38.370335 15.244348
86.669393 11.526204 18.824666
66.536196 39.991746 20.786676
5.076726 73.617247 20.128120
49.794494 39.355997 19.489625
45.109464 44.536500 18.481449
12.239809 60.876305 16.017675
0.153195 17.200086 16.213590
57.039385 83.273733 18.978984
41.831617 77.663888 16.433606
70.041247 6.424503 16.931981
37.035265 46.644093 15.496605
51.014256 22.046706 21.133057
88.888932 79.291072 17.470184
8.872746 80.462815 21.095701
76.583030 20.279103 21.086830
91.145297 35.382490 18.394085
74.624993 52.896347 17.829375
58.711291 50.190910 21.195930
34.717008 89.891250 17.119349
10.306763 99.917707 18.126593
88.077784 20.944587 15.046681
9.999566 51.593294 16.976231
38.305232 40.547712 20.069971
8.271917 21.378917 16.200814
86.274662 73.225227 19.298791
93.731302 9.401634 21.172870
82.062138 64.569418 17.808382
82.562734 44.919916 17.849615
75.139350 48.767166 17.041948
44.092371 21.144056 21.146725
62.702064 4.569081 17.011164
96.585583 64.562485 19.975948
30.615381 3.072813 19.785810
45.555635 62.596294 19.655682
34.409830 79.522828 15.821241
14.074364 69.757186 17.248599
32.929084 99.609121 16.134031
88.711598 9.538841 18.991587
50.216764 11.031305 21.478156
52.403773 94.750349 15.348823
18.586996 42.450078 20.017878
57.275439 96.584533 17.296046
20.133053 75.947037 20.004767
7.719658 55.035073 18.540478
41.901090 30.225685 19.699691
14.046760 83.415092 16.146237
32.261642 1.274786 15.752932
98.248022 98.625773 18.866886
46.553343 65.417208 20.346638
33.030244 5.973346 16.636491
62.541851 2.032036 20.587909
6.097506 24.242425 18.073479
63.514613 89.081429 17.227220
22.196291 16.501336 18.713568
99.752994 47.808592 15.454969
68.232538 49.725769 15.041611
19.029121 20.622547 18.661696
60.014843 48.737883 18.219980
15.835849 70.817227 15.017144
94.238913 4.834382 17.759363
77.192063 29.460313 20.406755
29.539106 70.586358 15.791680
80.559685 49.525562 21.313025
46.468236 97.015999 15.141600
43.562479 16.801756 19.254411
33.372474 0.423369 17.662531
65.458025 19.842242 16.649998
77.626038 0.655097 22.151972
82.242699 11.391122 18.967839
17.558072 82.848303 18.177365
55.966893 39.947711 20.145093
53.561222 46.203495 16.962947
27.374866 4.685127 19.797895
92.915151 0.485985 15.442992
46.552415 22.250437 21.224133
86.524379 97.475893 15.816013
19.318394 61.039393 17.988654
43.400269 22.826584 20.895310
13.011332 46.057102 18.553530
69.138038 61.786156 21.773947
9.890104 34.403867 20.558190
62.335184 34.532409 20.071619
77.584694 19.617441 18.055078
13.727723 6.597543 22.454921
42.247740 33.564116 21.142487
44.008373 47.454044 20.768469
60.481267 66.034431 20.729668
60.866323 95.631559 17.968337
92.558659 78.383497 21.008920
5.606819 13.256441 17.952270
17.964582 62.136267 21.479082
60.248905 16.565817 15.307618
98.420108 91.123483 18.295682
64.768762 27.180531 21.045441
88.891432 41.589815 20.887258
49.135467 7.160974 16.298972
7.937052 51.572166 19.705688
72.907067 77.648649 19.876428
51.260377 46.852943 20.902178
33.364160 2.103598 15.258172
75.886080 67.719943 19.939793
95.834955 40.393725 18.037061
11.083166 85.280205 19.245939
31.102382 31.742253 22.096831