5.257282 69.274183 20.123220
36.427111 39.817563 20.880075
67.327297 27.556889 18.242023
41.213315 60.730456 18.917615
77.977139 49.426902 18.755053
11.115540 74.993040 16.960291
19.890038 12.560432 22.275001
19.085749 19.850337 21.570959
65.053682 49.890586 21.136975
72.706515 48.681433 20.160570
77.105937 96.438881 22.146213
66.911399 78.932851 18.339431
66.349475 20.700710 19.299652
75.052799 14.543223 16.071895
46.028575 85.289949 15.169141
25.814101 32.664306 16.481860
89.509311 48.232769 20.098694
29.052946 51.361923 19.660821
45.035242 1.734505 15.613356
79.638978 81.348713 20.503835
38.969776 21.483592 18.051970
64.991688 54.673940 15.478278
7.208502 21.601200 19.099769
57.078454 36.543521 18.593442
42.012207 45.535900 17.886996
72.031143 82.167052 18.764738
70.576742 67.428946 16.531805
67.614341 80.916725 16.852121
62.300233 85.954241 17.283616
93.459372 45.934763 20.994060
25.281527 47.967815 19.929970
22.605295 32.810885 15.330998
26.284302 15.586359 17.706060
85.214491 86.877767 21.985488
58.521227 37.448102 16.088672
72.986170 33.285088 22.164635
72.761849 88.089691 16.262263
36.947956 74.561229 17.854322
46.072324 9.288094 17.653340
64.121951 47.547604 17.202498
58.973052 39.991827 17.394540
53.616398 65.646410 20.770889
42.433777 99.943396 21.091028
4.134691 98.141906 17.854975
92.728883 98.022345 20.431879
99.842244 57.393129 17.363676
87.332456 42.388268 22.102387
11.543075 9.265948 22.169417
35.466160 97.547441 15.546606
76.455119 91.138412 17.670739
13.984139 48.202808 18.194290
90.118139 8.374276 20.165827
98.988125 45.554299 17.804930
22.115194 74.757959 17.692558
97.221784 25.383955 16.038218
23.866982 0.127828 17.327450
84.381348 94.370669 21.343151
10.833505 15.945274 22.012244
83.637421 25.666639 20.226118
30.853545 77.713595 21.789675
60.254392 65.890009 16.324734
93.060301 92.967083 16.541154
39.673571 84.787962 22.305453
27.393247 90.496647 17.130217
51.963757 67.457413 20.260541
36.859513 2.289692 21.959602
98.195030 22.597276 17.790483
65.391438 57.531127 17.728646
33.942236 12.094936 20.916410
67.757232 64.928419 20.913427
30.281271 9.396341 16.477122
28.675037 70.073529 17.247082
83.896490 47.551756 18.496171
4.264802 5.807042 19.333510
53.734095 48.808354 22.383484
6.652402 42.517169 17.481640
40.570895 62.323279 18.730118
20.335554 60.678910 20.800040
91.764393 45.507335 16.203472
60.882602 81.060570 17.252833
65.420057 85.526837 21.452868
4.639354 98.535598 19.889681
59.308998 83.602184 17.826342
42.152995 64.002090 16.459997
22.097291 85.522137 20.615389
49.171174 43.103251 18.772404
78.875108 8.400523 21.068465
35.089664 53.264695 15.312498
95.159336 65.169415 20.796889
13.442210 24.609579 22.282013
19.762442 40.806893 21.683637
54.281744 26.803695 22.474137
46.905927 80.524941 20.560521
66.019138 47.503465 18.290741
39.097297 5.061387 21.690216
98.861685 1.990526 16.474025
22.777632 66.768873 16.453718
33.300879 18.761987 22.469108
75.134971 39.872987 18.882478
22.731815 13.476882 21.622041
41.685418 59.109693 19.874217
82.787169 47.061565 19.998383
66.646231 68.423563 15.652803
71.997730 19.631587 22.361258
30.157211 86.725659 16.034188
48.619676 74.975559 16.480497
9.392991 63.231917 17.907791
75.528084 11.099296 22.220396
24.000646 91.636847 17.241191
29.157278 85.683313 17.142911
78.797496 71.963351 20.942918
53.124112 64.689103 15.473251
83.777247 18.513819 18.799365
80.032106 34.317317 21.701388
0.696456 35.189914 20.145001
47.300280 59.417018 15.252304
89.347592 32.673788 22.493852
24.649332 41.030564 19.271978
90.611595 58.089507 17.134119
74.463815 42.769215 20.102213
6.185534 78.828049 20.020434
88.127552 49.258401 16.149781
47.079931 99.460751 15.880115
66.876678 27.141850 16.233932
45.248660 96.904432 20.048095
7.317403 33.998887 21.440640
6.078534 95.885893 18.296867
36.033678 92.748566 15.241329
90.926056 35.377697 21.148501
34.908636 42.582777 17.662574
6.430877 66.643907 16.659896
46.025486 5.936222 18.916040
38.601788 43.909011 16.815107
41.530396 76.494622 19.719998
71.201695 52.530703 22.317448
33.568484 41.004006 19.853914
22.375715 57.190118 21.492560
54.187882 60.404452 15.883242
16.751116 59.685575 19.871048
99.533807 32.585987 15.768154
47.295691 4.735721 19.841243
69.368785 85.309295 19.562801
45.414634 83.783367 21.899743
95.481419 3.018876 22.075810
27.073408 49.662227 18.989753
65.516707 85.492922 19.905080
99.553598 37.349605 21.486466
18.073945 61.836710 15.040329
26.225626 35.184489 18.779770
23.529649 0.320519 19.899084
61.155825 96.378602 19.968983
41.345995 89.078903 19.565002
69.267913 2.794938 19.989660
52.055186 92.108159 20.066866
44.160950 97.612466 16.712971
14.557059 12.987661 15.252928
53.250327 88.573636 20.195939
43.135190 99.300719 19.430715
51.025871 72.653623 15.390944
38.996643 35.557711 19.729390
86.300196 11.755786 20.074974
98.972004 91.284990 17.281609
32.110240 39.669305 16.377671
77.854289 56.430525 20.419042
28.665389 64.673616 21.770899
40.408723 60.687612 21.907452
21.820029 68.442460 16.519334
47.709184 15.630166 19.627333
48.191579 95.336467 16.499544
50.065119 49.289307 21.206307
97.360944 93.504569 17.628197
36.622262 33.279761 21.140504
52.085785 45.318383 15.964773
24.938837 46.706721 15.656808
22.338411 11.892665 18.034581
97.306044 49.857391 22.043462
32.374923 7.631844 22.293444
62.968012 89.914042 21.623403
79.977025 61.119996 18.938375
74.066453 78.084171 17.434196
1.782825 30.619452 15.692272
31.254030 72.943038 22.104070
58.543484 46.402199 17.644314
1.342367 70.578995 17.910412
48.804156 75.374947 17.101644
48.953813 58.247343 15.347583
94.843859 4.626715 17.099277
27.005089 50.352119 20.327926
71.360712 0.907318 16.454380
3.705567 61.144903 15.154264
99.804670 30.858849 22.362471
88.882855 29.366781 20.489735
86.204349 82.555146 15.399458
78.620359 55.773746 16.505918
42.501597 66.652683 19.095155
50.978170 14.969523 22.229108
95.168698 79.009881 18.370029
98.265443 49.270425 15.430298
50.648047 4.290744 20.281837
51.900910 8.876366 21.178885
66.522473 23.050640 20.182335
83.278119 13.969427 19.468505
17.346957 52.378926 22.281964
30.840108 67.663848 17.698471
19.251849 73.150342 21.303823
29.796698 38.453248 18.609177
78.063459 26.364546 16.017850
23.181488 94.228364 22.278354
67.397909 2.681250 19.639008
50.940278 13.112905 21.323952
85.021496 23.860001 16.027716
20.523732 80.498694 18.231769
36.883382 1.173749 15.202791
91.013221 16.902887 18.761870
20.033701 53.827222 17.066490
4.022265 89.877599 20.788500
30.198333 6.787057 15.292487
9.508534 4.107670 15.155092
72.876894 15.577459 16.752124
82.109516 52.146197 19.944884
20.427238 75.869811 21.366291
72.971601 18.316309 16.980155
28.700757 45.651381 22.018198
80.811183 95.495571 21.541832
93.282889 85.617658 21.709618
87.026714 60.657870 18.533321
14.697153 78.797560 15.964951
35.048979 1.799328 17.435395
47.919072 90.378829 16.441285
40.971574 99.804623 22.015999
80.950804 78.591712 20.513663
6.113153 79.775247 19.891885
73.518132 91.934902 16.487568
75.441932 45.408208 19.084001
92.485178 64.536594 19.314689
59.526072 65.981750 17.979306
98.222895 87.620356 17.187432
59.915743 67.240218 16.710402
71.279992 62.612303 21.203005
82.557282 41.344034 17.555982
28.172754 58.530292 16.296968
18.689877 46.849495 16.453735
2.643418 27.836261 15.543819
31.009412 33.089876 15.743842
12.823222 88.764779 20.720527
31.505033 81.148672 22.183811
57.148327 40.653303 20.307660
95.023633 59.476315 20.386370
92.797280 41.892145 17.591759
84.401846 92.770565 15.071008
11.480333 9.261477 20.230614
71.555326 3.523687 18.488486
50.386526 70.192051 20.056488
50.933573 20.443845 21.462522
97.415870 78.272463 19.802210
47.548210 8.258092 17.601516
73.186299 44.845539 16.945680
94.372552 96.765962 15.394089
98.495558 91.395026 20.995608
93.850969 75.607463 20.650186
29.475172 83.236985 15.835049
30.807300 93.586588 15.203841
9.665840 29.516336 15.662421
28.043514 96.621750 16.387197
53.590156 20.125719 17.861606
45.283473 22.424861 20.332325
21.347149 46.361604 18.145603
14.693629 2.593171 16.127026
7.040459 32.233723 15.971995
43.963986 25.955648 21.532227
90.125629 95.040246 17.349010
99.950680 80.802408 17.399830
18.491702 97.619940 15.765417
82.447622 87.643890 18.700161
34.396645 90.948211 22.359723
16.271977 98.675054 21.545814
95.151125 66.821541 17.487981
87.081909 64.633457 15.175386
20.974903 95.217530 18.672132
58.050416 65.394199 15.612714
18.258428 5.784991 20.652724
92.891516 26.138307 21.605773
23.233058 25.308189 15.532038
95.851704 98.489813 21.240983
23.731574 6.472635 20.722667
57.372131 33.962315 16.649893
44.761303 83.763378 20.845190
17.572972 65.746572 15.309459
53.594539 67.080980 21.588964
58.653830 41.412177 19.946570
61.382338 71.975132 15.398178
45.999538 80.026298 15.037392
37.272039 7.061431 15.137698
74.296914 46.051524 18.116344
25.749981 39.433016 17.409168
31.029300 42.594929 21.313092
0.882182 44.966870 16.749697
72.215528 91.200909 16.322752
17.523304 66.349052 19.253929
52.190705 89.654019 19.641816
70.883965 65.072908 21.532730
43.103710 59.720900 18.044137
27.688136 10.861162 20.645387
29.010180 28.127711 18.603295
45.173077 66.886853 15.791120
7.323411 42.494360 16.536144
25.371925 19.394029 18.543145
22.950738 1.094858 20.649971
81.593291 44.280864 21.721088
87.288780 96.094365 19.584164
61.946795 50.798943 19.220071
57.635496 30.300815 15.430766
6.890473 62.239128 19.520950
82.928712 26.480869 18.898997
44.865929 44.728759 16.373962
88.156213 9.144409 17.104981
4.923801 44.311783 20.648406
98.578139 47.477651 16.490656
7.075842 14.023111 19.531257
54.491919 82.217758 20.796906
3.895263 75.937113 15.438945
50.898748 88.140458 20.347900
84.195580 86.350895 15.773218
60.961623 26.062576 19.085666
64.662604 5.882555 20.959893
73.538828 65.715444 16.586670
74.276858 25.017114 22.187062
31.984076 89.956025 17.334580
16.082494 46.565825 22.000077
99.503052 87.675135 18.300057
97.634649 86.025854 16.525827
64.846607 17.561600 19.694516
3.519705 51.685513 20.079406
26.171136 84.236515 16.249213
45.440533 55.204599 18.464986
99.027215 84.672767 15.995736
18.477002 16.751898 22.111943
82.645730 95.359295 16.004698
31.800664 65.453631 15.058510
77.613998 64.846098 18.989674
0.268982 20.844190 22.199195
58.825865 20.635254 16.082668
54.923290 41.083630 18.368009
41.721636 59.749418 20.952470
94.385151 32.041939 18.919336
76.023897 7.729580 20.310881
61.902175 19.823248 18.005886
85.776583 98.916130 19.589786
2.926604 51.614215 20.200787
50.093500 47.971152 15.870135
18.482432 59.680221 20.779210
23.761065 8.908860 20.330606
7.154453 80.075951 22.243733
31.915182 96.212622 16.188588
92.321105 44.496094 16.207058
45.911079 44.287838 18.282455
25.616794 26.409474 22.036628
52.503577 60.591650 19.257131
15.115917 44.371276 20.220440
97.655733 72.607033 21.990836
93.873510 33.509458 16.205140
20.569636 6.780771 18.345230
66.464219 61.035181 15.285764
93.871747 82.725904 18.628295
10.126810 58.083861 16.955308
49.267231 94.933729 18.463690
63.867311 40.764300 19.457574
81.690620 15.121712 19.091778
55.287771 24.258805 21.195619
18.940250 81.503495 16.393940
23.484729 43.400490 16.895254
44.322701 65.039265 17.996109
71.291272 93.216671 16.914403
8.172313 11.712470 19.866721
69.767800 59.950080 19.340753
86.038128 16.919286 21.806648
40.764098 48.412137 16.244774
90.195682 93.587985 19.760543
18.803603 90.608005 21.398165
61.869643 22.265131 15.314888
74.083027 72.896699 18.929786
44.630370 28.088039 20.953982
81.998577 23.644807 17.531342
11.791105 58.658272 17.632889
45.945446 11.144191 18.416704
96.887170 18.323338 22.455230
57.230622 76.181420 21.287774
15.089401 48.773210 15.693015
6.690624 54.147190 20.143810
41.221535 46.259014 16.543699
35.205404 76.261353 21.034174
56.778608 67.762771 15.309004
84.015850 31.944211 21.249723
50.339032 74.112262 20.623964
91.835109 76.744588 18.413458
51.120466 27.307271 19.061687
89.037873 29.055983 16.157250
53.795419 28.946604 17.856203
14.345781 53.793733 16.383782
53.330407 96.771016 15.893277