0.380848 28.582840 16.013371
73.529399 57.545975 20.190279
57.394332 86.331524 20.713597
18.138491 56.450171 15.130910
0.901469 25.559113 16.408872
6.229030 73.805676 20.609949
62.673181 69.542511 16.749183
99.004279 86.213530 18.452373
69.065260 22.666937 19.605680
16.357131 43.665856 22.151461
62.007561 97.659896 18.420483
53.833630 17.609059 20.411759
58.363414 29.494416 19.080459
32.333662 67.555498 20.785605
43.634599 60.695078 19.827951
39.889853 1.267835 18.726885
38.284540 57.647682 20.962943
83.320130 66.257890 18.274419
59.325443 88.294829 18.028161
97.299595 86.192797 18.007058
83.355294 30.033234 22.457900
50.813229 2.675046 15.409680
94.573015 67.217723 16.160827
4.449813 17.840107 18.865207
92.972934 78.226368 16.281423
66.331356 97.135328 18.645358
92.093604 89.041036 21.516063
50.249911 97.185609 19.653193
94.763323 88.959558 16.570562
40.400929 66.127360 17.727262
0.651296 62.760248 21.458864
87.043049 28.132002 21.287599
73.760934 34.061251 20.442908
17.647789 2.295029 16.089875
46.916430 79.336062 22.408641
10.480411 57.090368 21.758682
59.436669 23.387763 20.629426
52.673472 56.896210 15.565360
49.264837 7.944525 15.984707
35.388505 26.163052 18.182592
3.946788 77.824916 21.290214
25.123496 79.750170 20.878804
59.868412 51.133529 21.097337
58.517272 39.374312 19.808919
78.208665 94.160978 21.483918
79.577289 66.414387 20.754310
55.102337 12.196290 20.701462
50.317204 34.746459 15.964522
14.151695 47.363227 21.437664
31.648517 78.910921 17.614842
21.711533 69.966627 21.593374
51.534977 22.816547 16.712350
34.364520 82.177189 17.154605
7.373346 40.401000 15.386840
66.363373 5.380193 15.423702
20.788489 81.081846 15.128713
78.797483 80.995223 15.199547
6.275665 42.123438 16.193634
95.112049 33.391652 17.419050
92.302396 70.772760 19.033471
40.465888 24.300670 18.345159
17.767434 29.221802 20.484957
28.793052 67.320809 17.703133
65.825533 37.252590 15.519214
96.972212 50.766226 21.355663
24.799642 37.291783 15.086563
86.428232 74.715244 22.197477
91.230540 23.431715 21.648234
41.321450 18.944002 17.812727
97.543389 12.605969 21.203811
53.731952 5.248837 16.189006
46.366389 78.779099 22.260300
59.520052 38.293798 16.600340
60.898659 64.729772 16.664814
20.192334 38.262264 15.669538
15.075665 73.925449 20.278583
98.605979 62.977280 19.650171
83.032180 5.430525 21.911786
31.169160 97.100750 16.664521
12.837300 46.458404 15.493921
61.304580 35.380038 21.143369
56.279079 82.330513 17.416702
94.938689 91.745318 15.440861
22.778781 35.351607 16.682421
29.241670 29.968062 19.625323
87.612047 50.700057 21.689409
56.874371 52.779584 19.489070
5.596528 31.641190 16.280560
49.047938 38.460435 16.563260
99.085186 9.912178 20.135303
9.531682 8.467187 21.808693
21.660370 69.813716 15.104119
83.252783 26.285574 21.009322
76.406809 26.317588 20.485640
68.187774 95.350159 15.200447
56.787259 28.879884 21.452925
87.989546 11.707639 19.702924
36.490341 3.043817 15.999135
2.126270 63.557403 19.783754
33.801271 26.307195 19.179083
52.630800 65.528037 21.159978
30.706725 17.326104 15.405404
52.653452 22.631551 18.632593
27.363179 98.498732 16.331903
20.950527 27.748270 20.010880
7.148211 61.528209 17.931971
40.487382 3.738600 16.522617
71.999592 31.928268 17.040940
27.848065 38.894568 16.905652
43.479468 79.716531 18.983854
82.297335 52.171840 19.561573
36.095754 76.021395 19.132429
87.777303 60.286628 16.108422
19.832241 20.831200 21.219010
76.519900 16.199288 18.502583
41.363669 29.708132 20.883404
22.016135 40.510031 22.179318
49.537496 5.929017 18.408391
72.200473 50.702642 20.645134
92.380391 15.086505 15.251378
90.229381 63.546554 17.938386
32.754581 27.540021 16.936879
7.492624 62.407087 15.947174
75.763393 4.289139 20.099524
51.965493 72.796201 19.611405
32.667143 74.337361 19.764492
93.382334 48.363056 19.735939
31.824334 89.981978 18.018694
69.938965 32.141695 18.509896
31.550363 42.984431 15.392715
87.731460 73.414232 19.572257
54.566304 62.231435 20.402019
68.275404 41.232624 20.271592
63.888261 64.063338 17.222197
52.428810 54.543406 16.811847
8.816706 91.183233 21.844852
20.137064 80.645338 18.519698
83.447750 68.208040 19.671460
78.267744 32.452737 18.611593
13.785025 76.501834 22.438044
10.554763 56.147381 21.372857
34.923919 94.678656 20.855484
22.967579 85.621936 18.527841
17.634089 31.372214 22.016773
4.560499 14.678694 19.589841
42.859887 73.249086 17.925127
10.724776 62.262804 17.109290
65.808450 76.362357 20.207254
87.368826 56.308200 18.713520
41.210247 25.476972 15.333630
36.933212 5.291830 16.682748
31.648149 37.828690 21.724977
80.984156 67.570602 15.126563
63.074392 18.628727 18.397051
86.505751 17.712871 17.200816
77.215564 72.218475 20.604274
69.456606 91.104211 19.501115
95.015533 81.420724 20.058889
63.924065 3.999701 16.641621
57.340580 62.148936 20.863360
70.600081 3.379565 19.719498
65.797036 70.290305 16.286301
50.493903 96.324587 15.298759
5.129646 85.401342 19.719972
35.557004 87.439969 21.048675
30.687148 37.135476 19.866016
88.740370 78.523905 21.472757
4.805134 59.142028 18.546208
9.950945 26.656698 20.630817
12.319855 57.226659 16.667592
78.595067 12.512907 22.002241
0.429740 3.430207 20.844521
1.125943 90.766496 19.600605
77.028739 60.842062 17.818302
10.321895 55.549114 15.182625
0.659768 11.013136 22.433642
71.764666 13.892767 21.552698
51.308229 88.699795 19.592415
83.507782 78.757957 16.739770
47.074252 60.353315 19.295816
12.097344 43.448552 20.824768
33.388227 79.312422 17.784295
6.328906 29.575935 16.366896
15.340991 34.157747 21.987253
69.617166 32.847422 20.954550
22.958633 52.079832 20.363852
66.116979 13.131658 20.579586
29.529681 37.991341 20.677414
97.938271 38.080665 15.746575
89.755321 74.111075 18.284989
86.848973 11.993099 19.015707
63.526976 76.289063 22.493121
22.293560 91.027442 16.478071
24.202055 35.721231 15.938989
8.193624 20.818638 19.351304
79.100578 57.812927 18.130458
96.295732 53.846086 16.639073
63.578725 36.479891 18.289905
70.164684 42.149131 21.778608
28.303145 37.663725 21.404956
16.682812 78.017807 20.018293
92.553883 26.384143 16.733519
26.886722 57.940633 17.271937
84.673020 50.695781 20.595605
29.881716 78.357294 15.505687
44.169633 49.379205 22.190802
65.825339 59.969004 20.184963
76.678469 13.339412 21.674687
30.134895 16.026884 20.767207
31.085882 1.345950 16.471481
67.287985 77.690168 21.042216
71.125153 20.489707 22.236913
31.651818 27.702906 19.133673
95.212587 35.277429 15.722663
52.492554 13.283776 16.925209
3.005429 61.214243 16.785880
27.429345 3.113492 18.344883
46.461130 51.373399 15.261674
6.028937 95.953674 16.385556
45.869227 81.040712 18.486279
91.224208 64.344139 21.273801
48.918881 19.916407 15.229695
38.799518 95.043076 20.545107
94.709299 7.230470 21.924490
77.214154 99.083252 16.546353
86.124468 56.642385 19.993182
30.417892 7.812275 22.302333
93.931374 39.538383 16.458387
54.586755 71.843135 17.360395
3.848702 41.816439 18.866328
17.828257 60.667231 19.223551
84.145628 21.322211 20.487123
27.123108 3.399576 15.848401
21.815352 58.987854 19.807759
46.885011 33.390621 16.203316
19.322459 60.360804 15.220902
80.952521 69.190431 21.254335
93.585129 42.384843 17.331875
62.650117 30.201456 15.352358
19.262878 90.225387 15.033079
32.139220 14.234534 15.063664
8.214210 23.666550 19.136293
37.818120 70.606077 16.605900
93.291013 47.005413 19.813242
94.938058 21.773331 22.430977
92.962130 0.094185 17.405996
31.897907 7.294708 22.018092
92.249251 66.452588 20.277286
97.632856 58.336801 18.589310
23.605808 86.328453 20.693430
13.305279 11.593301 20.901276
74.075229 19.423266 16.704215
58.859577 58.832615 16.954889
69.212530 46.313811 19.039260
27.550665 37.731355 15.256935
38.267606 38.618189 17.050215
91.819253 43.779230 16.824537
9.106620 52.679982 17.462038
78.472559 83.510659 18.960526
57.038690 25.870247 21.777604
28.392158 56.549026 20.966675
27.556980 33.639375 19.377264
21.866681 55.661266 18.570859
17.901173 28.553510 15.251829
11.442723 8.129284 16.232937
6.202368 31.575335 19.037246
26.180888 3.606223 22.368371
9.824122 37.597377 20.010739
79.520140 13.185291 20.581254
77.016907 71.509410 18.385893
75.864839 55.994524 15.658715
22.198894 38.495933 17.213066
63.678887 56.765309 15.701656
51.109997 49.783140 19.588680
28.855912 31.833585 19.689693
57.756721 50.143609 21.685729
87.198253 45.313673 17.329755
16.806416 14.586308 22.483141
21.607072 7.817259 16.424567
18.950086 58.933125 15.114730
32.753541 79.351876 17.478500
94.741555 35.491369 16.664536
50.940614 38.410818 20.483882
41.666729 54.762552 16.273829
17.512216 49.339464 19.245802
93.661673 14.211955 18.412961
84.075851 12.876407 15.525083
18.288533 57.921954 18.151556
81.508633 58.944512 20.815035
25.924920 19.424658 20.599580
91.901089 69.955578 21.440280
29.667183 76.003134 19.926885
45.744788 63.000498 19.910945
68.753689 29.587040 21.770774
94.945962 52.050173 17.539438
44.924850 12.664411 17.076652
10.823034 4.639914 16.824700
27.331446 55.906062 19.061362
57.245138 67.278622 19.918400
77.977705 9.793145 18.576406
78.730558 12.250135 20.355651
81.936461 34.327643 18.755910
32.390042 19.038049 18.996658
97.965727 35.384193 17.204780
34.092396 35.287649 15.402553
72.075806 65.770437 20.785374
45.814464 47.227286 22.008178
48.942221 76.456343 17.095837
37.459027 55.369084 16.159440
8.054385 7.741454 21.361722
7.325912 45.107234 15.462771
13.244622 49.474420 16.519001
94.747388 55.849637 19.307615
30.921725 77.733470 15.090287
94.934276 70.719351 16.534784
22.422524 89.359189 16.763668
94.306563 99.344405 15.300318
68.541676 65.674517 19.242791
70.429428 51.258648 17.627642
69.206279 22.458722 18.327572
29.459501 69.241688 20.976927
71.738363 32.654614 17.723556
93.081303 24.015251 20.019970
2.298840 39.404518 21.243455
53.084099 84.193938 15.709188
45.740101 66.843584 19.917195
27.956801 67.055279 16.099616
21.905441 86.586583 15.082654
1.720991 64.135713 17.824818
94.995767 64.803134 18.457643
76.834049 81.899086 16.561898
28.107653 77.611537 20.214213
6.269984 81.871619 15.024850
17.173394 6.055065 19.144659
60.743065 94.189128 21.487762
68.947256 58.261829 15.191237
90.385714 62.698289 15.663482
15.392643 23.722634 22.472971
97.321713 37.083488 22.126908
57.824327 30.275645 17.786597
24.961999 76.300968 20.344765
69.448082 75.904134 18.720223
82.141535 87.861714 21.221719
76.723237 25.055123 18.361348
28.090916 48.417484 15.975487
52.901844 89.354265 21.136395
7.737658 81.096526 18.743828
65.207000 92.136571 21.474219
15.624491 84.978066 20.544986
0.574133 61.339580 21.922176
97.232991 42.182788 16.597927
10.791985 62.999516 17.890226
20.360828 53.244399 15.778997
30.461818 66.726517 17.289052
88.379350 77.891911 18.367467
67.693746 60.310124 15.023978
4.304710 34.950500 19.420047
80.646656 27.022106 18.890339
99.190215 65.147215 16.548422
14.630640 55.386197 18.149063
26.076310 41.777797 18.723191
84.361080 70.472321 16.511120
47.250665 22.356325 19.271680
75.185345 25.677890 22.224565
17.007217 66.995659 18.709107
95.832260 67.181119 18.712711
89.822916 66.019766 18.672760
23.356997 9.669297 19.838206
94.161114 18.878486 21.809549
69.079754 18.260169 18.798063
44.979691 55.649002 15.404981
9.710826 71.235687 22.346063
95.840118 51.897987 21.080601
4.435693 4.540242 16.554593
29.034042 96.293402 17.797918
56.605853 10.014101 20.531456
82.980584 35.588349 17.613963
46.016157 6.847218 17.912938
80.409459 95.123887 18.183845
30.791010 57.214024 21.149400
5.980610 79.333532 17.260422
24.646581 60.190780 16.425767
25.955942 9.448550 22.285699
13.169857 45.392880 20.445400
28.285570 28.278101 19.102901
35.183581 22.119519 18.081773
81.833122 70.619407 18.477210
62.678873 24.562740 17.908673
50.682559 10.933704 15.364363
36.541872 5.228562 21.610941
51.575141 90.126873 17.949790
86.663916 91.328306 17.241958
75.021272 53.326265 15.931156
54.320820 6.904496 22.261664
12.891107 79.026218 19.133252
63.891947 42.287515 16.549919
97.607947 42.934285 20.446921
81.307575 43.513844 17.129361
74.883647 53.459690 16.478389
19.847507 49.441344 17.634574