24.673894 20.003668 15.321795
69.722602 42.637137 21.788853
86.843053 16.654666 20.423987
36.371987 24.240092 17.365549
55.992601 96.997496 20.884984
31.079157 4.261702 18.289405
52.529518 52.443576 19.215326
48.204148 2.207159 19.611855
73.124713 54.026017 21.906124
69.071988 49.377910 19.845813
68.684186 7.913698 19.446944
35.363867 53.326084 15.171246
51.658933 40.142225 21.167048
61.658819 73.623472 15.750640
61.034749 64.158756 17.007787
63.220586 70.412717 19.311747
56.853990 35.516053 17.207539
40.594923 50.648205 21.229533
96.819965 1.950892 22.224573
7.903969 83.993160 21.179361
79.543747 35.399070 19.227536
69.401518 80.433221 15.374716
79.183906 48.602964 17.742306
46.223183 60.989089 21.094465
97.315591 13.411889 19.854200
91.151886 47.043907 18.169978
26.845211 11.582712 15.562060
43.741303 67.926688 20.334673
22.983905 55.043631 18.370359
1.826164 37.097845 19.340464
47.990051 40.470581 17.845016
0.809529 68.171698 16.667654
45.726021 45.580942 19.626477
98.106347 57.114311 15.075280
92.362977 11.956980 15.384819
90.470669 4.333555 19.912205
33.370353 61.656742 19.265390
30.085573 77.057388 15.069812
84.935681 79.122127 18.638167
6.599472 30.611759 15.186897
25.653118 30.740924 16.800168
96.636941 28.034756 17.425756
78.372677 91.549219 17.171478
12.320872 29.883018 19.399331
2.733435 23.731052 22.400023
75.165835 67.733682 16.132904
88.101107 22.841811 19.850169
68.947757 52.938735 18.318703
18.274865 78.623609 20.048964
96.051702 5.931963 18.479277
66.174215 15.279428 22.371579
10.515966 26.349262 19.139657
5.917569 38.375001 17.205165
2.747629 59.317901 15.541304
59.955074 37.430180 21.000991
28.424963 64.237466 20.462472
95.450555 27.084219 18.903715
75.330023 88.159700 16.529013
67.282436 94.532841 19.758076
58.985540 58.440422 21.193492
51.946164 55.304842 19.966983
33.845977 28.521115 22.096248
97.971216 52.684736 15.187964
99.858015 11.702224 20.980234
86.715707 33.619393 18.202803
52.629642 82.267402 17.167624
60.363380 55.400102 22.429298
47.361455 88.870217 18.132097
7.378821 8.602073 17.001812
30.440175 57.681302 15.379634
0.234564 32.004320 22.439189
98.590446 77.627606 20.729345
94.064788 8.985494 20.151755
4.905224 51.208716 15.154135
54.633657 24.466038 20.667765
21.017862 32.184491 22.113459
72.098029 21.878803 19.756520
36.421695 12.920766 20.882908
86.814019 3.426226 21.763395
19.752441 25.737503 20.490328
88.568230 21.585020 22.214156
2.517267 11.705937 16.610646
84.317159 4.774577 22.285652
43.669232 64.132860 19.788275
92.704482 64.833157 17.800369
10.125003 26.060811 18.479467
42.393359 44.107422 21.567039
78.855029 77.876449 15.719792
82.974729 82.989418 19.367044
74.382760 50.060470 22.490657
23.609718 26.758119 17.134287
66.868826 48.880522 17.385130
57.736328 10.060511 16.810440
35.582218 86.388441 18.722648
20.516243 5.566244 21.729507
38.368789 50.561270 18.166455
18.857096 86.713718 15.951934
31.925603 87.092015 22.157555
84.746074 16.469041 17.445992
92.394947 76.923252 17.073082
31.171508 20.786005 17.063145
80.246745 36.108740 22.482359
91.826952 13.432002 21.772450
40.729430 0.298367 15.863554
40.926772 76.421677 16.985356
69.052233 28.614784 16.259089
19.010102 0.452284 20.886690
31.062822 25.377483 22.409869
51.306376 41.727931 17.284158
0.222642 36.039556 22.410474
54.868240 19.254106 19.444654
5.046945 34.674358 20.969511
36.600058 61.284086 21.236613
67.125526 46.067407 17.175762
70.882118 83.824110 18.598717
60.534542 72.133867 16.503450
69.186708 43.925863 19.664576
42.146417 47.656147 17.485901
32.500120 20.005684 21.782010
1.125889 71.760335 18.203833
87.258668 90.747683 21.499719
95.537896 90.694803 19.615689
21.298607 16.269266 17.996787
18.893027 90.021689 22.199875
87.713916 92.121006 16.285572
57.231545 48.482779 20.026053
61.376362 31.352792 17.339730
38.757096 27.372758 16.550763
56.538385 28.748708 19.802434
10.857136 27.021133 21.414576
45.653575 79.958857 18.896113
7.325737 52.522501 20.691658
8.109245 77.126063 15.842393
44.080046 15.042693 18.737573
93.135286 97.240650 17.090451
63.264200 91.648300 19.904476
17.673039 17.221445 16.990885
12.127907 93.308079 21.119774
81.583291 7.930756 21.447881
82.106414 56.744971 19.363593
2.979600 3.997352 22.368593
50.548647 48.657408 15.563254
97.965953 33.578160 17.353381
7.855254 38.446296 17.848294
2.943978 99.516857 16.609880
55.692983 98.484660 15.008994
12.191200 99.752750 21.332212
56.108691 69.828155 18.012703
87.422388 66.922893 20.946524
8.596979 87.559709 15.879625
74.036402 12.612045 19.802995
64.774827 85.049206 17.625327
31.459845 43.008493 20.825894
20.812973 5.072825 17.641285
54.265858 65.044327 18.034089
22.184573 39.571504 15.464695
11.356269 65.803369 15.355222
60.080994 9.438866 21.899876
87.084896 7.199018 18.663048
46.500274 77.243503 18.454762
80.393713 73.185375 22.061104
61.271011 90.084612 16.565754
22.241668 42.332181 18.678718
24.303556 75.673680 15.372124
11.690276 29.864854 15.197650
92.146164 59.809217 15.019193
75.029418 70.594344 21.235197
10.722155 81.871945 20.202307
80.852546 54.173983 17.737926
83.829643 92.120965 15.010335
1.704255 18.574559 20.374636
32.729432 17.937250 18.564284
16.024255 58.971528 19.291502
22.239962 15.694239 21.109497
82.279030 48.767365 20.680049
32.314433 49.519473 19.712278
13.684165 82.208525 18.792301
93.689724 19.434573 19.766670
8.484990 56.562870 17.538752
31.353645 75.732469 22.270385
83.797013 62.835707 20.447832
29.232456 20.079575 22.353132
2.075802 29.856393 16.053110
26.418135 0.755146 15.132038
59.423557 75.047997 19.914026
77.397449 38.023519 17.986756
39.697601 83.214004 17.552672
2.837206 75.019406 18.512905
0.100351 7.266970 21.340781
37.913076 38.961454 17.346583
97.886861 83.040343 20.174090
16.484119 66.770512 18.971051
92.655130 77.541466 21.988197
88.293980 53.254358 20.212229
74.896467 28.208060 17.984449
58.884876 81.100795 21.302479
9.572814 11.281906 22.120611
42.713696 90.935996 16.330975
53.492844 55.666345 18.879798
66.786412 32.357716 17.135047
37.291198 47.788105 18.012044
79.232177 13.769739 16.941105
32.225899 98.793543 19.590585
40.223769 42.885317 17.186671
71.299623 54.587400 18.396929
78.680694 95.379432 20.745734
79.679162 16.959793 19.533275
7.662461 38.378305 17.629992
37.095347 93.128159 22.282266
69.478135 40.018536 18.666718
29.424900 31.564818 21.379640
64.482966 11.277156 20.569281
42.481481 44.217888 19.922792
12.438864 67.634130 19.723561
52.501495 55.024330 20.071863
57.150565 11.377105 19.225597
81.608659 80.893246 18.793524
24.419023 47.840628 21.628997
95.302555 97.185842 17.042602
99.743607 42.602184 17.723303
78.954992 2.029468 19.616530
43.777436 12.760663 19.469885
53.973296 61.347874 18.949580
56.208772 27.228625 17.256653
6.643769 38.141333 20.235888
15.747691 21.461274 18.748766
20.714216 20.960758 22.490185
59.854400 29.581724 22.050432
38.389234 74.672776 19.183806
53.695360 51.357748 19.491126
99.516970 49.570364 15.256098
32.101650 65.479242 15.789075
70.347283 62.023533 15.974467
22.547102 14.360454 16.969165
28.413109 50.871732 22.409914
92.962420 19.702796 16.259312
23.726209 25.368685 16.811437
16.424421 30.292048 16.607314
22.089239 2.128437 18.605508
42.656657 63.608267 18.631099
81.008837 47.185015 19.090356
27.892244 34.904288 17.026800
60.955320 51.392795 15.817183
49.219892 70.020963 15.259736
46.044561 57.434254 16.686072
76.537634 58.865574 18.178983
49.757470 73.858480 16.586533
29.301690 87.882419 16.791515
27.178800 32.488649 20.458768
18.890523 71.198927 19.813614
79.358623 57.570908 15.714651
23.068413 49.680395 20.655924
80.175640 56.044197 16.653859
8.911299 97.362208 19.903841
94.714180 58.668567 22.388014
77.115965 78.596629 22.071505
27.682152 39.881395 22.322146
24.004730 39.544014 18.882177
1.229279 19.018221 21.578893
48.219574 14.460573 15.543649
37.801046 73.556760 22.223374
21.382473 50.136168 20.358650
39.561870 32.190363 17.137905
2.772517 49.568207 21.428144
66.429744 41.031154 19.793999
38.335488 58.665267 15.897564
94.688808 15.699368 15.368639
14.828797 68.758773 16.673413
36.950844 77.511712 20.980170
13.146976 1.902286 18.814995
67.221910 24.756286 21.670154
5.119869 65.112924 17.582873
1.104402 66.070021 20.324878
41.524970 26.608321 20.016860
54.643964 24.126843 15.962008
88.342232 36.908163 19.030883
48.905137 99.166117 21.000631
70.181744 45.327298 22.339984
69.862910 82.075183 19.638250
63.899174 64.154396 15.769960
48.282906 20.703367 19.745956
44.971076 21.566601 17.905412
66.633136 64.853106 15.404795
93.838771 90.950404 15.064659
0.494793 4.120020 18.105870
93.207225 23.976359 15.023514
13.197092 46.505158 16.073928
55.513716 64.494116 17.650762
66.292485 95.711558 21.030427
83.190666 38.736205 19.947467
19.733967 54.157632 19.781451
3.563423 36.173278 21.229153
25.386200 18.138250 17.559437
43.549055 81.918835 18.508608
5.074466 37.343127 18.905638
41.916738 74.900107 17.807957
47.612623 69.977931 17.288662
75.540214 47.729207 16.833223
40.326412 93.338780 20.554696
34.555559 35.312442 17.942089
86.080387 2.460037 17.137602
43.775767 82.801678 16.345211
31.933865 0.637067 22.289222
56.597044 12.276596 16.112142
43.670051 39.866422 20.179453
14.733293 59.850552 19.985692
83.060596 80.062017 21.405932
35.434448 95.644505 21.784330
92.459058 29.576625 18.726716
36.376671 52.708905 16.636760
39.025684 64.662054 18.586424
48.780548 57.196876 18.688547
87.781994 95.607650 22.443643
47.370254 83.604920 20.422451
30.139043 72.451257 21.577414
1.063829 93.514594 15.486806
20.800831 76.864048 19.075259
75.949884 93.271191 19.083331
56.261916 86.050747 15.407527
60.493680 68.997505 15.407302
7.519792 75.712161 16.910399
80.299517 34.524886 18.490077
71.055223 30.131186 16.813576
26.432941 85.001177 22.362738
58.983864 38.281630 18.118459
19.474644 91.207004 15.813515
40.737103 35.624653 21.918047
65.812314 54.353414 21.891633
20.005560 32.286646 21.034823
63.794934 43.114456 15.871099
32.910810 38.783763 20.275473
9.638781 34.500459 15.132037
29.179700 99.494777 18.653576
18.802887 76.694069 19.210747
45.872544 6.196188 18.618230
34.989048 74.423934 20.321631
24.659220 41.952048 21.267930
65.821960 99.798001 19.255032
3.299943 11.943023 19.273443
77.525172 85.320576 20.653292
51.555377 42.233028 15.791398
76.115916 19.603845 15.064822
63.403664 2.003936 18.584490
5.961046 37.263830 21.336562
58.143261 58.025965 17.362547
14.622022 17.145240 21.106317
82.454718 92.611963 17.251636
43.324307 52.092214 16.939542
41.864726 34.821649 16.441412
49.157383 8.549076 17.535952
69.814397 71.532914 21.768967
65.574713 26.455302 15.121186
26.391868 90.778904 22.053355
90.638706 79.852275 20.777308
41.632585 87.568683 19.412830
3.890843 24.158209 18.776417
65.774882 7.105272 15.395100
83.947934 96.101606 20.300975
39.880858 44.187915 18.262387
70.759914 50.910145 18.446948
42.815495 69.462952 18.704032
82.166592 86.500041 18.689590
51.056938 85.126847 18.408822
0.846636 47.897110 21.736163
79.261671 57.442585 21.609813
74.149568 87.228700 20.489229
4.803029 13.641441 16.762259
86.954316 21.547046 21.663841
71.553103 41.924062 17.199630
8.363418 25.628019 22.009752
27.230135 78.520029 15.524423
99.594323 63.921521 17.023990
68.455050 11.062912 21.202827
33.818768 88.440182 18.219888
29.739502 34.899818 16.001437
88.767755 56.064098 19.502946
34.564876 57.632580 20.795710
93.346333 97.809788 20.351221
87.790945 38.722313 19.167121
32.235890 81.853781 17.432118
2.503925 24.784300 17.420946
9.266339 59.571945 17.343740
26.057864 77.528327 22.487622
60.437149 10.487713 18.412117
62.747479 19.896249 22.162733
97.335754 84.845926 19.646771
79.196857 58.180535 17.717503
49.021792 70.704747 16.824184
88.452362 14.394158 16.298182
26.317413 1.501885 22.003472
0.205482 38.560331 15.657971
79.555617 77.432708 19.653919
62.378470 59.920350 17.824989
24.800182 20.238853 15.407492
84.169222 32.902813 18.424337
9.131162 29.139112 18.409948
31.076465 76.408783 16.591511
48.281906 45.819752 20.213903
59.970311 92.899795 19.505362
34.589463 17.569747 19.990703