22.018347 73.081884 20.036317
14.532731 49.501509 15.698667
90.005671 97.132489 19.460081
34.452382 3.602212 21.288471
97.413855 54.206342 21.375256
36.378824 67.500941 21.881172
90.993604 59.472894 22.430966
76.333690 6.376690 22.445001
17.696886 83.617623 19.382049
92.743705 0.365124 16.448383
16.456696 10.017321 19.238659
33.490975 30.019673 16.849333
12.658248 49.626149 19.394768
62.250119 94.980591 17.339555
55.350745 5.586392 16.212745
4.989007 51.775288 18.360730
21.889316 72.125104 19.163422
46.474536 90.632882 21.120418
9.038956 30.035772 15.140340
43.861530 38.005793 21.799701
32.830534 69.915991 16.210793
9.181310 96.838094 16.613728
16.619558 80.954817 20.787792
82.445922 59.258336 21.007536
75.597957 6.121907 20.216516
99.716506 45.362520 17.971314
56.264777 2.695437 16.600204
98.047063 68.866397 22.093290
46.259604 28.699427 19.599640
22.197484 94.104781 21.536988
26.920035 6.965860 19.690236
46.008265 28.157692 16.809806
9.503316 64.942981 20.402985
26.642073 36.651637 15.499229
81.334298 1.291532 17.157802
83.166441 9.616629 16.611746
40.334797 80.419243 16.551174
77.412147 55.344658 15.136487
18.490317 9.540523 20.024858
53.324284 56.955404 18.906700
15.919331 15.178805 17.151044
49.741396 92.377661 18.160813
2.818153 75.048161 16.012532
92.567678 4.986926 16.827832
85.439841 26.810062 19.831103
41.604167 97.791196 20.763747
96.078895 3.624752 21.820033
2.512615 57.173294 17.835723
4.681144 86.016181 15.433852
71.688632 81.840037 19.921089
18.466765 45.687993 18.551150
4.519365 0.714968 16.313539
86.517647 99.007502 20.148053
91.908803 30.804555 21.229419
91.855211 32.602722 15.633711
51.321067 97.954347 18.088295
20.850805 2.531521 20.425877
57.422255 63.345663 19.231077
17.048861 66.213278 17.452759
42.044437 21.076797 15.075183
12.933735 58.715039 17.618760
30.071905 9.405132 20.207311
49.403595 75.675299 17.278282
1.776568 32.225285 15.923296
90.761661 33.069669 17.986102
50.268229 85.968918 18.720766
57.855310 9.469492 21.295591
41.948999 17.340296 20.095803
70.003619 44.081322 19.150100
76.711600 48.630508 17.740488
88.150621 75.985057 16.191834
86.847142 71.141033 22.022765
20.539973 20.017324 17.275857
43.801175 5.707041 22.149617
46.227355 80.086441 20.236541
31.238898 36.585814 16.927735
69.352431 26.947585 16.009351
88.629218 49.040954 18.990761
59.111677 71.221271 21.946538
14.758728 25.268237 21.503478
96.893430 0.193731 17.015306
93.208394 70.374593 18.437492
21.176528 70.852092 16.016102
76.106762 3.291455 16.755407
61.491319 60.623602 21.679459
64.847717 47.448185 20.024251
29.656293 2.602281 21.118130
36.556409 28.042188 20.304841
50.325666 49.746284 16.849520
73.931808 64.317689 17.520511
37.009693 68.492667 19.232079
56.499695 95.173110 15.024216
71.724938 30.435355 20.375013
62.825574 76.111032 20.207902
48.389017 81.548185 18.864563
55.530513 14.159342 17.668979
68.518901 52.697687 20.478395
74.563030 45.147913 15.452351
93.273558 25.986947 21.690657
55.261925 6.638412 18.233808
43.652523 39.583317 19.642077
11.346715 66.051775 15.137226
34.662099 75.373706 21.832127
46.084705 45.295200 19.064161
66.841958 39.764480 21.138857
80.857170 78.040944 22.177081
93.138295 96.658297 16.979126
78.337666 41.605573 16.048084
6.957048 67.503595 19.107336
38.828094 45.702501 18.002357
64.231680 48.140641 20.154506
19.891981 86.233922 15.570328
42.382277 40.967551 22.069215
63.184721 71.646786 15.346744
43.899604 97.086939 17.751164
70.939676 38.660452 19.547061
85.879714 87.512823 16.652322
97.343266 40.695103 18.982469
70.098172 31.478681 17.474912
48.568185 18.186596 21.271906
97.416306 6.499599 18.340323
10.727297 73.288509 19.431006
56.263639 85.672599 16.193352
91.092502 33.634714 22.167980
31.230598 31.214728 21.589442
80.951955 57.918725 17.385849
72.387391 31.986626 17.357946
51.915274 23.425846 17.712468
33.507814 85.804367 20.012468
59.945195 84.903290 21.887138
41.152474 48.338436 19.666977
12.087018 63.064761 20.514520
1.856888 92.523570 16.693324
42.517217 70.247023 16.096512
93.013567 29.464798 20.164908
93.919429 86.442591 18.333532
9.461178 46.508055 19.944852
30.079657 77.842122 17.567588
46.008789 41.951911 15.153798
73.398300 8.591096 16.981720
76.097437 27.241792 15.746621
54.816877 46.951393 15.050785
72.569442 83.821127 17.442691
27.856996 72.857831 21.832376
42.890323 67.171376 18.294316
49.329099 25.906079 17.417272
23.538523 51.125275 20.251581
63.957819 10.952376 20.815890
76.479170 77.118902 17.779784
76.205217 28.531802 18.889154
59.104228 23.742737 15.058702
86.040360 2.633030 15.746869
76.091899 14.161010 17.899729
33.908481 64.651011 15.148947
23.850352 89.662407 21.250469
68.476012 39.138072 18.322906
92.328353 57.768068 18.705364
3.618927 57.654224 15.499890
70.963254 86.008259 15.181638
42.849373 48.628668 19.481501
63.219069 75.088783 17.887379
99.888772 35.989894 22.179673
36.688739 3.384069 19.571778
35.556631 95.997688 16.165042
56.500260 30.094356 17.172813
13.002187 9.497486 17.089667
36.616748 74.990261 19.017392
37.900882 56.387124 17.070468
33.329523 19.491122 19.702225
47.470282 31.212640 15.743011
33.149610 69.099440 19.936556
0.210523 82.037473 18.191524
87.437751 84.389200 19.405663
2.682566 79.778319 22.100152
0.408514 97.523347 15.112908
30.031062 78.362005 15.025934
69.157717 66.540631 20.560471
31.338016 23.039762 17.544371
20.882899 84.031282 21.467687
31.998953 0.816761 22.274288
24.617794 96.005685 20.482864
90.884543 89.779433 21.283959
58.478433 4.383060 20.861383
89.381285 64.854140 19.276051
90.607314 71.078839 15.112594
62.004738 88.364186 22.122297
14.513493 86.979406 16.613054
2.145895 37.111618 17.775838
41.324763 43.207672 15.864828
31.066233 58.867446 16.478570
3.804098 49.583841 16.572147
95.693373 3.490076 20.455176
53.476157 29.260164 19.344213
46.334153 90.191561 17.451899
29.612965 95.673419 22.143032
53.113781 50.144161 16.285431
57.283981 71.753568 20.267159
81.330212 88.422145 20.945994
22.160746 24.578463 17.351375
20.657306 47.453871 18.705508
77.250074 84.348345 18.685621
68.215412 78.700648 20.956913
0.656645 70.770143 21.753923
57.461274 77.481235 21.902200
24.683533 45.516625 21.398107
31.512787 82.421533 19.771523
6.177944 66.020050 21.848207
96.864689 35.313126 21.205467
62.125562 96.953693 15.479546
21.254316 80.695050 17.762715
77.051298 60.885628 20.002257
22.772244 97.887645 21.475909
77.015417 44.708050 20.353541
42.687584 28.533188 20.955831
46.940647 57.975998 19.367240
44.360869 15.022688 16.184307
80.431667 76.855874 17.618937
77.653837 90.666053 21.263876
91.260784 45.119342 18.294267
90.407924 75.758862 18.769007
11.050388 49.862953 19.475828
14.756494 37.002516 19.305748
14.667675 63.073084 20.833346
97.916200 86.835388 21.069628
6.490605 7.311990 16.671810
28.205921 83.782573 18.428311
72.387632 26.573936 21.884756
15.802446 53.246277 17.299636
21.753381 7.827188 17.643360
28.473942 40.755403 16.272743
93.391833 41.911495 18.847117
29.502102 66.345039 21.256080
87.807459 16.751948 17.778556
57.542325 31.938889 16.361665
96.611585 1.435534 20.701233
22.563327 85.027660 17.014409
20.980124 65.540561 20.908419
9.086973 13.409163 20.646616
2.954490 9.002492 17.990063
53.353216 95.990245 20.753694
18.640878 69.847761 19.776411
64.310388 92.539791 20.524926
6.884979 27.771598 19.374329
41.125388 74.072689 18.115268
13.828795 30.979936 20.970882
91.517270 17.707263 21.658732
89.425445 84.465666 16.981492
86.765748 80.004555 20.531164
5.550191 70.378247 16.045245
14.351778 94.336184 17.425527
77.577003 77.203108 17.432916
79.961464 94.662226 21.588224
97.587217 58.995065 19.376866
22.136025 87.936336 18.900996
42.502835 88.822265 22.396151
5.962164 54.238929 21.464066
48.085141 27.620402 18.148474
46.802994 28.512133 19.664923
67.239818 56.538576 17.507507
41.977025 82.333839 16.239264
85.396960 96.257375 16.754903
75.286131 0.667509 21.755692
79.756426 70.819090 20.158683
68.152345 43.166774 20.469851
54.516957 45.328009 21.442103
60.331118 97.235363 15.020608
59.955731 95.168255 21.847499
38.976865 7.766798 18.130024
44.773021 44.066074 15.913457
34.647970 72.004920 16.091879
84.997923 71.432486 16.547738
43.840062 51.021612 16.544631
79.023089 5.091672 21.686897
59.431740 57.935060 20.171583
52.287519 13.184913 19.689347
98.989836 46.855635 17.570065
61.340415 55.770251 21.722546
65.163889 43.095803 15.646829
11.655293 17.593036 17.957697
3.168912 46.804877 16.620578
89.497077 51.950297 16.889602
42.335826 88.144617 20.461733
10.650259 69.749729 20.551937
45.004589 17.091191 20.820372
54.048579 92.069420 22.014000
78.113565 49.026137 17.472434
64.885650 55.031603 18.017933
35.045555 24.234642 15.931459
35.178591 68.569459 15.917528
41.975228 27.018306 19.932341
77.956947 74.449430 20.930287
37.874274 94.301826 19.121591
10.786013 93.260184 20.885336
53.374196 55.340515 18.752472
12.105804 37.642262 15.784203
89.096739 35.998769 18.782244
55.118061 88.100662 20.911969
66.811518 65.565673 22.090339
55.749991 8.494451 18.637569
92.016987 5.386312 15.764385
21.993961 66.115364 21.522582
29.312962 25.811902 21.255049
99.015458 67.088210 19.133649
61.514213 26.280950 16.727109
20.028401 59.380794 17.981681
59.885094 4.229357 16.087426
32.753743 91.401289 21.918993
95.516731 61.935805 21.671934
49.300183 56.098350 22.252056
10.663229 62.706007 21.497218
82.589517 93.687815 15.181195
85.524873 40.337666 15.823110
13.225717 14.925606 15.674580
75.727221 78.042974 22.463233
38.368071 72.012871 17.953147
16.597987 29.891405 16.847730
90.696542 68.694295 18.096258
24.934286 13.908080 16.479036
50.948083 61.824573 20.734900
80.041956 59.458893 15.254047
2.264893 3.357854 19.699255
6.687374 62.498498 18.695835
48.197502 38.549139 19.800120
97.349434 65.128913 16.712761
61.153092 57.459369 16.428297
18.983398 22.296551 16.059074
46.794628 64.953750 21.809488
86.802103 83.399557 21.421129
57.982554 36.578776 16.907016
33.998969 82.044262 22.397973
13.929667 23.927013 22.062261
77.788461 91.339384 19.905105
25.136044 45.360686 19.378799
39.908773 6.556940 21.023511
97.188045 13.423480 17.835228
38.804143 59.676024 18.348412
5.407302 56.599202 19.276847
97.573955 63.629599 18.417282
32.372348 98.166154 22.330007
52.851104 70.157478 18.497875
91.566628 28.597377 15.883643
6.744871 79.920945 20.977719
5.005009 96.562070 18.147093
13.541558 94.120474 20.379109
44.725496 89.269969 15.339227
9.513312 19.435151 16.415668
93.772639 17.308792 20.662765
12.027581 35.507970 18.739842
75.431177 66.812128 18.345763
51.817021 41.498553 19.206898
22.450789 21.656694 20.593687
27.903141 45.428972 17.929805
62.659458 42.952312 15.096403
99.607110 92.302277 16.810213
24.427960 71.839232 15.115795
69.857559 28.537843 20.716279
66.753035 26.459140 17.031103
89.018383 43.125235 18.692885
6.763877 18.262529 17.334449
0.776430 20.970603 15.045217
50.142924 67.031984 16.944089
63.966398 34.947744 18.040548
67.272271 29.050882 19.607136
71.308474 4.287436 19.347584
85.548416 14.189924 21.443935
9.953961 83.707728 16.375313
17.860475 16.954065 17.345513
84.830433 56.016882 19.341902
20.174037 33.463145 16.295322
20.493740 73.135978 22.153426
18.789729 20.058615 18.342651
60.142677 84.613227 19.096088
61.402296 38.227067 19.481280
30.004854 55.261454 21.288708
16.110354 94.659208 17.364039
6.171464 88.394096 16.805657
17.017928 3.550640 16.037677
61.829823 56.446607 18.251441
25.191950 28.813588 20.584584
23.126156 97.422641 16.146422
93.427359 54.728180 19.804261
32.130007 96.459531 18.208299
76.608787 78.963672 17.341944
54.993004 91.661462 21.896238
79.953124 93.187694 19.084353
18.409302 61.235568 16.899755
80.067141 80.223950 20.219307
83.161682 17.941722 19.783099
26.531563 88.355392 17.204302
29.550045 73.324914 21.984827
1.814911 95.220139 21.792781
73.475111 78.407985 20.648283
71.811556 71.463923 16.862887
83.545598 35.866524 16.249506
75.971573 12.457243 16.043643
79.819456 24.141494 15.054273
82.551355 96.313145 17.378610
97.215666 35.686605 21.811670
72.286893 85.673489 17.921892
35.801711 38.522009 15.850942