41.011812 90.917283 22.015657
88.855119 43.282227 22.403621
35.052994 42.505311 19.359380
61.760783 16.947998 17.377964
52.382552 60.874898 21.556964
73.397754 14.755794 16.315530
75.773595 78.913701 15.172935
68.940688 90.605671 19.392389
30.820121 83.608375 21.335235
62.111773 12.949479 16.043897
17.024382 10.739676 15.254154
58.142034 76.293113 21.710699
99.872555 56.869185 21.013520
56.216253 97.095248 20.152775
44.187149 47.262530 18.302724
60.616506 2.821920 19.279831
70.705542 99.345211 22.013478
45.963611 93.800434 15.487113
57.063327 70.159180 22.316875
58.416879 64.096007 21.400061
28.577063 89.815628 21.869758
9.187374 40.015980 17.399956
24.871269 50.349153 19.544038
55.851579 69.469142 15.192968
19.877038 13.596840 20.221859
22.927740 6.719383 18.639982
35.906615 72.972014 20.992763
49.964337 0.450701 20.452999
10.923380 57.255340 17.237703
35.762992 57.170319 22.283051
21.731658 8.002210 21.971979
86.828643 59.347613 20.321531
84.398365 93.769795 19.753095
47.603530 71.488592 20.252027
90.565305 95.011076 20.117853
35.621332 76.987613 17.300906
57.125143 59.755853 16.235980
93.071653 42.081038 19.384761
26.559389 15.913075 21.079230
68.056295 97.215277 17.949023
95.893045 29.947365 21.187704
75.155166 45.933100 19.023421
58.921316 49.641325 21.981394
96.636834 57.259576 22.286406
68.016064 61.267807 17.424761
87.886782 18.555451 20.814895
90.154078 61.547716 16.861673
1.620867 79.328797 15.545455
62.310880 69.266045 19.687495
42.230786 22.458323 15.940181
83.312797 62.103114 19.427625
68.330405 14.762011 19.430900
87.193446 78.502203 16.825002
36.347160 28.301832 20.694778
7.158112 70.000138 21.550376
59.079674 51.586713 21.484900
63.485002 62.744578 20.173962
19.566028 88.764051 16.307398
15.366042 20.375731 17.158150
32.084723 23.552264 15.673123
83.644487 47.692199 19.452838
84.984100 92.580016 17.475394
16.566453 5.571006 15.731860
96.696475 9.203902 18.262232
19.335835 28.941971 20.504837
97.797665 9.468388 15.400756
5.884227 23.057814 20.145010
12.583812 60.767045 18.485787
3.703013 88.355798 19.092712
68.612479 24.089888 22.015382
29.449556 12.687846 16.824755
26.442127 56.315468 22.128649
21.816986 57.781030 18.817119
77.036473 33.376179 20.550502
41.818227 59.269391 16.055043
34.092159 57.047276 20.865749
71.968062 96.425772 22.261553
77.275288 38.264702 21.554536
19.977525 54.051318 19.374151
4.933560 71.189578 18.899644
2.282627 52.714935 16.106663
78.584825 90.488708 15.239185
41.574967 3.943466 20.340621
59.095902 0.941286 20.515510
5.213432 20.966655 22.449065
10.873133 87.518236 18.257056
59.525337 46.677299 22.157948
96.074565 73.721444 20.740371
74.337800 63.448650 17.147655
32.439636 86.402072 20.533535
31.319034 30.961474 18.078370
80.815869 64.486350 19.334805
23.949263 8.632243 17.569276
30.233653 85.553559 17.669519
34.423575 84.302712 21.350761
28.535248 1.757737 20.982588
37.795113 27.045724 17.077995
67.398272 7.303678 19.535396
6.045889 21.400486 15.608240
8.766142 24.289552 20.011557
70.219389 64.939705 21.140561
11.519017 29.460052 16.382796
9.449708 77.895468 19.449270
6.067460 82.784554 20.599493
45.563522 32.736529 18.369000
77.797295 52.832247 21.390749
37.571731 73.932275 19.540402
62.840443 34.609479 18.972764
95.506566 10.899407 15.104509
33.748975 96.033503 20.843313
15.110916 30.674569 16.433668
72.366701 10.214493 15.843235
28.622816 13.416043 19.597155
5.947280 25.570547 22.304213
3.836421 86.772385 17.189793
25.670272 82.897105 20.273593
11.074282 55.206522 16.603316
9.528521 31.384804 17.941699
42.653366 19.176279 18.056336
3.313599 49.587788 19.954454
57.191308 85.424793 16.005391
53.530531 45.421563 19.607160
55.673625 89.085855 17.697508
69.200010 27.479318 16.325846
86.571362 51.843324 18.042592
98.408248 71.014515 21.384149
21.029892 94.114253 17.936056
33.724074 63.007092 17.573902
12.408128 48.295190 18.869273
75.008380 35.673087 21.555678
10.180701 62.801358 17.091785
35.005731 31.223025 22.193463
43.397426 72.757067 17.247778
62.265916 30.095432 20.841835
8.383168 26.796765 16.775407
68.008074 50.312030 21.112010
80.420906 87.709929 17.000844
70.359547 43.151594 20.272332
12.284175 5.406695 15.190346
96.645246 93.768740 16.479511
98.123927 53.663025 22.285522
18.992605 78.214333 16.805188
97.275725 49.136270 19.963861
77.728273 22.427554 19.234613
72.695379 83.499517 17.972459
38.703038 40.394767 22.079145
38.954452 97.750876 17.325861
18.860955 1.146492 16.152015
45.488375 96.271235 17.753717
55.394369 22.040770 16.882766
41.589985 65.115766 16.054477
48.609452 97.040192 21.159252
1.688094 43.396234 18.962895
45.927018 21.241552 15.278733
70.451826 47.550966 19.539976
60.250060 75.315573 16.023878
98.314814 37.829361 15.472241
1.995442 6.729056 18.506911
0.063200 65.786034 15.675434
94.982335 17.526919 20.642063
39.095976 44.619046 15.238667
83.542450 3.298693 21.838929
84.531959 87.202552 18.191519
13.912571 49.155624 22.107963
37.586236 14.531537 19.691005
23.714698 69.767798 19.557908
5.955113 97.072340 15.122288
73.956616 10.402350 17.951310
43.389716 75.548335 21.167331
37.484888 56.865273 15.168766
91.932226 98.057335 18.896256
16.899613 1.222947 19.841561
36.946920 68.992632 16.416698
52.315518 20.922517 17.363697
38.461480 13.238873 16.719019
54.645351 87.377495 17.191563
22.284236 59.074927 22.468722
94.476036 66.809018 17.360422
21.593606 6.412341 17.509475
99.223789 59.019299 17.510615
30.719267 83.739242 21.320096
22.412932 61.873095 20.084642
61.297551 85.438687 17.952394
53.686275 44.943497 16.966633
94.139821 65.589983 19.697061
24.810293 7.109830 20.576696
97.109350 48.312035 16.625528
97.890636 2.563509 15.132602
98.891363 54.953728 19.118137
73.009820 65.170724 22.080111
42.622434 68.384504 20.501028
41.021216 33.534923 19.659057
79.137764 17.394537 17.872892
14.688447 59.727822 16.054401
98.463562 19.004858 15.194904
26.765053 20.848063 22.440828
61.800658 6.955579 18.189605
18.224982 38.054762 17.055905
17.197149 16.720314 15.753538
8.188733 43.400415 20.961883
7.940773 35.935181 20.982477
28.679453 97.448066 21.521868
99.445526 94.120650 18.060383
32.118062 80.108688 18.634798
65.620764 4.722507 20.523116
5.866719 79.907263 21.184994
50.599332 63.198161 21.721622
68.329270 20.613976 22.380461
33.262703 88.308952 16.531243
49.735803 38.134198 19.903403
21.248794 53.258020 18.029826
31.827354 70.646557 21.090852
16.784844 11.566702 19.798163
89.105536 22.984152 19.863867
77.981250 18.796676 21.605343
49.323198 33.520489 18.049889
32.321995 98.882307 16.087018
68.830032 19.518355 21.341465
45.891183 66.706222 19.984832
3.143319 28.137593 15.250438
66.239634 2.475408 16.278774
25.085596 44.316540 15.652958
63.805721 2.935598 18.311037
48.426962 16.357470 22.237340
74.197342 63.717689 15.136193
6.748571 3.412312 20.412350
8.305741 4.814284 20.677222
56.837813 66.753680 22.176069
69.802679 16.965128 19.844376
39.050939 49.334879 16.761221
31.756161 95.479867 17.476269
34.165140 61.045351 17.316917
97.438925 32.819162 20.351386
3.380987 52.103987 21.190131
15.594141 64.748434 17.193608
97.313026 37.900806 22.077424
90.426042 11.645290 22.154565
32.587438 14.357511 19.326125
89.573339 12.845093 19.423461
45.235671 14.720776 19.944419
65.587224 18.771796 21.824068
96.011312 5.960936 19.404389
60.872295 75.623590 20.340993
33.833929 65.180202 22.279179
95.027101 26.490786 17.394624
36.415878 51.026151 16.658447
0.742728 42.395998 15.187914
4.796041 56.976503 21.929307
14.989777 51.796766 21.318543
68.793491 86.168926 15.632513
18.823409 96.059749 18.177134
73.496321 48.469544 17.484395
99.812789 82.301338 16.025553
15.242981 65.622011 19.379595
33.959611 93.875900 16.424518
90.263853 85.403677 21.816994
4.086521 74.578438 20.322204
20.625358 67.967334 19.865151
17.772294 52.607138 22.443249
21.573977 19.351682 22.009446
16.445858 56.503024 18.397456
15.469481 12.561003 18.547115
11.317235 64.535430 21.019222
77.827562 66.589948 15.023764
2.071914 66.123490 17.854236
78.036989 28.425385 20.290430
41.227427 27.291873 15.795993
84.997997 27.827418 20.554982
26.537883 72.604121 19.894623
98.514840 26.545145 19.658680
86.954108 62.756166 20.199457
44.856013 42.445216 19.815086
24.590937 16.953754 16.498127
47.056345 2.999399 19.448774
63.533717 1.014661 19.739579
16.395924 88.511580 16.179391
3.677841 78.735828 16.942489
67.042149 16.655456 18.156243
98.670785 72.715378 17.353706
99.801920 54.066749 15.520124
36.062557 10.654501 16.629168
39.164720 96.502051 17.620166
11.118770 71.715033 15.347958
25.555020 98.633350 16.149780
54.237374 44.475010 20.531752
89.172367 33.880450 15.054333
17.366080 27.693174 19.128079
77.984723 90.167027 17.654308
33.609446 11.398825 16.249182
73.992469 5.895955 21.944731
37.209868 0.009041 15.032035
53.034190 64.110806 17.404648
94.988594 10.198795 17.663263
17.420023 41.473036 16.419934
8.545287 78.887469 18.444113
26.038527 6.069591 20.436068
41.723948 45.536513 17.372640
29.463345 24.381052 20.040200
61.792820 24.865756 19.703034
90.146791 64.019868 15.289708
77.430132 46.499082 19.554563
61.065569 15.579267 20.057358
6.860164 60.389286 17.571885
18.782282 26.410627 20.114248
62.377655 21.079677 20.329170
7.123088 86.418624 18.948766
76.985896 33.210507 21.497630
86.548864 37.588848 15.718874
75.382019 92.127556 18.419649
41.739314 89.389335 16.550811
51.034768 50.518779 21.520478
28.790670 8.373282 16.010779
48.793081 66.596144 17.668145
66.923867 22.262068 18.564767
76.157438 19.899914 20.378558
85.837872 8.869378 20.893665
21.435611 49.078725 21.611057
96.605737 19.265309 16.227375
65.422552 49.178395 19.943803
69.384260 94.336189 20.927467
42.477076 48.588555 18.312287
18.952493 66.214033 15.413372
1.539822 57.578026 17.016611
7.462576 75.507705 19.349581
21.469724 77.026972 18.041962
23.512348 60.384267 19.946757
22.562965 99.858325 16.792120
70.736861 46.508818 18.885376
82.758318 13.655749 18.661258
77.202250 63.321341 22.308765
49.204475 43.371840 19.213616
63.063920 82.474295 15.166167
11.003261 11.888369 21.072217
11.920148 26.317718 21.899887
29.199345 11.783989 21.791452
46.362354 35.423061 20.396706
52.960563 72.673480 16.256432
34.088146 96.590083 19.354849
75.461803 44.652838 18.072841
40.244370 9.523305 19.408785
65.296011 64.866328 22.068551
20.242753 53.322680 21.741379
15.934628 22.102046 21.177319
47.238100 75.605488 21.485409
10.570532 67.687837 19.467919
35.878844 75.156227 19.031527
75.447397 46.815004 16.040704
95.965366 28.640621 17.869822
17.651328 30.326765 17.444882
39.257905 97.498054 15.386118
39.757994 35.664165 20.773117
4.042055 65.311709 17.506683
82.916709 51.003195 19.503986
57.198173 46.725480 20.050414
69.991827 17.538223 15.058244
41.652831 78.136200 19.157536
61.212839 16.905147 18.660359
38.654399 94.529901 16.667490
25.927749 13.184136 17.604165
88.381217 59.883140 21.562104
67.519933 57.046421 19.843650
21.744637 26.306835 20.345244
20.942946 62.888459 21.640673
25.729385 76.016859 22.246957
92.905119 22.044572 20.821794
84.945205 25.555705 17.176526
86.486417 61.633038 21.831380
67.026101 19.432319 17.260887
37.986377 17.727031 20.418980
10.449483 56.030972 19.189279
23.024853 57.595597 16.105319
86.955681 3.600628 20.406646
73.283765 37.378758 16.178529
59.335203 45.793411 20.042266
58.070707 11.503885 20.432226
79.245811 85.284100 20.078682
60.425331 59.843622 21.713181
42.227279 36.457515 18.516581
6.638692 26.287283 20.906302
43.126109 3.109071 17.013737
52.835042 94.565978 18.313571
52.486651 78.222378 19.609610
64.632644 98.909659 19.576721
0.328910 81.170879 17.348286
54.239877 9.709462 15.455898
75.947323 47.648397 18.069756
9.075624 25.494622 19.742339
29.436108 45.336177 16.918919
97.111126 57.961377 15.042766
97.194420 97.936748 19.178567
41.624875 94.829338 21.543773
60.637044 37.474791 18.732665
77.205846 47.808600 17.757811
76.406985 15.720042 22.193238
68.047794 50.275986 21.908866
6.363480 93.345030 17.826387
28.066873 96.680829 16.460479
40.846083 97.085578 20.219115
47.955139 16.203472 16.812038
4.782512 82.595666 20.250634