84.685138 24.362690 17.381186
87.339772 42.605590 21.068579
50.356200 37.369232 21.269817
57.412542 6.117151 15.867365
97.110737 98.625317 18.436150
89.861726 87.478921 18.298455
57.523233 2.613728 20.021588
23.285066 25.486464 19.906675
71.476456 70.877059 21.858891
73.321792 5.657890 16.859491
11.925597 93.170318 15.971117
62.655689 19.110878 15.206464
77.724598 76.553085 18.250106
24.586454 84.170009 15.002049
0.114509 87.705952 16.908302
55.428308 49.090634 20.186951
80.185690 80.986075 17.709269
83.481200 16.913242 16.207355
44.026053 82.593348 17.505394
74.308777 55.558731 16.832536
87.930908 6.710809 16.792842
21.973000 65.326993 21.898970
3.983880 38.213741 20.346433
27.645366 18.020503 21.573163
93.860648 83.144413 15.428063
80.339873 54.497878 18.804745
38.408128 27.102150 19.792769
68.954700 98.730327 22.149009
70.041178 60.061964 15.617710
86.857876 42.419341 16.043508
78.719728 89.457381 18.785969
95.695386 86.803992 18.978931
7.703311 64.881422 15.839576
96.494054 74.509852 15.277693
38.880536 97.286027 17.473043
0.034583 52.556745 22.154578
10.054567 2.045921 19.569384
47.699208 72.802646 16.520996
87.635261 0.604283 16.603009
89.567938 86.986019 17.459067
33.870941 86.551668 21.267633
9.012805 0.981574 20.723225
12.737072 25.179949 18.191911
17.689249 58.226622 18.125763
85.268570 4.557613 20.084818
67.493193 50.955992 17.512631
92.309578 69.944643 22.121823
16.491853 23.599844 15.339035
42.062563 83.922997 21.944972
2.469695 37.961673 20.252133
27.869326 9.677916 22.303936
53.426297 81.578918 19.294293
51.167658 65.665127 15.083234
5.398336 3.432925 16.205439
82.146410 74.295483 16.438495
1.595150 52.967290 19.986514
29.012501 78.901440 19.550573
15.594452 34.857402 19.887686
38.809573 14.203248 17.782620
12.172928 98.786957 19.085436
24.637977 69.314758 20.277288
2.555785 57.811572 19.382823
23.902060 36.313825 21.165113
84.429695 23.460426 18.093460
26.817164 49.885608 17.478010
33.516177 30.089752 16.210796
89.337927 6.142328 15.451798
92.347812 64.220249 17.313591
17.090828 34.238689 19.037297
19.563389 73.638375 16.716727
33.225012 17.522219 16.362464
23.579802 41.883587 19.700080
45.601959 50.004670 21.786690
77.962830 62.022594 16.205520
70.608811 27.426152 19.711091
1.704598 42.875151 17.819382
59.735320 93.989621 21.134013
4.661691 62.122708 19.443846
36.326011 96.857284 16.489587
36.754501 44.662376 18.381104
95.504290 61.991355 18.269408
67.624583 79.355267 16.267881
22.952525 34.452435 18.379018
40.131260 92.318291 20.698350
88.301969 74.842877 20.661855
83.245827 71.618075 17.043876
78.350143 15.419466 15.640806
29.911043 39.179101 16.784735
34.688068 93.214937 20.046361
61.772451 26.890069 22.329838
76.013122 21.124202 21.297127
5.895771 13.374750 20.843641
96.099004 55.812695 15.936036
33.118613 95.833178 18.316302
85.551627 16.202011 19.792237
48.815692 37.309799 16.950463
28.478061 65.665733 17.433573
43.130640 44.040723 17.887217
49.710315 87.160165 21.040772
82.471473 27.789098 15.431310
49.570708 12.803203 17.934455
5.911010 75.108065 15.257881
78.384559 58.836404 20.832899
86.869337 25.860153 19.645679
73.985675 17.006187 16.047622
10.288690 36.378463 15.028709
34.454339 97.040738 15.965954
71.678868 70.119983 20.646464
43.506689 49.868800 19.734780
69.204310 69.088785 19.162050
84.139325 10.143067 22.170646
90.797353 17.049198 18.164811
35.171529 94.683159 20.977041
6.798730 17.494729 22.232194
12.926933 46.064012 19.843268
3.712629 53.466872 17.197154
27.797956 7.533634 17.213262
6.241547 49.329316 19.175815
45.487625 83.483617 17.206933
61.539747 93.122259 20.460387
86.633686 80.071611 15.498656
81.956435 4.185865 22.476785
65.245043 11.553765 20.140803
94.324687 58.461095 20.128423
68.992588 85.373861 16.374559
28.753236 58.795192 16.581663
42.078995 23.174629 16.983527
47.358840 90.280551 15.869625
37.603225 59.374284 16.325156
39.944608 1.970425 22.057644
7.055688 76.941218 16.790289
8.254473 51.872306 17.211596
14.206767 24.397516 20.785920
63.296828 76.210593 21.344895
22.435310 76.401293 15.458346
5.188925 3.622881 20.817631
87.404280 15.452645 18.678423
18.283661 64.203282 19.370308
7.503873 42.330443 21.026956
3.383383 28.876600 21.532723
17.523131 37.518332 16.474718
44.245199 45.654800 19.637883
94.789310 84.794189 19.316701
18.453289 37.141652 19.532916
74.136119 81.672343 15.455385
35.173968 92.344558 19.543144
7.593450 28.542569 21.578921
99.179576 6.349219 20.406792
61.566288 63.144849 19.154130
3.290531 50.550938 21.542842
27.449413 57.971989 18.751519
56.088468 58.221880 20.684897
7.641717 79.865012 19.861765
22.775213 4.584365 18.106391
15.585574 26.367162 15.381821
58.972590 37.964424 18.702601
46.695832 16.333835 18.804301
49.013245 24.090081 17.681546
24.443560 26.354550 19.617917
57.711180 19.959125 15.553776
75.538355 18.549213 17.816875
7.510543 7.420528 19.887122
72.866206 48.909857 15.225648
65.980512 72.520075 15.863815
70.681438 24.568212 16.154312
97.959698 92.543130 19.409864
27.805688 48.523826 19.787673
5.283409 18.348878 21.097650
89.310177 28.633305 16.662950
72.412465 91.712159 22.026944
52.881749 25.333161 20.884202
50.006303 18.343934 21.217262
65.144422 22.255619 19.381172
89.327688 13.855298 17.468130
25.249478 55.608948 16.584201
55.473913 17.034891 17.831293
20.295737 43.779807 20.510658
26.215600 14.415766 18.146802
48.722626 30.782357 16.067424
88.091081 45.774656 21.316876
21.074423 94.373569 18.551338
68.824565 83.814639 16.142159
50.396139 23.525546 19.875078
22.481732 2.118579 18.895084
59.985856 32.135783 22.047393
58.797543 23.646566 19.059186
65.886635 83.175873 18.139230
61.605034 90.080363 16.210853
14.641689 35.357487 21.966427
68.235859 96.899527 22.476059
15.698278 64.117403 16.586012
86.368964 44.429059 15.854343
82.773327 65.320743 18.207843
24.089800 93.298344 19.449305
74.115865 13.568457 22.092851
29.473841 80.077988 21.995050
76.007666 36.215843 19.054314
50.685950 67.313573 20.219561
15.126803 60.129930 18.898141
19.890026 83.781005 16.330635
2.118790 3.158992 17.015643
47.036642 11.233312 16.330079
99.180273 84.584916 16.791012
22.811756 95.631578 16.534375
32.573257 84.695046 16.806163
98.083106 98.037216 16.855438
12.134783 89.308331 20.666597
15.070435 92.339327 20.544908
55.081742 92.731744 17.381937
86.062124 48.559922 21.432047
93.311744 32.663630 22.082161
31.288023 10.950158 21.022724
78.107656 42.216755 21.334443
87.356281 41.520519 19.749642
36.956934 28.680011 21.617565
37.472881 72.664030 20.712772
33.771468 24.845360 16.566467
44.066539 81.846544 18.679994
98.408856 74.647233 20.159045
56.423140 37.898330 18.684779
61.576741 82.917701 21.905345
99.910095 87.246317 18.264447
76.900055 38.485979 15.998316
53.831728 3.317566 18.505640
53.563338 52.130411 18.327707
64.202903 33.280273 17.718328
86.547930 30.805549 21.808092
26.418494 40.637853 19.137352
31.935975 1.866580 20.640577
99.366371 95.678267 16.922964
67.270934 31.188635 16.726582
5.808491 89.210391 15.519701
1.765404 92.840021 16.879691
48.348639 17.095012 20.992984
50.242838 93.512883 21.731620
52.210845 6.157685 22.045701
88.004728 28.849106 20.210654
79.915278 20.021729 22.441850
86.964089 73.342939 19.322923
91.753979 5.152717 16.071909
47.264724 99.408338 17.628637
8.399655 72.690255 16.031920
45.885126 42.619488 21.630623
77.068506 8.188388 16.767558
72.572861 32.459550 21.622147
1.521947 22.914649 20.360688
40.695217 88.956325 22.493095
69.065106 78.723054 16.093037
63.921630 70.913083 21.004085
15.926612 22.923311 18.589724
26.733281 25.216957 15.424688
62.563719 19.280926 18.287045
83.974609 88.569971 15.547271
2.167772 19.867767 20.043485
72.049896 65.678352 16.024274
43.371574 16.504924 15.221014
55.295205 18.943191 20.943762
15.246966 70.371412 18.444210
76.966066 34.123763 19.313921
6.320635 18.974185 20.692380
47.723458 76.870903 18.428827
60.992132 11.800900 18.248874
73.635451 71.506181 20.997474
95.642422 69.415434 16.740844
30.776621 72.120569 15.978913
68.696245 3.347280 15.323813
68.472940 17.270132 17.451333
46.401320 16.365214 17.819437
29.918233 62.725876 19.877177
36.468496 14.235059 18.880074
88.801170 30.175876 15.281219
80.343624 19.987272 16.187858
69.606183 78.133621 15.543503
84.091772 29.801655 19.828157
96.627516 15.846512 21.947566
10.881951 86.497696 17.798505
17.408193 63.292883 16.099509
90.913088 24.558678 22.395288
45.410860 28.308586 20.136540
9.091719 20.805179 16.315155
42.515327 62.486138 17.369609
82.981461 4.347147 20.342222
61.453759 86.935723 17.911006
22.654036 72.250218 20.029685
75.393671 96.631231 16.609048
35.426853 98.112380 21.852539
83.504123 87.698904 18.640279
72.457984 7.260659 21.603879
16.396506 93.022208 20.856144
65.369955 33.079324 19.128758
9.962488 17.552336 21.850011
73.079131 47.973506 19.957968
83.478698 24.575967 21.643141
79.451915 5.403843 18.833091
83.090617 9.260328 16.347798
62.034816 48.036600 20.228709
45.303123 95.540461 15.233771
38.823609 7.583824 19.881310
31.016605 69.263950 16.904149
63.989308 75.300595 22.313952
72.477937 23.983284 15.082687
52.456250 80.653321 17.237516
93.845091 63.634586 18.954852
45.641987 18.756130 16.763520
73.106900 57.044488 16.963980
0.283401 12.935079 18.132653
82.834865 87.824881 22.244360
94.099615 28.469224 18.947145
0.168492 57.456125 16.053421
73.802100 22.371037 18.135803
32.453793 55.644879 15.361055
97.525096 79.008421 21.688904
21.870434 61.460481 20.612258
67.077081 9.970027 19.937809
49.156373 76.743904 18.225072
39.480773 71.931278 16.289273
7.611224 49.616496 20.601150
12.065886 71.523049 15.127793
56.837005 14.411833 19.770037
54.476404 15.679977 18.059234
27.108458 13.390097 16.118574
34.519335 80.364695 21.355883
80.599015 69.588420 17.853573
39.682185 38.245153 22.009052
95.377004 5.069235 18.412329
17.701362 62.938252 16.138669
29.425124 78.885690 21.160312
11.667433 50.304782 15.142756
2.226215 52.660045 21.375327
96.367581 57.530405 20.774308
72.219563 14.017764 21.444107
44.076155 37.029496 22.237064
14.108273 85.103186 19.931473
86.305688 96.776437 17.242315
32.520989 45.894904 16.079294
63.939373 14.476966 15.048861
33.226806 52.291728 20.473686
93.637841 71.388296 16.485530
91.249264 44.320293 22.412237
56.385579 1.164476 17.488257
89.068095 57.960476 17.165501
29.290770 47.963602 19.429204
50.503307 68.995612 20.245179
80.880978 98.557603 20.862038
88.737644 28.466692 15.876976
63.386859 95.160055 18.426614
25.099902 28.708421 16.260775
81.700537 33.873539 19.835006
44.597020 48.945215 15.947963
86.228009 69.886816 18.676093
59.103302 33.475944 22.379277
24.366909 53.475286 21.275641
79.587828 99.555324 15.421067
82.743870 89.007933 21.912753
4.824347 45.254093 16.680999
61.026055 95.726366 19.475060
66.819116 11.466532 16.800621
23.055150 49.616063 17.155488
41.522169 73.692286 18.365773
25.101100 29.214433 17.298747
11.080651 26.208486 19.414740
79.553430 45.706654 19.930636
26.709776 37.464452 21.171178
40.013894 36.688240 21.511523
36.668129 74.797967 17.896972
40.558968 88.130721 16.527826
7.643352 63.732354 17.797466
71.307828 4.578604 22.179931
38.254173 7.593970 22.351316
36.274594 96.162582 20.666025
55.549799 43.714280 19.144367
59.212941 66.846457 16.990296
38.546900 89.817758 18.845156
33.881317 6.334095 18.051326
88.399039 65.401869 21.479351
35.896740 25.671672 17.170693
92.748715 77.950901 18.859224
45.504439 52.973998 15.028411
52.348112 64.979782 16.721929
2.613430 54.228858 18.494331
91.373798 52.498897 20.812869
36.948641 73.689776 21.972455
29.222473 63.853189 15.343201
14.746732 61.864443 19.464457
19.457861 90.909888 16.235490
84.345785 77.654494 19.532740
99.306264 87.873226 15.194147
1.624201 49.381004 21.510084
78.287900 95.210595 19.113242
52.928810 14.604349 20.554963
79.584902 65.778228 17.999546
19.965438 16.263548 16.552168
26.003811 80.661181 21.039732
45.219786 80.927092 18.583147
85.823868 62.254570 16.476673
58.028680 91.630879 19.670337
73.478020 16.709753 21.235791
88.423921 46.607992 16.776945
43.361212 58.490619 18.386129
74.515753 99.641879 17.572630