87.222504 32.339492 19.720409
59.516986 95.320257 15.115915
91.153222 85.433028 22.398929
83.173149 98.074785 22.052518
93.173488 18.750881 18.437934
1.294999 8.466968 16.515354
32.842697 88.869769 22.395919
4.994232 50.953364 15.299827
52.296430 9.813253 16.848771
7.762030 18.657554 20.983452
2.959543 57.237279 16.947177
89.381076 37.998172 22.423086
48.852827 19.738883 17.033021
93.821866 32.497357 17.292940
56.069870 25.037455 15.117713
95.941517 76.530882 16.207903
98.189602 54.452633 20.021200
80.888587 73.040191 18.610216
73.059199 24.746314 16.330899
87.189019 59.394259 21.272953
85.631516 1.803496 19.273843
19.595090 32.302936 18.728011
75.976646 68.491808 17.728706
8.256851 39.395597 18.306560
59.754352 87.352444 20.357174
25.083189 70.844209 16.739002
74.191466 15.915112 21.773963
89.970195 5.284971 22.157483
86.004196 62.251675 19.406217
75.219578 75.761737 19.994546
7.782897 35.630879 20.593251
79.010609 92.402073 18.264742
12.328640 25.394718 22.391253
49.291131 11.397317 18.524748
81.934675 81.471274 15.406095
77.503213 57.230313 17.236154
12.784140 92.527204 21.749325
4.701744 99.711133 16.061490
98.644916 99.131758 16.581216
1.209001 61.288343 16.365161
53.973188 54.686703 21.558741
88.493982 50.811089 19.034782
24.889371 39.203589 20.382577
10.227595 51.940152 19.314299
77.497503 37.826934 21.573523
38.749970 63.103426 16.854662
28.878919 81.187047 18.098573
80.607489 60.456112 16.942759
12.463991 31.730481 18.334948
12.874437 92.815937 18.385195
10.700821 40.883175 17.533997
94.182564 31.249343 15.183111
33.488588 19.270894 18.551570
84.625962 51.433107 21.712739
9.706843 16.271680 20.861056
89.483874 85.920679 19.436000
0.096914 73.367823 15.355335
24.571328 78.323388 16.437596
19.130436 78.422814 16.206179
44.900222 72.898157 17.392658
53.254905 9.146464 22.116458
88.829000 29.462213 16.333151
20.613472 2.502058 20.901690
65.483519 82.428537 20.673036
30.845235 28.191373 22.424064
38.501929 95.907554 16.379712
50.574345 61.739674 16.115646
36.342408 64.548217 17.122210
10.310723 16.575106 20.144254
38.556828 85.891161 17.244674
45.888327 95.361120 19.997868
36.655119 51.078149 21.208928
7.810129 37.363436 22.449227
98.526731 23.029776 16.739449
78.007147 17.907540 16.333802
75.084718 82.792321 15.821174
93.529169 86.324239 22.498205
37.568228 88.257824 19.730511
91.139380 67.573362 15.758585
59.254813 51.008352 22.006093
10.208092 19.426681 16.962196
31.113249 30.242697 17.869606
43.753108 94.749437 21.747868
68.528348 94.254539 18.723770
37.104917 99.172542 17.682694
76.172154 17.684251 19.219537
19.680083 48.328630 17.633016
13.123386 87.447656 19.763893
63.800301 15.549795 20.482183
90.948758 82.353304 18.942472
44.462205 19.689958 18.952648
34.735278 38.911045 16.689401
62.850254 39.570754 19.734829
52.704912 70.361702 21.725268
14.171361 33.278118 15.129772
84.931539 52.987871 16.097021
98.908146 46.557867 16.361390
17.140365 17.094514 16.591993
94.059215 0.406431 18.282912
85.287068 3.049682 21.928948
71.915323 68.194176 20.659314
48.042478 86.727400 18.729475
39.116313 92.737057 21.610000
35.349360 95.176829 17.128974
59.636191 59.665259 19.768199
5.955070 1.069059 16.918249
12.679535 52.981272 17.308429
75.431503 43.394937 20.981831
45.440175 39.435919 16.086406
80.966681 16.276149 22.244935
77.361027 63.302297 18.687966
86.237869 81.361538 21.820338
19.888467 59.119418 17.526709
76.866746 49.816167 21.063049
73.191940 38.013264 18.762790
26.693513 71.066717 17.221750
5.207055 74.524439 17.044740
34.343340 68.318522 16.526113
61.631833 95.253569 18.451853
71.408681 33.853028 21.154381
33.086917 60.055104 18.150980
87.282877 89.232643 22.088151
21.897496 15.739295 18.539368
99.926943 66.890337 20.685911
15.330281 40.457332 19.023231
69.090062 12.758832 21.522983
91.156574 65.135637 16.803544
15.705305 1.914261 18.319314
37.557576 49.328793 15.925294
98.651654 50.247474 15.437559
29.178540 28.099535 20.754326
6.248115 32.997653 18.855111
26.570702 40.205072 21.078382
17.472066 21.351026 15.605451
95.570019 13.645974 21.775064
39.132887 60.599743 16.453159
85.733810 36.636210 16.866806
43.039865 66.023404 22.033687
7.946066 20.994593 16.994251
88.886380 95.845009 15.473196
43.415492 57.486148 15.290828
23.727417 58.229726 16.420564
93.041329 86.774093 19.698331
2.143668 78.584804 18.258512
61.648232 45.832118 15.172982
61.600667 24.024293 17.146186
19.639521 0.502784 20.913248
92.629174 32.578833 15.350407
33.600561 96.009716 20.436912
65.430735 46.383179 18.579359
78.126769 11.568986 15.634596
52.519324 7.824958 22.024231
40.999168 27.142852 20.507314
23.806347 6.899751 22.061493
28.511981 80.309610 17.025732
59.169357 48.484182 21.946124
32.959474 95.668408 20.612808
83.736346 68.664533 15.592046
18.373819 75.786749 18.295992
49.819723 43.443106 19.795270
91.022074 29.418246 17.403288
0.187913 9.000110 20.541570
76.476761 51.273221 19.367623
7.426457 51.527729 18.311353
13.499789 89.639777 17.667069
42.146687 21.510340 20.312150
34.762520 90.635576 18.602480
40.405164 12.463431 18.099889
60.408774 88.746945 17.084889
73.935068 10.901149 20.695563
0.469430 3.775154 17.244530
80.474029 77.689903 16.507083
51.868170 97.190107 15.725749
9.088159 6.084861 19.227575
64.583586 60.344120 17.905205
45.270007 65.638453 18.441338
26.279278 54.190294 22.033606
84.144179 9.828472 16.559972
81.105010 36.338649 20.788762
17.131193 24.740058 15.747378
21.923614 9.355460 15.909384
20.037392 74.017929 17.275582
43.103337 36.367976 20.594171
53.037776 34.420876 15.093797
73.514104 3.995684 15.372375
72.017613 85.592238 15.932665
72.358512 10.168735 16.552127
64.625491 98.469924 17.907227
77.932132 45.562564 18.395363
38.096469 48.099605 16.152175
81.087889 92.583184 19.463247
69.550338 19.887687 20.107506
10.948214 89.930471 19.739130
37.821922 65.726227 16.207324
33.297081 24.219150 19.784330
77.481600 97.004478 19.478024
25.845941 71.185705 18.295907
68.198518 44.095236 20.842702
18.471592 75.002599 20.096696
35.307154 59.399031 20.434952
72.540651 19.040100 20.501711
63.009757 69.284577 15.781684
28.368952 86.608683 15.919298
28.839535 64.644156 18.459798
12.834279 85.726786 20.527667
38.390342 7.053761 19.436944
82.562669 94.878261 15.573725
19.014540 36.072973 21.600134
48.526795 91.995668 17.218406
16.751559 32.285227 18.510868
44.647641 79.107802 18.163081
83.496707 73.813931 17.097669
63.487242 57.401666 17.189964
38.175697 55.903271 19.899707
3.994978 42.176012 15.717224
97.624647 50.543381 19.462177
60.688884 98.574254 17.760427
76.906911 12.625580 17.089954
27.236773 97.021619 18.672918
70.238526 86.922940 22.025622
91.789859 12.998094 22.206266
74.972433 17.735648 16.975000
87.284567 2.441769 19.794358
49.048419 70.695028 18.660033
95.416158 78.761424 17.731087
78.446777 65.800759 15.390655
79.266432 92.252175 16.370427
96.260052 92.157081 20.329375
28.622435 64.904712 15.913330
92.080187 20.299990 19.649467
74.904435 32.150584 18.792971
29.200816 65.226633 21.044518
66.048372 85.266138 15.864933
23.574960 66.441865 15.045084
69.952152 48.585714 20.525044
55.751850 14.202190 19.921365
98.258960 85.185347 19.674384
47.209303 26.470727 20.888059
51.084802 63.250220 18.893843
40.069880 42.969865 17.363410
80.372514 64.018454 16.989423
53.873293 27.599781 17.395856
41.234287 75.602967 19.775667
53.820738 63.316614 16.582897
68.407229 0.272548 17.457204
12.187959 34.976520 20.827242
13.103064 68.136124 19.320027
73.267714 3.209174 18.594426
53.622880 7.602896 16.069316
20.622599 26.973574 19.994794
95.554519 36.279517 20.133296
35.460620 47.466928 15.080917
58.975950 16.444719 18.918083
49.608940 16.548404 22.092663
98.928344 48.365774 20.223806
97.651660 11.884200 21.310805
0.368610 72.153712 16.064748
6.287293 27.013923 16.081220
11.732895 1.194720 17.696419
49.831281 1.247965 15.756659
88.860157 41.994539 21.724604
30.106493 41.771519 19.830353
38.737954 27.391106 18.959528
80.563427 54.350837 17.229522
41.076871 37.281422 21.489601
9.443284 45.416887 15.455497
55.822119 93.185842 19.770698
14.013571 32.879170 20.290514
30.437457 29.350885 16.977775
70.497650 91.406443 21.771954
61.300769 81.647778 19.961702
75.989172 19.597368 16.926740
76.504583 10.850925 20.472095
7.699570 43.567244 17.474559
68.809922 44.039249 21.674490
87.793213 14.006344 15.768385
35.637613 17.030088 16.304068
49.367535 63.366776 16.613899
84.254054 97.691493 22.058590
92.051855 14.625160 17.132875
69.395193 75.014768 16.682273
54.465182 57.914223 21.605955
70.647188 43.056076 17.999457
42.998697 76.713778 17.042141
59.365141 30.274485 20.000928
40.520180 26.426421 22.150342
21.289593 67.574885 20.685355
36.110518 74.505381 19.683477
32.131391 4.267219 19.357537
63.874690 77.204263 15.523390
51.499046 81.589803 16.819195
60.991514 52.548201 15.638436
73.447012 93.966245 22.196731
4.135731 43.830007 20.444210
35.433373 38.983666 18.227465
10.362410 47.600585 21.405258
18.041699 51.674016 20.724530
32.170737 44.336515 16.584010
65.075059 58.617506 21.513712
13.735426 12.901753 20.725738
85.740316 56.212766 20.186818
1.455770 1.215085 18.839210
42.350013 89.636439 15.776214
74.823419 95.348287 16.406902
9.820655 72.586001 15.518683
95.379105 29.710037 21.817976
17.998343 45.560820 21.158960
31.113667 58.590376 18.263999
43.586477 51.297319 16.570998
50.169335 9.913759 19.653516
35.483816 59.539818 17.336067
1.572893 19.187134 17.773716
74.940182 91.113153 17.897348
46.115102 94.647293 20.712349
65.295600 54.565784 18.695558
83.122770 42.673153 19.675150
66.816899 76.592545 16.681980
62.595023 88.452422 18.102329
0.080075 1.298381 19.840001
7.649330 85.117158 16.690057
61.384383 3.054117 21.563233
96.921425 12.150130 18.440692
34.142402 71.898826 19.861260
77.324302 5.126382 16.761986
76.185266 85.259508 17.849765
68.068699 70.730456 22.405474
12.663988 71.557681 17.019269
45.152327 98.572244 17.235649
43.246245 23.680008 22.268740
56.525031 16.355215 22.271869
97.333364 46.871456 18.302715
73.276306 88.089661 16.787098
94.752840 39.743873 16.900870
48.096334 58.461764 19.631298
5.276444 3.405504 21.095922
36.346803 73.688667 20.041816
64.561668 41.150017 19.626953
18.720158 79.532637 18.839056
18.215743 95.383426 15.219905
88.760140 4.616730 15.578008
28.964481 83.194174 20.291944
40.079164 34.729111 16.535033
71.586335 18.696652 18.741437
17.555250 92.274614 19.734472
97.966978 55.193577 16.608133
31.002544 64.980166 21.388061
37.543986 41.445810 15.246569
12.408035 35.643765 22.411417
85.999551 16.846110 22.481503
91.898907 38.644485 20.304867
43.675688 10.043819 15.247784
7.893976 79.992536 19.130822
96.564545 19.021185 19.918099
89.469893 1.160452 15.063968
42.807448 94.007141 15.653655
45.981604 10.026882 18.414315
32.952733 34.284911 21.648180
46.330485 59.614341 22.003769
65.576543 74.799128 22.407222
79.567151 42.958645 15.177172
16.514200 55.584651 16.480546
39.959285 1.513806 22.312388
87.479883 75.881036 21.348790
2.342987 29.984890 17.657111
11.079568 49.009011 19.753843
57.365350 50.664271 20.644929
16.718160 98.458214 16.201139
29.253995 78.344292 22.430218
52.123039 59.464956 19.300492
16.553864 51.836525 20.586807
70.276941 91.271605 19.531744
8.604890 54.969376 21.806459
17.485349 43.996879 21.903022
64.007694 3.217483 15.426477
26.023894 36.839233 21.678880
79.276156 77.416248 18.702074
91.452531 85.779297 18.384054
13.264911 15.487011 21.899623
55.625904 38.967212 15.260923
34.589242 63.307676 17.735667
54.056684 57.649262 16.870680
7.014293 46.049177 19.691023
14.767825 68.163753 16.365646
2.982045 89.176227 18.431609
46.272723 93.348744 18.533667
38.855745 0.180024 15.731973
34.210708 99.345491 16.625212
44.164294 66.173249 21.483556
3.553115 75.880439 15.617469
77.242462 65.073801 21.804919
69.744388 55.999458 19.804740
45.606769 75.293723 20.223372
84.922854 83.388256 15.162875
27.760915 7.497347 21.731470
89.446260 20.024132 18.122430
84.350095 97.632580 19.272533
95.218729 42.093688 19.132557
20.938272 8.698362 17.966533
24.802778 8.807586 21.109853
51.946239 62.892632 21.614236