92.652242 21.522999 20.837794
87.254964 78.390176 15.534352
76.469834 29.952250 17.593337
59.600967 21.000651 16.472899
80.825931 34.543455 18.136059
94.583337 27.418540 19.592927
45.185127 53.158108 21.067144
28.399287 63.203094 19.760520
61.562051 32.472031 22.328124
2.157813 3.045072 21.139659
65.919559 91.702142 16.727557
34.504016 12.818874 15.370447
44.632257 85.332151 19.251553
79.272668 7.733573 20.148614
28.738371 51.893875 16.169350
41.744343 1.192457 15.531976
90.978847 22.110326 19.785928
5.697841 47.132653 21.346961
70.408238 95.996983 21.567804
35.999104 74.630330 17.243273
38.567947 0.888587 20.370450
12.554230 70.728865 22.305117
7.111118 89.055393 21.902197
22.902453 35.629057 20.372127
12.342725 31.736864 19.423665
88.230401 97.521596 18.563291
54.751068 53.527248 22.466531
48.629882 75.476908 19.633837
91.140270 92.879118 20.401311
25.421913 16.593062 21.635848
66.625473 14.434231 19.169848
92.375498 21.387813 16.889401
77.246933 87.302761 20.436180
13.945601 93.005052 20.649296
95.886043 74.006975 19.453230
3.978315 37.088449 15.919456
19.042557 76.447368 16.841064
12.612676 28.894274 16.476817
16.767141 23.406705 20.508155
43.827095 21.473432 21.451626
13.003514 37.097259 18.889193
13.607916 84.112195 15.787920
71.853878 77.797277 22.223462
97.659723 67.317806 16.328886
98.736490 14.375221 15.456052
95.388640 3.569936 15.863069
36.637204 94.765158 16.873463
33.395641 34.483417 20.233792
50.971720 64.540351 16.308692
69.010401 84.171890 20.922364
5.839083 70.330258 21.703604
54.946135 39.836168 20.035335
26.596652 98.854143 20.365743
1.173383 43.998453 22.092654
7.941663 7.645417 16.080034
47.608323 76.359617 21.311550
63.288738 92.953742 20.075945
38.738119 25.079176 15.724859
76.228207 51.544353 20.451129
73.362997 94.613610 16.369592
91.900341 83.452468 17.848618
18.602854 48.143988 20.194651
62.185998 96.026894 15.181057
10.359102 21.320645 18.822238
98.065505 76.704356 22.213419
42.468196 46.016662 20.032497
19.836398 12.273074 18.201816
0.115538 30.926689 19.657213
62.564184 55.130172 16.697537
39.828815 75.414706 16.980306
45.639523 64.941546 22.067245
71.491109 35.999289 16.172523
24.225668 78.859569 20.131572
19.221725 58.322463 15.126327
31.351813 75.703090 15.569416
23.106213 29.836979 22.482236
37.497105 34.109335 22.017767
80.172421 39.092832 16.823933
16.278118 95.605873 19.326561
82.478939 35.615231 15.197354
89.763391 14.209444 19.598884
0.538838 40.954983 22.006632
60.589144 68.110378 19.963177
97.776313 87.099404 17.930862
40.070145 72.445326 20.079639
99.668996 81.530026 17.905571
4.593211 44.863987 17.828784
84.770960 19.595179 19.212435
51.874835 28.621084 17.107544
23.590371 33.807993 19.296452
51.525274 28.597886 19.253650
22.615185 16.036899 15.227099
18.081258 29.462346 17.683995
82.297727 18.886827 17.106376
39.202691 33.139486 21.225840
50.842814 85.636556 15.655329
12.843986 66.935298 16.574373
72.801936 65.338361 20.978410
75.253663 67.069218 20.858303
73.891943 6.121374 17.914587
94.853877 46.930339 17.140483
17.306398 48.444475 20.482280
50.729117 46.671602 19.711434
21.327293 16.552403 19.267248
89.346410 2.322623 22.303916
48.461106 79.233015 21.881212
42.261801 25.992320 20.932267
46.158027 35.771842 20.793046
89.746129 33.476405 19.466815
46.788909 5.542363 19.182191
47.582348 35.842980 20.358373
29.384544 41.939590 15.109871
47.579384 48.733156 21.312718
95.872351 53.536483 22.380820
28.710552 83.189260 15.041788
15.158196 95.212798 21.300033
44.830418 55.473035 21.208167
4.233061 57.067990 15.371842
54.162437 7.525828 17.585317
3.089587 71.944193 18.421372
11.721290 23.977138 15.995266
8.005358 49.530749 18.432603
53.313834 79.495735 19.125976
65.307708 84.926894 18.694957
1.969169 59.703132 16.412725
34.966075 21.708119 19.852520
19.192558 29.478455 17.535955
58.385252 45.362556 16.391763
28.158227 63.503325 18.811995
65.424847 63.702307 16.239901
5.566621 35.879228 22.028693
65.982190 95.878055 20.708738
69.604321 42.232271 20.599626
55.424132 20.499393 16.899967
25.768635 62.487382 19.895597
2.991977 6.586448 20.816829
58.211760 70.502939 16.430500
58.936997 88.230844 15.719435
74.225484 12.942598 21.584898
44.998033 38.537748 21.752965
51.891988 85.199050 15.968235
94.716806 67.776702 16.551799
26.674796 13.249679 15.245185
1.285946 31.314940 20.186764
28.399862 83.502118 16.186230
16.370115 11.110507 19.740955
7.673351 28.311588 16.379651
53.693949 14.652543 20.703205
52.444466 91.978706 18.876890
87.136368 9.633658 18.498881
26.472251 68.129205 18.318319
66.748649 73.398917 18.212294
22.826393 53.226390 17.534926
19.785477 6.954608 15.200333
5.284802 8.086129 20.485530
54.965527 2.716490 21.182134
67.085734 92.046085 19.081849
7.539619 18.219833 21.653281
81.250597 33.551766 17.461207
66.680774 41.897238 17.088001
21.612068 78.654493 15.273594
95.115336 82.540583 22.146269
20.625562 27.168157 18.987897
12.372451 72.189182 19.676260
36.551059 34.442870 17.606155
26.114664 11.702207 17.771962
24.489686 64.180696 15.007535
56.915688 88.302437 21.169136
57.240638 54.156543 21.249931
34.338823 57.710759 16.926097
84.754180 86.736022 19.969461
57.320779 46.520010 15.261960
81.926124 31.191691 15.917637
28.892054 19.744713 17.738471
18.110618 1.143148 15.136159
22.132249 79.187015 18.583655
14.719606 87.309854 17.607043
51.338933 79.268101 18.791133
90.945062 92.404317 19.841209
59.399876 9.154544 18.871680
79.055380 75.143780 18.941567
73.802375 67.598128 21.555470
7.627902 70.935289 19.499451
95.487900 58.251324 20.239234
51.003342 35.995233 15.415928
13.797334 12.050422 15.423407
94.790420 21.293775 18.471526
67.264596 64.020152 17.826119
46.774263 69.242808 17.806254
10.840742 11.036393 20.363549
59.879781 21.752399 15.677261
94.347799 74.974187 15.320082
81.971674 93.236509 21.357785
76.210291 35.533305 20.936253
11.053860 71.877114 20.017943
4.319116 18.301174 16.872240
65.450073 70.365917 18.730623
19.305920 2.735068 20.410391
45.812113 41.529144 18.333566
50.806784 30.070560 22.058224
99.773280 11.268733 21.700021
69.895202 11.487045 21.228119
30.030762 34.563069 18.488371
13.714265 84.820424 15.751976
4.596254 94.086629 15.992206
77.007502 30.966600 21.410880
19.602938 32.152613 19.195938
65.090228 29.745002 17.911261
75.367192 56.206174 21.911517
90.637816 96.189594 21.133720
12.504820 84.109639 15.132641
96.118045 73.590770 15.409878
81.107042 47.263649 20.018420
19.565385 27.816374 15.303438
27.746048 10.058515 19.643858
51.840683 66.708901 21.419845
72.994078 85.945755 21.682016
49.033991 45.982790 20.775135
35.177221 96.657846 16.091552
94.659585 94.453269 21.099593
67.185198 61.810506 21.392000
65.850999 34.598143 18.148804
94.895026 56.375603 19.490420
86.660485 25.065516 20.371051
63.511177 26.816447 19.467085
91.040039 32.622693 20.888932
99.947885 82.465451 20.395053
1.965323 83.039865 22.019905
65.733608 10.362929 21.228569
23.118119 26.042990 21.508034
23.723305 65.647909 17.729714
3.568850 67.300918 21.263350
2.419131 70.905093 17.165863
22.540597 6.409219 17.658262
49.194460 38.414321 22.078533
68.658193 67.135015 16.524709
50.087893 47.470392 17.830672
84.815632 81.423566 21.242579
41.170633 13.925568 17.541919
34.414932 55.351136 19.919073
49.383351 34.398211 20.340691
67.403604 52.998694 16.308231
95.544652 95.380861 21.169666
99.066922 84.578186 17.195227
43.414793 5.565679 20.660969
59.116170 66.301702 20.973742
14.619612 34.370809 19.511072
28.357524 31.547697 15.871334
29.281325 11.409588 21.381153
44.982175 52.592332 16.828073
24.559988 76.734964 16.168677
99.142519 18.781773 19.597087
67.409980 62.860200 18.524341
74.268780 52.788961 19.223009
25.113562 92.078032 17.860956
40.355414 17.248942 20.656932
62.810072 91.414302 17.171212
63.991070 56.763922 22.496199
9.340644 53.332794 17.326760
0.001336 33.855113 20.443281
11.815682 73.977095 21.282420
57.555096 12.543053 18.642348
76.241092 27.607691 22.063292
15.995506 63.570750 17.716036
88.081719 36.856459 20.269915
72.415290 18.228858 19.708405
4.042678 19.191152 15.526336
87.892021 64.570969 20.982524
7.694695 65.709312 16.016226
65.927673 59.311867 20.959795
48.239272 92.356438 17.455869
4.363922 37.676915 16.522171
92.568119 34.432016 18.256581
26.610094 12.192013 18.386348
9.997207 19.383016 18.743384
19.994110 31.408116 19.155545
19.584733 71.210476 15.948165
22.530041 4.154216 17.352844
81.716802 60.982204 18.307836
36.819568 81.905048 20.624160
11.738115 17.864238 21.999318
30.829775 2.252127 21.037638
52.457191 97.052438 21.616388
55.340883 93.727054 17.224252
17.090397 77.058878 19.784846
24.451177 98.322498 20.903363
98.280106 18.999540 17.257863
45.114065 56.237478 17.772210
25.969676 92.252386 18.693107
35.681851 92.253398 17.712659
52.186499 51.233714 21.536322
58.141807 10.915817 21.610093
89.367709 7.689788 18.469703
81.588762 16.971397 20.800047
10.248610 30.680043 16.625883
13.760231 35.372278 17.891000
43.438792 50.026982 19.597474
74.692667 64.717073 16.066607
49.716591 8.481170 15.621203
81.542780 4.986313 15.460881
49.069481 8.848675 16.873554
51.162395 59.367279 18.379105
9.434006 43.325491 20.786226
62.363009 1.621871 20.983879
60.872548 57.479143 16.369616
88.421585 66.222560 15.818604
87.900582 42.297740 20.099852
65.698146 27.041680 18.243673
16.475624 86.873329 17.074765
93.937376 63.805606 21.890955
44.924635 93.756083 19.259463
45.007492 88.000553 18.916513
48.937536 26.531507 17.447078
33.044597 5.064720 18.052625
91.202478 33.548357 19.545546
71.051998 20.577567 20.875988
90.214693 39.526360 20.458950
72.933016 58.729372 21.193921
66.286969 93.260301 20.762063
9.090675 65.068488 19.911959
39.733430 75.334949 17.119250
83.519813 20.266887 21.633120
72.720719 52.996607 20.921926
29.453615 38.977676 17.747969
60.579269 84.302073 18.894613
45.122283 50.757389 15.154555
48.149770 93.809680 16.858409
41.340016 64.817263 22.437705
47.235144 74.845042 22.448913
43.983413 36.398132 21.167581
56.081102 42.124130 17.940543
47.284547 85.718207 17.715619
88.556377 85.310374 15.923856
52.659820 24.322597 17.555943
51.502830 42.598969 18.835557
8.477211 36.854023 21.029871
99.354193 65.328678 20.625017
54.677489 84.260875 21.895298
52.693030 64.572545 17.121968
71.006546 82.582950 22.467016
76.203645 1.740778 17.597752
50.748448 31.862343 22.263126
66.840089 9.340874 16.136911
82.186101 11.071711 21.726477
19.369190 34.225478 15.533989
41.635864 27.521762 20.194723
2.512752 65.542080 16.698247
5.849069 31.139275 15.911064
5.342128 14.265503 15.033019
67.732412 43.583644 18.693858
8.469025 77.584220 22.312214
89.616102 29.899578 17.141966
55.467350 47.600539 15.564343
79.654228 24.382981 18.244790
1.766191 42.882823 20.641912
2.195039 91.484434 15.957924
58.378518 39.936380 20.767803
75.198243 5.541139 20.783292
2.288634 48.331349 21.640374
84.374731 7.040504 17.662119
81.454518 24.369604 20.590045
93.288939 0.770576 18.422213
86.460373 0.182775 15.104963
63.300357 45.166627 20.249531
63.681157 88.902328 18.772434
19.797490 85.303817 19.251695
87.108677 1.089252 22.447550
16.473763 6.380553 21.729552
70.856079 1.776310 17.501596
83.616672 97.409184 19.186525
18.979356 69.264193 20.458155
54.336564 27.983488 18.738423
99.421187 82.751357 22.156160
52.102101 67.803563 15.967156
22.454827 77.675483 21.602238
14.796325 18.748640 20.935225
84.242088 26.482289 15.926939
74.626795 9.356859 22.092940
65.461288 28.274294 20.822739
95.631472 33.013638 17.221072
34.856538 11.508757 21.503995
97.590895 86.946820 16.566048
3.104980 7.332867 18.178130
87.778039 41.907105 18.987062
67.451645 32.690797 19.933211
71.775683 53.591987 20.866993
3.175926 86.006191 20.145740
38.776045 0.796040 18.836368
76.515618 68.403559 18.307036
58.530099 87.809579 19.446201
7.594014 67.245005 19.321129
14.404346 40.782238 15.972577
68.912832 17.370558 21.789342
9.525073 11.909564 16.903615
78.057286 23.989386 15.260820
81.757775 8.473842 19.964955
69.548261 86.702713 18.595337
14.163901 42.107258 16.881467
85.517873 1.014004 20.986022
23.450003 86.741437 16.608692