65.981292 24.836665 20.783126
87.638103 77.452762 16.909369
48.694251 78.153740 16.461512
75.733793 48.870938 19.330075
44.291026 34.289989 15.016475
96.313488 63.953903 16.057684
60.382532 49.360615 16.093956
36.545236 85.119574 17.507786
6.782361 38.888380 15.047349
31.052289 82.572477 17.638275
69.886211 56.910722 17.751430
38.023368 35.995878 17.193662
11.286284 48.536973 15.233110
26.376731 14.646798 15.650443
87.562597 17.775017 19.626244
12.128778 93.683757 20.700410
39.388185 58.980331 21.280257
22.215443 16.414417 17.247662
57.566280 10.768469 15.039172
26.181931 96.125948 18.320060
67.105187 3.670655 22.014474
85.525286 57.812149 19.110444
56.822652 34.994739 16.974360
83.662265 85.769575 21.756150
20.532279 53.425056 15.510344
99.561640 93.015678 20.174164
98.771045 39.652476 15.433805
61.550861 55.348458 18.744826
93.184422 35.692903 20.836714
12.884823 7.792605 20.498957
9.377390 82.115339 21.262723
52.875466 69.167110 17.762017
34.155919 24.118322 19.019655
71.821674 8.942699 22.091050
38.756321 38.832259 19.975629
92.752313 62.086615 16.833293
29.245792 56.578494 19.233597
42.480559 40.693858 21.372906
32.991117 44.329630 21.018751
36.547042 74.930689 21.861776
13.675642 81.408906 21.306542
48.413234 65.260363 21.336809
95.992736 18.042254 19.340340
11.682127 27.194585 19.689991
55.523988 31.641466 15.329684
12.268398 34.898100 22.027838
60.077754 18.241347 18.963975
80.815151 11.071340 19.774031
12.845603 3.324952 17.447061
36.156343 41.714606 16.099752
59.168357 20.739396 22.428763
97.269733 26.478904 15.149799
86.696317 8.597739 18.406312
3.148404 31.834270 20.584442
90.830570 96.295380 20.015340
35.423518 3.629007 15.342032
76.447257 27.313546 15.047073
6.773031 34.625086 17.794251
81.931800 53.541289 15.316536
1.818995 19.307921 16.128762
84.639642 8.864975 15.103051
52.989918 36.870268 16.399327
4.613880 71.463498 18.486976
98.781484 20.322445 16.485900
76.198364 42.237985 16.418592
9.903301 67.783558 18.309113
33.806288 46.511788 15.940620
33.552259 75.762615 15.596885
72.440097 22.810069 18.433157
26.483790 16.888097 20.693684
13.334427 37.659768 17.179478
84.243490 62.648152 15.399331
99.631686 85.603466 17.439974
46.074851 6.576787 16.105429
48.883179 25.001520 21.862086
87.574377 31.693730 21.063096
14.156267 18.771666 21.350317
8.182635 75.269835 15.684195
80.336311 57.706255 17.623619
80.991863 22.966706 22.214671
2.804483 13.502204 17.684430
24.173295 48.367469 21.077704
69.429689 46.731132 21.739408
5.212169 11.628694 16.748082
91.386741 86.614469 19.389081
15.615476 20.848124 20.848961
27.464330 43.006853 20.574585
44.882345 38.439808 15.933516
43.131204 96.321069 20.149755
14.121844 31.035883 16.114296
54.199119 71.743182 18.841760
74.805003 34.576833 18.507068
54.863564 26.919558 16.037517
55.012701 11.060763 19.478523
96.240991 24.013554 20.692512
99.898664 92.676190 20.500597
52.061157 99.681385 17.840980
10.708699 30.743324 19.178492
99.433297 42.799141 19.454495
30.584257 34.577985 20.944239
75.459851 25.295757 20.217328
87.495734 70.348238 18.900419
16.559054 13.715743 20.058683
75.210146 73.238499 19.854621
24.095165 19.567861 19.834775
79.185876 2.927275 16.286951
62.425221 48.499722 17.197019
38.013504 1.883068 15.027393
91.820708 60.973446 21.155204
13.108024 87.519130 20.706608
62.687745 6.228421 19.849246
67.557278 79.162392 21.020664
73.878757 54.213185 15.653895
32.505093 54.868816 16.635428
11.365881 59.432488 20.125827
20.086866 85.129278 17.608896
24.020243 86.881501 19.376873
35.284042 43.508101 21.845906
72.468964 77.317806 15.005616
40.809818 98.017506 21.743546
51.010962 94.568692 18.160668
57.393915 41.739216 17.960570
98.599020 0.516000 21.935281
73.912047 90.497421 16.777738
12.193386 52.732055 19.195684
64.511618 82.742502 17.172115
77.524176 5.070454 21.549338
87.752001 50.861680 20.917829
53.449728 89.248410 15.331208
83.004912 29.495391 16.637066
73.535198 20.150481 15.137114
64.265844 23.726204 18.884606
75.549962 76.619023 20.698706
61.598613 7.572648 15.587215
25.811959 83.562862 19.459220
70.087714 70.324125 15.902054
85.410604 88.088498 20.222775
73.898828 37.502065 22.031715
23.823310 27.386944 16.408921
79.741518 13.842667 17.695819
96.599647 35.484553 16.692160
81.533327 57.567306 22.038258
11.221125 45.906339 21.013588
63.940529 23.516909 15.646194
59.206161 29.616242 21.903279
52.810255 9.338688 22.392548
40.281601 83.842895 22.470079
70.794435 5.457082 19.304678
59.427551 88.442144 19.632710
4.700897 28.673016 16.854211
86.040087 43.280542 16.823660
42.738218 79.888119 20.957082
51.694764 17.872630 17.769573
75.215653 65.111780 16.082149
16.740755 35.265234 20.713294
64.575460 57.467837 21.654703
0.498499 69.875926 18.928695
96.629676 15.190725 17.007496
40.361192 25.622449 18.846427
79.194312 56.308510 17.519097
42.794889 53.059633 19.344326
78.846253 73.637548 18.006291
36.104273 68.021834 18.627176
47.153953 18.304596 15.845422
19.861277 97.523826 18.482347
78.326706 38.521568 16.451015
45.840914 86.944580 21.586914
11.940099 74.230276 21.524826
86.289508 20.872282 15.747465
35.722139 99.320713 21.508440
21.240612 4.424540 16.969370
19.674019 65.265025 15.011870
1.000788 20.152568 16.245805
14.648626 49.111500 15.989042
14.935751 29.889741 16.419771
36.779037 48.347678 21.157869
20.908460 10.728744 22.256596
72.838878 2.575535 17.399726
92.468950 18.345202 16.386378
1.487598 97.377056 20.654076
3.610910 73.725345 16.376190
97.469496 0.774345 15.148206
29.672915 58.059894 18.408157
57.275901 36.439907 15.216816
89.567464 9.099599 19.202919
5.507433 88.074851 22.261557
47.112379 83.331273 16.183066
48.284580 99.547789 15.565246
36.243819 15.393899 18.699898
97.482621 35.773324 20.440092
54.554074 25.735937 22.263748
31.889931 91.777942 17.487165
10.930276 27.398228 21.475601
30.581486 82.462223 15.994589
79.810075 44.937022 19.344218
46.834939 25.131189 19.265547
15.593866 15.887188 15.960663
31.769422 96.887834 21.619580
78.409308 62.322498 20.955716
83.218301 63.267467 16.489649
80.954086 51.948109 19.118449
46.239958 6.560854 18.510932
30.021291 85.670783 17.967291
21.798859 8.550517 18.627898
39.184242 98.780780 17.328067
1.509777 67.257721 20.412128
82.366333 37.466744 17.309359
63.659132 43.426473 18.306171
47.705201 82.394706 18.983541
59.715521 6.318235 19.691511
16.249127 92.872989 17.119780
70.355237 82.497107 20.288299
7.331913 88.241071 17.141956
22.572307 15.874853 16.124733
17.513099 39.663726 15.307676
18.454035 62.544763 20.551314
78.470082 64.544422 21.158026
36.866423 73.974769 19.471633
66.925160 75.227810 22.227077
35.732841 60.920094 19.294614
38.214586 62.165310 19.527334
59.381726 14.651632 17.752876
6.587915 98.572398 22.085541
87.638590 66.206355 19.893281
59.406536 25.181076 18.443140
83.011251 59.825339 21.688997
72.141616 7.294396 19.365170
33.597268 19.918404 18.598052
92.043013 24.707016 17.159192
80.902980 8.839511 16.410626
9.079273 46.051353 20.308299
40.128759 13.662414 18.950223
91.891255 53.136059 19.402492
96.895040 19.167289 19.806066
7.872527 73.972621 19.399847
16.927914 28.214031 19.592044
28.174950 39.767929 19.010714
51.736428 86.320170 21.679471
96.469900 65.730213 22.363356
55.916802 92.772927 19.211449
75.948555 64.483335 20.229566
81.538296 6.860435 15.952248
59.689544 3.306303 17.590689
63.852113 38.182204 22.205271
19.356617 32.946424 15.203849
65.916494 66.705807 20.144729
69.264915 16.031977 18.739935
27.590187 44.667712 16.016713
68.030300 32.756161 17.809935
81.431586 59.797999 16.091906
52.154071 84.012401 21.657661
19.563190 72.551189 18.594460
55.745564 1.296660 16.247753
32.060784 72.623116 15.615628
99.521945 62.648073 21.994576
97.627935 59.748647 19.176132
56.567197 43.545035 22.265523
53.448240 19.024598 19.867968
18.186948 1.425610 16.470574
69.275965 19.742135 19.764886
95.814578 43.282697 16.753356
18.234181 76.368005 20.934307
22.296321 71.596707 22.204770
31.604402 11.604878 21.446955
57.276432 41.965419 15.883798
68.456956 64.611758 17.296833
5.406013 88.823224 21.502135
36.106138 7.205165 17.153133
50.880270 75.146351 16.316257
14.981172 83.802075 16.135468
57.616600 50.377901 22.114463
73.373662 68.356489 15.863151
11.459073 10.554955 15.869113
25.295897 11.322346 16.177540
98.923183 65.864605 15.502302
74.080296 81.213913 16.892221
34.106311 93.557389 15.994440
37.681700 7.158605 18.622018
3.633115 84.996890 21.546089
3.437769 16.049595 22.397955
48.681809 34.145126 18.155340
6.071832 57.951712 16.011361
33.622501 95.740356 15.259747
82.163442 29.459174 22.007977
67.552123 87.274698 21.629799
79.001897 91.387460 17.985050
13.305777 10.575643 21.500842
45.822117 44.604523 15.056018
64.579814 49.057903 17.882097
3.603249 71.241430 17.821907
78.585475 9.699929 21.864634
4.657370 36.682425 15.950188
9.206444 68.429168 21.429817
84.906093 5.089071 19.428504
47.254716 8.038375 22.024116
93.889228 54.889944 18.885542
10.832548 69.055410 20.099552
14.655956 32.653084 18.500007
48.146684 86.578451 18.133526
45.315231 54.358200 19.432603
72.136037 92.628908 17.048572
79.546806 11.252290 22.344724
68.826581 70.163532 17.655590
96.902226 42.434949 15.525916
32.078080 36.875725 15.467543
75.951388 76.529867 16.935254
34.690599 79.451647 15.838851
55.765484 42.533158 21.566568
34.214347 48.112139 17.114388
17.283606 16.637366 16.729923
46.365257 20.781074 18.068374
98.410872 39.384523 20.749778
44.948862 83.270650 17.877255
39.560987 38.741440 16.892110
38.439445 2.842621 16.455396
59.514233 27.585662 19.689970
34.121400 12.003191 20.841108
57.138515 15.254366 16.077895
37.859342 17.967275 19.092926
15.026707 73.153778 16.017530
90.832373 99.712779 21.588700
0.236617 64.288234 15.342366
71.707026 69.343430 16.968531
66.713416 99.144582 20.281895
83.186801 87.787316 20.247058
8.980308 23.498089 20.341289
20.982752 99.715523 15.284636
18.474958 50.434079 17.381279
22.634724 14.678588 16.991272
43.000994 90.989923 21.527719
41.840226 26.999480 21.300145
45.537860 13.347055 16.055123
1.759680 10.811524 19.744618
59.302676 63.489467 21.283359
92.512518 86.143115 18.156488
66.845275 8.907156 20.441167
31.599141 99.169862 20.003336
50.795829 3.560795 20.578959
28.483705 85.231760 16.910661
1.309594 61.429218 21.985777
12.310245 7.313410 19.388374
48.023585 22.023878 20.333520
91.288524 51.583961 17.344082
75.604145 39.958370 18.617530
75.405641 55.077410 20.557647
29.645460 44.461108 17.054914
76.397987 83.356118 21.886969
5.180911 88.044704 20.128569
12.743930 50.156472 16.230050
81.902365 27.725059 21.022966
79.990112 76.285074 16.967802
87.616768 48.195275 19.406409
48.987555 63.250393 21.627854
41.917023 17.174020 17.359546
60.150681 23.195733 18.487787
61.757546 52.515255 20.888862
71.314481 6.031505 20.131150
46.327683 32.400015 16.208648
29.963398 3.671164 17.222406
97.574430 54.570574 19.792109
85.489034 55.612139 17.592061
75.730306 9.436392 21.799590
55.417207 24.042410 16.642158
67.689890 14.446690 16.987956
60.256695 96.731711 16.914786
94.958517 21.932283 16.675750
71.296306 30.549735 22.489426
86.042906 47.254647 21.571420
39.921334 12.428190 16.073695
83.324198 8.670655 21.263173
96.539731 71.843882 20.659305
84.804752 16.531943 19.069758
84.113690 22.180401 15.480276
23.563040 9.399925 21.208002
28.175513 60.848646 19.881726
32.867761 12.511702 20.705161
70.853271 25.115780 15.226941
4.569933 87.962349 20.845977
69.425014 61.280383 19.186641
23.130660 41.957303 19.814143
54.321735 35.844317 16.183284
18.936963 0.184819 20.786672
65.682322 68.597182 20.132113
97.004128 30.987887 20.902763
74.532674 69.971287 19.313065
39.415777 23.837741 21.851670
46.504050 10.159087 20.740726
89.903619 78.891889 16.318925
67.448791 7.832387 20.531231
35.775102 41.768297 17.167587
62.803775 7.508881 16.665006
21.021811 56.125974 19.387496
91.698738 2.107984 20.333495
63.950045 1.018960 17.020832
31.552792 57.700218 22.252806
6.251668 75.875452 17.830625
91.580542 12.933013 21.193370
93.227658 25.015246 19.262327
60.281968 31.089603 18.633149
34.943240 35.480292 19.806672