84.494206 56.790879 18.254107
76.899443 63.461974 21.005491
24.741011 52.585908 17.180101
17.459053 10.011807 15.704013
97.934620 50.650220 15.217398
34.855638 54.989261 22.470292
39.408068 78.660060 21.889331
89.547406 14.856404 17.203075
16.101677 97.289713 21.126689
60.908354 64.035892 18.731085
34.396110 96.985341 21.502595
16.526022 92.652841 16.487351
87.285116 1.534026 19.690558
52.518455 96.907552 17.346789
91.134221 34.461490 19.893515
97.091188 55.507772 17.783044
57.801934 17.790618 21.539025
9.022335 45.260839 22.083818
80.489288 36.745356 17.679592
50.360405 13.277560 15.110390
29.878123 15.474266 16.148294
67.057642 82.755386 16.717902
48.452491 79.519749 17.215589
86.826555 31.916787 19.689655
0.209826 52.631753 18.959651
77.015707 75.351291 16.377682
21.690966 3.421000 16.660378
42.681908 64.398250 15.007754
22.109204 30.959170 15.117509
1.307895 4.377098 22.432216
25.989720 22.427879 20.977282
76.862277 44.657534 18.829577
22.611244 38.926350 16.100018
35.158066 27.947689 21.097266
46.311738 26.204750 22.100309
79.688728 89.953543 17.861935
51.369936 51.943548 20.953884
98.780239 82.926016 15.418481
92.951707 80.057423 18.933059
92.549580 41.639068 15.419600
89.959347 29.740899 17.341195
26.187209 86.485025 22.194875
54.330353 8.690773 19.517174
77.219530 62.329585 18.586451
61.397528 21.411091 18.267922
36.436333 59.935946 20.457508
91.837288 7.013754 19.572863
92.683784 77.556858 19.841973
13.304880 39.675969 21.131133
14.024212 77.080900 17.958849
55.142628 1.153834 15.958452
56.576351 33.359581 15.812187
56.374510 40.343680 22.106684
0.039769 96.411686 18.018512
81.484162 54.825800 19.079793
16.044094 3.655796 17.372095
89.170265 43.274827 16.069883
3.392734 19.262149 18.361592
99.704683 31.033769 19.942641
71.100577 90.429922 15.451764
67.628147 21.033739 20.125941
99.027377 48.012815 19.595543
36.169096 31.361362 19.552546
18.166905 37.535765 21.670486
30.235500 49.539718 20.064122
13.896418 52.452707 17.304074
65.664298 90.500524 17.414681
16.123547 67.618248 22.163188
15.751943 91.746828 19.636957
52.045145 6.267816 17.780253
31.578684 96.201348 17.306248
42.506479 79.303824 17.742765
19.086371 98.660265 21.237425
88.697837 71.328991 21.748978
23.486238 76.104358 16.815236
12.919154 68.976118 19.842810
74.049055 49.986927 22.075924
13.286651 0.586264 17.433064
11.775954 73.040229 15.671823
60.873899 85.778831 15.945152
9.097852 29.857760 21.674939
62.361673 34.910750 17.295537
61.028646 70.812766 17.951931
62.417025 95.034111 17.436154
22.013315 56.241003 18.293979
65.081515 10.927605 19.706125
25.915301 73.446242 21.175105
72.572893 37.986033 15.645382
46.993434 35.061535 19.146108
41.432311 86.532459 18.217461
50.946169 72.924616 16.230071
84.719384 54.402742 22.495488
51.802873 86.848145 18.537784
87.647464 28.729136 18.678023
83.121894 13.315168 21.625391
91.298353 75.759253 17.790473
52.702606 49.238142 17.013396
11.312278 90.088856 22.422077
71.295465 21.599662 19.863766
37.955161 7.873120 17.698495
51.280603 53.005716 17.726241
36.774864 91.426993 17.128286
21.875818 32.470534 21.038082
75.180914 69.935596 17.546246
47.558446 7.280484 18.290894
75.353346 0.082986 17.652817
96.658363 31.386095 18.281151
30.780929 80.331821 17.516948
43.958696 91.251941 17.408029
70.054485 79.195460 15.606653
29.668476 48.366097 20.967687
89.643112 60.574365 18.798857
78.258506 67.374952 17.705386
80.857975 0.357921 18.989932
70.519494 61.495152 18.236199
52.257034 5.708598 18.479118
9.237532 72.717767 15.073653
9.653200 70.322130 16.372114
79.208281 82.264932 16.687244
32.579761 21.541063 16.321387
94.469956 51.201348 16.248317
38.665064 97.646527 18.592279
47.922788 8.918822 18.187938
21.348593 97.135841 20.915526
54.974041 64.946673 18.751305
38.572261 32.541314 18.364198
61.233855 48.855857 22.114822
86.578643 26.758820 21.034462
47.413935 70.267975 21.049055
78.169466 87.935276 22.477547
62.192949 90.931308 17.087088
44.685434 58.057024 18.976954
98.325270 7.554029 20.962204
28.540721 13.091866 15.107358
15.234826 97.739871 16.410862
31.147846 4.010656 17.201490
79.558096 84.166486 22.331555
58.380588 8.115972 21.450206
43.695153 57.228820 21.632631
91.928058 26.447371 17.692441
70.708860 19.124209 21.171369
57.357783 24.253414 22.160542
62.266253 44.016547 19.901807
9.687684 57.448870 19.484116
19.634624 14.607979 21.769527
28.800497 60.823189 19.210897
6.265946 91.445373 22.049533
97.024241 77.295903 22.154936
48.337453 69.744903 20.211138
35.349550 90.393088 17.485438
80.414559 19.443964 20.364672
49.342754 24.372233 21.028786
91.168503 7.811805 19.214692
26.184877 40.390705 21.372996
63.671338 77.617603 15.581543
2.027564 69.256662 18.881180
69.016760 74.216858 18.731610
64.592001 67.873936 15.413359
57.878466 24.907252 19.878421
10.060003 69.556880 18.623723
89.648738 80.523911 20.708754
74.436249 50.024688 17.303064
90.056649 87.287022 19.520794
15.733894 80.851343 20.620355
32.475565 75.735605 18.197396
37.989116 68.453644 21.924228
50.605509 97.526840 18.477181
66.776400 73.331176 15.576402
66.243920 38.920252 19.295782
82.360898 4.108581 22.040855
54.300693 3.591384 21.404905
55.517598 89.215005 15.859228
8.455696 37.509095 18.328351
24.924159 71.997847 15.663645
2.390917 11.004567 18.648445
77.496183 31.601628 18.183876
97.731400 94.341079 17.338797
27.541668 59.967070 19.423979
98.032226 38.070425 21.961983
50.915572 92.594011 21.988207
40.096089 20.346746 16.918930
22.764765 24.953271 16.437907
20.426737 95.640275 21.275062
95.460700 35.940832 15.089898
59.147173 43.125731 16.147671
34.050159 44.849928 20.805716
46.286846 40.712239 17.560803
68.484771 57.272544 18.332859
5.433838 82.274419 16.896700
34.252793 44.679739 19.115922
69.964377 84.231105 17.848982
84.829330 17.813772 20.284824
46.214003 45.272889 19.449869
34.496737 19.322104 17.842681
19.543608 90.395077 20.919187
65.215798 35.371361 21.690590
46.290911 84.048569 21.856861
65.023310 68.261639 15.937583
7.180052 87.375293 22.138080
57.056173 21.821681 21.343591
95.457150 34.676840 22.325761
69.293888 82.468635 20.305041
79.220052 80.860627 21.335608
10.160157 12.499450 20.200308
18.850414 98.325136 21.544119
52.625607 5.503556 16.730552
7.056643 37.966504 18.091231
97.047453 52.159281 17.513446
73.392476 8.360693 16.840532
83.296229 56.355350 16.333475
43.095181 87.009322 17.859499
93.654003 36.137190 15.738014
45.924216 35.943350 19.440838
14.312515 93.346917 15.658386
49.556585 66.185280 17.540073
22.453051 48.063357 21.951008
93.600727 29.931604 20.309231
31.330546 78.613486 18.760029
10.119585 69.082039 18.462434
39.224551 89.914211 17.831770
59.702857 29.087881 17.575405
66.087096 23.080301 17.578507
1.130957 50.258031 18.959251
49.247238 70.554544 16.125067
23.838307 98.163950 19.783600
12.460697 14.414695 15.964338
37.698516 89.922794 20.658889
31.447901 3.376788 18.604676
48.583027 59.380600 16.231697
95.076244 21.439736 15.655684
56.216770 15.221807 18.771172
2.512922 58.605428 17.824788
81.089993 72.301890 16.551924
5.053261 9.576738 15.327334
63.469893 16.283127 16.955593
80.256820 61.166458 22.041997
76.992614 62.578957 16.983481
3.486875 43.879824 19.904987
26.736116 1.947307 17.504687
53.726202 51.520810 17.833072
53.487683 83.110317 16.346542
99.100757 58.316801 19.534686
17.054581 11.221473 20.532036
22.272955 82.853572 19.220404
69.875340 0.604368 20.204158
66.572802 5.664822 16.125245
72.549237 30.153853 19.986631
70.393547 90.442063 20.202206
14.412743 29.800786 17.212382
78.446866 51.451611 21.849451
94.332315 40.637827 16.306816
20.084343 39.321614 15.412358
63.062607 53.144773 17.996784
42.309193 52.285193 20.279009
65.425671 95.243738 16.317326
52.666102 54.132083 19.913768
76.577797 34.062818 19.428784
18.035578 89.474781 20.624255
78.619563 10.251926 16.189852
40.735045 65.976050 18.824682
28.409291 2.488479 22.053786
24.393258 10.227814 19.966868
71.502207 96.600194 19.408787
65.511481 65.389953 17.638714
53.705842 76.718657 19.521966
84.583316 23.494144 19.184392
67.855383 39.569658 19.610267
82.610710 20.220772 19.894415
63.420504 46.138715 16.037777
32.687776 37.854701 17.875601
24.456596 89.918301 17.066893
35.296149 11.747153 19.928719
44.618904 33.558876 20.012759
2.365942 70.430929 18.626632
66.736349 69.405443 16.715701
20.131430 22.689664 16.716229
89.667365 44.183770 16.147651
18.565233 32.648173 15.174844
43.241192 53.727534 15.545835
30.153663 43.142957 18.793653
19.216216 33.251979 20.892242
24.961181 91.527923 20.993641
67.886310 37.044519 16.988024
49.482922 90.373206 16.080371
10.510359 38.321692 20.632855
32.618672 69.805111 15.052017
22.574054 82.664941 15.185732
32.056838 4.512740 19.666131
20.832411 18.436716 20.531870
57.812910 46.930575 17.911523
14.797513 85.975285 22.443332
91.194250 78.624350 19.984369
14.225712 73.716431 15.197911
8.537185 12.661257 15.134423
42.805270 28.348939 18.680638
64.487469 74.895497 22.387923
0.350548 90.045956 18.934111
21.454428 42.469761 16.440836
14.918902 61.432687 15.023469
2.729443 17.969563 15.407041
72.080387 14.695994 20.677601
84.565525 89.242508 15.416097
15.803833 40.985089 22.369514
61.481860 26.406552 22.410306
11.853240 54.315273 15.026882
29.446211 40.357783 19.274332
71.006464 35.475521 15.511608
21.111886 8.273234 18.709697
29.764611 41.571303 19.427078
87.433944 42.004085 16.329332
35.615434 64.324017 15.849105
20.356056 16.817984 17.141578
72.027858 84.906406 16.467488
27.327821 38.587804 22.177870
46.381971 24.303926 17.911360
39.421568 1.001853 20.470576
52.615053 70.121120 16.798238
2.548565 82.356963 15.040170
76.560883 20.089439 15.439417
36.446781 50.687068 16.807938
56.586914 44.972250 20.029070
94.557412 50.695834 20.431423
5.073835 87.355946 15.577513
7.388228 38.790562 20.293413
72.003995 72.623068 18.831851
27.951250 25.199783 21.450525
71.870194 69.713618 20.310441
73.445839 15.991196 15.904224
80.486107 20.838454 20.837469
36.219536 36.997112 20.917787
69.131456 64.875293 21.581306
33.968031 73.536751 20.071724
28.648655 1.613947 16.608575
93.202504 95.683451 18.971877
49.569684 52.476076 20.545364
9.633693 95.805680 21.685694
59.240493 11.650858 17.399460
81.081411 16.939751 16.357691
76.063188 63.083374 18.543978
1.373857 43.402373 21.430690
29.184028 99.209816 16.490072
23.729926 33.903781 21.715073
4.205264 7.804144 17.666101
43.401684 41.657005 19.239699
63.024913 39.776830 16.661054
88.822516 23.413257 16.976464
33.783157 36.678670 16.087081
57.688231 96.595609 21.725165
60.316469 46.957074 19.174752
78.423965 19.532837 20.932213
27.957259 10.462919 20.484553
91.208978 8.275355 19.154184
85.231759 74.632932 15.836661
42.794807 74.853712 21.411494
55.657628 77.817295 19.778112
56.909018 43.160181 19.882593
66.602697 53.105299 21.710884
47.850496 4.476237 21.856892
50.958067 66.052209 22.120548
79.971413 37.863849 18.741143
43.522971 71.455023 17.475995
77.801119 75.355053 16.351160
76.897840 71.423222 19.907126
90.893741 33.330052 17.305933
19.559160 79.408520 18.588946
59.498213 49.588627 17.018132
27.534017 96.896389 16.114237
10.057219 34.909855 17.108084
59.050909 37.238331 19.919695
75.996860 97.767545 20.611042
33.694627 76.655748 20.905163
39.767221 9.097767 17.646637
45.915070 50.387990 21.936036
92.161834 46.656974 21.527636
12.094874 5.437995 16.022041
34.564248 15.259422 20.077618
89.862647 90.096920 18.951618
17.837111 9.577186 20.654375
77.429502 59.366607 17.543866
55.298396 87.747387 17.288738
39.360579 43.990031 15.986347
28.355165 51.928207 19.100635
97.782370 99.252341 19.867277
95.124996 99.141278 17.910523
56.403118 13.817569 20.408914
79.460871 55.502327 20.916918
3.516328 42.501672 16.785145
30.998316 4.456331 22.316657
55.243723 84.589828 20.884483
19.911193 70.944396 22.171437
77.281292 18.708969 16.773325
31.962644 30.607681 20.127798
1.362318 11.570876 20.429737
97.160093 21.279579 16.132608
95.945703 69.493059 18.007193
12.433196 82.401187 21.006096
8.076491 70.500614 20.191071
61.039794 74.676884 22.124767
41.169859 85.380858 16.490770
0.628706 71.221301 16.536572