69.821658 77.969473 19.969402
84.662744 72.888134 17.333963
35.117255 26.186460 16.903658
18.793137 21.587561 17.688478
27.872124 77.258015 20.847176
49.631971 26.684187 16.110719
33.908816 87.370940 21.606537
33.096733 78.372049 15.709889
12.176531 92.872178 20.903020
80.289099 32.808927 18.738109
9.865209 51.013531 18.306060
29.148826 24.344652 15.817280
50.150348 29.231671 15.910424
80.827896 58.676224 21.488406
93.161712 23.217244 17.782346
33.983746 10.472753 18.125150
98.323167 7.324164 21.976447
62.774632 29.162383 22.389052
16.052960 46.615258 18.999869
14.219178 24.671800 17.788193
88.610679 33.929473 21.647893
40.612704 86.276168 22.461776
98.527656 20.868263 22.111426
37.269922 29.074275 19.827334
3.520908 6.459742 22.090832
47.270787 38.287884 21.982647
0.627753 60.460651 19.102519
47.669257 16.283053 21.329587
93.504095 46.262011 15.743113
0.245477 32.172329 22.104190
5.763836 20.726084 19.734857
48.545522 81.199224 15.250179
46.661723 91.581180 19.470583
54.204754 60.909441 16.109573
12.986240 73.622695 17.080924
33.634468 87.734523 19.060581
22.428862 32.676684 17.329132
93.620172 91.824274 20.341747
8.432882 17.872206 21.260819
41.830581 20.811005 18.720776
74.912005 18.108825 15.409467
25.018173 69.563452 16.047798
74.044833 14.817950 19.505798
70.847518 80.570227 19.773849
45.077440 81.953689 20.542514
15.378529 51.873629 21.141330
71.236925 68.231079 18.737919
88.313968 62.132111 16.524758
48.560521 32.680891 20.164103
40.984775 48.212243 16.803074
67.580339 43.777838 18.398307
47.071728 97.775191 22.038054
97.673989 75.753999 18.701306
66.392985 11.222113 17.579464
19.552371 71.564714 15.404552
48.771716 12.689266 20.255073
17.248456 80.489110 21.356463
2.149149 24.844093 19.619228
0.370007 98.292045 18.113529
22.306986 6.841374 18.258250
27.502224 71.635868 17.033472
31.917232 48.806730 16.786488
97.379840 2.381310 22.366277
33.671949 78.253910 16.871087
23.433328 9.915950 22.288896
46.593686 36.033158 22.423411
73.496816 48.941119 20.028462
82.103939 56.527420 19.202792
52.700571 69.317693 21.653372
23.459194 66.634942 18.389182
79.753367 16.652398 22.480661
70.425944 60.074202 15.826043
31.625279 56.917734 15.292759
65.954807 59.825292 17.102535
95.838434 80.023029 19.916224
73.067727 62.599471 15.160104
41.239930 9.902410 18.456307
3.040517 88.648051 16.759111
23.060031 62.595671 16.303404
53.693920 18.253296 15.037571
76.845909 9.247870 22.155466
16.836097 65.541219 20.625451
99.700444 34.287741 19.820669
24.122807 67.532577 21.318535
15.448123 2.197755 16.212679
92.086290 58.060119 21.622520
90.277893 28.066227 20.529498
11.014983 61.582121 22.455833
97.019448 45.612373 15.972348
54.659103 71.125101 20.398365
12.881103 85.798146 21.645757
85.803033 21.323421 15.373083
65.145544 76.691256 20.920483
50.149103 58.144792 17.844118
3.102851 76.708403 22.026150
63.382343 86.980892 19.086771
21.898221 49.387577 19.220953
11.606766 30.619886 18.293383
56.247243 91.288272 17.947975
96.280310 51.938898 16.048677
72.389937 65.269425 20.449921
8.849323 57.700361 16.890336
6.884928 63.288174 21.471058
53.078711 60.925750 21.023618
11.462021 31.704707 19.560938
59.982740 19.251856 19.560810
99.389608 50.665082 16.399499
83.168907 81.024150 19.484041
76.534538 63.271420 17.548239
7.347859 84.509540 15.554119
48.263648 7.540183 17.764423
88.149247 54.329827 18.489584
65.468909 82.665295 21.638558
42.368624 24.271806 20.367668
45.570231 20.055008 16.920258
37.092978 99.863990 20.439339
18.144992 65.160085 21.331500
11.116287 37.130297 19.928968
38.915192 74.597437 18.287066
27.634893 80.132862 18.446328
92.922666 29.058795 16.870503
73.193746 74.755962 20.099538
48.565883 84.954752 20.063361
53.122747 95.822570 21.962811
31.268500 32.601447 16.713582
62.794103 46.519167 21.445735
30.773206 54.125872 21.195359
27.798670 71.944164 17.730059
34.627913 22.711896 17.807291
47.678411 77.924031 16.589183
34.446350 43.260823 19.985722
85.155323 73.071525 21.247199
34.778879 75.809021 15.613126
66.398752 27.060119 21.498010
42.761649 39.270553 18.851233
25.028809 23.237656 20.402623
32.680462 35.308328 17.426620
78.532666 14.128437 19.213457
87.794034 11.397218 21.277280
27.245093 92.997511 22.178900
44.545172 21.312589 17.035234
42.416461 70.647323 20.115110
25.296186 32.782417 18.086419
44.749698 66.290036 16.092624
9.130420 86.100180 22.418305
33.540286 24.767895 18.642938
30.611076 15.611520 18.147614
72.693207 27.660819 16.103335
38.519767 15.432342 18.438218
6.507180 11.974115 18.478832
2.185693 92.555616 17.309522
73.198437 27.972687 20.571531
62.722283 74.060205 21.196298
82.133906 88.011886 19.741391
17.750736 48.313743 22.435017
81.215342 42.917195 22.347452
96.285986 41.832222 21.791475
43.306010 65.865003 17.342679
83.465539 58.722723 17.329889
39.911063 68.243760 22.315249
76.250085 26.896211 21.801711
31.483591 36.846011 21.393938
83.898198 69.445308 21.590793
44.380889 42.003393 20.168015
14.022456 10.813093 22.180757
11.483192 52.239100 16.999909
55.598610 62.354876 19.413268
35.720069 81.798969 16.247280
39.398438 9.126879 15.280747
36.530919 79.555758 21.593563
94.986459 78.311309 20.419262
43.945359 67.384654 21.933485
77.239521 34.640137 15.078199
6.500522 52.835083 17.108948
27.123016 81.802328 17.929960
28.869969 42.629106 15.138543
28.413034 58.621168 17.562623
73.964004 38.599971 21.004628
17.380765 5.585228 22.311213
80.748946 16.667330 20.881965
90.273289 40.352089 20.648871
71.054871 65.182235 20.172859
10.637704 34.128455 15.435167
99.064009 41.655298 19.077275
45.685389 16.398077 19.094560
52.746751 39.945662 19.056518
81.904079 57.481172 16.389718
66.755050 10.128273 21.721535
34.191095 41.054314 17.852163
87.274662 91.012088 15.697204
65.592881 18.607470 20.026417
32.377861 75.538522 21.271179
27.295100 84.256138 17.678518
84.336179 84.695290 21.529915
26.407838 62.217781 17.411125
32.434912 91.139031 16.313179
25.872468 62.820361 16.028736
68.873111 6.908709 18.496916
49.271932 23.086551 18.189423
70.966492 15.291366 21.739651
31.439950 61.481875 18.368132
48.332234 67.690446 18.167594
77.277861 63.764979 20.250637
66.425434 64.931057 18.849089
45.863406 59.664419 19.649295
21.270364 79.069848 15.409411
20.020478 36.372745 20.817654
63.282978 8.989553 15.492431
31.214267 75.336277 16.506935
40.118732 10.704901 17.007850
74.070043 89.050705 17.803570
66.513862 3.236357 18.259178
92.200339 51.804132 18.286427
39.261334 31.493033 19.813716
82.503702 74.476306 19.101900
60.442188 44.945704 17.018517
84.204848 69.714863 19.609667
51.115122 88.959233 15.018865
7.617253 46.944742 22.237837
8.879224 4.374787 16.396327
20.604625 97.502100 16.231318
9.355431 14.359817 20.570406
7.149141 34.662590 19.897218
5.941463 26.345336 21.772915
12.647032 58.555957 19.607139
22.565673 79.491653 15.480703
61.932844 38.285677 15.956848
19.111744 19.862800 16.436598
76.287468 55.342983 15.249857
38.884347 21.062699 18.038296
42.858862 32.978424 18.858560
38.546690 88.643200 20.006188
15.961372 72.160250 18.143387
94.908680 39.940190 15.284255
76.069365 48.987487 16.739757
62.921009 56.947213 17.091075
43.046000 26.540989 18.335694
51.475181 0.518373 22.487728
45.875731 10.039790 16.494264
50.681070 98.276144 16.221063
71.793960 12.070412 16.635323
31.056108 7.516898 19.438292
27.704325 90.590867 17.495663
81.636335 13.148519 22.458624
46.662322 12.148485 19.410939
86.224089 2.327213 21.310692
67.534229 8.159613 16.500791
21.916179 67.123131 19.463792
65.257270 92.231925 21.636425
57.261232 38.383336 22.254233
62.111108 13.793052 15.808191
33.525110 58.356624 21.882592
95.639635 34.139398 17.413063
5.039005 60.834264 19.198569
39.123380 21.920296 22.239698
36.777086 10.531224 19.754728
77.933491 78.835870 21.663883
13.575361 19.191673 22.157927
17.474176 36.963094 17.023895
55.208967 43.152825 19.325254
38.185427 91.545010 21.390557
34.184866 46.444309 16.246855
36.200075 0.569678 17.694479
36.694663 74.123546 17.474313
27.198592 5.773098 16.526972
71.607231 91.546845 22.175204
19.261100 84.368269 17.467685
25.752504 41.220627 16.863030
69.457366 55.000570 15.994176
56.221576 6.700167 17.679215
74.964404 64.295819 16.071112
25.738295 31.964567 21.561349
99.919169 19.400638 16.960478
45.089430 36.805932 20.097007
40.971809 98.986753 17.248164
18.004939 86.958792 16.209425
81.464093 32.715198 20.526751
82.196425 50.822328 15.621034
0.802160 1.478421 17.273424
28.912926 30.704055 16.907982
19.254295 58.605906 19.459374
67.835207 97.063506 16.464744
20.673469 50.609360 18.116644
72.819209 3.798293 16.166074
83.530950 21.461422 20.995261
2.364867 7.225048 22.328852
93.858704 12.219538 16.710465
75.112295 86.911429 18.294666
53.187469 60.804867 20.944590
48.087067 86.999275 21.099079
25.030207 70.031420 18.906841
45.496026 32.961408 20.754885
53.577968 92.879969 20.310735
50.330011 48.166728 17.286318
30.229892 94.378582 21.479016
50.802886 48.631430 18.255107
59.623519 27.660798 16.024847
12.923653 70.135523 17.997748
47.542345 98.205563 16.527495
45.614026 73.284483 21.080137
77.401701 15.029910 19.180171
60.432240 17.497628 17.907169
11.060052 83.185404 18.129023
98.944641 98.772047 20.154001
25.205010 54.303237 20.090033
92.818601 46.200284 19.481003
60.744076 26.775506 15.603753
55.215912 93.678592 15.370837
10.462468 65.944146 16.028814
32.506333 0.254104 20.412943
69.212264 9.824764 18.314140
30.168923 66.844553 19.824823
92.693679 36.430309 16.347477
35.300990 59.862037 17.838925
49.696412 47.315221 20.391444
39.462033 93.889099 15.430749
93.872058 24.825404 18.739688
31.685816 47.371963 17.005787
39.223749 75.105184 15.884728
11.319687 15.523208 21.510358
30.741593 17.484655 20.922593
44.747345 59.070183 15.169768
23.242760 26.304805 18.885929
51.451427 95.018131 22.269970
77.079115 3.087282 19.689954
49.011328 75.944195 22.498851
73.118303 30.615979 16.964942
40.801723 1.322899 20.060188
36.554150 72.439115 22.030905
66.764458 5.802632 22.042160
83.014284 33.557248 16.413440
71.029323 88.811143 16.448259
1.970157 33.307504 16.787976
32.415918 22.278867 15.929464
92.101210 48.736444 19.035380
86.235867 24.168300 21.041186
81.432925 67.292930 15.349314
2.948247 3.032622 20.383226
78.249253 87.681111 21.775818
12.481147 66.456223 20.644182
50.093975 37.111013 16.150293
54.044556 99.595890 18.334856
41.253275 41.508180 19.318110
50.950137 30.814093 22.379016
93.169421 74.244017 21.812222
44.578360 40.089761 20.517210
45.483946 74.801011 17.541854
29.573417 58.434163 17.537923
85.498148 3.942075 18.800093
27.086911 6.782610 17.067266
19.474895 97.723031 16.197817
24.330654 77.116355 18.214675
0.984299 1.279837 20.430195
38.495869 62.155303 15.719627
80.374172 44.433181 16.546562
24.796717 45.785111 19.102598
57.360228 31.105518 20.959634
22.049680 85.381722 19.435517
84.206935 88.327608 17.414358
21.457666 44.137807 17.241110
46.393127 14.335309 21.592740
90.234653 3.563952 21.224179
40.545695 8.458060 21.352226
77.515849 15.149123 20.164358
93.061217 84.940333 16.380961
37.420862 54.428328 21.328138
17.995892 59.966390 19.550507
87.917321 34.878778 20.708605
69.610874 59.209292 19.498024
69.821523 58.386371 15.635440
85.247515 80.701865 22.025286
85.075690 26.999531 15.357750
98.228427 33.123660 21.849575
65.095948 96.724486 21.615448
74.953514 77.555658 17.003766
91.832534 75.007074 19.461191
7.018411 46.934280 18.049406
38.369821 36.562234 21.358123
65.184979 75.397792 19.436595
77.928818 28.705362 20.898691
81.479332 20.019556 19.234496
56.500298 47.252851 16.057817
9.604240 20.412265 20.982926
31.215006 41.664181 15.455163
26.970516 92.783355 17.331940
19.725304 11.338703 20.413524
17.683171 67.374978 21.865254
39.099233 52.558462 16.615874
12.648624 20.775353 15.966536
98.786955 46.265989 17.291649
82.162412 2.516922 18.808350
51.286921 70.320365 20.822120
46.212676 85.275612 21.811998
15.338161 19.463886 18.295962
48.761749 47.613381 22.419763
57.107705 55.671627 17.513508
40.549773 43.913633 15.078684
16.737251 36.962746 19.123127
38.101445 81.714441 19.560717
6.286697 39.725565 17.854783