71.816393 14.414131 19.086010
90.741721 54.488046 20.593124
54.071328 73.435339 21.403640
67.993889 30.133632 15.305170
39.828672 69.141868 20.925240
53.333497 67.446787 17.055950
34.879044 18.618873 18.589901
73.059375 6.069283 16.180710
75.689661 49.958288 17.448154
57.654318 17.094323 20.118961
64.943864 34.985418 21.202285
47.879160 22.185653 15.001446
46.166045 11.547503 17.711906
25.553406 86.382676 16.055463
10.934395 65.252528 16.341829
84.461483 28.929978 21.451277
30.993478 31.500695 22.184621
51.792958 21.994455 19.687228
51.252456 90.863676 20.539041
64.092542 79.070971 20.820680
93.772253 81.202245 15.318154
20.989111 34.879290 21.100143
10.463467 26.097965 19.913483
34.133320 32.124223 16.377276
61.538236 3.850408 19.788325
89.481997 75.596952 17.275403
94.450923 22.158054 15.308797
10.275885 84.593870 18.242280
22.830431 95.566511 16.960654
85.565051 85.135547 17.949554
55.301709 83.156467 16.180333
82.733732 57.646573 20.191102
75.529164 30.798937 17.638812
54.169545 40.286280 15.457674
65.281280 5.092859 21.634630
31.964534 68.385800 16.451407
67.485441 33.994371 19.417231
57.473612 27.400226 15.024393
64.682006 14.717002 20.188235
10.677936 97.109876 16.105135
64.705826 48.799842 15.396618
44.794288 15.113040 22.302433
72.341791 0.023274 17.494478
48.481034 10.505144 17.731212
91.018749 65.613878 16.301478
11.144385 60.297337 19.490075
58.974778 19.214163 16.398522
39.191633 63.816504 22.073875
73.443949 56.150434 20.707619
50.508833 40.456126 16.539633
39.602114 30.892323 22.132401
65.772292 79.704183 15.064835
10.142196 77.036584 17.842116
82.775854 92.922755 19.117297
53.990613 91.140859 18.320093
52.281507 94.179471 18.234781
90.454039 98.061343 19.989676
61.539282 28.189157 18.077428
84.743594 2.896159 16.932648
57.664317 89.580408 16.181127
64.871862 73.633254 17.500032
92.751748 94.470785 16.763324
50.993197 68.743772 18.065747
0.531609 66.146178 15.827358
94.638730 75.404050 15.741650
18.469978 27.994181 20.008318
86.166746 43.318893 21.066521
66.567633 13.085194 21.888081
83.414355 89.872543 18.204056
88.594809 86.257841 20.820987
59.434208 22.167817 18.905741
92.178224 53.315340 18.543911
14.573078 68.810325 15.214047
85.363237 65.788671 16.593581
84.342826 85.046364 19.257600
36.751433 89.049245 16.510322
86.992483 47.284611 22.312374
43.618833 94.111652 21.073722
55.438319 8.396788 17.287679
99.525119 88.813155 15.101003
88.483546 71.278443 16.863474
64.240677 85.398005 21.270446
74.868402 99.355424 21.241159
17.469951 78.718083 19.371531
80.353650 38.167296 19.485357
76.304636 2.316869 16.201529
21.687965 15.850595 17.406661
74.575626 85.431341 17.764015
99.227209 41.614460 19.095786
46.943801 63.871134 21.816395
96.363277 0.443222 18.740876
4.036018 68.639294 19.693758
34.051943 19.122731 20.549174
93.592278 78.841656 21.710694
67.977835 36.088856 20.920598
53.517470 97.397303 15.853943
8.282207 38.820422 20.047160
55.141541 90.724537 17.699471
51.178728 83.493792 18.911637
30.593010 28.503255 18.337965
79.651263 85.802883 17.614676
71.228479 86.140148 22.364736
6.296418 75.118171 16.054697
55.268497 55.090043 20.185759
93.261488 99.671814 21.795631
9.756190 50.022309 17.642414
91.169765 67.804812 20.836922
7.670656 18.543115 18.377676
49.546504 94.427059 15.728148
22.572632 80.723394 20.523786
1.405731 70.918929 20.428189
23.800190 21.086565 18.296773
79.503381 82.521076 22.239555
83.664587 30.028244 15.053166
27.685297 48.716091 19.632983
80.640193 79.470664 15.847441
47.498162 56.015190 18.445934
97.519139 51.630262 15.829106
58.003011 28.286445 19.821995
21.977477 61.088857 19.567097
91.106895 36.910263 17.091471
1.489278 33.268931 21.902868
59.724881 78.007444 20.715101
96.097525 80.359927 15.971477
72.334008 45.388652 16.942924
91.805914 87.011153 21.803960
14.231046 83.551792 20.894898
11.884064 86.249490 16.684874
91.953117 91.379903 18.517140
47.136670 94.440947 22.356305
61.654876 94.956225 16.811162
21.370362 83.750606 16.258469
36.465318 71.401784 20.523328
96.139993 22.638370 16.076805
36.918168 29.907559 19.484326
44.984220 54.685750 22.231009
89.472897 21.361639 16.118025
99.910261 36.805906 18.563776
85.131638 71.761225 15.091866
17.547879 86.970279 17.644866
1.732672 74.408048 20.491958
3.296552 17.718798 17.949477
43.541809 38.682501 21.881933
91.807971 36.248192 16.806731
54.429772 25.275885 16.648740
0.293159 88.150998 20.142342
46.338602 15.340584 20.458490
30.979927 53.083783 18.132300
70.197025 96.799503 15.776289
2.888158 48.506420 17.176135
20.902813 68.361562 20.556636
43.352732 51.857538 16.310824
6.367849 82.726532 20.377671
56.594507 53.614802 16.785770
23.452027 60.282530 20.539967
21.261260 21.893428 22.124488
81.914696 31.273665 18.366422
86.730347 43.364950 15.093296
68.980840 24.423690 22.051425
61.326683 59.938765 19.344246
19.161857 39.611857 21.241481
58.999563 25.257037 19.831646
48.638490 28.427615 21.711382
74.657788 73.877587 18.620991
23.454020 92.982511 15.858066
59.732192 8.435925 20.671285
38.754151 31.480230 19.608496
77.727431 51.658291 22.381083
51.831003 95.762039 15.856083
73.432224 86.691868 21.716783
68.949254 46.700325 21.394512
72.505382 54.623956 18.429720
33.343782 73.803550 22.024081
46.822299 14.873093 20.512239
53.136753 14.831002 18.207742
9.386370 91.552111 21.991502
39.879236 63.935736 17.023708
41.787885 18.365545 21.445259
84.102152 78.265692 21.751820
26.772477 98.280599 21.136148
55.549758 83.407601 22.137754
33.926272 71.836220 21.594520
92.654289 72.761839 15.441346
93.297884 45.509729 16.273440
45.855472 9.669874 16.690812
39.559317 12.059220 19.098195
32.381310 95.079635 21.362067
5.662090 37.809933 20.494670
21.285250 72.941634 15.116643
6.784228 82.534969 19.514617
5.512546 34.589491 19.722248
80.995799 51.514502 15.041959
6.604126 8.455031 21.846726
59.471074 42.513931 21.357639
3.653924 81.068512 19.397934
68.388070 42.304104 19.915648
29.665813 50.465157 17.422866
94.926781 7.146119 19.866308
21.747138 30.065733 21.276136
56.360224 19.548763 15.485515
44.912140 90.621175 22.027185
71.547667 16.032817 22.217861
94.213732 0.383319 18.439134
46.407230 30.033629 16.638180
29.179268 24.801850 16.734730
27.532470 60.295879 16.291151
59.734007 18.991873 18.349288
66.423383 53.085057 16.639741
42.046302 61.140952 15.572742
82.050941 47.078399 19.655410
93.506992 73.083515 19.658882
26.863798 24.095645 20.058822
8.130135 93.596519 16.926229
53.908666 26.849133 15.490398
32.825899 85.030489 17.974856
21.379899 28.219428 19.809353
15.987951 28.939128 18.428178
57.515328 95.054275 20.395976
96.388004 11.693704 16.267000
7.094097 75.189026 21.387697
95.895800 71.314616 20.861665
84.047033 44.793923 15.743383
10.858519 0.426362 21.685679
62.492467 2.271512 21.121289
83.451218 20.243952 20.795282
5.739589 96.771752 20.597777
3.253587 69.552340 21.690672
76.573843 75.987093 16.628733
4.772563 74.894449 16.341694
83.429708 28.461793 15.518799
15.954618 47.025171 21.131494
69.560710 37.171864 17.389962
15.091823 37.321395 21.469194
46.219987 38.135648 18.868162
50.000894 89.625616 18.333633
98.378622 20.056021 17.353075
40.463410 55.318706 21.156448
87.444806 44.335593 20.836363
83.150440 6.759109 16.325182
63.320439 90.728744 22.284483
37.583853 99.533638 15.611094
6.464098 80.977879 17.208142
29.313786 57.863948 15.039806
75.012277 11.248317 17.910586
59.401665 36.519412 19.713555
73.156229 49.315745 17.140108
49.290827 49.500514 15.383225
69.409877 78.041482 19.330013
76.138276 56.428394 21.832020
6.705348 58.616641 16.960161
54.845845 64.272345 21.375091
39.131723 77.277014 20.436484
59.866135 18.245613 20.658712
38.849764 59.520214 21.786693
38.123511 60.542045 21.392050
67.255940 26.516414 17.135883
54.096448 3.645650 15.761829
97.092893 11.504112 20.439986
60.557576 23.307675 16.606995
30.689071 38.527060 18.015625
6.470602 27.138854 18.343532
28.817061 81.864977 18.941644
18.313394 16.289731 21.138024
68.330229 13.776370 17.310243
26.363742 99.399261 16.337105
14.950435 27.375846 15.412619
27.048249 14.810931 18.276947
19.576259 34.835862 20.857905
35.368764 52.015623 17.616002
80.096876 89.214155 18.995122
76.044685 28.447626 17.298800
3.707130 61.364241 18.047318
97.756135 32.596022 16.478412
68.969610 1.222256 21.917248
55.046507 88.856042 21.300726
31.867618 94.549902 19.202209
34.511423 61.199875 21.556424
85.755584 42.845396 15.946191
30.418807 66.100051 18.988258
17.395646 80.294588 22.383579
93.020090 62.400351 16.453636
92.778429 31.720724 22.267250
39.534751 45.055428 18.212986
80.089592 81.518474 20.575086
82.735100 38.412082 21.784589
67.215244 50.710571 21.158573
89.228002 92.941114 17.515738
0.303222 35.857631 19.769179
92.992735 47.753458 18.000167
5.534801 52.810578 20.645324
1.812421 50.739457 20.118474
16.242661 53.947474 18.017225
36.533014 38.239312 18.523558
0.625944 85.438966 22.365566
3.078006 74.008871 18.298674
49.271953 87.375800 21.814411
82.731124 62.989416 16.895162
32.255194 96.127449 15.561139
24.756954 83.010642 16.974723
70.278196 8.177803 17.096523
86.033063 28.146503 22.273054
13.405398 80.341298 22.157776
82.589101 82.956872 20.864999
8.186880 12.311398 19.152220
90.268070 84.083382 21.660720
63.768535 48.985344 19.904955
92.830761 48.950817 21.762385
67.093156 66.547181 20.892129
71.333134 92.280574 19.196270
54.232844 8.773357 20.605786
64.288053 46.327122 20.721773
16.182075 72.593307 20.060220
34.835657 59.176681 15.199076
65.724971 60.658364 20.839109
94.021167 57.186601 21.162865
59.987835 10.673939 15.281927
97.348388 62.022853 17.453593
25.432190 82.889576 20.943794
1.805649 21.354095 17.891617
91.402879 3.547985 22.179275
2.644396 54.944544 20.079366
57.670190 14.976021 19.483276
30.973853 74.453687 17.776348
8.511438 83.853736 19.549388
78.381577 16.960801 21.275113
83.560320 53.499556 21.645199
34.277815 56.569137 15.418603
93.370952 80.508510 21.474319
28.647238 10.239851 19.632710
15.388906 10.119618 16.921732
50.643889 5.869594 16.782326
84.604265 36.376604 16.973036
44.819343 51.414835 19.827620
87.763686 86.615224 15.161897
87.420110 25.419459 17.531575
55.006323 52.473354 22.498368
31.357685 7.017388 20.220127
90.234635 43.617990 20.744641
11.530765 29.260997 22.035156
15.749428 75.341654 18.408576
52.194425 10.546058 19.530808
15.898655 2.196130 21.336718
78.416194 12.332303 19.237655
84.632506 30.061700 19.034164
56.667829 53.309307 22.098898
55.396094 37.402637 17.495438
78.677480 56.595111 21.025740
57.866312 41.848457 21.807931
10.039451 54.772156 17.779399
89.501032 40.629263 16.712036
16.482120 79.484358 21.721600
80.174337 85.048284 21.644814
96.225394 42.374655 18.759442
75.648340 63.369174 21.169677
71.713594 44.489059 16.932780
57.546161 99.977744 18.276335
29.447468 64.537279 21.597944
32.487783 2.195407 21.753404
53.253418 88.436653 17.088987
82.196016 31.855650 21.662763
51.703965 92.083907 20.380282
19.182169 17.074739 17.754790
38.914428 60.524856 18.161690
67.227223 99.713645 17.125760
85.336880 40.841082 16.209059
27.120529 25.223104 15.013020
67.886451 58.095864 15.049299
63.491066 30.582519 21.716313
28.193005 58.736151 17.257527
77.540980 68.591239 16.904191
29.968780 91.600550 17.011399
85.298727 32.154720 19.553633
66.861211 25.914476 17.968952
57.956624 77.266239 21.571215
48.678975 45.903086 21.954089
26.180762 61.833055 20.816387
81.085316 2.521747 20.440581
79.201397 29.960498 18.334736
68.646919 78.048220 21.554002
85.215098 40.410699 22.246721
95.250081 83.645034 20.853373
1.221617 13.670270 15.188747
51.600130 73.181754 20.145662
45.242712 95.143166 15.648427
8.631742 17.264028 21.594346
95.605603 14.466283 15.854327
29.446634 57.739417 17.545136
1.347114 77.506344 19.000256
41.030331 71.277278 20.984512
37.662251 14.531978 19.943514
68.992997 44.770252 19.517105
51.752810 74.919506 17.489804
11.673168 98.967101 18.446937
52.081717 50.224054 21.569269
58.876231 79.453820 15.826046
42.843946 24.137225 16.184147
19.636950 25.371245 16.279993
55.287703 32.556243 16.928444
20.415435 29.479579 16.383087
26.471658 44.764909 19.269383