55.365667 95.346036 16.581726
56.131330 66.114191 16.471638
78.053030 70.517992 19.781074
30.591026 56.905906 17.334055
48.225601 38.979391 19.736511
45.873410 2.660467 15.088304
43.667747 4.171082 15.720648
49.537992 57.773461 15.498748
26.544726 91.735708 18.124492
3.949804 6.325652 19.556584
71.825963 92.949319 16.524051
21.198210 30.714431 22.386732
21.833719 61.548109 20.705561
19.423482 55.051412 15.207951
67.602213 38.210208 19.368293
94.177930 79.701698 21.318076
3.152901 99.649140 21.186443
63.950338 66.970767 19.211130
50.439611 74.484338 17.242107
6.712314 50.496695 19.200188
77.730568 25.450406 19.665612
83.505949 16.430260 20.456742
25.371391 13.452745 17.770314
27.286659 14.382144 18.487165
62.828890 69.765887 19.015803
31.930229 63.142331 21.531943
73.609751 73.913534 20.806220
48.941352 83.912203 18.514551
74.318524 94.980612 18.035900
78.293884 14.230128 16.857043
29.315188 26.526194 16.528233
58.537125 70.544895 18.966121
93.432426 52.020786 20.001196
84.811606 93.199326 17.512739
46.270087 28.333374 15.316304
76.114509 59.297725 16.308146
38.876085 23.154820 18.700835
99.142805 7.937402 22.335283
23.667007 43.856528 20.088959
44.466285 6.191962 20.784255
30.292292 41.996673 20.436563
92.723213 9.740504 21.248739
34.216231 65.218437 21.984014
90.237570 22.663294 15.990968
80.441501 61.178750 18.598614
71.331357 39.501581 16.348288
2.417947 43.286471 17.769677
25.696272 85.332237 19.634426
7.779734 80.404581 15.543140
54.638294 44.880131 18.498252
89.875256 74.954406 17.598865
87.491940 23.030919 18.564110
63.781387 74.848341 17.277709
64.611686 53.347848 16.762987
37.723663 74.071431 17.423258
79.927032 10.075487 15.377591
2.446072 79.171479 18.372529
87.363901 34.153955 22.381273
68.264281 21.071783 15.763422
50.288429 80.458509 20.804338
48.156290 75.206598 15.585766
27.072682 84.265095 21.806838
32.347205 48.637730 20.237548
58.302691 70.590662 21.569122
29.958329 22.331393 18.115383
52.639818 99.987008 17.618930
43.123978 39.994698 16.061577
92.548521 23.942900 20.810918
68.816674 43.125316 16.491297
91.627711 38.450820 19.206841
84.469738 16.532521 19.201398
84.505050 15.414007 20.669769
42.870863 53.089754 21.176737
35.837946 10.450203 18.092835
7.915509 30.978899 16.695307
32.420112 24.307990 20.978715
31.360728 86.963183 21.375045
17.796360 40.557562 20.439126
21.945377 29.246656 17.495747
91.460522 2.573206 17.258461
9.938602 15.847972 19.113652
20.238979 89.846590 21.315475
96.296913 75.133801 16.611386
81.872436 80.879473 21.837100
29.478754 3.909141 16.531720
7.082819 31.908071 19.049184
21.562131 64.218510 16.978675
24.396925 24.508489 16.125745
15.739591 62.988133 21.120486
28.645798 27.208414 20.562587
46.613505 27.160612 21.334816
13.166431 99.678393 20.142681
52.114363 48.795024 21.704460
30.804782 98.168253 18.570768
4.895453 46.520217 21.112543
31.298695 99.077688 20.830283
55.083708 97.470485 20.661938
34.631254 62.662646 18.267419
98.131697 95.001205 21.460068
11.367836 52.339739 15.256109
44.241474 81.750433 18.947397
67.330301 34.984080 16.381931
26.499009 81.818251 21.713759
33.108987 92.918024 19.216823
81.417761 28.299709 20.109586
78.828293 68.591420 21.716676
89.186140 72.801874 16.762640
73.964242 49.184362 16.581930
21.409306 13.278842 19.413870
45.263086 18.792037 20.751929
75.629058 16.583799 19.593569
30.913163 3.639419 17.662623
70.776988 9.807275 21.106001
26.706487 1.438685 21.741530
0.800524 10.602560 17.350947
79.109626 17.752265 15.002894
18.916968 49.651895 16.971575
64.465064 54.184035 20.558430
86.856099 40.230932 17.371191
95.531186 49.268552 21.605981
49.921418 50.028391 19.055916
65.387120 41.522947 19.145980
10.414425 89.974035 16.985039
38.484807 4.323125 20.178822
39.044801 0.941292 19.813816
78.282666 57.005224 17.127977
79.594524 70.977278 17.111343
34.781880 26.694995 20.543460
88.830681 92.691074 15.423416
98.130564 79.089878 18.767194
83.156345 29.195925 18.458981
78.356019 0.761891 21.141872
10.317313 37.435010 19.113389
47.292626 82.233367 20.555796
62.366598 15.199100 16.482007
76.202414 25.832594 18.546942
23.525921 46.200168 21.160007
92.561119 34.501224 18.463700
68.703355 81.536431 16.460619
5.723438 2.050074 16.702360
5.114990 40.585027 22.302296
43.368768 76.521051 18.813084
74.127815 44.885392 17.700258
94.517283 89.400144 16.973830
78.900721 22.674842 19.805948
14.904370 98.644393 20.189253
46.815116 83.190650 20.881536
70.806494 97.071228 22.424452
43.089407 90.751666 15.816046
77.572012 30.993224 18.365589
2.042117 78.350955 18.600063
60.206266 95.583999 15.259103
90.030025 31.630958 22.375647
57.755841 28.984821 17.470516
16.511940 99.075659 19.357090
74.081434 35.661383 17.907989
37.679422 90.333933 18.528959
47.911749 12.331171 20.447125
1.909301 88.620142 21.613386
24.723216 17.073372 15.965801
45.668831 47.745093 17.553024
73.046097 0.984580 16.593347
14.251188 50.776893 17.613776
68.373645 19.198871 15.024307
72.860768 89.312618 19.058445
75.955862 92.998068 19.628096
50.385861 14.332070 18.773686
49.914892 91.789779 17.918235
9.911340 4.050677 15.614849
55.236627 43.376390 19.097334
41.123099 84.934546 15.606369
16.755086 80.184979 16.473314
65.798759 56.239309 21.934852
88.248625 1.415247 22.249706
17.749399 96.913238 21.813082
24.896874 36.195289 18.157614
43.938836 2.709359 18.479320
32.472008 89.542103 15.817296
37.691546 52.404318 16.711207
41.593027 11.507470 18.516545
70.915416 91.337730 17.869397
89.251166 22.825243 16.896157
22.008502 96.706864 16.596867
76.857436 60.971247 21.193740
75.601270 60.622836 21.796301
15.404525 65.683836 15.206746
49.330195 99.782847 18.093022
40.552442 31.045104 22.118237
12.400677 5.441405 17.304883
35.584636 66.666568 17.715941
62.880876 41.238965 18.056885
44.562530 17.561955 15.453603
95.001925 65.015627 21.001339
0.034480 67.438564 17.331728
2.375664 57.205693 15.041065
47.701668 89.492199 22.265373
86.137256 96.577754 15.190302
95.954326 77.354408 21.816495
51.361617 85.849234 19.117747
72.303498 14.010714 21.003322
31.293924 26.804024 17.640829
70.499349 43.400824 15.022282
49.131590 62.899327 16.458092
75.262568 54.589477 16.060552
27.925216 63.121221 15.497830
32.984205 64.146107 16.131664
43.568483 27.955811 21.966680
71.596414 53.229877 19.454291
75.369497 55.599608 17.912006
82.697051 59.847263 17.408161
26.024029 46.208609 15.721771
70.427189 45.527265 19.254465
22.462633 11.036417 19.442046
19.944446 59.740967 20.953632
88.553620 20.697138 16.350396
55.669679 95.713865 17.233131
72.421285 53.660149 21.365592
33.512237 17.133396 15.491436
37.309811 43.748686 17.713103
62.682751 2.067203 18.286994
32.890521 50.296305 20.087138
9.321949 74.256364 19.443895
84.655808 52.716556 19.622034
89.148423 72.612492 17.666083
86.641708 53.890570 21.234034
67.678423 98.769431 19.396988
31.870554 3.372923 17.809018
3.976344 86.666121 16.279375
98.490235 53.114760 21.405900
86.388299 53.983119 20.076770
57.543373 61.490701 18.256050
78.549108 3.179505 19.241330
40.374624 36.013388 19.081041
88.409902 64.820260 16.492420
89.082158 16.036945 22.422321
67.117897 1.760782 21.716164
58.246402 33.376296 22.105793
83.629002 16.652197 18.743864
34.366352 70.982024 17.267225
6.733248 6.216668 19.391811
57.088838 31.269152 21.021727
86.883071 74.114292 22.113021
24.086554 57.676737 19.811154
99.976365 81.454373 18.736696
58.377790 18.538282 16.638027
54.252989 34.216377 17.454607
49.166769 75.216988 21.570101
56.062158 46.911142 20.960690
6.683179 3.573773 18.666877
64.039811 86.971940 15.456768
86.348935 63.380904 19.840884
91.293662 36.806406 15.315772
3.162770 59.011016 22.401305
64.866203 20.326360 18.230739
5.428791 16.419438 15.580296
6.456431 21.864383 15.085485
72.992238 87.987982 19.978415
31.045018 69.798125 20.083857
79.345097 27.300605 17.106643
60.751264 62.164787 21.829908
15.979411 73.339941 20.427773
60.649909 70.045085 20.503445
54.060970 55.494953 18.245117
6.561567 62.318936 21.360521
82.452024 41.354434 15.314781
61.582658 68.881696 17.876508
94.952058 27.994580 21.428041
78.268208 89.602022 17.226419
79.708479 51.810455 20.043913
90.874845 73.692783 19.577734
10.091216 36.742588 22.290164
7.435443 60.036036 16.286031
76.777468 75.795203 19.012434
10.368348 59.479949 20.259381
54.083719 60.229702 15.607254
92.117920 70.888434 17.439638
45.963537 92.919320 16.139346
99.122743 13.888953 19.291089
44.319425 6.694884 18.332834
69.177835 4.303573 17.026602
97.338698 97.998267 18.124399
71.753913 70.208961 19.479115
30.233857 51.963685 15.790316
0.560933 2.958120 18.821823
99.553015 59.597235 15.793924
18.571495 6.509761 18.856513
52.200630 22.773603 15.850009
39.765875 12.453579 19.916454
90.660846 2.230024 17.357849
3.735464 91.058943 20.396350
0.433598 76.056160 19.948175
86.269809 58.099148 18.995432
37.854592 57.001453 21.145309
95.426935 92.664493 21.171946
97.722791 2.848546 17.647519
94.326058 39.899460 18.650996
58.194093 45.390742 21.530888
93.854412 77.337548 17.929386
69.180208 0.727499 20.429848
31.052719 64.620796 20.773771
28.289844 85.216158 19.178891
42.097875 48.999388 15.898786
49.803392 75.719285 15.595929
45.792068 87.128834 16.337906
19.097484 98.111213 20.013891
70.929860 39.672180 18.614553
30.556561 25.231410 18.029629
82.213709 88.185427 17.294824
15.528887 76.707210 15.085987
81.669650 4.329057 19.529472
48.407957 31.638626 16.484504
14.878145 31.867630 17.028494
90.520132 8.624167 16.878641
24.212563 8.304156 21.521464
51.868066 10.966878 20.357699
68.015293 73.102466 17.049947
99.903471 26.756588 15.099554
19.413783 56.408384 20.630887
59.630767 24.191183 20.972166
41.110685 2.193528 18.164036
96.312334 29.675318 21.224954
70.936684 98.147617 18.982221
18.549029 52.843171 19.157569
5.635790 11.845000 20.819704
97.974417 54.162066 21.542875
29.166557 95.346827 19.153887
4.802082 49.474740 16.105283
99.079072 80.104597 16.689480
94.264001 68.317506 18.913164
76.357522 68.562431 15.955213
26.620406 21.904460 17.669857
74.767666 39.890140 18.847754
15.569743 89.471051 22.042524
47.443336 8.039793 21.764266
31.668589 9.093109 17.408836
66.376820 80.218478 17.029706
24.311365 59.685739 16.607673
77.231882 67.415310 15.305714
26.419712 83.594509 18.675201
37.692497 65.109728 19.796498
93.354997 9.949114 21.163802
25.577117 18.068757 15.032740
9.933312 35.101838 17.352675
92.218735 27.091398 20.095968
62.840067 35.124143 19.735861
13.657124 61.795127 18.999092
60.952132 29.075048 18.311647
6.739617 63.200688 19.612969
46.769555 73.499652 20.633181
83.340733 81.352441 16.267591
13.610590 4.073822 19.054191
53.843591 77.692719 18.642538
73.006472 97.474169 21.768998
10.407566 92.566330 16.561559
18.730510 23.961431 18.148584
8.697673 77.721727 15.963566
99.344556 68.993217 21.494471
88.652578 93.152857 16.702923
78.442642 36.143502 17.185072
19.358597 0.335945 17.227587
63.495671 4.562705 18.473671
18.647384 16.890226 20.088241
5.708949 31.171925 19.982021
22.272903 65.866348 15.589362
88.771973 18.059345 20.914927
6.135956 36.977917 22.273467
62.517516 97.250313 15.192787
60.350060 89.616787 16.060502
83.392679 24.313401 17.925911
98.385403 20.534553 15.421115
83.709574 79.733011 20.846277
94.229085 17.180526 16.029244
70.873425 14.919570 18.214794
94.553640 47.965549 19.967570
48.045217 4.244090 20.494777
65.265938 65.711714 15.351795
27.763881 16.767705 20.460582
78.774697 21.712052 17.108600
80.882656 32.271806 19.115796
50.038685 65.858011 19.920640
16.456462 64.565110 22.455996
3.784986 36.224835 15.323071
28.350678 81.123510 22.109127
64.612655 73.352284 20.113908
37.079012 36.143798 21.857006
98.364257 4.683895 17.698752
26.649537 68.232844 17.080375
92.693444 87.899599 20.830714
94.981415 53.842360 15.876621
43.652505 20.658470 18.967962
79.068107 62.063860 22.221774
41.183870 54.751586 15.880573
11.038006 87.179908 21.128496
75.725401 7.997721 21.655639
34.508242 33.883628 18.619027
8.101241 94.468620 15.321821
99.538240 8.181383 17.416401
28.037712 36.698533 16.508212
94.413501 34.143992 16.081976
79.115393 40.292122 18.488633