81.196332 5.604905 19.742079
73.674735 31.920772 21.499549
22.252297 81.484926 19.793431
63.966007 74.690045 17.751809
4.788467 20.443046 20.675090
26.856283 91.387354 15.478734
54.145694 49.292212 16.359850
78.518945 60.819566 19.264746
20.257157 12.689628 21.450695
57.817493 53.926523 18.679064
64.427199 26.669927 15.504248
73.835200 64.144020 22.433279
95.486701 92.466793 16.658159
65.155595 67.724422 19.071476
3.138810 23.421720 19.614566
38.774906 54.536952 16.054698
84.356345 94.323185 20.779960
60.587147 42.800181 18.978013
36.609774 70.905579 21.537277
85.123732 89.714011 15.971635
37.875905 68.199838 21.147990
50.669597 14.153122 16.848351
36.954623 99.618414 15.748266
80.459896 63.888249 15.955015
94.731781 40.145206 16.087392
44.617910 36.041711 20.159728
49.161729 78.233412 17.719694
97.531013 59.143095 16.380942
50.820409 43.985410 21.814256
89.904005 37.325154 19.083987
3.490282 58.268377 21.791254
89.131218 2.737186 19.131490
15.958001 39.809702 21.516643
96.364223 25.392363 17.680531
68.901271 90.129776 20.776063
15.303874 46.568283 17.503323
36.645242 97.058572 21.472084
22.636741 41.877625 17.840773
37.816633 30.023630 21.002708
67.690336 79.599310 16.714968
22.864517 84.842431 22.168324
32.579584 64.433201 21.024031
38.040588 48.586938 15.802617
34.892308 96.147598 18.912263
78.025204 10.268800 22.136099
38.620525 26.681935 19.490640
57.912100 12.115872 17.061231
14.200819 31.599409 21.169049
60.654378 23.455598 15.748124
48.537866 96.486960 19.828203
0.946931 63.196712 18.598301
62.965798 26.944502 21.867621
76.915889 87.649932 20.285351
23.480610 74.850138 16.610394
67.452138 64.074837 18.132247
43.473520 59.348886 16.054620
66.612498 84.261084 20.160725
14.417028 92.907805 22.204329
39.088357 42.991813 16.244622
77.398258 23.728571 22.113755
38.478054 43.804756 22.472528
69.576605 70.150080 21.649020
53.963669 7.880365 16.355145
5.900371 31.231519 18.036818
66.310824 26.436519 20.002963
37.541080 27.016907 15.782040
50.170512 5.677614 20.934389
57.149531 88.978574 16.737307
25.761772 89.621300 20.484582
73.639023 87.783358 15.794084
64.900792 52.058322 19.526016
91.279246 36.105966 19.738712
71.181917 69.502350 19.591182
76.456442 62.638476 17.981991
21.637884 31.504970 17.365760
56.521318 24.752079 18.614078
31.485784 92.710184 18.982929
22.433682 54.975076 20.244648
47.742036 38.888117 19.611367
65.698228 59.842976 16.124704
96.596280 61.571192 20.345768
46.295340 70.745365 20.371908
96.442315 56.456334 16.908018
50.228134 31.886521 18.194464
98.995474 33.141803 19.109220
76.825025 19.033587 15.962713
69.906953 34.491069 15.690291
59.220080 31.647383 22.438120
17.318103 65.114835 21.057615
70.110861 56.145892 16.740320
87.465714 59.316307 17.592626
18.844945 77.669224 21.809613
66.157448 71.668400 19.441246
23.765386 61.939340 16.843368
90.759820 99.661956 20.315692
60.070469 90.101300 15.740810
26.710551 16.437076 15.833848
38.748551 89.039532 19.358203
9.542422 29.257773 16.882396
90.739811 48.412767 18.135645
36.716404 93.658572 22.226366
17.854632 87.746976 17.854204
47.716643 93.970323 17.707260
41.090872 98.369531 17.733948
43.640831 19.698085 19.491622
13.441753 43.099503 16.474982
5.730050 42.046347 19.161492
47.517087 85.843940 20.873105
86.728636 56.834412 20.784693
89.930896 72.811225 19.791362
1.171430 72.252081 21.830367
51.943364 33.712621 16.884698
15.173063 42.117114 19.177388
0.051324 5.487676 21.528098
55.555525 57.600386 17.477822
33.169941 41.263854 16.352344
79.653396 75.679476 19.294166
20.433427 97.183295 15.557137
43.605845 80.378505 16.254617
76.334376 4.220418 16.963969
86.863546 7.017127 18.081959
32.942875 79.724205 16.713679
21.263855 30.938582 20.080518
27.403756 21.029275 15.016022
35.691198 37.616290 18.446150
16.184477 36.192211 19.385598
37.915583 42.540805 21.400955
3.262037 39.299650 16.921355
2.288569 89.788461 16.115215
95.639914 42.157936 19.385622
59.667248 71.567551 21.350933
67.271957 81.123750 22.388466
39.393949 38.312795 21.955632
1.181715 49.516104 18.380882
45.382492 65.791701 22.357713
95.160229 45.790311 22.297903
15.180157 88.683381 19.763744
56.369586 82.375539 16.964623
60.069056 21.973014 21.483034
62.906354 76.762559 17.274202
99.933028 90.638721 21.155879
63.972213 86.876213 20.876499
56.327321 27.307372 22.461529
16.012407 81.990669 15.512149
81.485302 78.290801 17.655989
50.257053 52.793440 16.841941
98.828523 55.378480 21.135859
85.020996 13.898420 21.037335
71.613656 73.408415 20.418911
53.724190 74.138856 17.889390
73.980391 9.186728 15.074362
81.397344 24.065914 20.718957
27.369037 4.503493 16.951395
13.428289 11.900852 19.746272
3.141792 78.983004 17.404166
75.932826 96.384147 20.239731
45.174527 23.349462 20.749013
8.891740 93.929699 15.160923
21.442380 83.106818 16.842353
64.208881 35.616822 21.705171
95.839529 93.372245 16.543394
68.696028 11.362140 15.936119
66.256789 50.948079 15.851914
65.657977 45.209493 19.314019
91.096685 18.643120 17.418688
92.142257 11.121029 18.248625
18.203222 89.810848 17.048697
95.338498 54.709066 18.368850
99.712597 78.258391 19.556405
73.381175 16.338849 20.254385
31.511567 96.400388 20.496914
10.643288 47.987239 15.177671
13.506600 2.215814 16.024037
47.230268 71.631871 16.434034
82.272023 68.079108 18.915536
23.386946 65.511968 22.489719
67.959552 85.464639 19.525542
14.756629 3.204192 21.629257
2.284153 97.884078 17.200536
50.656951 61.433523 17.071138
5.552892 76.361011 20.429359
58.542415 89.572545 18.489359
44.465093 52.902339 18.782142
73.976545 53.011143 18.677388
58.912668 7.484325 21.274574
13.423171 71.711788 18.230444
61.206262 21.720537 16.655180
9.461293 3.381289 16.628263
69.815971 24.772963 16.535294
98.341190 63.975015 19.323316
18.201491 13.280317 20.702233
63.504193 95.895212 15.766919
67.581337 14.633178 22.075286
14.553593 53.437127 15.670069
90.823007 54.798437 19.594937
78.853073 4.540023 16.341641
34.369359 75.257642 15.398014
87.124247 8.024419 22.362275
81.818412 67.840955 21.307083
6.438783 56.528164 18.966759
93.779272 80.263961 19.164914
24.929733 68.001919 21.880452
35.951117 23.933990 22.142166
24.117022 37.558758 17.660321
47.508009 72.991012 22.018860
83.209464 52.220513 21.804765
15.351838 6.857389 18.672722
15.026632 57.126999 16.057246
60.569557 97.597296 22.482206
87.981425 42.862172 16.666749
9.831502 29.439046 17.377758
83.305670 93.860948 20.227957
11.035611 69.069093 21.113085
13.133438 72.783445 19.135947
45.656420 73.921067 21.374143
45.715087 16.034657 15.916903
29.131363 87.926851 17.202897
62.534597 33.818863 16.382706
77.995322 0.335508 18.216203
89.879822 76.423133 15.696098
41.057335 28.550709 22.355315
52.469815 3.897024 17.160888
71.147919 36.018983 17.244160
24.367466 55.957975 18.110178
47.111349 52.553906 21.819493
14.848989 86.008566 19.995589
4.256648 10.689421 22.054330
35.454095 85.936430 16.750064
82.818250 57.559629 21.377605
77.876181 85.156781 19.135476
65.080532 72.686432 19.333965
43.053572 4.274830 15.629834
82.964887 95.802411 21.556837
40.165210 16.599188 21.471992
30.700794 1.841203 22.256193
63.751958 4.143860 16.227806
6.150514 97.516629 17.962166
64.617858 32.439393 16.325566
3.557989 3.382206 18.346529
88.616078 65.058572 20.822135
54.894617 34.606259 17.850208
30.703472 89.402647 22.350572
47.515982 47.702592 21.971762
56.644107 59.372388 17.017305
59.589590 92.744113 20.740657
66.907517 49.928656 16.089486
12.857438 65.184824 16.718475
36.697589 77.939028 21.520397
19.585397 99.400908 19.607637
70.691726 72.998934 15.001333
24.947403 55.318275 20.476928
86.307873 11.877716 21.146251
37.725618 63.421362 16.947747
49.069159 29.580427 17.914752
97.729923 60.921858 19.505504
20.457463 17.977930 16.528462
55.365513 56.191961 15.350798
59.225008 68.816877 16.311789
81.424558 49.101105 22.182609
32.655052 47.789557 21.923073
88.572386 20.007541 21.314501
96.537375 56.710083 16.071573
80.114959 43.176035 22.269694
8.147586 99.799136 19.158821
1.105404 52.137341 19.766164
98.795538 28.709413 22.071341
80.219742 8.734532 16.512006
8.173667 14.712661 22.307935
28.693787 41.476862 18.972971
79.291051 87.040413 17.093162
50.482474 70.343295 20.513573
89.273523 23.177176 15.779288
31.249115 77.036202 15.496035
44.680801 80.386671 15.875683
30.517809 45.872903 20.490126
27.451360 64.977097 21.565270
73.591744 79.483903 19.000744
8.873590 47.408037 18.395087
23.144929 40.530632 17.075640
57.200833 72.987774 18.564858
10.600664 72.351419 16.924098
67.889415 15.049792 18.632815
65.252621 79.086827 20.546124
90.057741 31.896684 18.372609
95.593903 61.144666 16.346564
76.078878 33.358478 21.806118
69.384316 85.782893 17.266950
33.452954 98.970230 19.753696
65.680463 89.188719 19.675083
86.280396 31.182920 16.660506
50.984519 17.317347 17.793298
30.043362 20.858216 19.909349
42.259824 24.686943 17.311230
50.555446 50.192242 20.180694
94.331802 90.627749 16.065191
69.010778 48.309376 20.170643
87.458002 33.131468 15.303674
79.811317 69.099449 22.146130
89.992486 73.321715 20.791354
9.263092 44.252007 16.547338
33.835871 83.872877 18.205867
57.657440 72.198271 22.194165
27.130060 30.518514 16.362706
0.975226 72.297623 16.425320
91.782124 81.130790 17.475772
21.407492 57.419168 18.299496
24.950623 54.044566 22.288794
6.962802 62.747371 15.685116
2.823239 44.303973 19.355168
56.203049 49.216937 17.573230
18.358063 46.554947 19.660223
6.494099 23.206456 17.636845
56.230503 40.076555 16.238974
73.935682 66.674641 19.244499
54.195264 96.228386 20.691533
75.217390 12.021317 15.322448
5.020329 16.781067 16.910677
82.437627 14.226217 15.448137
82.251170 31.105634 16.567927
54.787681 69.963020 18.905014
85.929832 53.809260 18.102643
80.887019 5.965199 20.066760
36.923230 82.953817 20.358650
99.632512 63.599343 15.771174
7.179695 8.880539 16.819379
78.548238 50.586045 21.144773
32.486988 30.429936 22.318999
33.528701 47.051122 16.012741
38.020846 35.821259 18.541132
6.273036 89.375092 19.231807
17.116497 53.987033 16.314735
68.154708 82.298771 15.084555
50.122701 74.726119 15.258950
24.004389 13.318872 16.737992
67.880060 43.291835 16.696435
6.122305 26.149078 17.743613
66.687691 21.528824 19.751623
78.337083 29.554803 20.484651
50.103111 43.674420 21.237826
17.867182 20.341384 16.222683
24.066095 98.553784 19.756151
61.980988 56.043056 21.365201
9.339193 57.970110 17.085645
85.715462 21.122781 18.742970
8.212487 36.709077 20.093422
7.931598 10.654545 16.751772
31.499956 98.673068 18.796753
5.981787 34.996191 22.099524
82.590654 40.764694 18.724525
58.732962 38.654153 16.053576
88.139985 63.000978 22.417473
57.710990 85.840171 15.455348
67.768747 98.344100 19.618563
11.991344 2.321435 20.815536
91.246621 63.605733 20.325728
8.484521 94.918944 20.914082
55.248736 84.030081 17.020036
66.164113 98.561191 15.722395
15.337442 23.548256 21.898676
67.238417 34.394526 18.131299
44.238156 93.244887 16.094705
98.469833 29.984687 20.803404
90.753088 8.229606 15.961102
6.963486 77.230283 21.603149
23.859083 15.041012 20.817830
46.612486 11.693140 15.640796
87.899199 96.237028 19.908473
21.009243 19.057209 22.389451
70.194947 65.811504 20.357036
34.383557 24.729612 16.882631
77.379314 76.706243 17.002283
63.540888 85.612916 17.952727
90.913547 56.855476 16.290758
52.835956 88.311213 16.404120
55.863733 62.205036 20.768541
86.561365 87.856267 18.273103
12.260500 68.224239 21.237595
25.711490 45.834859 21.372448
71.312826 44.647793 19.862270
15.636802 98.420965 22.266880
3.161162 0.571524 19.730048
77.445353 59.451168 21.145134
87.159552 34.383098 22.421602
17.792288 45.299769 18.741022
86.034360 67.798461 20.393927
3.744767 23.811236 16.871231
34.876236 81.082223 22.022092
30.323452 47.619146 19.675133
76.206767 54.276608 16.662719
73.071899 64.194858 16.555099
36.887362 0.782047 21.685886
15.731561 85.286388 16.623688
9.408959 96.679181 16.145769
35.209838 19.385075 21.725575
46.093817 4.752904 20.766857
93.523506 72.381417 19.623129
43.852727 28.031486 16.191076
64.032852 98.463032 17.679963
1.953876 66.207030 15.302818
22.008738 67.848517 20.486209