89.078317 56.080004 20.518782
70.835685 44.187588 17.400248
20.118322 85.046617 19.441221
17.541586 48.493367 20.608469
94.215443 55.438404 22.210326
78.670375 57.814232 19.409849
84.659817 39.324258 18.811880
77.280557 60.366524 21.283246
25.388496 68.468002 22.021724
23.350524 45.334943 21.457815
89.470840 79.783295 15.431262
65.681666 8.131668 17.063084
99.793834 50.259984 17.571497
49.962879 3.564680 18.296095
35.838054 10.182244 16.632362
13.987386 37.980155 20.850324
18.743158 12.740666 16.791967
7.082183 58.837793 15.937254
48.700808 56.147861 19.923259
98.042296 53.927215 21.371124
33.681255 30.526049 19.190596
96.559161 1.418203 15.849041
45.836089 24.344841 20.883056
41.810693 32.269568 21.734732
56.968074 17.700162 16.247168
76.151329 32.614032 16.021826
10.132132 90.562995 20.681945
0.438829 40.262321 19.235087
88.669879 9.719169 18.929134
60.421760 41.927612 15.797110
41.214897 14.894774 18.285280
96.347535 40.429005 17.937724
33.704852 30.559852 18.920330
79.629178 21.812691 21.439142
29.646985 10.776277 16.715257
67.323128 76.234267 20.292955
75.581750 1.361477 19.060865
30.749809 85.184366 16.187289
88.258548 0.831915 21.087586
88.432361 38.474775 22.084124
27.577793 1.165137 20.940476
8.613626 87.372386 22.123469
84.086442 14.295592 21.852921
11.280401 8.606006 16.812414
21.763183 2.311222 21.713257
90.402553 32.192926 18.498272
67.794009 78.921067 22.128827
83.494391 35.026974 16.582697
39.182178 66.479928 19.419536
5.676005 63.981363 19.801892
83.681345 56.829622 15.140851
94.830967 98.889090 15.437357
12.815929 22.160664 16.303488
95.822712 19.021449 20.006114
1.713554 77.168360 20.607543
86.622264 8.552501 18.293746
11.541609 30.885223 21.809476
43.127130 46.620799 21.420700
12.986012 54.633939 18.754222
0.435424 27.219905 21.210099
87.869762 55.060757 15.597049
32.429920 56.689738 20.526331
60.839459 76.766027 16.803295
43.768024 10.209636 18.665190
90.596060 97.787949 21.353336
46.878382 84.622876 18.254432
37.088556 4.959986 19.359996
92.013440 6.462818 17.652873
93.174683 55.315462 16.615524
66.556532 84.990324 20.842168
53.867704 0.282935 22.094090
66.888721 18.371206 21.465994
97.237984 58.399944 15.008321
8.219221 83.378325 17.681308
49.940404 59.682088 15.253719
90.301869 41.007644 15.056471
99.672409 39.666148 17.922704
96.043875 45.334697 20.909933
97.549579 28.753031 18.068253
61.083113 16.516902 22.229116
56.304686 85.333828 17.553153
38.957152 58.376274 19.703485
43.336810 32.347145 18.705955
35.564011 27.120745 20.785420
71.213710 21.796716 21.833512
50.046295 99.772015 21.669869
20.356351 91.700940 21.348393
29.428598 66.353828 19.800319
67.075912 25.066955 16.347458
64.066668 79.810570 22.276665
32.802255 28.292236 17.229296
32.645420 57.340932 22.086252
67.226153 65.824652 15.455334
66.986604 24.069083 17.476577
98.184317 95.796153 15.845266
98.319787 56.949651 19.386371
29.099250 9.197281 17.721193
31.408387 54.086093 21.012049
66.342441 18.200325 17.025918
4.361581 8.076915 17.184934
68.597235 47.728553 17.561865
40.908315 17.900229 17.502442
19.080707 47.306228 16.306423
10.940046 68.261848 18.248677
99.169980 88.759943 18.962442
85.161175 72.951059 19.789504
21.115205 2.952410 15.688641
52.557758 57.142544 15.571018
78.069067 7.415978 21.959674
23.227341 93.677686 20.955619
42.008866 47.080270 16.610678
56.054887 81.095732 21.318017
3.430870 37.033508 22.108094
13.506548 31.006251 18.088245
74.094243 28.393522 17.453705
0.442731 31.622415 18.532807
64.998946 97.247455 20.764270
73.065359 36.396849 20.575684
96.249822 97.673404 15.951784
99.741600 1.532695 19.806952
31.177792 7.184884 19.699153
8.613179 51.684920 19.054742
20.932624 54.363414 22.362155
61.874049 45.220487 17.828096
97.174029 44.111654 15.074726
56.374549 26.725797 21.986070
28.920228 88.507426 16.092096
49.118690 48.057375 21.723861
28.539838 25.054391 17.516904
9.729565 73.929702 18.384225
43.435241 64.668731 18.159085
47.830314 50.093993 15.592264
85.040979 87.372005 17.985759
58.444868 51.181753 19.998510
77.432199 26.000000 20.419572
8.541534 72.999522 18.878055
55.618859 3.206735 20.529506
0.488286 68.064487 18.066955
27.595499 72.835669 20.053405
53.234266 93.510887 18.370060
58.304766 0.251488 16.665717
6.646741 36.886265 16.955994
33.704891 97.658245 16.715469
36.438650 59.906757 16.408707
75.678891 49.723341 19.486267
45.585819 40.888968 20.197462
35.558418 45.223862 17.250015
18.694733 19.075763 21.210813
5.896659 0.397792 15.047963
0.731407 74.647093 18.633742
21.528130 68.057923 18.489150
95.391413 60.837408 19.409193
20.551091 9.222961 18.272013
37.836292 30.977790 17.956778
10.298275 22.330445 19.766985
58.249310 25.072509 21.476415
51.791779 5.291305 18.547546
48.659161 39.861204 16.216940
12.388930 70.085123 15.925196
97.581824 16.804249 22.181710
89.034319 51.922107 15.528729
0.914906 70.913809 15.143268
79.693133 59.229916 16.141782
74.547365 58.930603 21.082143
83.973375 97.829598 18.837191
83.914218 24.678714 15.055538
12.017035 8.503175 20.947721
89.309160 97.094684 16.608459
91.473185 95.434533 18.871944
16.088880 72.878935 20.013455
7.252692 26.878161 21.275050
72.563030 71.978080 19.918099
20.117383 32.017446 19.401080
20.616479 30.889737 17.590393
75.800353 18.265687 20.167001
0.905457 69.102384 15.786285
49.515481 84.734214 21.852961
70.174015 72.676842 18.352521
78.341514 10.823778 19.472878
23.252193 43.934427 18.034833
78.057894 47.932951 21.483757
80.883585 25.287391 18.416364
62.057080 23.809506 20.066671
47.484146 32.562237 15.478943
76.950439 62.095087 17.507153
2.589454 84.994330 19.388584
41.834778 6.836107 21.452281
4.226378 32.106445 18.857816
3.144525 52.171581 19.708822
64.023231 77.937709 18.667498
6.419472 78.349893 16.270936
97.787891 11.260770 21.252869
12.082473 8.477187 22.399497
42.374132 56.886819 15.014440
77.293318 55.645339 16.151330
89.959973 66.204450 17.461182
39.257312 37.973634 16.903843
32.743327 68.643719 18.365584
21.893762 5.922682 18.592060
24.802377 35.429595 15.454065
43.889618 82.857756 15.006246
99.008134 20.787391 18.841561
89.277840 19.660167 16.302912
86.236118 55.965753 17.172139
76.665389 22.360559 19.776751
88.746848 81.501757 17.627022
55.740131 79.001554 22.024165
69.173622 12.957228 20.871953
96.510286 31.525208 15.299255
86.184092 2.414527 22.312489
45.426710 47.158005 19.213713
46.349977 89.767128 22.030046
81.998040 38.361545 16.623071
59.082291 56.073976 16.611416
17.973803 66.439771 20.487489
37.988014 57.732194 22.319774
66.325668 20.117044 17.579553
96.648455 21.408714 19.204534
8.935236 65.723558 17.766744
9.557869 8.381018 21.967913
91.621587 19.752496 17.981831
82.951860 76.010490 15.894722
79.198256 3.704599 15.951458
9.051918 4.215462 19.003054
87.454466 11.197000 20.840139
2.853370 20.897468 20.646993
87.717293 68.054382 21.074956
95.315555 46.950208 19.953001
15.078707 47.318463 18.122225
36.476997 87.183527 16.918206
63.534133 93.603752 17.922409
1.629724 18.865660 18.812222
41.893069 30.135497 21.433754
82.089940 79.630842 19.657671
14.053101 78.753490 16.834741
23.436482 88.436216 22.238346
90.863839 62.990833 21.028368
98.595331 94.197971 19.427636
36.391165 72.495136 19.265711
40.395829 95.650669 22.456761
9.900323 77.665677 21.925550
8.370069 66.258066 15.307841
35.089316 60.543694 21.305589
20.009855 38.032561 20.054058
17.029607 44.742487 17.451651
3.841429 64.062614 15.048044
79.773618 31.223810 20.481338
53.890211 23.511881 19.196418
44.075099 69.072796 16.059340
82.638310 23.233450 22.189086
29.619063 74.155836 15.691595
55.203225 76.218573 21.835556
28.634628 93.601384 21.376441
79.743661 58.911402 21.806881
7.446044 23.950594 19.763894
61.490997 19.632321 19.218639
93.041149 59.771575 21.945177
38.735153 24.928807 21.906250
84.665338 12.763547 16.564745
28.848717 2.467939 18.276169
76.540719 53.345832 19.404531
95.458781 44.039033 16.547093
27.158531 13.901260 21.415306
32.362701 46.528879 16.304737
41.438510 50.297569 18.775233
16.370379 6.025928 17.754951
17.079767 26.405664 20.526050
86.079558 9.900513 19.536885
3.538378 44.356850 19.118898
44.698601 46.002977 17.089774
39.518507 74.038728 18.098335
1.765286 46.891155 19.086638
4.730431 87.317518 16.030302
10.204995 73.743786 19.803677
72.365015 30.359914 15.522481
90.401941 83.413837 17.320002
95.243881 23.227688 17.612747
41.700346 37.085352 19.663984
80.344406 91.906625 16.222091
48.277561 42.101302 18.906768
12.043025 33.899641 16.969637
16.294378 97.364503 17.460915
34.860672 9.866560 16.226461
63.518371 50.683194 20.569150
57.287753 9.435320 16.393832
39.159496 99.942645 15.159883
7.237329 58.571277 16.294571
35.598928 87.375812 20.260197
85.505896 34.742183 20.139321
40.683054 19.675294 22.251253
20.726418 40.346179 18.507187
71.459804 82.729752 19.908289
57.972268 14.762764 18.934024
7.406796 79.764687 22.240170
54.232177 18.647598 16.686689
97.729510 77.731912 15.205394
63.848091 53.771697 17.571090
26.001328 16.840571 15.084883
76.855895 58.202999 19.834190
91.504961 30.804376 17.476197
7.291353 36.338790 21.682243
41.046435 81.744948 18.419331
41.025949 41.390196 18.121295
3.404216 71.463816 21.932873
98.931477 32.037199 15.748039
22.248563 82.360759 16.725370
0.797218 52.052648 16.229648
21.263226 16.326544 22.376418
71.791798 55.270677 21.977500
95.455705 21.338449 20.302738
76.707101 45.557439 17.236534
56.783851 77.055993 21.634803
29.947252 2.378933 16.031543
84.669247 59.023041 15.615817
73.266644 2.780809 22.293107
37.879703 50.179066 16.380392
26.268798 11.361304 15.701891
23.606775 81.209411 22.088857
33.874434 78.793524 15.385264
66.381600 75.285284 21.500071
34.499615 42.789866 15.876778
87.154533 84.218575 16.625321
65.409871 29.620331 18.440160
52.317612 28.192833 15.139639
82.238070 4.238163 17.856070
60.336521 14.041934 16.548604
94.556176 90.907400 20.881953
56.618287 14.301636 22.169579
31.594515 11.132794 18.651187
61.836095 49.206365 20.571894
3.541117 75.948078 21.319094
36.184319 99.630519 17.313565
16.197287 76.884924 18.758350
99.646959 23.681826 22.101690
26.363303 13.125368 15.207433
72.213619 66.668091 15.135466
15.045804 58.534501 18.448790
20.628135 73.097497 15.297423
27.981317 38.369144 20.507728
54.215126 98.195325 17.088334
76.968077 75.988412 18.515469
91.034876 82.382155 18.905152
70.751653 18.506049 15.963746
31.963482 57.130865 19.694713
83.751957 50.917622 18.374140
40.830047 0.979597 17.001051
75.782598 41.886490 17.606571
94.146566 39.385833 18.783152
46.173799 75.044715 18.598900
80.588647 60.812083 22.099777
45.250314 42.749671 18.879812
27.948292 32.839186 15.508637
52.097655 0.436381 17.654446
75.579868 16.415983 16.533857
72.015070 25.392877 17.964516
25.733690 33.282585 19.307297
84.843004 7.690631 21.901622
14.212446 27.801194 22.144694
62.664984 24.513692 15.368094
90.988099 19.096006 19.179139
65.629500 41.723190 18.926206
76.583897 79.373556 19.229753
80.249189 51.257667 21.533826
7.514681 97.935772 15.621392
3.205955 94.729966 18.144269
41.012417 35.795826 20.666818
64.724044 41.073676 17.688279
96.076169 89.194801 20.091854
38.250378 27.685786 18.519474
8.833135 31.445830 19.935030
62.854616 56.862638 19.427292
83.145556 56.140631 22.106592
66.490784 93.539566 19.021552
66.309784 15.707751 16.724440
96.224336 10.246731 19.267114
15.570504 31.570029 18.385803
81.886174 55.926038 16.078507
94.042936 83.753945 19.171168
83.219368 85.994336 18.132768
13.867980 68.300289 17.948751
79.964402 61.004434 21.293584
44.864256 41.226743 16.128997
64.972386 31.392218 18.926719
21.213138 93.612152 20.738261
97.113730 26.632192 16.756969
9.619682 77.973901 20.844722
72.993692 19.685816 15.897076
24.321360 81.260600 19.796743
18.100881 35.449579 21.715675
69.525991 43.321095 15.427218
71.595247 19.428697 20.865009
18.665372 41.202731 18.372244
73.319208 36.343896 20.013831
23.002506 67.454753 16.157584
36.308905 3.113208 15.054886
88.473766 58.470879 18.087056
50.367343 52.205356 17.677343
28.423803 23.142309 21.358115
22.506559 23.799014 18.583164
96.317880 19.922990 16.671970