65.684186 64.604664 27.793174
16.130326 72.693421 31.043799
30.844257 61.052081 30.893054
7.781128 63.501213 26.421960
95.890332 65.998142 26.319649
86.403164 0.494909 29.886788
21.047964 82.791011 26.280869
0.470204 14.661706 29.697881
17.278866 73.162935 27.456694
85.319660 59.863517 29.842575
56.499802 73.170360 31.179618
99.615310 80.446101 27.368409
44.591195 12.013715 26.955946
97.266481 96.740345 28.536957
36.502922 86.878150 30.069581
75.815348 63.065173 28.956979
33.534983 64.276225 25.201789
83.733381 32.263326 29.835253
97.802410 60.640732 26.011446
64.500634 94.735172 28.869069
15.508798 88.260036 26.042312
33.361407 29.452700 30.556371
88.114919 32.873063 26.566028
84.963504 69.023898 29.860232
51.174856 68.306768 25.527123
21.904924 54.457437 26.229344
96.843185 5.538082 29.587958
72.007640 68.196239 29.617588
35.870099 17.287889 28.878175
61.605653 25.322682 26.508598
55.301055 11.190714 27.388004
62.829994 23.900285 30.829926
46.073664 61.828615 28.770748
86.194855 73.148461 25.312562
73.377782 42.366243 30.708373
0.495483 90.655582 26.059654
95.892034 61.461486 27.914220
43.970900 37.973268 28.973115
20.106065 22.630864 26.060172
9.872606 84.861656 27.724284
64.817423 0.929073 30.311582
80.306314 76.266661 27.903443
1.364197 18.087607 26.274379
89.913188 70.455517 27.960528
46.601839 52.072601 29.569639
64.861184 90.709655 28.384624
29.947008 57.231033 26.311620
12.301696 5.237576 25.125824
89.253885 48.956542 25.583255
26.952273 6.820959 26.397683
82.165667 16.562983 25.608446
88.362135 30.078954 30.475530
85.762470 64.943684 26.810318
22.354278 95.340822 30.555085
48.763138 91.927981 30.076302
59.049204 53.784405 27.676952
86.212690 95.790864 30.665063
87.370994 38.442214 27.963181
39.853633 84.609042 27.451668
46.527065 49.003337 30.399533
91.213039 0.300714 29.578427
51.290135 92.930726 28.831946
67.571162 58.124766 29.674574
86.904403 52.363856 28.459397
21.159899 79.004111 25.780332
7.021133 11.750102 25.132583
27.192263 49.898015 26.562223
78.854083 80.041257 31.036961
63.307299 76.202860 31.052588
62.331299 19.433493 28.653782
39.250667 53.197997 29.368741
40.009508 2.483801 27.018937
59.722493 10.055773 29.499464
69.193565 55.414226 27.564351
90.278409 64.440631 28.871297
16.590971 49.175939 25.261131
74.924867 61.418217 27.046778
73.643656 22.303261 30.812179
17.921063 24.600251 27.298961
44.195564 30.508931 28.092463
91.108076 81.954902 29.373534
22.342201 92.278645 28.692525
80.903943 1.725331 30.337137
44.957661 64.131344 25.711407
51.316036 69.907173 27.991537
90.750785 53.988884 28.780335
34.620334 54.332609 28.657847
68.216272 86.463140 28.512427
84.409601 12.772228 25.032144
99.220508 89.909481 25.814874
31.222785 98.046804 27.859005
84.249934 5.474182 27.378075
43.971572 76.633468 29.651778
9.138684 4.760163 30.255689
54.890966 94.450097 28.087497
35.787014 90.546657 26.190199
84.478233 89.571432 26.240349
20.107732 48.713289 28.062620
70.625901 37.503695 27.090198
13.678012 28.633878 28.454057