95.195441 38.811619 29.709359
18.441477 23.084887 30.882552
38.617985 61.027715 30.827573
20.946944 6.303785 30.578768
82.590042 56.607694 29.563345
15.200572 62.769881 28.978085
82.490779 56.881940 30.315058
51.637593 45.093779 30.547595
12.097636 8.327417 29.649645
59.027266 68.292053 30.517508
57.347821 35.355849 30.832783
90.084787 18.956992 27.295196
57.322025 55.679936 30.617961
28.137507 19.726548 29.122996
97.712388 5.819342 30.467202
23.703654 80.841426 28.181537
80.681122 37.504629 28.063880
35.520625 71.373806 30.224981
35.818748 20.707589 26.511205
1.019452 27.332482 29.607014
15.657272 1.209403 26.489874
55.749436 92.993487 25.493049
17.074116 44.133324 25.195691
0.943286 34.196145 26.849290
8.192387 65.324254 29.881861
31.978313 55.000110 28.259996
47.719494 98.890745 25.709110
93.084891 8.936706 30.190410
66.023929 65.468472 30.157615
0.768214 81.500691 26.380011
3.949398 34.067149 31.248289
55.933170 38.080335 29.054084
77.576955 29.178937 25.212605
69.825759 34.597101 27.984180
4.758700 11.277875 26.438365
28.121145 4.095425 30.320874
53.010380 47.806990 28.563877
30.447894 45.671399 28.518951
86.754867 21.207467 30.116739
90.023530 64.632763 27.646296
19.377924 32.507107 26.299469
28.550372 73.853335 28.785758
51.433946 92.503842 28.519011
61.652867 77.719248 25.050974
13.645481 90.862288 29.352515
80.245991 64.123363 27.332907
33.890824 89.585718 27.430770
11.263032 35.872497 26.540553
39.956155 6.040528 30.741396
22.583030 51.755427 29.398506
28.845528 60.950732 28.007309
48.580129 90.688061 26.749770
60.536685 29.960189 30.577600
79.398945 7.674007 27.034035
26.204253 71.276959 29.802144
7.333860 92.179382 28.726438
4.885137 9.268926 27.017402
82.126783 38.594024 29.076092
18.638343 59.870956 26.348627
35.734342 25.133678 26.563250
95.141881 81.027444 30.656030
22.260779 25.487137 25.129468
35.201852 87.166436 31.016170
79.799935 5.486519 27.167855
82.042436 67.162906 30.993737
67.694648 95.536361 27.398179
72.003864 78.687968 25.827496
36.918813 5.959435 28.966254
37.988622 37.104040 28.815712
32.464403 53.144396 26.052291
96.269010 5.331943 30.418246
3.133255 55.223916 25.949713
97.644609 24.652746 29.391398
47.282111 38.834897 28.113049
24.342616 64.850224 28.990269
95.135179 11.267870 30.009064
85.628648 63.415974 28.165715
60.270859 97.674376 26.075109
78.913877 42.048309 30.010135
65.221932 93.471870 25.216849
97.633263 33.927571 29.824082
65.333774 76.399117 30.829536
21.210072 19.264247 29.502517
52.729590 7.624932 27.971620
8.239638 72.703043 28.279141
96.381953 35.861365 25.262871
13.080093 0.512305 27.445486
36.441051 55.720414 26.151054
73.413071 20.144097 26.197087
14.854506 94.541851 27.838026
99.421490 85.033410 28.040454
53.924905 44.030722 31.076304
72.481734 87.804281 30.308164
44.436135 37.236250 28.799382
39.037149 69.235661 25.039861
2.766150 85.928033 27.395074
53.923607 56.567115 30.417013
20.411949 86.601467 26.575610
63.093412 81.182840 29.144187
44.807436 92.698707 27.691547