77.577458 51.211719 27.216906
31.110125 51.052241 30.389704
55.288441 72.415445 28.642321
58.173699 49.751634 30.955783
3.437783 71.243313 25.797728
77.620182 95.436000 31.138680
17.464595 42.556913 26.875929
9.297362 22.545270 26.853234
47.895609 27.205905 30.358202
59.567494 5.131841 25.603874
53.238050 73.567557 27.403414
62.443913 34.101432 25.688082
48.170290 59.677474 25.830852
53.931827 94.177483 25.916969
85.509770 22.785972 29.435519
90.587206 68.013014 27.162430
72.721417 13.100555 26.188198
52.995196 78.444995 31.063750
36.446258 50.868328 27.157458
23.951511 13.016120 28.752855
87.997734 48.445886 29.640092
60.552643 15.671509 26.448883
46.663492 78.216028 29.095056
56.937777 1.369359 29.818003
72.884278 27.512653 27.029255
11.216436 69.156406 28.622361
68.296439 24.797137 25.760278
70.540416 20.222023 29.759755
10.703749 58.309893 29.232924
55.283236 54.976147 30.881094
42.306807 82.047825 27.003562
17.162665 31.564471 25.825731
62.438880 94.564468 29.260016
97.519954 9.487513 27.009836
79.882235 95.648601 28.023005
89.421147 39.184373 27.409865
73.201812 86.432064 29.332262
86.082509 43.300760 27.212331
91.635320 55.126819 27.645784
25.340625 13.410683 29.765983
25.533382 65.714324 27.053939
70.421839 75.199495 27.894520
66.429813 51.469471 27.119288
83.018991 52.368218 29.399867
7.149552 93.037050 26.139204
30.751534 26.386614 30.224650
76.295569 11.773707 26.241603
49.100885 68.282602 25.741092
60.025346 2.745792 26.395377
30.551951 57.500209 29.210111
23.167537 28.568297 25.373634
27.485119 83.796072 27.214383
73.045430 63.873202 26.993749
18.174881 28.466669 27.639714
4.837221 64.213328 29.262000
60.315270 35.087090 31.155214
66.081570 40.899279 28.498162
41.013003 59.446427 27.241855
38.481340 86.705121 31.049754
57.651547 7.863727 25.265403
55.880343 23.792337 27.376030
66.380105 32.291350 29.554504
1.813034 52.532697 25.013435
79.700603 12.554310 29.556770
52.518072 99.936314 26.113787
99.354529 11.182848 28.836899
20.051251 75.926346 28.734309
42.801352 74.389098 29.768340
38.101092 1.407831 29.967016
4.262212 20.543345 30.963666
41.223581 70.185927 27.863011
4.901089 61.164142 25.808424
67.009465 45.095661 26.881208
49.594450 42.639263 25.000899
85.966706 57.617700 29.454263
75.763811 52.233238 28.393506
43.834038 68.321236 30.742763
38.160733 64.281284 25.107029
7.165162 61.392647 30.203176
65.263388 22.923864 25.677991
56.724199 83.743803 29.787454
47.275763 18.283032 31.183510
76.720032 85.351753 28.573536
98.508890 89.974572 29.075063
87.525957 76.605147 28.379394
17.090452 15.749001 30.635890
62.301850 62.244774 26.489186
3.422276 72.023158 29.281993
53.422214 76.015743 26.557700
85.348850 30.589640 28.021482
66.424994 35.701577 25.343605
82.720224 56.979191 27.337925
87.700032 97.378430 26.460417
84.333997 23.435759 28.204884
80.798149 5.311158 25.818541
92.139429 53.826397 28.878374
32.198148 41.889520 28.813604
4.677338 43.276441 26.116686
44.386540 80.439666 29.029467
4.592603 11.290952 25.283144