19.272461 81.841394 29.928880
22.290771 17.421826 29.367546
28.447014 42.576664 25.631627
46.438631 15.683060 26.019387
30.582477 13.042576 26.478218
19.668073 32.865560 31.241601
63.675728 34.946047 27.275486
83.634086 42.321301 29.324235
29.393759 97.625181 29.901711
10.051455 68.915177 28.892474
8.165283 21.449196 29.359957
98.960604 14.862430 26.859202
18.036074 92.124639 26.069876
21.329213 69.182339 25.232173
30.569737 22.966510 28.792161
49.184656 57.996571 30.521693
32.824877 29.276415 26.258610
50.750102 33.279682 30.603901
8.114555 51.634740 28.165533
73.840313 62.587902 30.162330
53.889825 2.950968 28.380782
45.017195 54.348027 30.509720
5.971047 84.196486 25.863207
90.183662 9.116716 29.862671
73.824652 14.986404 29.786233
48.342341 69.964100 25.112757
52.457598 37.048045 28.946331
36.927056 53.023711 28.847102
79.338208 19.501924 28.197545
44.843374 4.947945 26.985438
62.035840 44.676056 27.607482
19.421555 60.995542 25.848734
91.931535 51.738397 27.484999
59.653245 60.611668 30.533125
13.141934 60.527516 31.222142
34.167189 72.702572 25.458347
38.330614 1.444326 28.511303
65.018712 3.931545 30.189670
24.228845 56.896251 26.473388
9.143979 82.500751 25.851840
92.227473 58.174300 28.816066
59.321595 77.102180 28.337288
36.088595 40.588177 29.061591
22.535181 6.099469 31.132997
6.917262 34.537127 31.195229
0.252790 91.143192 25.211726
4.393619 13.131580 29.533914
37.951234 88.621625 25.473558
73.648452 68.724233 27.570131
94.968385 19.832003 27.215283
84.456540 82.027927 27.903744
12.791844 32.337388 26.669864
45.954983 31.483580 25.276200
1.509508 51.832704 30.825951
71.525591 23.899497 29.632996
56.057334 87.325622 29.639527
82.247501 26.391661 27.699289
40.812266 81.272967 30.427900
91.324121 73.251420 25.713908
27.914484 3.584120 25.397900
59.479425 86.408205 28.381368
28.416192 27.355336 30.998010
80.392302 76.022381 30.577536
63.096737 55.079266 29.414566
63.400633 85.402331 26.701938
85.298315 15.513533 30.637642
49.584101 71.339743 28.425090
18.636491 90.157562 26.769350
39.203810 41.325740 28.529200
39.857818 67.876769 25.758226
44.030376 95.479151 26.848166
24.085216 45.685449 28.938289
8.688521 94.032785 28.417464
65.969230 14.270161 26.884594
28.731084 79.905489 28.482108
4.467119 94.475491 26.060440
61.603774 31.825607 26.376335
88.750210 42.625402 27.938892
40.658844 44.425328 29.854632
90.804636 79.905520 30.160315
72.392024 31.906735 26.658677
34.953406 76.905649 29.314308
50.827113 56.321258 27.319971
70.273329 14.868434 29.651345
31.963617 25.955650 30.276132
51.701323 95.383234 25.227849
87.388603 28.070247 29.854825
59.463327 20.673869 28.001144
1.511541 72.264140 27.051690
67.606491 33.132538 29.236923
98.922256 23.441807 25.822773
17.715691 27.897552 29.851719
30.328791 97.312260 29.748600
32.439994 10.840632 30.308499
71.302655 34.143206 26.481386
15.963820 59.764363 29.743879
27.188279 24.654980 30.667752
1.905199 19.580846 25.230550
51.101286 11.603198 25.291933
66.123234 8.835026 28.513072