97.485312 88.019657 29.929212
60.280644 33.133280 30.423447
80.248973 45.905353 31.094115
12.695568 41.665287 27.778010
75.357653 90.765720 30.888455
32.468696 35.393214 25.469495
14.415783 87.190783 26.330843
87.459567 87.398103 28.632366
17.797862 72.666024 27.437257
44.759143 27.731257 27.817373
92.998185 6.776505 29.421171
62.375559 25.772719 31.184577
39.161135 93.406569 25.593527
24.687779 35.758078 27.066615
10.466667 98.945149 27.451683
84.174167 36.990047 29.689574
2.244595 82.563147 29.900460
91.174432 60.928276 28.100682
72.071767 32.676238 31.048299
7.309185 26.645539 27.633452
74.271652 93.622401 29.786797
90.960835 36.230537 30.212869
92.644688 91.026573 30.433081
31.956173 4.163580 25.669622
94.877968 38.067242 25.244471
1.850173 4.710164 26.713858
2.496251 17.269043 30.325653
14.343179 77.679882 28.628899
4.054049 63.294989 30.057280
11.786705 83.284423 28.022564
8.236998 46.456070 27.766795
97.295290 21.589227 28.002418
75.977866 76.771223 29.920765
34.516170 39.187117 30.259667
64.983292 6.155617 28.913385
60.459581 3.558366 28.892638
22.414015 31.635793 28.873935
8.154941 45.751745 30.753408
11.166236 78.370208 25.252766
33.925981 25.939099 26.811980
70.119066 26.603801 25.373469
38.622843 84.026879 27.602456
99.138268 93.284721 30.600105
96.519938 61.105746 26.394211
98.576831 78.738580 26.044799
48.202942 34.904871 29.062349
63.838773 71.089581 26.949750
79.248079 92.133117 29.904423
70.062710 66.306878 28.602756
29.877752 50.605817 26.353339
41.136661 6.021544 27.936904
4.015006 33.264466 29.281781
0.824969 78.247517 30.268136
56.265484 18.435606 29.611021
58.816821 70.738934 29.158860
0.021183 58.482700 25.763570
46.376878 29.020302 25.413780
34.706341 70.495364 26.714127
9.885533 24.055062 30.177768
6.340500 6.134056 26.422753
53.183435 47.584192 25.128423
95.474514 23.000375 29.427280
49.297240 9.310508 27.774455
86.739780 47.656170 27.479258
59.190695 15.663153 28.920135
19.540266 89.686752 26.196585
94.300188 58.639538 27.267114
94.241992 48.831574 26.082019
30.669122 75.299090 29.755669
58.064418 69.115273 30.512236
70.677352 30.080195 27.688296
97.421064 31.449390 30.660182
79.416719 40.172351 25.274973
67.277809 57.562684 28.332970
46.086715 97.280748 29.602152
47.703520 42.646665 30.440466
81.345408 24.718130 27.108472
24.851923 80.444844 30.602167
58.394279 26.456873 31.239002
97.102296 65.057257 27.606779
9.360001 69.280080 26.835584
4.237306 3.270147 29.088885
2.905720 13.652724 25.295911
98.767340 45.878057 30.114653
68.013209 49.423972 26.286578
97.484946 51.112303 28.859401
24.297917 83.915594 25.876047
10.542719 89.573700 30.778239
90.142646 72.087393 28.097576
95.517463 5.212167 28.967633
30.111211 65.186570 30.019215
11.272879 1.707415 27.223263
95.567733 43.157679 28.079601
11.121607 41.852241 30.978028
70.282658 73.942976 30.724766
3.611165 57.888283 26.586824
86.568214 11.886054 26.661967
52.354723 5.304241 30.444737
72.116197 19.767658 30.015397
9.828609 8.196762 29.310771