49.495042 71.752182 28.089767
52.118036 58.799115 29.485078
32.765414 27.148380 28.342494
33.350541 57.270834 28.018125
6.783063 52.056582 29.777777
82.901459 16.702247 25.312658
86.182049 90.560464 28.915955
53.078759 89.986364 29.833773
59.178110 15.400077 26.027328
98.952845 93.543299 25.626904
97.247380 86.031785 25.523308
60.733015 31.701051 28.252216
36.253221 28.534699 28.578906
49.528638 88.020052 29.473847
73.574565 52.919610 25.199689
61.149017 53.696171 26.256041
72.724731 68.280440 30.213078
57.180432 27.090636 26.408378
43.424768 1.687590 31.009741
77.237126 77.190020 29.357668
66.067308 1.891610 30.460297
2.867270 97.371238 25.676356
51.398180 84.403893 30.487023
1.522314 78.064280 27.140908
55.761440 32.976890 26.376776
79.192419 55.287536 28.843898
99.025644 49.438559 29.868936
38.607626 50.675367 25.427770
45.026925 61.227428 29.031665
41.156331 54.238877 26.879113
8.503313 49.549268 25.411536
24.355578 72.805535 30.229257
91.617181 46.804547 27.260036
42.617628 26.354603 28.184178
17.977725 80.375189 28.473358
6.600979 53.362715 25.061547
90.209683 35.680101 31.137516
50.911991 83.243062 27.088569
96.517999 84.977887 29.873886
30.170107 72.788221 26.601235
22.210421 95.275403 27.891740
28.332223 22.643866 28.600920
24.813781 6.267119 25.815492
59.308264 48.348688 26.221525
86.431998 22.228124 28.087078
31.637917 42.090871 25.163285
92.381259 91.562018 28.078895
13.595494 90.157489 26.875966
15.053823 83.246133 26.448820
30.262999 96.232214 27.976215
40.726505 35.803451 28.035882
24.854144 69.149992 29.001254
3.884576 71.530644 25.772561
81.770416 17.092366 25.336752
71.507874 72.434360 28.312231
30.980646 7.502175 29.726368
11.767808 60.218691 31.205378
67.018903 8.767825 28.190495
54.455450 28.880944 27.207999
39.733420 24.850383 28.652356
89.701873 69.205234 28.740484
97.457371 43.710951 25.460359
10.016714 69.257968 30.699031
22.367987 17.813903 27.797760
30.066272 41.932222 25.189384
87.056785 23.014584 27.622404
54.072716 29.065657 26.259961
24.022013 50.676559 29.549691
4.533714 43.073314 28.373945
7.381325 81.374192 30.877373
99.361431 82.428360 30.578018
33.492555 38.056505 25.404104
13.500118 74.106437 30.072247
53.670346 60.070712 28.423556
44.898592 67.115458 28.412407
23.855062 6.141788 28.173171
31.672589 69.218464 28.955417
49.414444 86.525126 27.641851
85.142192 19.601167 26.370967
29.254010 49.544751 26.114076
12.679128 44.412991 30.247112
87.779496 17.723006 30.088805
88.132384 92.868786 26.869732
29.199961 2.431799 28.144213
86.472887 88.072935 25.987598
8.847861 8.442121 30.718321
75.785801 56.133174 30.965748
11.364725 95.168958 29.528587
86.247995 61.137076 25.753669
73.799439 80.142650 29.728994
24.401835 25.485368 29.678553
89.440239 35.786744 26.549781
71.758867 45.566978 27.702896
19.362968 75.765865 29.358215
26.044454 17.254882 31.126430
96.842542 27.730333 27.386797
10.555647 15.945146 25.249344
31.694405 40.387661 27.614076
20.227051 32.879798 29.670427
5.616263 83.437081 26.817896