66.715229 34.271768 28.117508
4.280529 46.807770 25.671287
46.048615 88.724100 28.975854
19.259151 7.340026 26.757248
33.920655 18.978189 28.092056
60.279811 37.731937 25.673008
83.136928 68.572302 28.094464
60.812581 45.621354 26.809244
11.159178 73.224253 30.199836
99.127720 86.160273 30.748986
4.573356 4.175059 30.958851
45.344988 91.529527 29.170944
17.171236 91.074873 29.161383
63.948340 67.605922 26.573110
26.344660 0.176039 27.693968
58.944677 82.693669 27.912222
93.309194 4.181893 27.811586
37.398672 26.917908 27.694012
8.339897 17.292717 28.835732
22.432670 7.966224 30.358431
4.178859 92.798144 30.109432
7.313170 38.582494 25.947650
46.806986 55.475159 25.083479
18.506164 31.412777 27.903195
77.670995 77.424222 31.190015
19.659614 38.547969 27.659121
13.277037 69.428532 30.085715
36.223269 45.743965 30.415830
72.557587 4.563837 28.979370
92.511450 6.874423 26.778791
79.351719 27.246757 26.682347
94.949225 9.783359 30.686835
57.900801 10.964565 25.155835
91.786444 13.802047 25.664299
28.872624 17.307851 28.519813
41.236726 86.868583 30.910628
26.478614 14.466323 29.412646
66.530279 54.755530 31.216828
42.441789 73.510221 25.499440
96.512229 28.666062 31.237113
97.858467 39.201414 27.734949
48.190319 20.580456 26.138266
51.549324 27.444998 26.372166
45.127560 19.556699 28.366495
27.032482 70.266840 29.689397
46.063089 34.532681 25.480624
53.259051 12.960712 25.345672
3.534093 66.850635 30.131185
29.237539 13.161977 29.290921
85.430785 86.501650 26.400112
25.825425 7.867286 26.339464
92.740672 83.076550 29.192479
87.741846 47.273191 29.906981
49.013088 21.765285 29.619635
17.791336 29.318291 27.249773
6.209178 73.222320 27.409411
33.549678 93.139343 28.973972
36.729046 96.457026 31.238073
31.475188 33.590287 26.823052
4.883940 8.571384 26.914955
74.698244 39.456625 26.949046
62.651575 4.782481 27.191861
10.078882 55.961277 28.424267
9.694363 30.250849 30.499551
83.845478 10.683874 29.370377
16.908684 7.657143 28.380024
66.728420 90.091421 28.826384
24.121741 32.767786 26.998170
79.243650 45.685687 27.497949
58.006949 39.909984 28.444284
58.814902 13.843909 31.147561
49.371122 72.038289 26.140755
46.342572 33.669089 30.318188
88.606957 19.819501 26.898328
94.985543 91.433322 28.946888
59.054442 35.553046 28.946397
78.890921 58.937326 28.131263
55.269614 90.625333 25.166494
23.809341 53.476927 26.233092
45.552360 19.516978 27.072868
81.006099 37.359793 25.629456
24.293146 45.736070 26.450254
81.535170 25.460727 26.945852
84.662094 23.632832 26.584054
52.586995 88.652222 30.227793
1.449869 48.900131 27.109202
31.159387 78.282693 27.293621
46.199990 6.059960 30.028866
12.891053 27.733293 29.158920
92.396883 0.763997 25.965007
84.269876 73.396148 27.660718
84.942339 74.219481 29.220531
21.565262 4.161162 29.306804
92.043975 41.688218 25.021192
91.582067 89.119949 29.545471
65.995076 7.271476 30.793895
22.620104 6.939819 29.396943
72.243348 26.565333 25.013795
25.386653 73.947297 29.867002
45.559325 11.394632 27.479406