62.157009 44.550387 26.489185
40.847561 47.398721 31.146821
42.213618 84.866656 26.851569
6.609020 33.144463 30.736774
63.830874 90.548970 28.840242
86.298562 97.066429 30.547885
71.868389 45.260775 25.781276
75.642911 77.213359 29.032544
41.674066 82.413400 25.628059
49.484937 25.170513 27.261405
23.738345 43.841354 26.389865
58.398428 86.685068 25.598316
83.635469 80.897250 26.782193
9.611962 17.704540 30.982472
35.560564 23.081870 26.257122
96.966755 83.791915 29.382722
0.728102 45.581565 25.247356
63.098104 11.111532 28.465286
83.572832 3.035162 26.610204
44.062081 65.108601 30.570200
17.168177 10.337319 26.513507
0.339351 32.830716 29.081444
85.998756 29.358684 25.659909
15.034662 51.004969 29.811686
86.015692 29.326688 25.623809
60.502547 47.823163 25.561369
40.983673 58.311786 27.104255
51.804489 69.035237 30.618833
7.580623 90.595257 25.954264
83.472401 91.910389 29.585368
8.957996 87.432216 27.726870
67.220787 33.029433 26.652208
53.362065 80.111845 30.512195
97.277824 17.483779 28.396067
6.369061 67.826156 27.761100
23.773053 80.247497 25.272415
17.230671 26.246044 29.951884
79.624016 9.326782 25.324939
67.122060 26.326003 29.431602
58.440222 78.409442 25.821850
13.892890 38.771335 27.072259
19.655195 38.595713 26.436844
68.813145 69.953083 27.687358
67.767549 86.295760 28.466388
65.793597 44.574115 30.244962
66.307935 19.688963 30.504603
66.914074 34.657903 27.820499
19.452109 71.283240 25.679788
19.146544 17.195156 27.793003
36.152119 58.914563 27.275990
89.328562 50.400223 28.488081
83.452199 89.088689 28.150012
2.319974 95.548282 28.468184
92.553694 20.797451 30.774267
88.654314 28.941311 28.040420
41.702745 30.744453 25.071020
68.837510 40.024982 28.504994
64.698879 68.121028 28.807235
67.493264 71.609920 28.133357
32.022914 90.513137 26.377924
38.914056 20.317113 29.882555
13.253649 50.729782 27.492497
28.031378 96.023236 28.476898
97.543483 89.046588 26.703313
68.264872 78.149403 25.388836
44.763680 90.171230 29.063287
65.487946 27.928445 25.448542
80.629348 82.002080 29.605598
1.562250 78.579328 29.833326
15.958299 53.521567 25.349241
29.300041 49.639650 25.715639
90.400980 44.458171 30.008912
83.963615 62.430623 26.378598
13.779382 74.575687 29.603430
15.258549 88.530629 28.585877
8.441243 75.826510 25.684092
56.356447 1.630803 28.121135
70.259140 20.942671 26.944931
22.010445 21.714156 26.839896
39.727600 40.045129 27.035537
43.746836 16.768743 25.419577
96.616339 57.452451 30.724946
61.304131 12.226543 27.849941
50.368177 63.018273 28.315253
26.977298 56.348167 25.019779
13.142025 64.733251 26.188575
75.152476 32.906063 26.835157
44.036069 71.595467 25.490828
0.613111 49.531383 30.191228
84.329715 30.781692 26.039733
7.353218 19.683718 28.866336
94.817840 59.454236 27.076683
46.385079 93.718171 26.446568
52.889960 52.952307 26.451988
84.546111 17.686845 27.226121
89.919498 34.221649 31.054377
5.776882 26.167865 25.451400
96.878454 13.025946 28.905093
52.741782 48.668115 28.684817
69.492125 4.526664 26.483193