56.856332 82.675263 25.416579
47.660574 1.781006 29.842672
95.565806 62.159864 25.884793
63.644554 74.553648 26.074684
50.974943 95.845428 30.316694
20.680090 89.516591 28.966618
60.886471 97.519744 27.434130
35.658704 13.354205 25.921362
3.951023 80.828952 26.460030
68.361683 49.293070 25.045658
67.268427 26.626919 25.163231
54.274923 43.276387 25.497289
26.598594 27.349085 26.197493
72.621130 82.338517 25.354641
30.067350 10.912863 26.888179
32.929790 6.879400 30.527698
95.475257 80.118496 28.433990
95.919326 20.469556 26.452537
2.209485 16.986165 25.536046
30.288696 89.583974 27.773757
15.989041 32.833588 30.298220
42.237939 92.986055 28.319295
62.379893 82.607693 27.626782
59.289163 82.032369 31.007917
76.633612 6.593729 28.317022
60.471198 94.341912 25.793026
14.282258 18.420378 26.011159
47.373871 74.805609 30.822075
11.625814 15.324323 30.703024
24.486470 79.149855 27.471460
67.663964 34.545713 25.087530
39.064514 62.966177 27.385925
38.119460 61.017218 27.255791
90.816164 45.212062 25.791050
84.234448 73.461618 30.389942
63.009679 39.874143 25.890946
58.547503 89.472150 28.899156
29.578906 83.034079 30.819197
60.894483 22.178423 29.234749
13.122772 62.210890 28.744045
93.802290 51.932436 29.348322
43.841096 89.877098 31.106816
32.673111 10.376623 25.127354
74.591507 61.163259 25.073037
62.124854 55.721725 28.246457
5.914103 60.827651 28.052626
75.117721 16.528890 26.691683
59.369635 44.358836 31.060585
69.292025 50.959911 29.621805
11.920458 32.006748 30.333474
47.977702 51.518971 30.920342
26.652221 15.913777 26.673039
88.040631 71.759190 30.087825
60.642996 27.038048 29.262201
54.683285 55.941941 29.161551
2.171664 68.594520 31.132245
72.511324 46.340834 30.728520
93.925761 60.945068 26.063965
30.587274 65.936975 30.856921
46.594468 10.205361 28.558753
96.129338 41.972818 29.895512
45.236095 87.047662 30.962184
76.052930 91.231296 25.213089
84.689957 96.831184 30.972415
60.910584 49.795078 28.594629
21.748480 68.543460 26.006390
83.817656 26.458254 26.265336
70.658416 48.415764 28.201267
35.016303 94.888124 30.650529
90.967986 55.918664 26.586110
38.812831 85.408374 27.369515
62.304533 90.356361 25.197450
1.892152 18.020273 25.985416
89.957691 20.364090 28.060366
88.123358 14.389586 26.577436
79.598275 85.991081 31.227152
52.380477 47.980768 28.174927
45.783392 16.512143 30.310348
10.191340 55.973139 30.786391
37.094004 67.337134 30.258420
30.866339 97.739972 26.434885
54.396216 47.485630 26.549861
35.266391 84.230848 25.503765
87.298018 12.621912 28.667458
48.129374 41.687578 28.801551
86.613474 53.444388 25.044676
91.648709 46.433367 30.979615
25.601656 87.548406 28.429611
33.209133 75.865334 25.980823
78.960405 93.006495 29.919007
13.560281 60.522421 28.471016
53.207064 91.129174 30.037814
49.251355 80.680912 25.465523
6.884790 27.527926 25.333641
84.829199 40.403154 27.695654
48.882639 33.186877 28.338371
79.683147 7.978224 25.063615
43.970913 89.327485 29.115858
47.087584 29.799234 27.767526
59.464866 23.973707 27.352475