42.001334 50.031373 27.203628
41.725249 51.685793 27.815077
92.938180 45.757274 29.480157
99.688558 0.048737 28.781172
62.631496 31.238314 30.331794
73.375688 69.896758 27.823145
45.300712 94.841173 25.321935
36.871706 60.507850 25.490932
47.962636 90.148717 25.571599
88.790537 25.794983 25.519983
92.357752 9.633974 25.831255
14.791224 44.363587 26.697604
88.351145 9.168844 30.263689
54.885486 13.592314 27.396252
47.742147 60.968544 29.971220
8.435323 28.683038 29.488084
24.761202 71.792529 25.170700
0.979063 79.795693 25.253378
64.784078 77.394628 25.654295
77.683961 9.240299 28.664809
79.277498 89.434561 27.553415
23.250666 3.354877 28.221234
70.001840 50.123004 26.751160
23.277609 77.300221 30.624216
74.172491 22.260560 27.977394
30.241431 94.716046 29.482413
83.357581 88.014032 30.351769
88.899854 28.041506 28.249220
17.634922 8.444927 27.262534
55.183634 22.568828 25.869110
59.306461 94.028851 30.176358
29.907843 94.306393 29.952208
37.926751 69.716402 27.605046
75.970006 87.572981 28.440790
20.916265 41.338823 26.098845
44.229599 68.164104 28.650129
52.027679 99.017372 26.034418
63.158720 62.115456 29.181441
46.909806 18.818092 25.822883
83.129759 57.741444 27.935449
11.276755 20.944682 27.346622
14.649884 93.541669 27.461732
48.853226 89.196487 27.059590
7.138391 85.605197 29.898081
69.482352 54.667611 28.457330
45.014077 58.643580 25.663044
18.009246 8.340047 30.893169
85.893102 99.344328 27.754657
85.460013 65.987438 28.906365
92.548273 72.451652 30.458604
80.489694 74.380191 30.748368
95.958906 41.872849 31.185479
29.795026 12.947136 29.013970
37.304261 96.364444 25.049411
90.569310 55.012003 28.153913
99.135312 74.091341 31.008124
40.740025 88.027309 31.003178
18.425322 37.035139 26.485656
57.760596 92.227890 28.072411
99.414644 63.305180 25.410365
3.119202 12.319922 26.311191
29.720990 41.141055 27.008657
59.233960 31.090098 28.480939
18.067822 77.490911 26.423935
75.884475 79.636759 29.078287
4.844674 52.908297 25.153146
14.867822 26.390323 29.244478
87.445881 91.049277 26.383726
63.395210 51.533751 26.774002
0.708952 61.983338 29.418443
61.832039 87.069763 28.360081
91.656940 51.610686 28.145159
46.941470 5.589002 27.348635
50.115010 34.395963 25.678723
49.229008 84.118973 26.791574
33.634686 71.376424 27.467601
82.667886 40.741162 27.536721
99.460669 81.435969 28.777378
9.799736 36.390679 27.932509
2.097163 18.107563 29.425112
42.147793 55.176572 30.272823
93.857754 76.515791 29.007080
99.401176 8.375073 30.422153
80.753264 40.456194 27.114068
79.056814 91.738940 29.738089
63.294631 31.282709 25.877099
76.582082 67.160174 29.075017
4.935570 70.893102 30.285329
15.987045 74.557564 30.066880
97.721590 24.357122 28.740384
78.846325 49.208902 28.413193
99.826498 69.975241 29.460891
73.986049 78.629575 28.420169
87.982159 39.585340 25.943650
8.553059 5.564387 28.493593
79.718300 74.268847 27.174662
29.968058 3.407527 26.409928
44.205628 2.328204 26.292697
42.761129 44.511916 29.964968
77.113473 12.183402 31.101051