25.805341 30.091625 30.488403
11.058176 72.512251 25.203177
16.632243 12.674748 29.346047
71.886036 74.222770 29.608218
32.526510 81.236139 28.127889
8.062632 41.556853 30.483490
8.859621 71.975582 26.046049
40.701474 55.206717 28.441578
29.887370 75.091777 27.806557
27.039035 13.585577 29.750543
56.467027 1.138506 26.745914
93.687074 27.603185 30.089880
79.962250 13.714748 25.818812
78.931996 66.266201 28.273070
30.968523 58.663590 30.788997
10.864380 11.808410 28.455278
65.805036 36.803157 25.015869
98.380804 15.966662 28.494523
60.375196 55.338179 26.778980
68.431879 81.775930 29.028446
59.654574 3.741738 29.382190
59.009937 26.767667 30.325455
71.777060 56.947104 30.654228
56.684646 21.686108 26.426094
75.046259 15.209426 29.681699
1.637710 58.162658 25.075944
49.101076 96.431377 26.701441
64.833964 68.427766 26.695307
61.481487 85.478571 25.783632
0.434379 36.145284 29.670376
90.760993 63.665363 29.192221
7.365631 56.236131 30.258684
84.837402 95.959706 25.886548
75.155029 45.108979 30.384688
37.658846 83.110372 29.475785
53.125807 65.065910 28.216005
28.262195 60.613420 25.169782
53.547731 71.680741 28.292182
1.992042 6.192803 30.067720
27.812580 7.798115 31.196129
85.387635 24.887934 29.377983
6.489275 56.021524 29.061999
4.501925 78.331041 26.430312
51.471721 93.899889 30.826704
86.916381 29.682450 30.023144
19.405158 94.153347 25.390971
27.245104 34.739712 26.137846
26.173296 50.016789 29.306129
30.204577 64.569765 26.077699
3.026396 3.645744 31.209280
10.181469 71.904506 27.020361
37.908833 46.830198 30.195833
31.406435 76.726805 29.385178
16.552436 12.569066 28.856231
7.330717 86.347677 26.356864
10.140238 46.204258 30.898040
8.809747 52.446288 28.970148
10.319955 87.626497 26.581519
19.294690 1.391110 25.002462
50.406698 75.746987 26.865686
65.899562 97.273328 28.362375
73.307255 21.103068 28.576830
60.149680 67.254840 30.795563
36.944361 90.300859 30.530850
3.267817 68.137293 27.410266
52.756665 90.471633 29.735305
24.184589 63.195936 26.601986
2.522073 76.139310 27.286728
85.691095 97.282102 29.909877
33.418571 88.758967 26.120812
19.968804 76.194201 28.083912
96.684942 29.504305 29.179640
98.728039 3.519618 30.253023
45.634624 13.697320 28.766677
76.559245 71.830616 25.758716
36.340598 39.590938 27.292346
53.561433 45.574713 28.428024
82.155533 3.214136 25.137884
63.164692 14.873545 26.464006
66.039477 44.701963 26.761164
16.617685 15.734538 27.021462
11.536145 39.547782 30.140021
13.971540 67.582216 28.707822
63.326411 29.027161 29.757367
37.326043 98.611804 30.749229
0.495978 64.317663 28.977067
77.333517 34.212970 29.728846
82.817794 35.643710 28.699030
57.599252 81.938379 29.604524
77.962007 38.555318 29.705222
63.125317 38.499526 29.332880
45.056205 10.863975 30.128995
17.965978 26.247688 29.064502
31.129330 29.474570 26.597706
39.497054 23.313375 27.016938
14.583478 81.757505 27.638335
64.422212 61.443202 29.916846
76.952683 7.602614 25.917715
28.391475 74.073261 26.670750
45.860534 96.286632 30.214704