32.917581 64.822652 31.131538
16.042919 81.841659 30.010687
11.384585 91.519736 25.975921
11.390287 34.973690 30.036464
75.977786 85.102877 25.650964
21.506313 4.566150 26.705824
46.709255 0.780656 30.539343
32.442189 47.241622 27.767214
29.498197 87.880006 27.787499
6.478830 44.283034 29.855172
45.978999 72.609613 27.017611
39.719587 21.750922 28.621904
44.096752 88.043174 29.805121
33.020003 71.081328 28.534105
89.998454 95.784446 29.928669
27.724047 18.415891 28.892362
9.517274 97.198867 30.039921
2.490395 18.018197 29.532076
44.441214 16.759475 29.455375
17.090952 68.219909 30.896075
59.310097 70.740666 30.944335
20.676826 45.437614 29.853264
17.682853 39.023233 31.151997
24.576866 18.799095 26.527828
29.928064 90.958558 30.428638
69.874386 85.635269 28.130090
53.491559 19.465217 26.287407
46.129946 88.901695 27.711753
21.328058 40.320453 25.953062
92.080310 31.701432 25.878842
46.684056 75.139870 30.835404
89.772378 37.084881 27.182487
2.977036 92.052485 29.573282
25.313453 42.530711 29.166966
78.685602 34.047899 29.898898
48.546033 66.906315 29.859436
19.555569 85.226076 26.490052
72.479957 11.492559 26.993767
5.509499 73.229145 27.213836
88.895687 67.578497 26.969865
32.953028 65.997832 27.035506
82.409886 56.239527 25.441728
36.065253 96.122280 26.493029
71.160808 6.613626 25.170498
99.628480 37.448841 28.699980
27.446751 71.715207 27.739571
71.958274 22.291774 29.297025
79.346800 60.947629 27.553484
22.537314 86.075771 27.368827
1.859021 93.497856 30.138982
74.569073 67.618303 27.268816
4.276656 96.565749 30.154685
32.234507 38.305029 30.449839
97.348165 91.449906 25.484246
86.381921 64.155693 26.987962
28.805009 97.552613 31.046347
95.874002 64.185769 28.627414
4.747360 4.178525 28.593788
47.280457 55.453560 27.135211
67.070270 37.278442 25.277257
7.567621 88.118714 25.715914
12.552076 78.383223 30.722673
62.769409 32.880278 27.716260
90.931850 22.546362 25.134711
92.269437 4.349844 27.878671
46.393441 5.447348 30.017903
19.529686 24.995637 26.197894
84.183795 58.143327 26.800614
53.763825 37.365241 28.363904
1.078025 36.325989 26.859177
49.987882 22.137331 28.815456
71.147895 9.008447 28.025598
42.058029 12.451979 31.227472
55.446258 4.662504 26.386856
86.805038 41.037784 28.454159
83.364425 75.203952 29.835251
18.331546 82.349572 31.010003
95.876929 62.851176 30.659828
81.794889 21.194078 27.832515
38.876559 53.676577 30.261031
8.543281 50.818411 26.684776
59.560675 2.315419 30.502399
20.917807 74.349854 30.249820
42.278688 66.678735 26.866589
8.304832 89.511480 28.509883
89.869682 86.886549 27.981458
35.772568 75.121779 29.121576
39.480784 88.012152 26.610333
52.247603 49.382536 30.826970
7.219852 11.626404 29.669588
3.431914 97.621667 26.426207
56.493191 17.971719 26.691534
99.907834 52.320257 28.968888
49.188699 41.456041 28.182524
65.110792 47.331745 25.367789
67.147807 60.962145 28.638319
57.539316 94.452997 26.389819
16.241213 14.602108 26.296552
31.226168 47.667293 28.638185
10.220428 32.465176 27.442831