74.689222 8.041213 26.288419
35.204652 41.826392 25.660707
39.018369 29.785275 27.083668
45.170469 78.955450 29.153677
44.917616 8.724208 30.716665
53.616639 81.500318 26.770113
95.545378 22.767196 29.494065
65.281499 76.329990 25.518441
72.913652 32.716356 27.419452
80.440413 97.693387 28.282923
51.344533 78.276930 29.162393
82.301107 31.102893 26.894559
39.673586 15.034593 28.433177
72.816665 44.705557 26.762616
8.093141 41.525667 30.662928
67.020823 6.611870 27.174865
96.424248 54.936552 30.986524
93.192722 47.626046 28.271905
32.013165 67.123156 29.512771
20.064458 60.183883 26.757611
43.165553 44.574022 26.442896
99.208247 79.783084 30.445576
57.273402 75.046247 26.017421
43.880062 67.430754 25.739053
49.996647 77.624803 27.692938
61.226398 52.599275 31.237912
52.661732 90.257032 28.766983
62.036741 82.400523 30.211583
75.567259 36.367550 30.883495
35.419173 53.328997 27.109774
75.736108 18.723570 25.137784
56.473175 75.333220 31.048235
21.450362 93.505603 25.748219
99.717515 21.043729 29.731102
92.449937 6.349322 28.771267
62.444693 54.271762 26.744319
68.978155 95.519704 30.429705
34.010107 48.798586 29.904354
68.824473 92.599310 30.051405
39.507304 98.545969 27.846909
77.367226 94.177048 27.891300
4.947930 5.224208 25.146483
27.367041 67.360954 27.073132
50.155731 59.423814 29.716665
82.658289 7.574182 27.283749
70.499523 24.347463 26.284841
87.827680 68.120665 30.438068
75.357888 16.466110 27.948300
55.886239 4.969541 26.722218
22.344076 46.748209 29.509750
81.623951 45.747650 28.678028
1.497325 2.701765 27.324075
26.591498 20.898236 28.965966
65.879135 60.522918 29.377343
48.682456 10.581751 28.960151
59.973414 76.589322 31.116221
42.445235 79.101146 25.806097
90.380835 68.438042 29.274895
10.747601 52.129265 30.275440
83.965545 38.859088 28.181305
6.198244 48.952012 29.084690
60.002256 71.730346 25.421102
34.656228 54.092496 29.973449
34.877667 77.414184 27.474259
79.545160 61.309381 27.336207
85.654310 82.748002 29.341745
96.742683 83.609617 26.471491
54.475340 8.269836 26.548785
23.983461 55.445912 29.437771
92.305730 55.658575 27.003090
42.637629 34.635917 30.187932
49.997686 48.117721 30.602299
89.282915 24.863766 31.061726
70.124298 46.625878 27.589403
14.163343 14.736776 30.787651
17.068372 89.854094 27.336401
20.544776 70.231829 27.719214
0.747970 42.186020 31.231032
7.594324 10.628380 25.114835
99.385810 31.343887 31.221469
44.451053 95.830024 30.529578
55.361263 33.458450 25.080143
30.693736 94.978204 28.127223
80.435346 82.973758 30.396647
5.406755 12.612623 28.819364
87.773798 88.184361 29.337589
75.218823 50.075387 30.928116
0.513577 0.480234 26.989235
52.864189 75.158768 26.501815
39.141417 78.157881 27.073616
56.678209 34.734827 28.863203
53.213469 24.691913 26.962111
69.871046 50.134004 28.640967
42.475013 35.779740 27.133495
86.118857 71.527887 26.634275
35.714113 2.853786 30.150188
3.688645 69.135161 25.147839
84.842281 62.952471 25.081834
55.079663 13.875870 26.816598
64.711983 57.212878 30.704716
40.296006 32.391968 25.436456
51.534716 9.572904 27.119658
18.582201 36.384824 27.716611
83.485159 79.094137 30.186036
59.117521 94.448166 28.179097
56.433382 8.536361 25.703495
22.311464 59.834564 28.637720
11.361251 59.525908 25.897320
16.253688 95.768075 25.975556
54.867727 81.812970 30.816680
52.457145 20.055037 30.257827
61.228381 0.105336 26.066109
72.399181 21.080743 25.413863
75.045815 30.503382 30.384833
30.404030 25.927579 28.793105
67.977227 15.831894 28.744223
79.797445 39.130425 27.391824
2.811797 49.460646 25.651177
33.297206 21.574717 31.066199
40.431230 36.803312 26.832139
31.469464 29.550527 29.827654
68.982964 41.024156 25.250265
42.062510 33.967361 29.979305
47.377773 38.335594 25.213833
53.395660 25.072186 26.300305
14.051204 85.610563 30.908144
31.853160 17.230485 28.691152
42.298232 1.450516 31.129157
67.840827 57.060746 28.438673
77.659266 6.139762 28.625148
88.970759 51.673346 27.271684
79.427213 79.545389 31.085601
4.126539 13.121216 28.480355
81.037614 19.912172 27.466866
11.145935 53.255175 29.184350
52.881888 96.898677 30.139475
82.153381 91.949832 28.963174
70.054459 58.881644 29.217121
2.543831 28.360975 30.114050
53.389241 42.703297 30.292344
72.508037 37.445309 27.413310
20.316950 2.117591 27.411426
14.444146 19.399668 25.487514
88.567233 77.835895 29.442053
76.075290 95.056583 29.317601
33.321599 68.761800 26.764248
13.750117 9.773263 28.365010
97.707550 11.731246 30.500679
56.412795 39.980964 26.918923
51.077261 96.034939 26.424764