38.617784 27.825426 28.217736
81.102242 67.115658 26.831802
67.104295 79.343686 29.944845
40.272770 55.749599 30.037419
61.966548 58.353342 30.989886
79.742694 73.987260 31.106165
40.361069 71.205464 30.627546
83.667578 15.587130 26.576092
56.421379 44.188256 25.830779
10.722356 48.600042 28.718372
91.482008 75.451729 27.676081
8.041450 17.900703 27.425675
15.003914 82.464992 28.255184
27.520718 1.415072 30.576171
15.124612 54.264713 27.985684
5.771955 87.018023 27.802179
91.050529 88.212958 25.402808
2.570596 78.818559 28.475940
96.257365 86.811353 28.380084
48.936234 48.415679 26.059897
88.280798 23.745108 27.720717
39.559796 57.290272 28.132726
90.100564 55.353258 28.966730
12.506415 17.866460 25.180885
22.010386 63.046069 25.645402
85.951634 20.834389 29.645820
6.836037 57.895022 29.606357
84.110438 27.178304 28.835972
27.951458 76.130567 29.677740
14.973607 38.336254 30.922392
43.195239 42.517740 28.466678
44.585894 52.537800 29.534967
77.497363 91.884926 30.487641
68.879789 71.820253 28.739929
58.635390 93.679102 27.372022
54.828723 99.827756 30.594035
41.427249 9.662421 28.260017
4.746458 14.219856 31.142913
1.017724 1.490630 29.617238
16.549751 27.778780 28.116440
36.638225 71.186792 29.750349
91.402253 58.698782 30.151585
24.506310 7.037095 25.483122
92.076699 39.181469 29.855727
22.828583 63.302422 27.807150
92.009096 22.516447 25.138128
3.788932 35.063605 26.878611
25.279257 3.152394 25.526928
80.208420 92.150189 28.130474
75.588996 24.147904 25.006308
60.600037 11.471278 28.727311
12.309147 99.869616 26.419098
58.463136 35.088665 28.095616
11.043124 35.562056 30.264876
86.078631 32.801502 30.661456
18.045856 23.247520 30.786601
4.424064 70.974215 28.532420
5.254602 59.010171 28.033042
82.603619 71.142632 30.906814
36.335917 19.656755 27.206316
34.716653 16.395193 27.238794
35.057399 26.045017 30.597795
71.685485 71.529706 26.061176
34.072188 1.919573 25.244173
9.174842 58.570643 29.300104
29.896563 82.093067 29.141141
8.991770 54.498107 26.905518
28.318210 31.546474 27.747780
31.926864 51.354180 29.861506
97.530725 23.047183 29.168478
6.194977 64.885474 30.334420
53.221686 26.217880 26.048787
15.275306 95.829983 26.280699
68.632492 87.649369 30.240066
78.655010 68.243763 28.371055
80.346357 78.853827 27.614595
41.503936 57.834791 27.085972
49.698921 17.338363 25.399059
67.153094 31.748077 26.211738
65.144781 27.138425 31.026860
88.834997 14.727314 29.502729
4.094487 61.853874 29.663808
70.810688 57.112984 27.231668
54.050878 4.810934 27.499766
22.373208 22.845111 25.202594
90.985923 8.326841 28.246687
78.255861 60.271933 26.893125
64.633225 47.605450 27.776104
25.516376 33.885573 27.088274
35.142998 76.522610 25.728313
88.136699 34.904576 27.063417
34.479502 68.647111 31.050832
26.926364 41.461822 29.219814
12.424611 47.096920 28.380200
56.835206 86.362486 25.669966
5.463994 38.969633 25.137134
11.322581 62.632336 28.764958
61.930534 5.074423 25.800906
4.426931 55.863314 27.217412
3.452900 75.112468 28.344388
64.481119 49.013474 30.103160
76.158475 78.390909 30.370207
59.057026 65.964057 29.889716
1.284641 8.708745 27.454320
95.200464 5.870195 26.749094
90.347207 19.744535 30.207421
19.448607 32.744826 30.470914
19.609111 9.171305 26.480538
27.873104 78.732529 28.942080
7.527862 71.078082 30.536614
32.152920 73.741043 26.732593
38.584471 25.423724 29.646420
87.002672 87.887432 27.961785
80.153479 48.184884 27.863610
72.272478 2.258469 28.386995
11.362225 20.535331 26.266488
49.011186 45.442926 27.535988
99.397967 55.272902 29.719970
27.649309 14.064604 30.459530
78.869695 24.255515 26.946362
25.622726 72.802844 27.120647
69.992376 24.574165 25.990218
47.264918 72.232779 25.483299
85.692374 32.705636 29.303565
87.640475 26.759587 25.493588
98.714167 87.716619 28.517109
15.088337 91.348128 30.104582
12.029106 15.360761 27.082259
19.531018 7.172175 30.653788
39.216928 10.573159 31.090949
70.171812 34.032239 26.515598
85.346305 12.458708 27.415731
12.067900 14.112318 30.186914
34.022143 97.097858 27.238381
15.629865 86.421210 27.245165
20.292012 0.442658 28.443475
46.511081 60.064458 29.427242
40.262415 67.560414 28.512786
93.427205 71.632584 30.599963
96.270363 46.852683 28.597492
27.392648 16.899810 29.533258
85.038826 83.982166 28.200964
77.393150 17.211297 28.431006
45.921206 67.310305 30.099942
65.032989 33.449153 28.190665
21.996751 64.032620 28.943751
56.817610 58.341084 25.263597
23.946369 44.365911 29.007832
37.031967 94.639753 28.104217
68.474991 73.785107 28.073283