21.897080 91.176279 27.773077
92.382229 91.105481 25.019592
35.944582 24.744589 31.060242
32.515916 95.289241 27.871597
3.822525 41.519422 29.848617
15.925643 81.436440 26.456713
56.946441 0.247294 26.953753
61.018283 60.086512 27.293737
28.490416 29.572870 27.653159
21.041922 79.347648 29.111450
74.577819 38.635111 28.471298
66.124432 75.239667 29.743961
2.870194 35.590084 30.131043
22.927934 24.619221 30.903506
66.000772 63.676979 29.307170
81.271150 74.120050 28.775400
57.889158 89.180902 30.596832
0.076206 86.924583 31.242472
47.042764 29.450006 25.902164
82.681449 1.371482 28.762903
95.923706 44.076058 29.511238
21.775068 28.282658 28.826460
98.395668 97.566011 26.792173
18.033500 54.093462 26.096632
62.354818 6.749056 28.997924
10.724470 3.159548 28.117761
79.866535 82.887378 26.509768
72.742937 83.808232 27.118675
13.532041 31.408207 30.632651
76.735473 82.676328 29.548710
62.214546 75.597283 27.546861
77.721529 89.361188 30.385231
74.598274 13.211284 27.731981
14.596503 15.835719 31.059390
51.015656 41.874776 25.578053
70.702971 60.671142 30.203882
99.545920 23.471705 25.050351
37.580208 74.761428 25.654614
84.770500 15.389159 30.961001
60.595973 61.177515 27.590968
11.246140 41.292420 25.565968
17.429483 68.645040 28.536903
70.603790 53.895146 26.658332
71.869475 0.761899 28.751426
87.931427 46.527450 30.408354
84.630619 35.839451 30.184052
90.668657 57.795453 30.396029
86.479039 15.200097 25.969845
89.680023 96.038578 29.082048
42.834775 93.103334 29.917165
47.767353 1.493299 29.764205
10.631743 36.531106 25.953458
86.449447 17.569177 25.301802
32.266003 58.795316 26.038253
75.674106 11.468609 27.347182
12.396276 20.556129 30.273898
45.941532 75.207017 29.985220
10.745299 63.586225 29.014956
35.529573 6.182205 29.860302
72.383742 20.830114 29.828020
78.279702 59.144247 28.479239
47.107068 22.021379 30.328290
14.773161 31.919699 26.592606
55.536294 58.927972 31.056383
73.858662 72.854986 27.816317
82.979036 85.800957 29.219820
21.186067 59.165138 28.777232
88.737689 78.633853 27.089715
3.553159 23.602857 29.587560
6.316985 41.858040 27.471771
36.799051 52.205945 30.056737
1.737514 93.292635 28.086456
75.627548 65.976986 27.208452
88.148337 80.668035 30.968867
98.370331 37.896071 30.080631
39.033396 42.841930 26.666750
15.185735 27.597315 25.694939
75.807014 44.782379 26.837727
11.109009 62.143528 30.290065
65.071073 40.678691 29.870842
84.435509 69.636940 27.880178
61.450941 76.693416 28.499920
91.787125 95.838396 25.228480
52.714909 89.789153 28.877364
80.013103 64.881563 26.071942
25.953652 46.907610 31.204046
46.908358 26.990632 26.562142
43.919902 21.992053 29.517727
58.766905 46.976346 30.707833
89.667587 92.110593 30.080453
92.646410 98.693104 29.631126
8.929366 95.513836 29.587175
42.261530 15.282918 30.993851
87.798824 62.340883 27.699265
60.565816 52.586869 28.877508
16.440038 40.002535 26.252411
36.355936 9.386422 31.061521
22.270532 84.728220 29.106400
80.619060 87.160928 30.541765
85.423626 22.743485 28.973655
43.498311 3.915069 29.162812
63.084800 63.407971 25.096396
44.319101 35.743478 29.498315
93.956293 1.822088 25.585078
7.684986 70.486009 30.918946
30.358882 35.045212 28.595482
85.720557 74.860209 28.088124
74.082310 70.998330 28.228057
43.517384 16.307292 29.085915
7.537117 59.657975 30.280970
11.477190 66.253122 30.544896
21.003380 39.675493 30.798465
46.955131 68.474897 27.914094
71.483907 88.558401 26.273928
53.165177 16.661254 28.310778
13.086839 52.884372 29.865037
43.381422 70.047529 26.205271
17.782558 51.892813 30.079482
79.862262 4.614026 31.096757
89.644104 2.848271 25.479262
32.203931 15.734215 30.568746
80.771170 66.318556 30.825661
59.981042 9.440464 29.175493
36.940326 36.979914 29.350853
59.290899 19.685511 30.609165
10.791874 84.304530 30.120415
63.852241 62.182697 26.087249
94.058858 73.992747 30.069728
78.568670 87.356769 25.281831
49.331688 8.033785 26.366733
15.600432 95.845786 31.120383
49.924408 4.378465 30.709636
4.453446 57.733337 26.739038
12.410861 78.910168 29.885549
63.517482 66.676106 29.377811
13.756023 77.466720 30.292324
50.208359 48.732179 26.900668
65.309903 37.318643 31.048388
39.896711 17.359396 27.074485
48.522514 93.907335 26.142785
85.608398 62.448803 26.423756
26.722015 94.932528 30.444691
79.868195 27.278796 30.152955
84.167861 62.317369 29.246121
97.095228 88.318127 28.177458
89.034484 6.880844 30.900655
64.602095 74.736192 27.517999
26.718819 83.841866 29.808616
8.891334 74.888426 25.369365
85.103269 11.698741 26.779048