83.926030 58.217762 27.366983
75.453320 80.367295 28.213371
73.467822 46.036202 31.185019
51.900368 64.934476 29.439844
32.403315 10.245940 27.081135
9.309002 25.076880 27.471377
46.529343 13.346806 27.881533
66.983128 53.707382 29.737236
24.106381 35.967958 31.232064
7.490106 94.161345 29.728178
54.816167 27.904455 30.231299
87.221209 79.357252 26.354241
37.245798 11.277722 28.238181
18.385638 15.396213 28.241175
13.069893 35.753889 27.975704
87.652379 9.837475 30.704664
65.807069 51.261180 29.971914
8.090151 69.934127 28.870041
55.253081 74.710461 26.532279
31.619863 9.046024 28.232056
52.247317 86.390800 28.737949
11.607208 89.085658 30.828737
82.863948 26.634670 27.898907
9.758976 77.800510 30.666959
53.663499 9.739029 26.367207
97.390684 77.418791 30.183058
58.652740 74.183115 30.901528
91.898583 21.185703 26.870510
92.466981 53.669468 29.328252
38.060491 97.897551 30.945887
71.013530 95.674700 27.070553
79.642510 94.384538 29.447354
0.439688 35.868884 26.950361
32.417891 65.100403 26.623201
95.149344 9.083399 27.525197
84.243805 19.980083 30.690406
44.439683 42.458609 30.436506
11.781220 76.824442 26.680509
39.175887 39.978201 25.270530
76.205246 12.163363 25.753776
67.335399 11.019421 30.022929
16.223538 99.615600 25.371308
92.194407 92.731243 25.272272
42.010288 28.115348 30.975416
46.426622 68.312260 28.599522
65.112945 66.330845 31.110717
70.382519 44.497386 30.096567
97.176420 71.707571 28.578439
78.290656 18.619765 25.156885
20.625139 40.585993 25.136940
1.331764 68.394550 27.890384
14.133106 62.280100 25.844080
11.324289 50.672106 28.896228
40.080576 45.218381 25.168592
29.448453 48.848919 30.258860
87.705019 26.030194 27.029121
91.975326 73.488753 27.975443
27.832851 89.034287 27.802626
27.033132 47.572784 26.375172
21.024803 42.698545 28.817368
46.049024 10.891325 29.737209
95.110240 88.562031 29.659467
15.225567 28.080078 30.140427
24.557053 38.993577 25.235324
80.787195 96.218766 27.336435
32.948743 40.173143 29.612236
4.644807 41.226381 25.991673
60.952599 65.377963 27.517380
93.168351 37.754340 29.088720
94.859119 59.659249 27.974296
1.488064 13.694738 29.219178
12.370606 1.014623 29.945389
52.620674 84.219918 30.189075
41.258371 85.551454 25.469679
61.995256 63.201585 28.606367
12.216224 36.108514 25.545531
92.240577 86.395023 25.458595
6.696440 72.158924 26.623829
18.801108 85.528278 25.243315
67.203902 60.193183 26.030787
79.508566 81.832574 25.948874
10.824179 0.224510 29.014007
61.600170 40.269394 27.045943
7.595843 66.327713 28.001010
80.163925 24.324588 27.801531
13.804190 89.547273 30.609371
82.562519 53.555138 25.969897
78.194095 95.286969 28.615869
25.857937 54.795908 31.160114
13.972383 22.951330 29.141253
42.795191 79.935820 27.721918
35.386155 5.963161 28.142651
27.955638 60.980439 30.684698
98.257706 8.414966 27.470583
39.275076 35.419628 28.706663
19.458797 37.792378 27.090640
50.049800 49.537258 27.103069
20.417681 43.686395 26.370395
75.809150 36.413709 26.994675
30.012717 24.466703 27.277157
1.466277 73.919409 26.690691
49.487128 33.621339 30.414698
74.286669 40.645995 26.169105
88.180014 99.319123 25.491737
42.496971 12.512531 27.057607
39.675199 50.346781 28.147441
52.957531 24.972741 26.868769
45.816859 12.380046 28.263956
3.443690 50.037792 26.149832
70.893733 48.929768 26.712498
10.935091 92.464295 26.778201
84.021226 54.136226 30.061307
33.891749 42.971503 26.607216
53.170306 16.353962 28.861450
3.870381 36.841264 28.123456
67.651790 64.661185 25.214275
18.939129 28.450099 28.498152
39.640767 11.354510 28.764229
38.555704 98.075105 30.842706
53.030367 90.530733 26.176838
97.232674 90.288391 30.916135
72.263793 78.302093 26.798697
79.178742 36.685581 25.986215
59.610743 25.539798 27.950257
51.635161 49.955723 27.414550
57.994340 21.055888 28.810091
32.859509 93.109755 30.115498
13.478602 59.179872 29.240965
11.746344 76.015196 29.498611
9.624132 71.656677 31.014244
35.146829 88.002885 28.320040
90.784720 60.817263 26.457040
40.641790 84.502242 29.004816
6.790039 87.252694 30.814469
17.193596 46.046785 29.295468
31.297105 93.021081 26.252059
0.192356 77.358093 30.339224
69.105393 70.496321 27.755945
42.996577 60.772381 25.978528
6.259766 38.607228 25.524376
56.501588 8.166975 29.521543
22.143017 17.424098 26.731292
76.556192 53.969860 30.638391
70.194668 3.915758 27.977905
63.712519 42.905405 29.735817
24.399130 77.896493 29.821741
15.984629 83.448828 30.639254
25.292396 69.508179 25.393083
43.718845 15.765435 26.108699
4.488937 85.158041 27.422473