33.082990 6.054931 31.030124
36.926877 40.173238 27.749870
87.713216 81.739087 25.561596
14.320646 37.813302 31.172446
94.852936 39.692036 28.760146
75.557871 75.117595 26.992430
37.238247 79.528623 27.970173
59.689736 58.383434 29.452406
15.756674 4.286361 30.943218
34.039583 63.158673 28.694366
71.602692 19.939742 26.187719
18.084593 84.736627 26.237440
52.256036 98.747510 29.883314
95.634787 78.848100 28.308041
51.835896 36.568579 27.085838
63.948748 11.761224 27.772023
91.526079 35.247286 25.087950
88.894570 57.332094 29.900038
22.085809 64.596430 29.628294
75.513002 88.076323 26.188303
66.941106 32.413068 28.400363
4.689130 52.510159 27.354417
88.308133 60.457680 30.024626
36.775446 1.627511 25.863560
38.660755 65.855688 26.079484
35.850970 20.385206 26.351567
31.139225 75.734335 29.190595
13.575134 42.484547 30.308194
68.785977 98.412813 29.868890
29.544067 88.813177 27.669845
69.419152 96.869614 28.038241
94.785217 24.165969 29.840636
32.155378 41.304405 29.629983
43.456727 62.437119 27.223964
93.206307 73.551238 28.362155
29.317998 52.741878 30.097256
27.610795 70.100832 27.952634
78.212974 2.944094 28.509496
17.479480 35.568979 25.913065
38.090809 44.205082 25.846161
95.117973 74.921241 29.638071
69.583411 97.850035 30.966281
22.353361 96.346401 27.723003
34.256974 57.833628 29.133559
63.741173 97.679403 26.152426
71.710367 24.864730 28.860907
22.197068 35.550444 29.634418
30.603623 59.167189 26.834174
48.361284 38.018146 25.530925
71.981762 20.206488 27.132752
93.078489 71.836438 25.286478
40.719070 56.580495 30.334359
71.059054 87.891344 26.557540
54.645733 26.182350 30.055733
60.939009 8.028836 30.066366
84.579774 2.021763 26.465097
66.150932 71.276148 26.252408
77.028283 32.484359 30.451569
42.925533 97.546028 27.403474
35.129779 22.848081 26.738706
28.748783 93.225473 27.697579
60.705794 56.249941 25.860561
40.618703 45.484646 31.133427
74.185474 76.111040 26.413107
73.943598 50.133530 29.262338
64.453759 83.087232 28.121326
25.456509 36.049607 30.538673
21.389163 48.211105 25.973950
16.295669 21.207564 27.963480
6.358429 88.631987 26.713505
62.983097 36.334305 25.261611
56.201311 30.494346 29.206957
53.904864 86.399221 29.882407
88.886675 90.411175 26.737746
52.587439 63.967543 25.586670
85.715544 60.390635 25.541005
79.969963 22.592874 26.095858
24.270730 65.268430 28.573698
24.690268 59.608139 29.148890
43.791563 31.781936 30.751794
93.946650 96.388518 29.130403
40.632475 3.872038 27.021723
71.950047 26.001944 28.358598
40.201327 71.650957 25.805500
21.454728 63.804162 30.339315
66.786523 29.678970 28.706049
69.517146 87.822713 30.185298
96.924065 61.793895 27.985869
68.096962 84.062836 26.355530
79.356826 72.710142 28.551103
93.883484 81.555761 27.343969
38.979950 24.624418 26.807531
35.968395 57.372287 29.364206
99.038776 35.866621 27.878408
78.545290 0.881603 25.348025
55.226180 14.774426 27.385325
36.038493 84.440662 26.350604
68.247441 77.366894 29.497491
61.192385 2.841907 26.837073
92.102396 85.814680 27.253290
17.124480 10.976828 28.292806
3.626170 72.979842 25.459562
45.252251 80.711266 28.168500
98.884764 48.881791 28.661872
77.006728 44.095800 25.652157
23.351396 5.633322 29.631539
88.054819 53.481543 31.017125
91.558030 49.589937 26.392823
18.712452 93.959973 28.572572
41.956266 8.346981 30.662424
68.764741 8.797443 27.047755
6.959384 89.232261 28.031166
76.739572 15.734467 27.319802
16.527085 47.471179 28.489985
98.521682 59.888047 28.514188
12.520120 9.675653 27.272682
0.564213 32.248172 26.401678
47.922295 63.084154 25.091501
64.378569 75.543568 27.744654
85.337481 15.549400 30.864678
80.272824 57.592538 25.287129
88.459185 32.510076 28.667286
69.328928 4.315385 27.226793
78.396080 26.420125 26.697024
17.719675 11.105877 26.220951
65.771106 31.691795 30.831675
24.243969 28.659622 25.538050
70.092722 66.892854 28.343170
52.410662 22.509532 27.308955
95.462626 13.552562 28.508344
15.036963 62.378521 25.238805
44.331917 42.438028 27.643420
64.345411 39.426773 31.236438
60.417123 78.625123 26.121864
49.740344 85.625080 25.393670
45.944719 52.669425 25.833254
55.030550 57.357304 29.134042
87.278500 50.707310 27.084497
18.295016 99.237625 28.568296
56.411714 58.409856 28.767753
0.791353 80.374123 30.114515
22.702766 88.738954 27.050213
78.785188 6.483774 25.747096
26.209649 7.702048 30.897571
92.641513 30.523745 26.713245
95.942482 91.863744 30.554411
16.631403 94.340413 30.383239
74.052903 87.697893 28.560558
84.109411 88.401711 26.800039
34.663376 89.327659 25.907494