95.276185 73.693852 25.467985
21.937450 56.668888 25.431389
64.236137 44.028290 27.208534
47.532487 29.956264 30.001908
12.057497 3.857980 25.272083
52.169544 65.925309 30.500373
31.907574 56.026100 30.936253
65.647583 51.083955 25.174149
55.081718 52.285634 25.549767
11.466443 80.904132 27.404992
2.086940 38.501886 31.144284
71.644258 22.159377 25.439189
4.349645 52.615920 29.821518
47.065642 49.399046 29.888035
66.324483 57.115859 28.832168
70.265341 89.789568 25.244626
65.992867 94.526446 26.735476
69.125926 37.797981 26.140949
12.293667 45.010228 26.590886
89.560627 74.864483 26.291586
70.846610 73.794286 25.189703
2.066796 62.612590 30.900396
73.920521 99.309355 27.417483
91.987966 13.175897 31.009425
72.510618 21.455825 29.251293
64.944994 72.080340 27.110878
56.900447 45.945594 31.078985
61.789349 14.245220 25.610026
94.414193 28.415951 25.143647
51.541772 60.451036 30.739938
55.138768 69.774245 28.491899
86.907261 71.403962 28.172765
35.630530 52.062188 30.216374
81.680670 58.649276 28.043055
69.816017 62.522955 29.138980
1.103947 7.678020 29.475105
21.375104 99.388800 31.210722
42.999152 18.110904 25.145013
52.772622 96.106917 29.375554
27.351560 27.412816 26.763056
38.366104 0.116916 26.392794
97.217670 91.795005 27.516233
85.109112 15.156867 28.598123
76.388468 62.150009 25.151021
0.713955 57.819425 25.659815
39.701466 55.760746 25.627263
99.540505 14.379538 30.901091
12.450819 11.083766 26.692382
80.585471 86.302342 29.964225
56.418914 75.096770 27.734862
35.538766 12.915617 28.138375
34.578618 49.115399 27.267927
9.568916 70.767037 30.664831
35.440632 0.252048 26.354756
97.937479 46.053028 28.242843
47.903437 68.483520 28.284069
82.282843 14.110414 30.092459
83.094143 40.217726 26.936566
29.574888 24.389464 26.765168
58.941364 16.554179 25.099956
20.177216 7.977914 26.896247
87.840954 71.321234 28.328014
62.619706 4.801145 26.805558
72.311214 47.771774 27.862812
29.565706 43.764054 29.436126
79.154120 89.006797 25.049950
95.687108 77.341262 26.739236
69.078836 22.802140 31.004973
91.565900 86.720387 25.721674
44.525011 56.245728 29.374429
40.511762 70.263353 28.474766
98.966431 66.301557 27.702871
44.311690 75.275551 30.266883
88.876935 10.959824 28.114124
82.098476 99.649763 27.337087
96.166351 93.887388 29.690456
38.809311 29.498075 26.028452
31.269237 75.939708 29.858007
37.697925 12.583767 30.391517
55.194348 97.286951 27.230666
89.300515 55.773063 29.919784
21.234243 25.464252 28.413143
31.471214 24.491483 31.110354
90.222537 47.788632 30.960419
82.291900 55.543746 27.876749
19.949482 44.757599 26.342601
50.678643 23.587482 25.158554
43.022526 60.018079 30.195510
80.955312 52.906241 27.490779
56.243898 2.763137 30.938836
92.848092 66.506131 26.755177
91.891977 67.631224 28.618337
69.908060 82.289513 30.362111
57.065730 70.835807 29.372817
8.978073 55.958855 27.913869
38.869026 52.021041 27.403619
19.073179 79.336498 28.074447
55.703627 10.454269 28.467563
86.013781 53.419830 25.213321
94.347923 21.081136 28.556807
47.371228 85.096957 28.480711
58.344678 46.517955 29.469242
93.135556 10.200354 26.200238
12.366713 24.687144 29.959490
49.148217 72.337139 28.759424
2.828451 55.530823 30.897873
99.485076 11.233626 27.882268
43.226735 36.439548 25.059842
22.685064 33.154754 27.409158
85.499725 54.745140 30.237013
22.034122 49.282332 27.126130
92.896324 10.698924 26.526154
7.293355 39.721176 30.656626
27.446179 3.373643 29.730509
44.905435 15.306415 27.217403
30.340177 25.023413 26.334366
65.703745 81.685161 28.210995
87.789400 66.168173 28.178785
75.878334 95.732888 30.817414
1.000116 6.035047 25.518222
8.888328 65.145387 29.739400
27.583670 64.059681 30.267618
65.878558 75.362326 27.480909
2.377638 91.342531 29.062408
71.319556 74.411224 29.584873
71.570960 74.020946 28.839451
21.205834 30.393767 30.988123
18.957405 5.602548 26.825831
25.649625 98.246735 30.594760
66.829273 37.656718 26.999120
10.599795 28.454395 25.550787
76.465668 47.014861 30.357396
46.605195 27.602951 27.123210
92.254650 62.421212 26.049595
6.523560 28.594560 28.077823
17.249352 90.384872 28.806035
49.452496 4.430313 25.171566
90.659554 58.596600 30.287288
82.754246 34.005688 27.523900
94.634906 15.028991 25.042490
6.438026 79.208562 30.679467
0.338870 10.443097 29.358196
38.406620 37.435637 30.190344
59.856224 60.939006 30.510469
68.627451 23.425170 27.631455
31.998033 83.676413 29.205768
67.680029 48.647355 29.098550
81.669125 93.920681 27.770506
27.999717 53.613609 29.123294
50.859440 0.209098 25.046048