20.484407 22.032961 25.538229
97.339509 98.852251 27.699868
71.179278 96.445311 25.790911
96.211657 21.215454 26.232134
87.359591 10.605756 28.486052
86.142225 95.362738 26.495832
87.519699 37.954611 25.865839
28.686754 14.594164 25.600623
28.602514 79.972690 28.299227
6.025769 30.973915 27.861364
87.789210 39.950203 30.944469
59.109020 40.128188 25.911361
17.826381 20.413897 26.234170
52.334669 77.321296 27.595558
86.986729 1.299532 27.211409
25.515646 20.923392 31.014391
31.386354 63.953041 27.167328
2.832378 40.966503 26.153389
66.164080 89.196657 31.194014
17.642184 46.950719 26.213195
89.813880 57.856082 28.092628
42.541009 97.763706 26.633742
11.960478 92.235968 26.619554
51.883474 28.217793 30.227735
18.140203 43.651375 26.233004
2.728067 23.857374 31.172532
99.687711 47.448061 28.233583
91.798915 82.354604 29.718626
8.577294 45.446389 30.540081
43.893152 38.067396 25.305112
12.223282 1.278217 25.376207
87.188491 32.882969 25.449329
37.367470 77.777384 26.127622
25.569154 97.119207 29.521392
97.730276 23.072596 25.820158
56.494250 77.128968 28.422935
8.223883 40.214968 26.722044
94.930191 24.528254 29.093825
53.583830 66.616296 29.824099
39.607127 14.132803 28.120736
84.825467 17.872692 27.579955
36.898880 98.079149 29.929647
52.978894 8.948300 27.797427
0.092041 9.841056 28.751671
51.059300 24.830708 28.236037
36.514392 44.121126 25.750438
87.568155 31.089804 25.944813
42.577572 99.119786 30.308317
83.157923 71.172131 27.335949
25.691823 5.452159 27.793234
1.069590 39.243129 25.202760
43.532973 34.667214 26.589380
91.335512 38.773733 29.186109
9.759148 73.241507 28.419629
27.303086 15.071334 27.368226
56.620631 4.750749 28.762566
46.655797 13.709725 27.485320
79.168367 49.234488 25.062273
95.936816 14.749232 31.225368
40.224887 10.813969 29.311801
50.411457 22.141871 28.491513
79.013563 64.593222 28.257454
74.896072 81.179761 25.247305
76.430640 46.897612 27.302025
66.687457 17.321646 26.251748
75.790375 2.201216 27.332072
17.447227 20.907151 30.519654
3.915808 73.343843 26.727099
60.874844 95.843462 26.003861
27.627623 91.965966 30.600213
21.223903 98.061089 30.046122
4.192586 9.662259 30.998551
83.438265 11.413501 29.494778
75.937952 49.756025 27.222080
41.103316 20.922879 25.642478
40.389810 59.170278 27.524090
40.710300 92.507922 30.734689
10.412546 8.877866 28.150131
35.408852 63.373810 26.598512
73.345905 21.972613 29.554632
30.339656 84.255597 28.781007
88.318484 3.835139 30.183824
97.669354 79.603074 27.131459
35.303819 32.825408 31.130596
32.812825 34.738169 26.710950
54.375943 22.170313 26.793978
66.628631 53.574049 26.714436
40.421841 21.420621 27.751343
98.533164 69.377742 27.070454
67.218340 27.452362 26.053679
6.576478 27.608979 29.816216
38.704186 87.491099 27.528045
26.750427 69.420991 27.905517
26.205561 10.236006 26.309309
68.313664 95.551409 27.616379
10.026648 45.862673 25.948265
32.248862 8.741096 28.620783
25.963922 97.027037 27.986727
26.565113 56.891950 26.477708
70.069782 0.314506 29.969049
83.749321 91.579478 31.165675
71.782725 96.606241 29.697521
37.663147 94.487978 25.236431
6.475218 84.199619 28.135702
60.868784 92.103002 27.750790
26.087469 8.461771 25.953526
51.484512 72.329787 28.992155
43.496177 88.252556 30.855529
74.279222 45.708637 27.611975
40.592705 9.577187 27.092872
96.317596 88.050403 30.970389
74.771184 62.042719 30.943298
68.721117 23.054310 26.125218
42.874865 86.824411 29.936101
13.110363 49.089552 30.510782
4.964190 51.089309 30.889692
47.899537 71.168615 30.096978
16.144846 94.150224 27.543717
57.149012 66.126084 28.310468
68.411533 36.182923 25.790066
97.183094 91.643977 29.725393
66.634927 1.137719 28.218338
93.717795 57.621216 28.838821
44.321306 48.193306 30.435091
74.757511 32.507948 30.911237
18.547040 14.747281 29.896618
24.590180 47.895241 30.648153
58.791050 23.496421 26.927370
98.272436 23.504560 28.432887
86.061668 36.272897 25.731756
16.027014 25.090988 25.994637
77.793934 24.546018 26.501634
14.488755 40.258714 26.675960
56.267785 32.091477 28.817767
27.005082 61.748320 30.229340
74.508198 8.481914 26.055901
2.420091 10.586241 26.875812
95.409951 48.321440 27.833491
15.641198 58.853854 28.405842
70.420653 53.652048 28.261627
72.943873 6.757840 30.219671
15.078344 88.215659 26.227211
11.864618 33.577226 30.600649
10.431117 51.214951 26.642405
37.336903 18.870496 27.070841
71.324619 71.844510 25.698283
81.857527 72.307481 27.062220
72.539177 28.462153 28.259566
52.924846 64.949795 28.320995
11.207524 55.767520 28.045722