74.334816 35.256962 25.732407
78.709275 40.883270 27.342877
58.467040 83.160313 29.489930
44.408019 88.659044 29.300380
73.998223 73.762552 28.818037
70.173098 24.485851 27.921291
53.510300 23.103276 25.310441
25.289197 56.737342 29.536531
59.433682 86.104853 28.967469
76.341330 59.532151 27.109419
73.541012 45.831869 25.569110
38.257557 46.307365 28.795328
36.567333 86.467648 27.067215
12.568453 91.150581 30.449774
69.431028 82.026546 27.194685
1.515870 83.665689 25.207671
76.723139 3.154741 28.571778
90.631749 86.061162 28.921435
10.100006 17.022768 25.654684
25.545395 81.463436 28.053846
6.498243 51.252344 28.678996
4.258306 50.457786 30.570913
46.068986 54.387770 30.574260
65.955704 78.365963 25.447201
46.720751 32.871025 25.464548
65.324728 26.547306 27.813315
51.490120 81.262197 28.889933
44.733342 99.532173 31.071194
27.126931 2.446230 28.794188
16.972661 52.997039 25.578331
43.038728 38.363305 30.166136
79.401743 98.913932 25.527794
49.378297 24.322309 30.549321
92.278394 88.886722 29.091675
70.647602 47.738382 30.684234
1.712609 26.550649 28.858235
47.455068 72.636170 28.868329
48.273935 36.366910 26.371453
29.879408 21.076342 28.559679
39.415388 14.786159 29.336576
68.386774 67.521934 27.562303
41.308501 40.802010 31.033053
38.041978 88.215104 27.885774
4.485941 43.473152 29.930718
34.712494 33.905402 30.307428
63.627236 96.856369 30.543442
87.446258 22.253782 27.519637
3.336184 96.636263 27.147588
69.723201 88.202338 25.449365
66.375922 32.990861 30.417940
52.506686 13.120657 26.122992
86.126477 86.632099 28.006962
47.859251 24.447300 29.339711
93.882182 97.346069 27.948419
83.141091 22.190538 29.205308
83.426378 87.633611 28.091274
27.388191 86.573344 27.420125
52.733738 70.448313 29.970461
34.854798 37.711512 31.025683
64.942126 28.385418 28.156954
0.325865 60.822162 27.664893
53.717006 95.839443 28.363147
93.893840 51.273177 29.818055
35.900830 0.265015 27.987879
0.026796 5.507384 29.995963
75.372702 25.244414 29.192228
77.328210 94.655095 30.633971
91.851831 60.915402 25.797992
26.504223 42.464896 29.475973
83.561613 12.580445 28.192402
25.645707 29.356915 27.364822
10.062668 86.727188 30.555488
73.718823 32.478089 27.343917
35.064903 51.407882 26.409304
35.685875 92.036116 29.221996
74.175616 94.603020 29.298657
96.314403 74.801139 31.064105
18.999160 94.380945 30.656778
71.400375 6.384111 25.198145
12.080014 40.714414 27.664468
50.598221 9.204466 26.742189
75.638054 44.065006 26.409604
6.640436 18.965974 27.357769
40.853177 23.333992 31.059419
94.916365 68.483656 30.345347
13.010714 9.088154 28.488139
65.561908 84.189174 30.900813
41.319049 31.266370 28.709316
25.087518 67.498486 25.041637
46.846727 56.216868 28.526848
74.998855 44.027542 27.839917
44.994378 56.942304 26.487111
14.238401 54.245730 30.867293
86.367381 35.790795 26.091389
54.802110 30.794376 30.147782
96.693510 26.259031 30.787097
46.605003 51.333241 25.278683
38.207584 79.506288 28.276692
23.499709 80.338132 29.103866
42.386285 22.298547 26.608197
28.270613 10.333207 26.664738
39.706096 67.899790 26.609416
88.888590 34.998947 27.206467
81.103351 89.347772 30.690480
63.401093 32.651541 25.075324
8.050797 97.659631 26.887639
65.496696 80.692408 27.596399
72.015040 75.613373 30.656084
56.294913 60.640452 27.963455
45.214235 57.766807 28.515325
73.817033 7.556324 30.933604
16.694141 29.683341 26.166599
94.847484 1.862612 30.531939
90.977456 56.959155 26.245476
9.326028 27.349286 27.435879
7.381469 78.521133 30.712830
57.027719 63.384663 25.256451
7.591073 30.605309 30.132285
37.262465 63.629423 27.415788
10.173233 39.255723 27.734869
37.054229 73.609095 29.110352
4.340396 21.871944 26.810622
85.395907 63.684489 30.809927
90.841307 63.265316 25.264651
44.413079 4.179817 30.355012
69.345648 5.046801 28.278716
46.831608 98.252136 27.606103
82.274317 34.798686 26.923943
81.074616 21.877706 29.284856
73.300196 83.429950 25.134040
10.893402 9.650299 25.895650
50.875275 4.133205 27.089173
87.863959 90.972175 30.659838
98.293127 69.742002 27.407023
36.905272 10.968904 29.890582
3.851031 83.004211 30.735942
2.565714 41.364024 31.189664
81.449653 38.951677 26.613446
73.374841 19.028175 26.699917
8.346375 11.104984 29.594783
61.525330 56.182979 27.704648
33.206806 91.643998 30.721641
39.593752 91.505409 29.444066
81.009889 70.193861 29.913332
48.918928 41.366310 27.657364
95.378947 7.016486 27.477926
3.488910 65.680268 28.977246
78.406511 53.556033 29.149555
63.606707 21.847310 27.130190
55.478771 39.910051 27.287084