17.940930 76.930287 30.801432
40.221432 7.971949 26.587517
79.225183 55.350270 27.534069
34.476559 31.313042 27.079525
0.406505 21.094238 30.250223
91.319201 52.500273 25.269084
72.090995 31.749914 28.635966
44.952954 64.559133 30.760299
36.671634 25.076826 28.559838
56.623974 62.184036 30.936197
89.356094 19.367767 28.771277
11.741883 90.986727 25.527719
33.890033 98.748287 29.737557
82.264700 63.162427 25.346198
63.376943 36.729943 28.888341
59.873946 34.340672 26.097485
0.687937 56.241319 28.567911
71.953393 55.628615 26.968256
52.317754 8.586487 28.694304
59.514052 27.617667 26.045176
83.920102 96.722581 31.072628
28.964741 33.206905 25.579936
63.348765 0.179785 25.433223
28.312073 80.666361 31.054844
58.490049 22.132293 29.801990
56.660325 95.931408 26.438521
47.917434 12.107187 26.366268
32.489313 99.695330 26.870525
74.121363 18.897906 28.159657
28.847896 84.107233 27.388938
88.354107 25.834266 28.138354
60.743843 29.919969 28.595284
25.789258 64.010086 30.545649
44.640761 68.337131 31.078768
73.886258 33.485339 28.418143
70.782655 55.201227 30.739432
42.309010 5.592519 30.461823
84.083806 84.139332 30.218167
83.331033 89.270971 25.681154
69.204387 4.368143 27.034975
32.818357 99.279194 26.134069
92.053859 64.553407 29.692028
72.361674 48.812822 30.362154
50.385231 42.871495 28.330023
99.633229 31.082441 28.160305
71.342369 86.020812 27.908841
53.453174 82.503612 25.807450
97.595145 90.932035 25.528011
98.734230 33.931598 27.878742
74.058137 16.742823 28.916520
38.622016 20.162147 26.736300
45.023642 41.003214 30.546513
90.353796 28.561734 30.464535
19.409948 72.428154 29.138504
17.864532 38.102510 31.206940
36.999193 28.255902 27.328542
52.103557 46.927921 25.099817
47.369708 31.289087 28.067912
91.529936 24.385734 30.356385
69.067432 1.994850 28.520013
69.022186 76.436917 30.819063
53.929568 44.527666 30.538750
68.048861 41.875361 27.325072
74.965155 49.832703 31.082261
9.855369 70.254567 29.547569
95.743289 92.595098 28.762455
48.363980 41.213259 30.262274
20.673081 65.380252 30.244021
41.245734 48.504730 25.313649
82.971664 9.279027 30.906043
20.421831 66.083487 26.089601
52.622844 35.273701 29.220735
62.121515 1.431877 30.167260
48.496945 62.728157 27.061875
70.272734 8.465411 25.351159
16.682831 35.663003 26.538320
44.109478 61.481720 30.672523
76.312548 13.851706 28.387937
82.493079 91.726584 30.651189
57.535994 95.500608 30.745035
59.324508 43.857849 26.284890
2.147322 60.371106 25.275429
44.465039 58.904755 28.688775
28.285010 10.700985 30.747917
41.481246 9.743114 29.507995
65.920957 5.372407 25.021239
79.047063 0.744534 25.517335
18.358344 14.943629 26.600746
18.894372 49.225596 25.995951
65.037250 25.738577 28.759730
87.711651 31.909785 28.609533
16.575936 73.737574 28.502931
17.234745 61.275999 27.968740
92.740865 96.530144 27.703901
12.623755 85.250648 30.918542
99.486269 27.054120 25.901657
65.994727 69.139062 26.406347
30.567977 25.801406 31.013822
47.742692 58.256927 30.055695
85.348949 72.932117 30.980881
35.417278 3.520436 29.813421
22.194218 29.703576 30.821836
94.282505 1.412788 31.133059
67.989653 56.318234 30.831103
15.952950 14.937490 28.992321
3.251842 13.084891 30.950265
99.951500 47.523811 30.308943
10.810472 22.635184 26.839898
44.398720 37.848645 30.685138
68.645062 38.912041 27.981318
65.724947 96.891064 25.880226
64.935985 10.098935 30.702733
77.562290 57.541244 27.989109
84.618335 63.380333 27.662427
81.549150 58.523730 28.753623
91.175598 56.064965 25.079986
31.585991 2.330253 30.594704
89.357920 45.979493 27.591363
92.168456 97.859625 29.062454
49.432224 61.346371 25.059693
85.376901 1.045450 30.269852
81.201101 31.224049 28.875207
18.802601 53.033340 28.145607
94.185808 48.374767 26.709776
24.850399 15.907865 29.175679
16.715960 34.086229 28.649453
9.929602 98.221027 28.672201
63.855803 74.184616 31.167803
26.559188 45.516418 26.437193
23.132345 95.724015 28.540111
75.210495 97.774774 29.299676
24.437106 22.435715 30.608098
66.754095 92.240016 30.252358
92.414695 16.315727 30.788921
86.565184 94.000134 25.721768
43.621070 49.129910 30.828327
80.489487 32.043336 26.813740
7.596034 57.421726 27.139983
5.780102 22.038583 29.541524
27.612784 94.959001 30.859166
62.345724 59.772858 29.160640
96.534347 0.882463 26.974328
22.969647 95.328586 27.141867
85.769429 2.738590 29.264983
51.683907 75.909512 28.117037
86.110787 10.898073 29.688592
28.375587 16.844713 28.299591
23.869079 4.467997 25.699240
59.443669 7.533410 27.506604
35.463155 12.941360 29.490280