42.392556 88.254616 25.356282
29.666860 21.602590 29.796915
94.620129 61.933602 27.682329
97.586004 78.284373 27.395074
66.290715 58.981971 30.526395
52.459783 29.869577 25.387855
17.976008 88.476359 31.139571
16.835415 23.266699 30.942565
77.760031 11.745278 27.365880
20.590961 26.439549 28.469429
93.751435 53.717390 27.163195
19.158001 56.790122 25.651147
17.407732 42.815811 29.511314
15.458968 87.178475 29.459979
95.383408 37.233979 27.709757
81.952282 11.942424 27.396078
79.409338 28.865879 25.351854
34.232674 71.465066 25.237575
87.200141 23.720880 25.492094
72.812304 15.912505 26.859367
99.214382 55.970964 26.188612
33.611540 39.051635 26.240221
3.204923 93.415082 26.259251
73.542429 86.801584 29.120751
95.753010 85.680788 29.421148
26.020168 17.747934 31.138764
5.623417 59.121931 26.210918
21.649738 49.151754 28.422790
31.932621 74.547817 27.770019
80.295773 69.914110 28.398984
83.316744 46.574113 28.634301
33.351058 60.391624 25.381783
56.081313 53.903701 26.000974
65.904392 21.723370 25.623615
24.623456 79.911657 28.303179
61.275272 4.770328 25.047850
61.643912 82.727953 26.647625
4.204506 42.686919 29.298461
53.896135 5.986259 25.921498
97.077312 53.198226 28.630076
92.832363 95.025886 30.396021
40.541557 68.629156 26.079417
48.798128 54.909508 28.896070
90.108026 11.107040 26.992298
39.712080 66.471792 28.777935
98.964045 35.098767 30.447211
85.137382 99.407894 30.476708
18.693655 72.628750 28.080635
16.520786 35.405950 27.439317
41.960808 77.593592 27.076358
1.502316 77.117611 29.491528
56.820063 16.743408 25.125269
55.603755 47.391041 30.968590
70.585972 33.677259 29.930484
79.981122 3.801623 25.991044
31.145092 56.678598 29.967322
8.616787 8.854089 29.619203
2.710234 36.171463 26.196754
28.330638 85.512075 29.549195
94.023531 9.800346 25.503004
71.042962 94.247515 29.313208
6.483623 0.141522 28.264042
7.342063 68.455463 29.312915
85.585487 46.899167 29.295314
82.400991 78.606156 25.481608
66.051924 24.648918 29.959051
10.923270 50.952495 31.075723
73.848542 18.096003 28.767695
69.880332 28.683592 28.398428
22.312572 15.425733 29.747852
38.800753 94.093715 25.826669
48.053298 28.481006 29.656458
57.830532 37.364256 26.534255
47.835743 27.035245 29.745058
20.266853 70.499435 29.415098
16.390223 54.472314 29.759783
21.186149 99.391438 27.386160
9.558039 25.828001 26.424243
13.982092 19.259862 31.132375
45.384196 4.757646 25.768599
14.071077 94.920673 25.685045
12.811487 77.640290 25.333636
87.254136 24.061341 25.834363
40.003731 53.183245 27.429404
12.935813 33.951229 29.312678
59.814463 8.915061 30.779552
13.020492 8.333636 28.337439
50.404328 69.786527 30.343371
17.422184 61.446676 26.489896
32.606321 28.655754 31.067491
48.395789 92.849097 29.032534
73.723824 58.360639 26.031239
48.735506 56.498325 25.209541
71.210409 7.110427 25.289064
88.017748 4.745797 27.353720
18.877376 38.027605 28.088186
50.171076 29.158365 28.597739
25.494918 39.868644 26.875369
57.225524 74.700767 30.259708
84.853192 67.654660 28.830840
15.187989 42.596058 25.671327
92.588710 60.239254 25.881159
37.993251 19.695935 30.083962
49.381528 59.642724 30.062991
54.313202 6.647535 26.690347
29.595252 45.865242 30.605360
43.266801 14.312793 29.079837
18.758491 88.758995 26.804240
96.806973 55.583564 29.520448
4.052900 25.021172 27.058238
99.249219 39.627234 27.963264
80.815470 39.754888 28.432965
59.634505 53.408757 27.825127
37.428101 88.840449 29.559961
95.658253 45.805537 26.793358
32.278579 96.630569 27.809805
16.316427 4.886314 29.775958
54.383472 30.191255 26.883293
49.914667 58.995704 25.698253
50.224862 37.876584 25.919730
46.626789 46.739764 30.218613
2.724048 97.569180 25.327873
88.952895 32.195238 27.632029
5.403620 99.568069 28.059258
33.672775 86.950965 29.015873
94.228652 34.953489 26.965958
46.105263 89.121890 26.187716
44.307175 69.248882 25.051146
47.478724 45.661461 27.282720
10.338885 6.826531 30.477191
51.226102 4.255364 31.125093
28.822047 82.963507 26.797657
82.398456 49.633417 29.455993
49.205347 31.963743 28.521567
70.980129 88.646942 25.873168
94.536888 95.122940 25.363538
66.581575 81.478376 29.725957
87.706308 81.115007 26.026941
75.797685 25.186869 25.062529
96.234175 4.813053 30.400011
2.927388 31.365986 30.037029
61.647584 57.061609 25.689377
82.207445 62.851741 27.738502
24.475269 51.798602 26.499355
96.239841 70.526565 26.438587
59.009517 20.736861 30.805582
60.266377 14.565878 30.109594
73.068500 71.310532 25.503100
58.364708 17.222975 29.798464
68.134728 40.871973 28.272290