96.911910 85.176259 29.544514
29.448897 58.901503 30.776336
7.439020 45.529112 28.556121
30.262608 69.669144 26.006118
0.736982 8.669598 28.227673
62.993568 40.768621 27.977664
30.075951 19.146465 26.446509
28.604045 32.891440 30.996500
14.699428 31.456520 31.089050
57.034181 27.587111 26.246284
72.068262 14.725626 25.550436
68.047891 22.847382 25.274073
48.835738 25.135488 29.063932
67.378916 27.890763 27.699416
84.882007 26.809413 29.727346
5.338880 10.170214 28.917522
67.765243 80.587699 27.239395
61.289347 43.101464 29.469821
75.055841 8.775937 28.524172
33.662559 13.540387 28.731414
98.196674 47.720962 28.125819
0.761886 26.024386 27.208872
5.077287 49.186969 27.711575
33.348376 31.758794 31.012098
24.635641 48.552192 26.443338
92.925200 50.257744 29.887384
87.537701 2.595648 30.755121
56.712862 47.584969 26.465466
36.253885 12.807274 28.469849
9.305619 73.452836 28.422696
60.886898 55.621127 26.832290
94.647622 64.132535 30.828829
96.362869 54.977918 31.247280
86.055278 75.569062 30.718279
22.853342 51.989553 30.669766
65.750180 37.633129 26.635734
99.807357 71.968012 25.854905
32.225718 85.148132 29.734238
49.335920 87.350415 25.504384
24.855232 32.359638 25.942826
26.188560 35.163992 30.192176
81.499902 3.824003 25.389793
52.478736 1.592776 28.157443
35.281237 88.191094 28.046195
99.216105 26.424421 25.250303
57.063249 23.233793 25.616942
55.610848 99.620702 29.800235
64.771221 33.121858 30.236128
93.397752 47.761581 31.132065
27.738027 19.699542 29.102161
77.450202 53.851886 29.229412
13.234867 85.053164 27.097643
55.893878 78.120202 28.858076
24.977330 10.831054 27.803302
38.435437 93.507102 30.202383
24.371297 45.237222 30.157487
53.738747 91.138291 30.828563
26.702013 29.421773 25.804011
10.298062 3.599197 25.994339
32.452345 69.247681 29.959405
74.658774 20.934304 27.517421
51.747638 3.172878 27.723427
86.556542 16.459868 30.496279
79.320244 51.499995 29.419568
57.882932 38.641155 31.102227
5.739796 90.504065 27.571848
81.948580 77.161126 28.386212
14.564427 4.438585 27.456213
13.240939 2.606889 31.007688
60.020740 93.101136 25.315859
71.120510 48.745874 31.084892
4.352605 55.609580 28.881699
39.230001 48.980248 28.107019
44.884388 97.671950 30.118734
12.250041 77.661369 29.125491
30.119590 9.100925 26.153213
22.268597 58.006398 25.661881
66.253758 83.232772 25.097996
94.120606 37.007594 25.037344
88.917521 38.545641 27.355771
5.145412 52.149044 28.152694
2.043653 83.457898 26.703463
91.592067 91.565763 30.389341
38.903733 98.782119 26.518929
9.149898 7.215881 31.087633
70.696138 24.594032 27.975496
49.876775 49.758556 27.720698
71.889436 99.609515 27.864098
76.349658 60.233616 29.447304
24.447133 63.270612 29.240231
46.907674 76.299542 26.072564
47.932143 53.758844 26.827475
53.897596 68.761146 27.804032
49.700487 11.725361 27.807019
24.992605 90.192927 29.302593
0.734670 94.276606 28.444834
9.760913 90.090888 26.662503
49.450165 64.957076 26.783036
76.233606 58.660502 29.067596
53.374088 98.316972 26.920456
23.826321 95.671172 30.467422
37.351020 54.784165 25.443758
17.346220 43.166693 25.503954
28.515545 94.294527 27.057846
54.534306 5.311868 29.464745
78.317200 8.742503 25.059004
58.388235 88.315341 26.899862
73.494549 1.528509 28.104124
32.248485 91.925231 30.886411
71.792116 14.291796 27.415549
60.103546 39.965838 27.543222
0.155407 87.466487 31.053320
56.286912 48.935030 28.691881
36.900905 18.034716 25.375145
6.210455 98.200481 30.100329
69.580589 47.556122 27.690191
29.111167 58.863935 28.732463
8.649938 73.226572 26.582542
8.549412 4.451369 25.072620
29.612087 16.757684 26.740359
76.421344 65.431509 28.535095
17.665485 50.357718 25.864873
22.515293 54.629873 29.948634
49.187431 25.928345 30.775913
11.865368 75.717852 25.162780
64.265242 30.564572 26.828327
77.594256 32.175079 25.223157
88.384699 35.392921 27.233498
37.569215 15.587151 28.168208
20.593049 93.136738 30.848981
59.018459 82.044310 30.651368
89.259117 79.858225 28.559461
87.674336 67.033369 26.560921
68.333508 45.075151 29.308635
39.665692 89.273230 26.243410
38.314657 17.613543 30.574884
70.859801 44.562295 29.782795
1.260034 0.730124 28.358380
9.645419 33.698858 25.344818
67.781409 53.902914 26.540319
37.357285 61.791014 25.615614
41.760338 91.623693 31.023485
42.225175 30.082275 27.022503
33.361376 54.477137 31.019931
6.878127 51.321788 31.141520
26.626164 94.354036 27.951900
97.122546 18.014646 27.738431
60.609973 26.534034 25.307747
99.074056 65.622920 29.159848
78.295376 64.714846 27.539553