3.711677 92.317477 27.010822
20.368181 32.816743 25.547484
92.158393 81.603918 27.210429
89.847402 91.748337 26.614693
37.920908 8.963370 30.237866
22.618589 65.299274 26.554826
35.589964 61.616991 29.272759
74.609210 62.806992 30.245769
69.258360 19.987682 30.461445
79.019776 29.134060 25.083074
51.511136 58.732698 29.921355
24.933788 5.059866 30.379976
31.090107 68.114297 26.413776
46.794557 91.329162 28.114840
8.337839 29.165165 28.861015
36.555264 73.516795 25.402549
79.812480 59.441572 31.219383
31.825153 19.482550 28.973975
17.119005 89.664649 27.842670
10.985280 74.107682 25.011026
28.538717 83.334324 25.068962
55.914709 35.224274 26.893839
19.063756 55.119292 27.588642
81.696266 23.660923 25.344411
29.025112 81.536183 27.745073
8.873227 14.554693 29.212138
41.417386 87.067977 25.752259
76.954217 58.479437 26.269672
65.594207 50.433234 28.839500
45.589069 42.484597 28.287417
87.199271 70.039763 26.294016
92.167665 91.378021 29.616733
45.026907 95.799996 30.652878
0.000869 16.304116 29.131034
61.752103 6.044882 26.705633
15.338759 44.050175 27.210093
76.077101 58.822658 29.877940
77.137981 52.905040 29.464861
38.831115 69.012973 29.759029
50.534320 32.781365 29.634266
37.847542 57.846643 28.792375
85.197801 93.367186 29.488362
43.169126 80.110336 30.937937
98.951751 67.509597 27.762792
20.515267 25.934287 29.084702
19.452494 30.297577 28.624801
69.785388 87.399509 27.285773
58.281871 4.329459 28.687542
94.991415 27.897283 26.173998
43.584702 65.676734 27.123967
89.777235 51.405036 30.551164
3.916309 73.122121 28.560697
56.321496 64.110980 28.472242
28.744976 29.880118 25.849397
88.395107 37.134729 26.416105
54.215880 34.451553 26.485961
71.030040 55.760466 31.005660
85.113334 26.016080 27.416125
43.144140 40.284870 29.365016
89.225236 72.271691 29.719821
43.077584 2.349096 27.562443
18.057967 81.454957 29.330204
17.054398 30.356511 26.645952
83.392886 45.423451 26.615869
56.501709 79.519598 27.079541
53.839332 80.234585 25.196812
78.637337 47.906169 29.182561
21.272437 40.718740 27.222823
51.846424 32.203125 28.445940
96.555768 69.131484 27.876560
75.779537 63.852627 27.679347
82.849021 98.551215 28.629510
27.945002 76.365422 27.761445
83.777706 75.696358 27.486421
47.624698 70.463624 30.326480
82.746810 15.951476 27.080837
78.222029 71.650506 29.205031
54.601059 75.420119 29.643590
53.938238 54.043775 26.756971
1.623196 14.306368 26.550483
52.279332 92.624617 30.982215
8.131291 92.239584 30.175686
68.384170 25.116949 30.662802
29.214179 68.822917 28.399537
75.301102 95.506978 29.375631
74.846550 26.108549 28.355588
49.238186 16.338375 28.562347
50.308605 69.785296 29.833923
72.867463 11.145554 27.037219
16.045291 52.755922 25.884213
4.824071 44.513569 30.153975
91.954131 46.692369 31.058352
54.473245 78.583389 31.000731
99.572087 43.102001 26.718799
47.028864 97.852006 26.369659
50.400839 54.598823 27.850023
15.962046 61.096689 28.459846
2.156192 82.110885 25.703702
62.070450 8.526369 28.635633
62.445200 34.287115 26.444906
24.797194 95.533890 27.648498
36.015641 63.204892 25.462512
1.282637 0.475227 25.834781
54.681804 8.731726 26.530231
27.454316 18.572764 30.350037
87.475995 5.264746 31.003795
78.990818 13.916930 28.219615
43.303875 36.418487 28.479279
65.251568 18.961803 28.846543
54.696111 14.598616 26.557869
64.438932 40.019924 26.386242
2.791118 87.796168 28.324664
99.799875 41.319897 28.616719
13.759664 32.690855 28.221851
64.175731 8.929478 29.326434
10.256612 36.250559 28.784407
24.415060 9.515980 28.294049
52.443533 52.556594 26.671925
43.533653 79.917988 30.844972
98.098219 84.077979 30.924096
35.645607 72.115051 28.310854
34.332960 98.235142 30.066471
75.266494 27.355810 29.984455
30.151634 94.901405 25.479221
71.620252 58.448215 30.808566
98.019508 96.030895 27.029329
27.331438 16.152450 29.831908
60.951289 87.607506 25.740606
61.436490 58.343186 26.903743
56.766412 31.484593 31.069094
72.328123 90.142356 28.890907
79.321582 70.792911 25.559908
83.683422 17.337267 25.768603
13.330906 6.867534 30.833045
82.741721 41.268739 30.139624
52.594194 22.811155 29.395900
15.622981 75.331159 29.701786
22.398684 94.397725 26.581362
58.171985 14.618139 25.273137
95.423736 69.724559 26.486429
86.983565 12.500928 28.831308
32.195036 58.022526 26.386142
56.204860 84.547345 27.277923
91.300508 29.052722 29.876540
9.588164 29.017912 28.469948
68.460029 31.894115 29.790951
45.486491 9.362074 26.792357
40.487919 61.090597 30.060941
70.304734 89.770157 31.153356
78.483123 16.674776 31.158316