22.976223 22.265091 28.405845
86.655690 46.781506 28.226149
9.500911 19.137318 30.743603
57.763867 52.841241 30.415316
14.966595 97.361592 30.545010
17.871094 11.939513 28.799421
64.500421 27.341428 27.948630
51.843685 48.506471 26.277575
57.507867 22.092639 26.766456
84.699852 77.343284 27.372027
61.862120 97.324764 27.035458
43.664621 75.199310 27.032107
53.798222 80.209619 26.265663
24.894412 36.590395 29.158831
85.040041 11.991389 30.863441
53.115823 7.515249 26.202111
75.453578 3.298178 26.143307
45.932685 21.541022 25.062256
67.256634 53.401959 30.680326
56.776266 46.108658 25.712710
51.975487 48.009300 27.417794
49.610534 62.721177 28.361872
33.298521 81.419666 26.641266
99.619556 57.648930 29.304096
99.535890 31.525099 30.098848
79.503779 99.358003 25.720352
22.972608 89.413253 26.726607
96.112375 19.465328 31.025106
79.915223 62.021872 30.269078
40.149819 91.940071 25.474136
95.145849 73.012130 26.817413
2.406798 35.190276 30.621050
92.300580 73.771824 27.777712
31.016038 63.294473 29.794673
48.973167 86.825128 25.952422
33.226021 71.695909 27.964581
99.183519 33.358703 30.754565
65.782083 12.748510 25.649819
29.563862 28.396449 27.293385
14.458132 56.266489 25.991445
20.195391 27.279948 26.269113
9.989971 42.113114 29.366257
64.893317 72.663247 27.453890
9.063589 55.267818 25.683959
35.688637 32.765831 30.368156
71.979110 57.296966 28.842821
82.841979 8.559588 29.037313
18.550371 27.357210 29.380868
37.004294 51.391364 27.028796
4.529670 13.042728 27.206603
41.114260 6.423535 28.431895
68.707344 71.065557 29.943016
23.505308 99.837886 25.587476
32.305605 78.304712 27.359927
29.014995 92.879082 30.471377
72.556157 80.371324 25.221529
18.934031 94.048878 26.172000
33.318856 94.588610 25.598902
15.413591 35.039805 29.991777
99.964781 38.811949 25.285087
26.956159 15.573897 25.977917
42.373083 29.850590 25.758167
79.852500 80.538571 26.321024
59.454954 15.408330 27.941549
27.770906 67.234036 28.008570
94.773607 23.647703 28.972487
40.848067 2.636000 27.146088
88.607272 76.764152 28.821151
17.910002 46.961028 31.111284
67.307116 52.311404 26.437794
65.121093 9.463361 25.484068
75.323107 37.450965 29.157945
25.949021 69.342910 27.854009
95.281029 7.372094 28.298061
52.709745 95.302056 29.565866
76.964019 50.564499 27.382714
87.368687 28.341328 31.189632
54.732710 58.570301 27.524969
49.740864 7.394982 26.457759
90.155447 44.643728 26.753661
4.635815 33.607821 25.256254
4.377751 47.611693 27.557269
20.792688 89.521818 28.666202
59.449070 33.086201 28.400092
89.741401 54.265316 25.960430
84.183614 61.425567 27.316707
79.895149 56.535319 27.374741
79.340439 85.226137 30.556016
52.411192 6.999419 29.103156
51.124592 72.023344 25.321901
57.730478 68.446701 25.403290
74.051862 55.805382 25.906170
11.974982 51.261025 29.573898
12.804015 90.380289 28.593941
65.185089 84.367590 29.827906
35.270638 74.855015 30.685363
29.580234 90.933736 30.941496
39.149444 20.512616 30.837521
59.612355 78.758980 26.654721
44.452610 13.813000 30.492942
80.087257 74.326816 25.779647
94.645919 80.340761 30.389233
89.966884 2.077464 29.110207
72.869804 4.073959 30.175165
17.507688 20.565623 30.718640
19.799670 41.913658 25.439505
76.915777 96.845899 30.538735
66.063938 24.809765 28.570662
25.710251 98.799524 25.538455
79.790984 35.668158 28.354838
60.909241 11.014407 27.254564
86.119243 5.675068 25.392914
32.851756 13.683969 31.243259
87.969243 32.796484 29.892943
9.394722 94.944327 30.331228
55.363646 28.321330 30.919908
9.142253 59.907137 26.773340
56.239478 58.779935 30.051007
6.684145 17.508168 30.849248
72.883752 83.643366 30.043287
40.444473 91.112025 28.503923
86.621568 5.695225 28.533512
5.816085 65.134977 31.120828
49.784881 9.942944 26.589032
62.801784 5.758178 25.986239
15.309983 64.968602 26.253571
36.360153 52.614485 31.248244
36.780441 20.619517 29.018877
78.185546 83.518324 25.742328
7.611202 12.138384 27.314640
50.787169 39.361655 27.243029
24.088483 92.313023 25.269638
97.127270 6.383137 28.799832
51.705880 47.873735 29.027310
77.581549 35.179021 26.532448
16.866763 36.727532 30.209275
64.294431 64.729490 30.094218
57.843571 64.965447 25.451211
90.734284 20.385614 26.347476
52.468411 31.657584 26.566181
15.237218 88.342950 29.661463
44.372200 9.773818 30.528669
48.158958 49.020583 27.779213
14.553504 4.944267 28.469843
85.376994 0.564579 26.621246
43.921711 64.941458 30.888569
19.060304 51.442370 30.437411
60.900381 31.367498 26.239652
21.478088 10.782437 26.332102
3.006176 60.352002 26.677185