86.159930 23.007335 26.066072
94.932027 70.168180 26.745041
43.046986 53.507362 25.762111
22.785707 20.521856 26.306329
71.066726 30.103538 29.516135
48.022368 61.958482 29.350368
58.579428 78.701318 28.856446
28.621149 94.762700 26.879827
4.249281 57.228609 25.008003
36.837066 46.102818 30.736391
78.418406 25.506239 28.957461
53.125506 29.514048 27.503501
85.022536 19.857473 26.639651
59.683035 60.529218 29.151340
9.762253 40.542957 28.388821
6.985708 34.924526 29.801534
5.311112 28.423750 27.541149
88.960345 47.412193 29.655802
74.022835 3.554911 28.075361
84.366681 21.765837 26.298791
98.221578 52.658006 25.238794
34.759559 93.531911 30.370650
32.070603 50.836014 28.476762
34.343787 8.423303 30.147577
75.564289 12.097832 27.043401
81.385325 53.128193 27.904928
62.136491 45.037757 30.521064
28.854375 10.766759 30.277214
36.716410 46.273213 25.652102
72.089396 79.072626 29.491973
61.483661 15.651380 30.265484
29.456360 71.595529 28.568895
13.605597 31.040645 25.307337
25.491826 56.690368 30.629953
83.388334 17.308677 25.774783
92.569415 20.786740 29.410727
54.830202 77.802147 25.641596
98.435896 11.933569 30.932608
77.363786 8.989811 26.742460
80.416191 51.894120 29.488240
47.290631 52.024360 28.208853
87.911160 84.514951 26.297348
44.452289 18.215846 28.785968
65.923718 38.612271 28.727633
98.690577 13.717248 31.032054
90.250857 56.280635 28.529386
14.356013 69.014195 30.509819
38.735903 84.507574 26.025486
51.625890 84.077459 28.313998
49.815893 9.397275 26.274668
74.705030 91.863879 29.462508
4.063454 32.538710 30.912799
70.891274 51.391720 30.431050
67.608543 29.239867 28.692611
75.425236 3.131239 31.135430
56.929795 1.488012 31.063404
84.400208 40.722774 27.499202
85.365234 72.711458 29.756941
29.521440 96.788700 25.120262
76.278802 81.593469 30.026124
47.608915 30.171306 29.252973
41.192904 40.397344 30.412334
14.016514 40.203988 27.352894
6.202326 8.188816 26.793856
37.971855 25.545350 29.183714
54.424290 41.439560 30.890948
70.864215 7.382626 25.996947
47.293385 2.866972 28.137563
42.037166 11.432333 27.270923
10.157793 4.782627 27.862847
21.028144 0.155302 28.837607
17.447729 1.918904 26.688515
53.772475 85.859804 27.406115
36.110548 60.733096 28.393067
67.562806 19.108276 25.784551
25.197980 31.657856 25.996057
24.390518 30.499566 29.189354
59.548382 87.321279 27.204753
8.940735 22.931245 30.082223
71.659623 41.444435 30.393242
24.558689 80.519702 25.441723
34.691345 95.174727 31.219630
30.886547 80.754438 28.484969
84.750173 40.123383 30.914747
96.195497 49.438658 31.124787
28.599538 88.992849 26.489145
49.924163 8.294754 31.005286
7.469374 29.507916 29.762965
71.851156 30.211961 28.410162
47.745964 19.312987 30.591395
81.577566 35.616847 29.808966
77.571947 47.583312 29.058514
50.353049 43.812713 25.989864
22.346468 66.938961 29.185003
83.683713 15.887937 26.941110
67.419376 57.522011 26.598163
74.291864 81.762403 28.863496
30.966746 25.405097 29.858426
44.582262 2.957721 28.230604
88.804937 13.796438 27.214237
69.967949 68.561670 25.517466
86.192245 36.089201 28.591282
11.458117 75.717149 27.989331
63.360755 93.957043 26.228317
89.787633 75.626727 27.709742
42.220217 30.954124 28.736850
28.109538 51.522223 25.505012
4.673147 50.888798 26.011260
60.371923 9.200336 25.257708
36.555665 66.925677 27.271982
18.227347 23.175463 25.675105
13.841406 1.062394 30.337098
91.840196 29.520708 29.473830
36.883538 80.516105 26.208522
32.101301 18.679721 25.447688
48.810012 28.217274 25.625331
17.069694 93.087279 25.278121
28.765224 24.004497 30.024616
13.609464 45.314393 26.163618
3.485776 34.735496 25.927425
31.676381 0.933012 27.679277
15.949053 40.889397 30.546961
4.780944 37.159825 28.223940
16.874184 38.357904 28.433650
17.277097 63.186045 30.446579
76.668208 67.395846 26.946692
4.172744 66.164932 30.750304
53.103013 56.956522 28.167585
77.067350 82.244214 30.792739
75.143357 66.458649 28.251544
60.331363 95.873334 28.134093
51.127759 75.559730 29.575058
32.945856 82.775302 28.634401
56.276021 4.947273 28.968638
79.787963 4.966691 28.793535
27.174651 18.631177 25.635559
73.588712 85.279339 29.850122
25.051404 76.395136 25.469542
4.400201 9.549833 30.538590
86.083648 17.204180 26.185491
93.833912 89.970162 30.028989
91.952497 66.460119 25.764595
65.896053 87.025718 29.999743
76.390588 87.810520 27.474491
90.053372 93.050437 27.609564
66.840597 44.750911 30.071187
5.494178 36.943126 26.809252
57.861739 62.776393 26.634842
49.608208 94.888937 28.444944
0.487177 85.511859 29.671262