17.038909 5.767741 25.247678
88.264294 93.159265 25.113192
51.228969 55.204638 29.525800
81.388007 62.344111 28.561925
78.527456 14.129529 30.939145
41.367939 41.225092 26.487368
68.441268 10.388289 28.427891
24.700308 36.014400 30.874658
27.365652 17.828672 29.077306
80.522235 72.007516 27.397734
85.543628 26.262767 26.465695
43.196004 58.112036 28.220142
99.473445 6.562591 27.743662
12.960969 36.627066 27.355601
66.106283 64.915218 30.087770
76.892416 86.252557 25.409613
54.086407 23.884915 28.225877
77.722980 41.107558 27.143510
27.813642 25.637806 26.567500
33.113841 64.227897 29.546790
59.894148 87.435620 29.431628
67.251811 35.643028 30.210991
71.168470 70.826956 29.749952
33.136248 73.377776 30.695991
37.149568 86.661287 29.549898
19.000500 86.871168 25.165932
4.997526 47.344259 26.987934
71.933631 7.491964 27.503048
84.471814 0.830669 31.196891
24.218809 41.965075 25.230731
96.424916 78.757004 27.019166
85.720406 28.342423 31.175075
71.373899 91.721607 28.794992
8.974868 63.242568 25.273184
74.221879 10.295125 25.381753
4.942935 23.540745 28.753502
49.923948 79.675712 31.232337
11.480557 93.230058 26.547927
82.397993 61.688312 28.884531
50.089324 84.064751 28.209669
44.994419 61.608102 27.056827
73.046836 38.482482 27.142014
57.489245 26.126821 29.546183
96.307915 71.952133 27.892865
11.569458 41.642127 30.377645
22.151960 50.267078 26.592353
76.185519 91.646205 26.374888
89.746387 61.923703 26.088603
23.706840 91.651244 30.456282
40.524725 39.756343 28.599638
18.211967 83.615554 28.251191
57.917598 44.578299 31.070244
66.212568 52.912579 27.260014
91.966984 31.234924 27.394733
34.038651 85.198164 30.700941
36.773353 12.378667 28.999885
96.104871 74.805946 27.787221
37.182998 28.927577 29.970468
14.973876 54.555095 25.242032
87.808414 30.013868 26.164222
7.936586 89.501296 29.817843
95.567134 16.605658 25.966741
85.024594 51.540669 25.771983
80.568182 40.814357 25.363293
69.768121 30.717378 31.186741
1.691879 77.352881 30.436911
99.321259 78.239853 29.969870
0.963962 50.264281 27.332389
26.793715 6.259819 30.031295
66.523957 90.077088 31.113324
81.660438 97.152117 28.061573
40.665219 19.592902 30.530422
49.025542 88.972964 26.784191
7.345297 74.848962 28.779806
0.383336 77.467811 30.766968
26.446621 78.944683 29.487981
82.034672 24.239714 30.947037
21.618804 69.848497 30.061534
24.534643 24.298421 25.688224
32.200134 51.074508 29.397882
52.472231 42.645258 29.238979
9.488645 99.787053 25.217929
15.924291 37.602563 29.031539
69.991351 17.112815 31.093482
88.699828 85.729138 30.689307
55.460106 65.865701 25.042275
77.545033 27.016175 27.919800
26.265123 79.775635 25.337308
64.150809 6.706579 27.982058
39.011289 65.848139 25.221034
20.683073 92.573068 25.042366
88.855189 19.557366 25.512727
15.307601 76.196770 26.962040
71.648889 26.738330 30.314010
64.619383 31.816653 29.804060
17.666366 1.903974 30.990981
29.796471 71.039097 31.190517
63.410385 38.404087 27.788456
48.930908 54.279440 29.299548
41.301747 12.446430 31.208751
98.651195 43.587766 29.404387
82.211687 58.204125 30.002189
6.535853 5.735259 28.950329
96.285660 2.401580 30.394018
0.420741 36.639891 25.100811
14.143542 36.117344 27.474394
33.213406 48.051246 30.453654
97.277884 2.639934 27.768597
46.161362 69.915243 26.883371
79.051777 62.680797 30.083455
11.073966 7.356041 29.190598
90.224338 17.148596 29.243102
11.720857 41.063796 30.804251
5.266080 23.984747 31.161033
55.807828 41.786422 26.278153
6.069677 84.183085 26.045406
57.503444 50.187106 28.178072
25.321945 33.019542 28.647965
71.632170 94.960039 28.119146
99.581704 14.464245 25.176630
73.733858 24.043755 27.552519
37.170173 45.291614 29.146366
16.633169 11.068914 27.869384
94.263558 94.134632 30.381506
41.975823 4.960175 30.050051
56.820320 74.083998 30.581890
91.038297 37.341749 28.618547
4.112690 39.625961 28.387647
84.832225 14.638072 27.703932
69.485296 20.622871 25.923165
32.339891 53.769467 29.397616
95.151811 60.300922 26.068570
64.003889 47.809032 27.371541
5.981924 63.343063 25.025018
75.061443 45.198340 25.240675
44.757191 93.927347 27.908602
81.480782 79.477747 28.815067
48.060584 76.747951 30.960940
72.708786 91.232273 27.390909
49.212870 30.131125 28.249473
14.800099 34.082329 27.234576
12.451931 28.097668 30.858623
27.500653 86.223223 28.402456
95.728728 49.767534 26.967508
58.825476 26.953661 30.834039
24.335473 78.873203 29.406984
36.813608 96.914605 30.002951
89.145007 8.252052 25.404379
78.495205 64.875180 26.786740
16.707531 25.838824 29.201426