10.028390 59.757483 30.752987
57.865282 66.389327 29.965991
20.728766 29.269451 28.480739
37.574630 82.478767 27.304655
62.799094 9.547180 25.188225
62.997479 47.888284 29.741486
17.194428 19.065514 27.347210
0.361577 95.159627 31.214164
59.311202 65.085181 30.344209
48.357201 75.615788 29.363713
13.366195 21.017730 25.835704
32.664670 44.650045 27.818898
47.322760 12.697835 27.610888
63.914655 83.954640 30.958737
28.189772 72.979331 30.718069
46.027424 19.891588 27.019687
61.531305 26.843278 26.820624
76.792632 18.429160 25.027468
90.129659 2.978532 29.013577
34.547906 22.518129 25.726369
26.610772 61.334976 30.234921
22.578858 97.968402 29.592567
92.517080 78.959412 28.916027
5.197511 45.565872 26.285941
4.322605 95.873118 28.432920
70.833107 95.651443 27.396893
84.931851 93.128201 29.093392
52.804422 35.360476 30.104546
40.666813 92.573222 28.543116
50.793984 92.991761 28.524797
38.411651 28.645913 28.337676
76.801738 62.051483 27.534754
99.872300 80.768086 29.274408
5.441724 16.419127 29.861004
63.438046 82.408939 26.690689
30.297252 88.667292 29.793902
91.544676 57.423476 28.047977
82.332074 16.819764 29.363705
82.772518 98.763997 29.761797
10.368048 68.596401 28.231056
83.262640 12.368332 30.186202
61.249009 62.730187 25.367654
99.063024 69.537807 28.406876
38.225258 75.780191 25.671858
67.611311 63.101973 26.914991
71.201801 36.628484 28.990013
92.267380 61.633638 25.750131
4.511359 37.519921 25.391277
8.172964 63.392688 30.160721
22.297612 70.954674 25.346494
58.344953 3.991349 29.412121
79.420960 94.440798 25.642227
15.318542 22.059851 30.366463
52.895601 60.051330 28.630803
62.004068 61.654097 29.354695
9.874093 58.122520 26.461326
22.318644 70.995852 29.715802
32.114014 88.054373 25.217537
39.362874 62.931271 26.628313
33.579494 55.816284 27.437009
5.328449 76.457091 29.738255
7.266216 30.397375 30.294573
72.504515 42.435952 27.768963
80.002271 23.081535 25.430139
43.686263 56.753696 28.388235
32.705277 19.406141 26.186213
67.016977 13.480578 27.702374
35.966454 71.717452 25.294148
66.985588 51.078354 27.519081
13.327157 56.840311 25.788477
39.834847 99.771763 28.280361
91.880307 39.417027 30.855349
54.746611 33.395061 28.445226
88.678868 80.736779 26.890553
17.801807 51.733204 28.517260
88.849944 8.771291 26.468892
66.715174 70.576022 28.275413
40.107259 66.203703 29.605009
86.912828 96.524825 28.094577
97.555177 7.013253 31.172799
13.451868 70.651957 29.843884
70.409876 78.446163 28.432925
87.645384 57.766584 26.487532
77.741244 4.896398 27.276416
23.713993 52.352201 26.707579
77.757089 51.475640 29.985957
5.038133 58.891810 29.746568
53.520430 4.534243 25.643589
88.649872 61.631626 29.608998
16.667360 47.493048 28.445045
19.919719 50.026633 30.460863
19.221472 66.324263 30.181715
89.416857 24.940461 30.384790
38.810569 66.283948 25.390891
46.457550 45.823883 25.850384
8.902756 58.931347 27.764378
87.513369 3.250043 25.834805
24.479684 42.701797 31.241823
19.376366 68.884366 26.593901
33.105379 83.014577 28.010141
2.124030 56.534496 30.310936
65.975760 94.966539 26.135411
29.007207 75.565572 27.298695
26.924047 0.198452 28.904130
72.800878 0.750222 27.949012
13.862762 81.309030 25.224068
82.608513 57.068838 26.537575
82.211734 79.001307 28.649354
13.889977 32.778759 25.315704
98.121063 50.058753 25.188384
59.156909 56.016702 29.640535
11.054973 58.646579 30.357698
5.271744 88.485010 30.193599
14.835786 38.084328 30.528512
83.678538 77.574196 28.418852
38.215680 14.790867 27.719644
70.731294 73.462814 28.884931
35.130346 11.506156 30.355942
94.534895 62.795517 25.304985
83.230307 22.235195 25.383617
37.491442 84.193246 27.625684
96.129010 31.103586 28.782884
10.305363 22.019907 27.399269
36.254468 86.284959 27.054522
92.275162 92.904163 27.528741
43.231172 29.443392 30.126271
25.171935 68.520695 27.249012
40.673535 99.948395 26.659774
81.913061 34.175679 25.810678
21.858667 93.881852 27.685490
53.616498 88.751582 29.142516
3.454930 90.355052 30.092805
73.185401 91.348436 27.556368
5.937169 56.402982 30.631958
1.105350 94.536676 30.920452
85.681209 14.203779 26.447006
20.346086 74.659097 26.102182
6.063467 46.385349 27.702316
65.811216 28.231365 28.335833
39.912517 44.936840 25.074889
14.998449 19.797464 31.147889
91.119753 67.930079 25.839870
98.156161 5.924227 27.479528
47.751295 59.955036 25.869564
81.907819 55.963301 29.189225
14.321761 38.609752 25.343847
96.956943 36.824740 30.652358
8.859678 23.559336 27.121149
51.678925 67.202763 26.959083
76.046611 83.998161 26.711165
93.370260 29.218647 30.721299
72.950642 82.695541 30.700554
53.102072 33.642271 31.099888
61.592430 20.176243 25.801982
70.074364 0.131237 30.219317
16.989927 97.352021 28.279392
99.145309 26.155944 27.545012
18.758316 7.833171 28.530031
7.003945 39.339318 29.073434
1.148353 17.981007 25.663685
84.046003 94.745573 29.922120
18.201524 43.370944 26.886624
34.422828 19.402891 26.816958
25.374429 96.111122 31.230223
47.748234 51.811686 27.218307
19.480144 18.521913 27.286524
29.176902 58.923369 26.542090
86.644217 39.960847 26.564327
83.758069 65.275634 28.181765
35.631555 75.086564 28.195769
41.245552 56.741387 27.161770
63.023215 96.654988 29.331477
37.701666 11.648731 30.165753
54.234072 94.158670 27.846024
5.425514 26.420924 26.202802
91.312770 76.761576 25.576334
50.425148 12.998124 31.156229
66.090630 96.686430 29.210771
29.848106 13.964744 25.766129
93.213197 77.311832 30.440951
97.414744 63.820328 29.109620
50.098783 99.401360 27.724973
88.335599 81.026675 30.390153
41.818783 84.921440 27.797925
43.444408 27.644105 25.403338
56.055300 84.407072 27.276503
49.770201 25.798491 29.281615
52.228418 0.767362 27.082115
85.651826 16.420088 28.481853
11.633410 47.452953 26.512412
1.438478 15.926603 26.176934
15.886248 42.336110 27.903703
19.715459 95.623941 30.341381
14.418468 71.868499 29.741564
76.722770 10.593057 28.888694
49.778971 59.201112 29.920379
61.741499 37.220819 26.558966
80.731246 36.414509 29.495515
13.396733 90.687391 28.614096
49.157536 12.840693 26.235645