70.985129 37.740424 30.294390
94.036485 57.394104 25.641499
12.381533 79.038438 25.779568
82.106568 12.395355 28.253978
23.446919 73.377300 26.557792
7.542871 77.272726 25.090064
65.487363 97.887049 28.623102
58.146251 25.170788 28.428324
10.032954 17.578795 26.396697
12.019939 19.510260 28.365739
1.435186 23.092986 29.263429
93.636961 33.816622 27.382015
20.268980 7.716950 27.576533
85.010993 37.507773 25.408053
82.427106 86.822615 29.980319
24.057147 62.926197 28.372686
8.765537 29.026988 31.024128
10.021304 81.693486 30.470663
63.078396 25.420070 27.956817
96.682472 27.471685 30.957005
52.609946 66.479263 26.893152
3.384465 88.473551 30.677336
32.172621 60.866056 29.810745
73.279049 69.178537 27.997465
43.537891 17.458576 26.306592
19.278193 27.194810 27.499265
34.379215 98.787864 26.693876
60.480059 52.177548 29.032572
98.564859 8.178736 29.929626
18.522477 6.313450 28.557041
69.403200 9.505791 25.982569
91.055335 20.301540 30.657120
37.379019 51.729724 27.075216
71.020983 37.817522 29.631626
17.971588 55.965829 26.120172
44.238253 75.181881 28.893367
43.278805 9.741253 26.940559
13.039239 15.003400 25.681997
76.762392 65.800852 25.238381
81.503202 3.832922 27.516382
36.523742 56.857143 29.908884
68.026992 93.670523 30.756646
67.153124 14.579802 29.227175
71.887987 46.742554 26.876207
6.703067 35.220596 25.114309
19.968558 95.447041 27.297121
91.196266 67.079429 28.191628
45.316590 12.463415 26.937134
16.200872 30.237306 30.169661
11.195447 46.380916 28.269103
40.491554 64.010190 29.264100
0.134331 34.972218 29.086381
24.364182 23.365044 26.874814
51.653823 18.594388 26.187948
16.183359 10.571462 28.479093
4.077325 64.485897 25.282226
47.022321 61.900224 30.620593
26.759282 55.939121 26.636185
62.521642 38.985721 26.776211
8.573307 99.164509 29.684057
41.797710 85.512169 30.402991
59.974929 37.844304 29.980521
95.971145 21.968434 31.229479
88.777127 12.394875 25.815913
57.944476 28.387013 29.226198
49.280994 37.023859 28.036410
60.524866 3.846715 26.689776
47.055256 67.336081 27.308394
98.213147 97.728618 26.995591
98.844208 86.339753 29.258744
73.306129 33.411783 28.960234
88.426331 30.868191 26.591149
55.354042 40.933601 26.486249
31.763914 34.346385 29.255190
38.815653 66.606178 30.204003
9.279078 97.910758 26.441758
12.092679 95.487312 28.978271
62.473397 67.881273 25.934815
80.543085 47.344242 30.928818
96.388757 77.401979 26.749660
6.009524 11.051382 27.844166
91.598841 92.135747 29.894580
18.150580 92.712785 30.626557
18.623563 66.357540 30.580490
84.096128 83.335486 25.245247
43.330523 91.036893 27.127576
19.623757 2.940642 27.263956
7.285861 83.960466 28.992814
11.824357 29.980820 26.784966
4.135305 69.623892 28.932373
5.638646 66.027363 25.395603
44.141696 31.675668 27.174175
91.672814 37.279231 26.588005
86.268085 5.042374 30.558955
47.976909 40.226073 28.794826
80.501949 0.346224 28.028797
5.372175 50.615073 25.925404
38.965194 60.123506 28.437041
86.427314 93.051294 29.146148
95.766754 47.464511 25.201410
69.252422 6.705299 27.351133
4.094141 48.207273 26.368510
41.146816 52.737347 28.972734
15.406272 4.427140 25.241847
21.143430 43.509294 28.977929
55.960884 64.020106 30.479815
84.763172 61.100042 26.287925
44.442540 40.705835 27.281864
90.599336 62.334359 30.172658
53.448102 71.381870 25.207616
78.516669 92.533978 26.045406
82.215296 73.315692 29.121790
43.796122 18.101978 25.222855
84.281111 83.865194 27.522205
24.048580 15.908061 27.343506
0.696281 1.366988 28.968903
7.166687 20.858961 25.542738
92.810242 59.191519 25.553406
63.615061 95.516583 28.288922
55.145398 3.230693 27.876022
52.153113 87.480214 26.079974
50.520964 25.573834 31.077009
68.783121 37.990128 29.281300
51.866455 23.963688 27.037813
91.339638 95.511448 28.161676
19.671732 82.273950 27.310422
98.451695 17.861447 29.549460
8.878177 19.511600 27.413638
40.244634 98.553080 25.939516
11.924529 31.605991 27.089035
98.615877 3.428703 27.676970
4.944569 9.040681 29.641753
69.509814 86.931795 27.263549
19.003121 74.895400 29.756811
49.070188 46.836358 30.918845
9.568918 87.859973 26.844625
76.204274 62.927830 29.275935
5.815827 81.300176 31.155051
36.597896 31.243156 26.244594
42.331012 80.732706 30.879285
17.584650 51.082054 29.099447
20.872534 27.749597 26.487813
15.092997 35.892234 25.573163
97.543655 97.019775 30.195467
34.019731 50.605485 26.379956
81.764845 38.025031 26.132074
66.323024 41.403416 29.915151
1.791996 91.828513 28.562632
67.248747 25.641668 25.267459
5.762497 82.937442 29.852410
73.346610 77.798208 30.074925
44.301842 23.040977 31.124333
40.988874 53.512683 27.991265
79.950294 37.332049 25.077662
23.976966 83.346982 30.508979
2.613485 44.762654 29.132185
4.294155 46.535893 25.359125
15.075788 22.906943 26.390924
46.948786 74.298633 29.676428
2.162419 65.266954 30.759804
7.978728 16.054846 29.371062
89.885109 88.103620 29.277325
42.278330 39.717363 28.456814
5.996534 52.421034 26.835740
4.569094 85.449665 30.073627
88.065266 33.036031 28.837919
16.305512 72.401620 26.602213
84.525947 29.496505 26.339015
60.268177 53.377558 28.033451
1.617287 9.908381 28.500297
40.963135 55.075310 29.185354
37.992541 25.541974 30.679960
96.012984 25.241889 28.363765
82.673944 63.686580 30.488427
13.072073 82.127815 25.853281
30.887143 62.844804 29.174230
85.055062 7.355786 30.235872
67.978679 92.499490 27.985727
3.681739 5.877961 28.254071
94.298301 14.722829 28.710891
31.478224 39.729861 30.931508
18.409948 12.568176 30.794016
97.561411 27.433465 29.453186
41.190880 83.751781 26.178479
66.501626 3.235414 30.227955
77.484086 28.447993 30.920481
67.636268 97.403645 26.937459
75.887569 1.654908 29.386069
81.802741 92.249251 27.323140
79.074317 1.981951 29.048197
86.558976 96.116365 30.995626
67.152256 93.404465 30.982117
68.852954 83.101053 30.954212
53.713195 87.149201 26.345490
31.766407 36.437316 27.239862
35.545414 88.349883 29.154257
25.876790 44.806947 25.673094
28.121603 56.073921 25.271533
35.167648 14.184161 30.669238
9.300081 67.416497 29.953384