89.053691 84.578420 29.963240
77.299704 0.391173 25.614185
72.970504 19.906900 27.823811
31.796320 60.008512 29.191261
44.776067 63.681457 25.526617
25.125088 41.082811 29.463706
68.326053 42.226978 26.408518
15.680413 22.245700 25.181104
33.855626 5.575299 28.460540
51.996323 69.483127 27.880025
84.106552 17.340997 28.244169
76.293400 64.206626 26.089645
37.280851 66.485874 29.840897
39.527596 62.068765 29.942794
1.715607 55.903196 27.436441
41.465702 81.728216 25.024470
96.363443 53.324063 27.832907
26.619707 54.445183 27.557345
78.675459 96.443487 29.912925
50.539903 20.471587 28.705938
40.116121 48.762896 30.166591
89.216738 93.095890 29.372392
73.433633 84.252006 25.727011
6.545236 0.535876 29.757471
99.301247 15.958429 25.775511
87.287235 30.045806 25.255778
69.068806 78.815316 29.489013
31.717779 29.703504 27.332059
45.963384 97.203705 29.601033
50.671474 17.591788 25.108720
36.569333 50.828825 30.112624
27.968649 33.967835 30.519070
31.513634 40.007745 30.714637
85.166642 59.988916 27.243570
14.234419 3.902110 30.952984
94.480330 23.291465 29.456396
17.005727 27.722301 25.643237
67.272387 73.532378 29.837377
32.388501 59.748752 30.665395
59.473068 82.599530 26.889363
3.844221 38.154171 27.918277
80.509235 75.797837 27.558889
12.309744 9.027862 28.694110
81.220988 7.660146 30.439601
6.833632 41.126688 29.406402
22.092048 18.903199 29.364031
61.493377 30.232932 30.097533
62.097654 22.469981 26.676137
46.135738 16.474428 27.015309
0.370562 21.500267 25.306199
36.200419 53.499031 29.410529
37.567957 91.670015 30.999569
12.606194 1.574954 29.509189
87.337863 26.279226 31.132023
59.354386 74.925203 31.141327
58.152263 97.795952 29.425391
0.162359 65.713867 29.008523
40.186875 62.101492 27.799713
73.901618 51.366913 30.460120
55.622969 87.184885 30.575325
8.502331 12.955265 31.078311
86.278369 45.351198 26.494075
6.538945 73.454200 28.126999
85.267887 18.506328 30.710966
66.232878 35.933862 26.416153
28.323153 90.215062 30.073386
90.680818 78.498893 29.687666
29.750524 36.900919 25.554822
60.241638 87.591508 26.969354
15.871689 72.868485 29.696630
80.745251 15.497460 29.537740
53.863646 70.815013 25.552631
85.415679 64.096066 28.467873
8.734915 87.406039 27.072931
39.699670 3.191924 26.411283
37.293859 75.044447 28.315920
37.891377 61.572549 25.957054
31.505959 71.612108 28.267830
96.075682 39.731099 26.236840
0.710286 46.964378 29.256713
82.195957 58.751830 29.422791
16.968981 67.681796 27.485525
87.968774 3.429809 26.181707
87.448806 69.502635 29.879019
39.254212 93.335823 28.415817
97.045237 9.521333 27.508927
2.024614 87.199442 30.671858
3.668091 12.511189 29.584876
29.403894 49.380113 25.726411
87.688635 31.414970 27.155861
81.988706 10.584346 28.884567
28.891589 98.657753 25.121411
13.523366 21.791958 30.537990
41.595531 3.170749 29.485087
28.247793 79.204427 28.218190
83.256554 4.663116 27.029811
98.197527 47.218287 29.934926
88.531494 92.302879 25.460768
87.264828 15.390769 25.701395
42.457282 9.248587 31.209623
11.927099 28.995005 30.853546
96.193040 70.440830 30.346904
41.451565 13.981624 26.736698
51.482506 36.890891 25.854351
98.111346 51.883183 28.332959
23.497185 11.754860 28.159633
52.903161 40.572842 25.199895
80.005021 24.959131 29.882249
25.917145 52.439413 26.687318
85.547355 35.942199 29.700473
55.328911 65.691058 25.426402
73.541561 2.618737 27.381199
30.694726 62.880653 30.140017
31.153250 56.968405 29.418493
6.549139 35.342069 26.652914
14.796802 95.334723 28.980514
68.095000 43.696124 31.083268
51.794091 41.972959 28.436227
63.483595 3.902027 29.322057
65.917480 50.400902 29.880807
20.957905 88.212250 25.541102
6.747257 55.040111 30.380101
3.306862 80.019987 30.121317
14.581930 17.411903 25.733926
46.022003 2.020061 30.021994
4.537359 97.921088 25.858391
58.029176 97.522107 26.009460
9.174454 62.756581 29.400197
73.918542 0.337899 27.491527
61.473987 43.743457 25.194998
11.757449 63.595216 28.916801
6.043221 33.839273 26.020212
1.859496 79.205696 28.125025
44.339583 82.751185 31.117414
61.432353 34.312923 31.012875
42.536302 50.252114 25.384661
98.661571 68.989557 26.074867
28.905831 70.126632 29.297525
48.789776 66.381963 28.251978
7.184821 89.861362 27.593787
26.848814 57.754424 30.644379
14.501816 38.877095 29.013505
86.469521 95.666678 25.629971
65.446485 56.618549 25.456841
90.432910 46.586116 31.203069
40.003705 56.836654 29.994942
36.367299 78.388936 30.942251
40.635283 80.549272 25.968222
68.204456 8.026143 25.475018
5.419383 59.247200 27.826619
41.886061 64.178591 28.178182
80.411542 52.871028 30.598036
3.153911 44.560304 25.198865
71.872986 7.373468 30.315389
57.614983 80.296279 28.652201
97.773715 90.981033 27.062252
79.505285 8.601894 28.789900
32.822739 19.621997 29.321925
64.581977 66.178708 29.474826
80.778471 68.588906 25.799150
89.357998 21.902180 30.066324
31.223008 87.466321 28.579733
85.002843 40.820097 25.814170
97.003882 67.561808 26.044937
34.542660 59.683382 28.887021
11.835432 34.087355 26.003983
63.853132 70.717246 25.932198
23.357628 41.979261 26.518732
73.016175 4.653472 31.082936
21.788037 63.296081 28.635992
8.656356 8.947836 31.118564
0.076236 44.446455 26.835025
34.884158 36.877029 30.471231
41.597838 90.652776 30.623448
56.257875 10.983390 29.773428
24.038067 82.456415 30.322490
99.754284 89.120905 25.637919
6.320369 60.477283 26.467410
72.554875 38.257015 31.100120
8.477366 68.065176 26.973967
1.655481 45.204567 29.509979
8.048859 82.274012 30.818177
65.424328 45.227214 26.793570
69.138150 30.970502 28.617385
48.082465 60.423250 30.319132
4.961692 65.418291 29.141894
60.082591 26.412050 29.285964
48.082724 74.088172 26.141408
13.256156 53.356197 26.524404
96.741983 53.552361 30.003172
32.908840 80.176420 30.387448
9.153655 91.512167 26.303893
53.669326 76.809149 26.084579
60.602759 56.216858 30.364235
28.593562 67.605337 28.056290
50.368131 64.047893 27.391327
70.661384 81.538920 28.744905
24.728777 83.407209 25.612307
24.211468 11.090458 26.306157
20.131254 39.639194 28.417787