10.971669 23.237541 28.923019
8.645704 80.306930 29.408298
50.983468 17.525776 29.200010
38.830656 14.023474 25.530932
4.866339 21.776945 27.333829
95.066063 39.935099 29.622220
38.235627 73.825757 26.958086
83.598473 30.671845 29.136045
85.834366 83.694960 28.659209
4.521540 55.840713 30.976226
31.617902 37.231777 31.005020
46.215708 57.709059 30.840014
86.108857 37.100895 31.216068
45.333346 19.334391 29.320706
37.584900 74.557932 27.899479
99.039868 75.176825 26.507383
4.219364 28.196545 29.396683
79.598391 98.918227 29.417832
9.533695 60.394252 27.729459
16.333376 57.529948 26.989188
98.120961 48.159943 31.108735
59.684964 0.797938 28.378518
55.095821 57.089880 29.100535
28.460528 56.852661 30.848237
16.008004 54.870201 27.109702
48.877970 43.116379 27.471241
15.423446 71.934030 25.415807
95.708016 24.080033 26.526362
32.452336 51.602395 25.556815
71.284945 74.322761 30.178437
72.237345 72.565275 25.175306
97.751793 85.975744 29.726189
7.111155 84.623336 27.080954
6.048697 62.686580 30.081910
70.562949 88.282329 29.050804
45.955643 23.483247 26.572286
49.236166 16.933646 27.367870
60.898013 61.669386 26.478708
70.330143 33.490731 29.073226
65.280533 87.286449 27.883071
14.841103 18.470240 29.366521
1.298543 51.400927 26.234042
7.558791 5.752350 25.012534
24.478962 31.545431 29.218367
55.821246 9.680721 28.593276
54.066745 33.667564 27.957053
57.015876 77.989276 25.594939
34.611837 43.174559 26.246848
42.299131 8.578501 27.934685
11.734600 4.742652 28.004799
39.294623 86.329320 27.567731
77.512732 82.496942 25.246769
48.504056 52.385670 30.522077
86.995546 42.765514 25.302787
26.764287 12.696533 28.716308
66.794833 13.793894 27.343657
21.646814 97.367125 30.412575
63.269257 82.787628 28.868072
0.323203 10.373895 28.342367
67.181591 60.809157 25.934786
95.972183 72.074463 29.287187
25.372353 96.119929 28.497663
2.131184 91.617816 31.108660
75.938761 16.855338 27.499202
83.342674 54.678310 28.350368
25.793681 78.901815 25.864674
4.420729 86.298068 25.408341
37.515298 79.596399 27.628495
5.712233 84.508283 27.654725
44.907407 64.997180 30.961236
16.287866 59.652645 25.870717
70.788059 48.329156 26.292485
66.850192 78.357347 25.024802
69.960338 13.494595 30.506410
16.557894 66.242973 28.587527
92.169325 13.417806 27.589639
18.082178 64.602159 25.699114
52.520211 32.162058 27.683327
66.400989 72.819048 25.234916
58.646130 16.190961 29.060123
31.399301 61.483614 26.914785
15.527788 79.333834 26.542338
92.727748 6.777541 26.908707
15.713484 29.841145 28.734435
40.904038 63.545849 25.651131
29.562563 42.731237 26.497754
9.855621 93.581999 27.791955
12.389583 79.193787 28.703490
41.701115 2.806120 27.118044
71.954978 16.666619 25.373964
25.172928 62.062404 25.641677
94.364722 34.678404 30.879993
66.380381 87.704092 27.097471
71.280628 18.710168 26.416256
71.056855 23.516712 27.181711
5.965695 6.279725 25.932327
64.613695 32.577417 29.027618
8.621663 28.241599 25.210372
49.365671 75.208911 25.666838
27.245725 87.644488 25.681955
83.100902 10.119512 28.464448
99.630804 88.129719 29.430026
15.028816 71.546596 25.443569
96.640087 75.228500 30.905047
31.400145 5.840491 30.256380
0.890752 27.078392 26.732191
30.716319 87.172247 27.151319
85.278153 4.907944 26.037538
99.369036 0.469803 28.748515
52.060527 10.844760 29.661419
50.367995 56.896911 26.195262
76.595005 99.586579 27.013903
67.542715 54.746253 29.409512
45.584021 7.879158 28.574454
53.884968 62.925340 26.685322
43.715964 36.500144 29.529121
33.396032 16.824679 26.793336
34.516673 36.074759 25.182162
33.062072 15.053791 30.935235
87.976753 41.572838 29.910151
81.916904 83.119098 29.660688
72.628745 61.685019 30.690541
2.487880 27.913283 28.555198
4.355875 86.523715 30.915432
43.674088 57.973541 30.666974
25.670734 69.387066 26.987324
43.849909 97.267643 30.471702
80.819150 6.349626 25.588706
69.449918 42.799404 30.061771
82.598062 80.860011 30.618710
66.197143 80.468033 27.224768
98.857513 22.229701 28.834980
49.692711 69.172240 27.575746
96.036160 95.539011 28.793746
53.627951 18.162411 27.726260
2.058162 4.860517 30.407095
11.827569 55.641022 30.203227
52.097999 69.369469 26.313603
34.263384 0.591296 26.092676
90.939380 82.826272 29.352296
83.941639 38.152345 26.133833
90.586060 39.415073 26.000630
34.902208 38.104040 26.533511
40.703880 7.887821 26.751431
98.933549 10.307567 29.993045
70.963184 60.761124 30.850003
68.187769 45.412555 30.053099
24.665076 62.859937 29.451785
13.332849 44.138922 29.226267
9.335618 82.855683 31.034511
36.578483 89.750385 25.491373
77.850577 64.989140 26.543958
19.613890 70.613774 27.537432
34.427195 29.577742 26.092947
90.572852 86.425148 28.601595
60.948250 79.460449 30.781728
60.071590 35.933086 30.353901
75.041578 76.322006 27.127988
65.449057 45.469003 25.468211
82.182266 25.381711 30.891212
65.653539 86.512681 26.544902
24.024583 28.315677 26.253566
45.225152 54.519992 30.782861
99.604137 91.496039 29.706594
25.544975 40.067434 29.003105
57.604955 35.894405 29.876781
44.245239 44.533921 29.989773
46.331722 65.935801 26.473951
28.026226 58.681000 29.722455
76.564424 50.598207 27.285439
67.281543 1.620048 29.915732
94.220778 19.599222 29.149402
51.699081 51.086847 26.144154
35.726535 67.540785 29.463861
60.849494 64.794133 27.231277
17.273815 52.981098 26.531388
74.583621 38.906602 25.901044
18.852438 66.046817 29.212884
37.859525 56.272514 28.114325
18.642129 24.382634 30.550853
11.769656 34.502194 29.732576
10.366518 75.071621 28.123661
79.715682 81.421773 25.965285
87.914016 83.459567 27.614224
67.342959 51.391854 26.186197
18.624795 89.225066 26.496159
53.314847 93.285050 28.199290
67.738599 15.183682 25.262322
81.419748 3.198215 27.460545
28.164640 94.325636 27.290954
56.517193 92.915197 28.622097
31.579147 1.111052 28.163630
80.992910 6.433797 27.366605
41.276437 99.139830 26.341702
63.021657 48.830177 31.019499
98.656789 0.791946 25.479771
1.124922 41.739603 26.463943
2.490149 67.845111 26.503621
67.224622 79.377972 31.007340
57.678107 12.268157 30.006243