87.197148 24.242087 26.614286
57.252184 17.574840 27.156026
35.808701 58.032449 25.126291
67.033409 53.405147 28.693451
89.170854 88.897761 28.613396
81.005689 13.427299 25.307105
72.834275 6.176649 31.150797
66.327129 57.242295 30.900389
55.725425 9.041317 31.248562
66.040666 90.259881 28.355725
24.801532 67.473465 28.490003
78.913325 85.470348 28.624788
37.173368 33.084008 28.365463
61.281779 61.459165 30.236572
33.506689 24.132662 29.489003
43.505943 67.971897 29.255703
78.275420 14.694710 27.664382
6.199906 14.714228 29.157411
53.514470 5.817985 28.674237
67.891659 29.257673 25.005376
78.666253 6.818999 26.191353
84.330926 40.956778 25.644475
81.071818 5.885367 25.710491
65.582987 51.980353 30.674246
90.149561 85.007951 25.569919
2.835641 76.219797 29.795627
37.764751 11.593600 25.080927
75.317649 9.624474 30.140069
34.151047 35.918873 26.640625
24.096059 69.488270 27.922212
57.981985 55.415683 29.099013
47.913515 58.408014 29.192903
80.020398 8.710266 31.050946
87.028438 2.570535 29.115357
51.731566 75.015506 26.203847
88.384248 51.411194 26.921221
23.540652 25.201262 28.330553
11.607174 78.525826 27.846803
18.546660 17.792791 28.922260
99.336778 13.923394 28.294390
66.418298 79.333141 30.236635
97.786950 6.360225 30.620143
63.132199 41.309836 30.576145
81.841905 19.788520 30.527544
95.015098 80.339568 29.799100
5.178592 85.473256 25.547306
15.697040 75.946127 26.593209
89.036554 62.397885 26.630163
11.919942 8.985657 30.520392
64.977343 57.184044 26.384829
42.302696 39.873947 28.486097
34.405898 60.733804 28.843039
99.512750 1.614065 31.209378
36.432105 28.868033 27.012496
29.478540 47.492110 28.792218
92.911056 24.023709 28.345105
95.261295 26.923445 26.145799
66.050236 98.328597 27.062381
88.128856 85.753199 28.318469
29.231591 27.723372 26.972446
75.456623 30.506358 27.323042
17.133687 43.074006 25.749355
74.127113 25.606982 29.659895
0.862019 99.757163 30.046175
61.205097 26.938752 28.714859
76.088550 90.254964 30.906279
12.287852 75.582411 28.399695
89.715298 20.253599 27.830364
1.574139 43.601019 30.978288
60.700014 35.696115 30.320150
86.528700 61.502157 26.121428
79.476101 26.770169 28.202239
42.339436 34.552168 26.762083
32.374958 59.588202 28.446579
36.656921 44.029595 27.316052
39.858787 31.051949 27.376264
17.943359 8.631706 25.243151
83.125661 4.463736 27.159604
85.923833 82.423034 29.149850
7.661088 30.399181 25.023103
56.659717 98.971567 27.823206
72.002458 16.880128 26.175966
44.191760 36.470563 30.187782
28.138804 30.575919 29.273468
83.639658 65.341578 30.481924
73.303945 76.897411 26.377204
46.280742 16.488659 30.092709
99.042809 37.501724 29.103457
45.899319 18.091284 27.046943
87.249598 66.034922 28.126689
69.573427 51.149735 28.470341
17.309499 30.353028 31.140257
33.864255 56.971563 28.716553
82.685837 14.050684 30.063648
63.259485 9.321460 27.907302
37.835214 70.272011 30.996199
6.896418 15.548922 28.555959
5.502147 27.892226 30.253779
59.639276 89.273558 25.696622
60.304203 46.294719 30.016565
86.490269 16.755451 26.071979
82.458515 71.099002 26.661152
84.887486 10.399317 30.941898
55.803736 85.610360 30.251522
2.491070 56.580979 29.695723
5.645486 75.639801 27.293318
37.034235 56.235952 27.947230
77.695519 50.760374 30.208110
12.374769 94.301500 27.926098
33.155418 9.481847 28.424927
73.415352 99.880963 28.666475
17.590081 44.583085 29.869412
81.351306 98.519060 27.507847
42.492817 66.153113 28.283967
87.067654 7.766033 26.039140
51.304920 16.348057 29.183672
96.796701 93.702466 25.338437
27.441780 21.706647 25.374986
35.713410 23.623164 29.207488
21.791019 47.137731 26.261289
39.400508 36.364576 26.231693
28.639230 72.945864 30.477428
34.043800 18.436716 25.319873
30.257177 4.051989 28.832288
94.595200 26.125658 30.133501
67.183883 85.122706 28.098813
77.712248 11.255909 29.845212
42.883504 41.625252 25.599206
23.150110 53.424983 26.057404
0.092441 91.088017 25.496967
71.218980 10.179094 30.892380
0.890690 14.813587 28.933386
85.480271 43.510547 27.208519
3.096345 54.813800 29.544001
61.652281 77.943977 30.050699
54.904307 33.590091 28.445972
42.120793 91.751917 27.880766
77.404114 23.666281 27.810857
20.976725 59.594123 27.039424
87.666457 7.831917 25.504103
86.019347 43.140200 29.155187
61.584848 34.485168 28.200500
4.679690 76.348688 26.817643
46.400372 19.616607 28.681617
24.571040 53.614847 28.798124
86.041669 94.666139 30.210495
95.430953 39.510885 26.960607
3.765700 39.441825 27.709701
72.608259 67.425818 26.711806
57.807614 30.290444 25.211856
37.792329 86.954154 28.095431
13.296998 17.363041 26.800432
4.003557 15.086084 29.014161
52.232613 70.615451 27.032832
96.746538 43.755389 28.172443
92.935581 95.057043 30.333856
23.975045 88.626044 26.229531
98.317677 21.724466 28.608828
79.879727 45.817028 31.095774
13.318082 78.375445 28.563030
48.589206 6.266711 30.791549
77.147071 28.795365 28.389912
92.053370 81.082927 29.663603
0.766896 32.215275 29.945898
32.356204 71.053461 29.350164
31.220625 20.273101 27.534610
19.772297 67.140888 27.217603
44.346848 78.651488 25.460781
96.346152 4.316109 29.956518
62.346465 79.962256 27.419089
38.015281 72.624911 25.572905
50.579678 22.015985 29.744352
37.919774 34.660781 29.537426
67.262621 9.626007 25.018220
3.325629 96.234541 28.701865
35.115830 74.546902 30.629248
68.973740 79.389480 27.783141
39.275845 41.411435 25.773394
52.198167 9.591420 30.228882
58.586320 95.746125 26.948585
36.338220 90.234693 25.575718
45.543180 89.860181 31.020849
86.405623 90.969651 29.622998
17.536794 5.001283 25.683204
10.112180 35.716455 28.608251
81.909123 63.594890 28.328191
26.674539 39.820960 27.062877
77.248135 70.714792 30.351040
12.911865 84.548629 27.782245
79.744147 20.779769 30.785140
99.007919 7.623097 25.284081
28.070775 96.029409 29.818848
27.575098 15.738818 28.291536
99.243160 18.060894 28.963107
51.618679 33.855804 29.896722
88.463768 14.101071 25.351884
14.457516 11.112607 25.869200
3.699427 0.174612 27.590397
79.486906 70.858650 26.268897
3.172742 91.058947 25.297928