0.384409 17.145763 25.935438
92.448705 65.451806 28.479686
7.619653 89.008678 28.277650
25.469181 40.769069 27.821291
16.062133 41.467998 25.644560
11.103492 79.667346 27.729851
16.702126 34.991407 31.248120
1.123293 25.819380 28.202427
58.805616 3.155152 28.425339
36.836241 35.390034 28.579592
18.023720 40.673294 25.213818
47.190710 12.944784 27.431632
21.706256 61.724795 28.568339
0.244436 27.034075 26.309260
53.862645 24.423648 29.012210
17.758887 81.157332 25.206549
0.511212 72.405029 29.447283
24.798137 26.448179 26.161863
76.274371 90.789330 29.678937
60.861401 63.241307 27.422759
37.533920 10.141460 25.060309
85.641918 17.642035 27.439843
33.738787 54.406479 30.297711
45.459261 68.967573 26.355964
11.344255 31.733852 29.062507
80.613428 17.000632 31.119583
66.235607 41.464110 26.183138
81.344207 24.988225 30.219333
71.673121 49.629682 27.794900
95.509069 82.514596 26.098780
23.721301 80.976351 31.237862
40.982777 47.416526 28.051566
20.171575 19.512094 30.148705
77.967849 95.153618 29.006795
83.622885 16.870298 25.778201
87.995974 17.191957 26.297377
23.367030 3.107101 30.806054
65.983966 68.177451 25.345575
31.067036 24.111234 29.412356
81.298883 5.892135 30.151637
45.195766 20.685015 25.533369
20.042547 26.967725 27.407633
34.634766 64.650968 27.808898
33.361702 68.499649 29.083559
95.424711 20.551344 28.850110
11.520470 14.341140 26.466363
91.003805 51.840672 27.408826
96.800163 22.386178 31.248694
7.414420 65.870200 27.540652
12.593692 25.453182 27.204610
90.277215 40.562341 31.122028
29.672967 19.233555 25.566307
38.023390 89.030991 26.530708
0.798216 39.081590 27.505677
21.919483 89.272649 25.956561
53.653653 99.999480 25.283704
82.862758 80.501825 30.746832
1.730112 36.480019 27.634603
23.494492 21.278894 25.424627
4.186459 14.504263 29.909285
33.435121 80.307468 27.364886
9.594365 12.879486 28.302258
6.103283 36.951518 28.528654
54.002059 98.183615 29.830613
13.982426 84.654154 30.407862
6.927870 88.833870 28.790110
58.015242 67.828664 31.108192
93.790386 17.118905 28.533157
50.654963 62.368887 27.164571
85.681210 95.685321 25.124173
49.064175 2.631104 30.033799
66.128909 65.824806 25.485347
8.208900 30.167195 27.957244
48.557322 79.066866 30.394111
74.457857 19.242886 25.053577
89.728067 10.496917 26.667858
98.588734 67.067048 30.428840
50.038972 47.359894 25.364280
16.119676 93.021674 27.681115
83.149554 77.475603 29.320692
75.383124 51.204794 27.869902
51.744656 92.979079 25.971166
39.053489 53.522687 25.942723
32.777326 12.535599 29.135633
16.899724 30.721443 28.597010
73.022709 67.020888 27.488009
10.177019 98.843601 27.438084
0.828562 93.143013 31.010739
86.678782 2.358190 27.575864
80.636180 60.109420 27.417574
45.051540 21.119680 26.434493
47.756697 22.544981 30.993108
44.575749 90.949750 27.475560
39.856356 90.231612 27.200169
21.741480 28.258741 28.427625
1.808463 67.987331 30.070688
46.556867 90.330199 29.384814
9.858761 5.548928 28.327675
18.076209 38.984614 29.541992
84.612185 48.640854 28.344003
23.777382 69.393259 27.271769
25.352390 89.855248 25.958002
59.183769 32.557930 28.412390
84.181786 40.080401 29.229474
21.973749 4.190952 27.303997
3.129106 35.511623 30.411174
33.130544 46.328799 29.968752
19.212110 10.675545 27.157347
64.790918 63.141005 30.077340
59.448991 63.827647 29.718261
36.057544 18.991506 25.540158
34.626771 7.355650 28.743190
54.302758 99.395654 27.917368
74.953201 24.815463 26.600840
44.782041 34.581880 30.902432
16.870809 22.228553 30.358822
14.450509 34.390820 27.230536
0.748076 17.469639 29.482558
22.257576 22.028640 29.871781
31.575450 8.259276 31.011338
13.506558 54.016914 26.213304
30.813048 88.504288 26.442427
77.056368 65.299926 30.429420
52.094838 24.381173 26.471953
74.362501 83.129300 27.337672
9.561264 81.471475 31.038828
26.078488 23.074262 30.922468
73.720206 79.610026 28.929536
34.858839 44.416170 30.747107
65.868854 59.678851 25.019492
89.071638 69.495130 28.227193
37.104146 69.168512 25.490716
86.207658 92.569005 30.155426
32.781505 71.271319 29.278559
23.236478 3.832157 29.874909
58.695474 85.482212 25.707172
70.583469 9.165744 27.471520
73.605049 44.328443 31.073700
70.852800 87.253634 31.070220
25.710618 57.788876 27.410310
27.860513 13.876366 28.272115
13.613542 81.892246 27.995617
55.254906 3.230723 29.759297
15.393565 23.683616 25.775080
60.715827 92.405981 30.908932
11.163032 8.223865 25.245883
81.783354 16.645786 26.817421
1.898313 21.617414 25.261537
25.242188 78.363831 26.236252
11.069854 5.913055 26.439950
27.570574 24.685061 27.721639
14.801419 11.828699 27.623932
26.956557 1.096016 26.585096
3.314776 65.966079 28.635977
9.057156 57.091550 28.259766
44.786022 17.626641 30.537390
68.545068 54.349179 27.813127
89.681247 16.864377 25.914247
4.577127 46.418380 28.814441
10.683460 95.863223 27.360025
85.627613 50.357558 30.470246
2.024709 84.914065 29.546809
91.407804 51.445413 26.452878
55.267238 68.016201 30.135384
5.303148 97.916398 27.304081
95.926296 35.622678 26.556282
32.824767 89.829415 28.170234
32.675322 97.846057 29.196165
11.901199 84.727665 27.508211
54.546839 65.975114 27.304465
28.031822 1.419579 28.301045
82.001148 81.749443 30.169868
26.531277 35.726693 30.010640
87.519865 53.863281 25.769021
86.089292 9.270783 27.074924
48.481612 36.835615 25.171660
44.153104 94.467913 25.578205
71.794969 50.573551 25.068684
12.680952 75.773250 28.691678
30.659082 67.044545 28.452897
40.710976 19.479281 30.039516
40.543058 77.298695 29.916893
80.222237 34.488622 27.013750
7.297400 47.707025 28.114662
89.438841 76.798817 25.832539
49.237761 87.067864 28.353403
41.952889 55.546621 30.551905
59.515347 50.434631 25.853793
85.676088 80.911722 25.897203
15.080868 99.896664 27.014281
60.706086 28.480108 25.210682
82.842654 64.187753 30.604398
63.758668 86.139628 30.947591
98.655688 16.202491 29.715639
88.831723 73.519004 29.112447
24.273188 66.709640 26.861643
8.979915 87.956871 27.065162
46.636204 96.602661 25.549375
17.288518 92.787562 28.751650
29.102196 3.523667 29.686723