3.047037 35.398667 29.406469
72.679276 88.169326 29.823091
44.631155 8.517854 26.706642
42.305956 14.969435 27.987281
30.667458 8.469170 29.407391
59.741420 41.117721 30.094575
48.391322 72.897655 27.396889
77.409650 78.635618 27.014896
78.985184 4.194023 26.745144
67.025393 27.651694 28.479274
50.075441 61.181154 25.291481
29.425999 26.430852 26.241220
86.931459 43.785646 29.337404
87.687851 88.954237 26.858248
45.394687 96.037967 29.556158
37.137323 25.279167 25.898105
18.257206 87.284411 30.371183
42.396178 48.185929 26.978682
35.428231 13.363438 25.920593
22.906625 1.577099 29.865346
83.755886 81.737071 25.810800
8.820910 99.255705 29.774856
78.778672 19.470237 27.953345
21.143424 92.305569 26.358674
71.074913 12.296746 29.961093
47.705854 35.075293 28.079390
88.670415 59.386626 30.570448
95.467985 34.009286 27.078689
80.523622 75.476322 28.754091
55.755679 87.597817 25.891830
45.658459 15.898697 25.179021
98.137204 66.235879 26.219031
95.503359 88.811890 27.657523
7.033170 77.196776 30.162387
57.486306 73.988886 29.733274
12.969645 8.079190 26.877582
48.269732 57.315859 31.129260
16.585419 80.812144 29.391759
65.557992 2.769590 29.157819
36.758701 97.195981 25.358250
97.337834 0.173195 26.387224
28.900806 25.183197 26.691095
70.984510 85.985381 27.917751
22.751857 73.533914 30.071319
63.440487 90.169737 30.847612
28.535146 83.304951 30.326173
95.700592 27.690451 30.496459
31.187882 97.038162 30.512379
69.738938 26.401902 27.066358
21.052686 42.063627 29.943821
35.519867 33.810973 26.096667
63.261985 40.306533 27.512136
28.210699 15.960155 29.920402
33.808893 7.107498 26.855504
4.167765 47.027639 30.998270
24.701311 96.173069 30.099665
70.561709 78.801021 30.054943
8.312244 62.562355 30.850966
77.901113 99.488335 27.748117
3.665192 16.012140 30.261758
38.665659 97.021437 26.019598
85.485559 79.547966 26.605648
4.016874 86.179425 26.533626
61.962681 93.084404 30.887094
20.884277 84.848582 28.795149
53.830801 90.221267 28.618350
65.949285 86.243522 26.419080
58.794546 68.550075 30.512952
29.283107 80.576208 29.996548
27.183312 41.306070 30.052153
59.325635 20.672432 26.276466
42.379440 23.062657 26.197868
64.881741 2.802744 30.025497
14.655856 22.417201 30.324881
18.638389 56.323000 28.554554
32.980408 34.758602 30.449222
57.641347 7.178444 30.082837
68.616578 58.293661 31.212051
81.697124 51.545270 31.170435
15.021689 28.415249 26.987173
27.594594 23.993124 26.315975
89.722901 67.320013 27.010804
75.928325 25.759609 30.887877
70.872175 76.053991 30.727919
18.333555 55.907956 25.412895
21.592924 87.666772 30.426937
71.655977 29.627595 27.472147
51.149925 74.052732 28.624023
67.393868 17.719764 29.636004
4.664241 68.747717 29.519939
58.312469 7.929168 29.671473
62.822006 40.737770 28.134725
6.550397 2.058450 30.339589
7.383508 64.926447 28.488295
14.420177 56.598724 29.298031
16.811239 22.842320 25.362325
87.258548 98.497182 30.718156
66.990681 86.532086 29.814909
18.555043 99.085593 25.152033
72.446031 62.334758 27.748871
44.045200 14.419554 27.283143
49.036221 71.340869 25.525166
4.631866 79.382526 28.505157
39.861868 62.297059 30.994547
83.455343 65.940147 28.855867
26.829345 78.768787 27.099529
57.934566 46.596844 25.759101
88.283644 69.869502 29.901061
71.423714 1.354846 28.033082
55.739570 14.365530 30.714468
98.405793 62.546193 25.392584
54.041878 98.658221 29.543405
53.384867 71.368237 27.045361
97.054776 85.736346 30.311115
38.658411 51.106194 27.114895
1.982517 84.062527 25.076031
95.197214 20.398215 25.535198
92.772335 73.455321 28.694887
24.502172 46.055110 29.335113
52.321254 54.006559 30.550401
55.002747 10.359741 28.586597
63.994546 5.491009 29.533729
62.135226 55.037684 29.962836
98.487305 94.266832 26.863122
88.465433 48.662963 26.227224
12.222839 57.726036 26.279392
78.203842 10.099412 27.012158
2.559696 94.173590 25.982555
77.269355 97.557519 29.970570
92.530438 88.343135 29.232765
29.871260 93.518793 26.375150
60.230793 31.920571 27.049595
11.807619 35.595957 25.706878
27.309938 15.384073 25.730747
42.690176 31.275507 25.818338
65.526800 1.331250 29.599170
21.974044 83.155541 27.640823
32.410158 99.411508 25.479723
1.504512 19.997526 29.778119
7.714583 86.991974 28.104648
35.923753 41.057337 29.301541
51.927799 82.964271 30.593725
45.260448 44.187978 29.414181
42.241968 70.963795 27.614052
35.549883 10.828440 25.639207
59.088513 43.124859 26.708082
16.746997 72.163686 30.259127
42.917382 28.023880 25.782543
66.362142 21.950756 28.678319
67.926498 90.093970 26.746245
80.234068 74.995260 29.416638
79.786445 65.376213 28.571213
87.749136 64.073433 25.437605
85.163478 74.597823 26.592105
40.904259 67.623449 25.820671
94.921244 26.323624 26.540774
88.038822 22.765790 28.784252
84.140899 36.984994 27.829345
35.028644 92.472832 29.494914
34.512411 71.207110 27.782749
99.569471 25.669602 26.997739
6.434853 79.916756 27.930621
54.129225 61.714737 27.067686
90.137920 5.062757 29.021441
17.473047 43.670008 29.718692
85.308551 58.132038 30.865346
79.747904 34.663550 26.955547
76.090232 96.499818 29.704402
70.193730 43.071067 30.400070
2.087340 32.779070 29.159252
52.616687 90.472492 28.694345
23.301716 31.328171 27.404599
96.362209 42.310385 27.286570
41.970482 10.015063 29.711589
42.915219 31.411618 29.179830
36.505636 31.125344 28.502147
38.966730 15.637652 30.525908
45.052955 66.074204 29.336713
58.414176 25.472767 30.606887
49.611396 82.880636 26.409164
47.491360 1.861799 29.138811
84.108727 46.533533 25.937920
2.837235 28.886893 28.191376
62.061219 16.384206 25.781839
99.506339 86.574203 31.055273
91.586867 4.691944 25.565587
24.276773 72.431536 29.795143
6.571254 6.178503 29.050067
92.355659 0.685555 31.150597
47.157449 48.020962 29.729825
8.252319 88.350725 29.118429
83.643655 11.692432 26.905571
94.809161 93.730126 30.319509
56.817939 48.357094 30.460017
80.464551 29.890514 29.046731
42.533663 93.338302 26.999779
76.749283 75.651851 25.885569
48.291901 36.871034 29.793941
5.424630 0.610973 28.237057
43.293953 84.232839 27.746278