81.815771 39.593948 30.542367
56.120319 24.781967 29.381346
6.996593 7.716870 30.604746
61.159376 14.089819 25.751551
30.012024 24.501224 27.089076
37.478852 99.200064 28.845992
33.052532 72.579592 31.035846
6.050988 63.329197 29.464710
5.574733 57.263138 29.231741
35.113667 25.433252 28.146514
28.740479 90.928845 25.562982
68.324106 67.811175 30.665341
54.176453 55.836720 25.203621
67.268289 61.597525 29.066952
85.587854 8.273054 29.706898
0.751408 63.178368 27.030672
53.077593 62.910609 28.205793
8.957907 78.864039 25.704954
67.882522 32.594330 26.644962
91.807671 26.235348 27.084564
30.917249 24.969734 27.920644
59.470543 85.174246 30.236123
3.038782 52.474895 27.195222
58.600136 29.320365 30.368640
2.569982 41.895606 26.598741
45.816645 83.146493 25.756061
48.358386 20.290649 26.967832
37.503831 32.595474 27.809570
35.666828 89.218906 27.121719
47.947141 19.476500 30.421402
57.587081 68.316526 26.609784
16.386426 59.797063 28.464837
44.425357 43.274682 25.512753
82.551409 56.330266 29.302986
55.692301 60.711593 29.277639
68.664625 76.587117 30.967536
99.397126 70.863567 26.599385
8.702186 9.211722 25.479830
84.814851 39.320226 25.770340
26.896907 31.031014 30.390679
93.393919 68.540938 27.114617
56.734581 15.011717 30.866223
46.550640 66.249801 28.344045
61.607271 5.490971 27.818659
71.467122 72.604668 29.007235
35.194001 91.453690 25.014785
41.137326 45.729642 27.415361
78.528539 8.474425 27.781787
39.452731 80.362215 27.002683
18.186750 4.649591 27.411018
7.491000 56.923486 26.240296
46.544689 75.992679 25.350662
97.645333 47.881221 29.000866
50.701684 76.891934 26.589402
93.032506 82.517582 25.198757
46.769888 30.749560 30.183475
7.377855 21.131043 27.787070
78.720536 5.365911 30.035957
59.308406 72.661365 29.112182
19.191720 28.471818 30.194661
88.354541 48.249078 27.480228
90.354202 15.426788 29.357867
78.702497 16.319852 27.610387
89.889765 27.133887 29.386902
66.135260 38.463478 25.264477
36.840736 98.211432 26.458501
55.735499 69.237709 28.971322
17.502616 79.034985 25.551216
93.398230 54.258739 25.848096
22.183829 86.832417 30.111006
28.554723 57.242501 26.357047
46.551914 76.201860 26.076925
74.605131 0.619168 27.381897
65.204201 55.483360 25.927316
9.918848 4.766262 29.272191
67.741398 91.920377 28.259478
89.983533 10.415958 31.225566
36.078043 8.729900 30.324616
44.375630 26.777709 29.065510
34.737317 61.749144 30.256050
11.075884 44.390357 29.481413
38.090785 89.835533 26.830380
67.394251 8.527740 30.069585
53.078626 97.863317 29.404011
18.079422 15.394150 28.095004
28.214894 57.799842 26.790550
99.346284 93.292116 28.251566
71.143359 38.328242 27.402669
18.939861 21.537226 26.726730
54.348866 40.826259 29.233282
95.783941 92.068534 26.842897
6.852826 77.414752 27.503857
34.528700 82.331756 25.207610
79.454004 19.386837 25.294300
19.053984 10.084750 26.825767
45.415738 41.876758 26.907743
44.597397 3.017776 25.650460
20.874971 71.344381 28.552752
78.749423 28.806824 29.345678
94.440051 56.899768 26.646672
81.002366 69.321425 28.245059
77.156242 43.569395 30.551145
59.455623 92.057515 26.274370
12.807030 10.537361 25.518743
6.734590 61.636526 26.689556
63.213949 89.251877 26.425657
90.841927 71.498032 30.566581
57.281013 36.350412 29.332356
81.105089 27.106173 31.049127
27.391675 3.364707 29.421585
47.731993 19.319498 26.997477
33.974434 67.847112 25.787699
84.290243 7.748097 29.869067
82.754776 36.238067 28.138601
30.195752 72.674949 30.292269
37.826584 83.708296 27.304238
22.829712 29.694873 31.049843
81.624509 99.510753 30.497013
5.408373 7.923009 28.878164
51.085713 37.093885 28.672189
69.311847 48.414745 29.841180
35.308417 64.032160 28.458292
87.559983 41.087849 30.656363
44.317816 64.321971 30.595937
23.937472 84.004805 26.905978
51.953656 67.976157 26.334639
51.029622 2.205511 26.990069
89.838785 83.103829 28.065985
99.156852 59.843527 31.085063
49.009377 81.288906 30.817577
62.239262 80.571542 31.247578
93.436033 45.144567 30.509033
11.177061 29.336211 29.760120
83.481539 24.342572 29.474230
25.575587 64.123034 27.250250
12.674180 69.459638 25.251103
76.635424 5.123327 26.049919
74.307418 33.696039 25.718128
41.513538 39.455356 25.400641
92.162216 13.090412 29.714058
12.181368 19.222482 28.265215
55.813603 58.590826 30.881546
45.069255 20.169223 31.207920
76.339928 96.509323 25.125715
58.713352 35.179102 26.439217
78.713472 29.401247 30.825546
33.491563 72.285547 31.133081
33.955824 84.382487 26.638246
29.298239 41.565864 30.215640
96.974792 68.762246 28.386206
45.156643 29.568245 28.020444
61.329885 6.324867 29.887285
70.590977 17.793373 29.668490
67.560967 3.285957 29.371063
0.853008 78.536746 29.466658
38.192385 76.170473 27.445023
68.081522 83.255565 30.539492
43.556588 30.369767 31.177949
78.852738 5.688835 30.021756
2.683548 67.895473 26.671859
1.162022 51.415384 27.891129
47.889510 86.526346 29.543345
15.956368 89.263825 31.080005
27.264184 87.305564 26.552126
55.731334 34.436324 29.279372
37.564417 10.181795 28.158628
31.014255 87.451718 26.170501
31.799769 81.958547 29.954177
64.394707 69.124054 25.087756
78.288512 39.527685 25.135655
48.489877 98.105317 27.039653
76.945456 49.665633 28.546956
80.770023 66.572829 30.097499
41.743839 58.990976 26.946689
37.132422 9.767723 25.650780
17.117393 52.827019 29.977488
68.146746 78.206732 28.903699
75.036575 74.924259 29.335412
10.937647 27.315502 28.318739
3.139580 32.515174 25.032111
21.349542 11.214562 30.575072
23.519078 19.859257 26.297779
95.681676 86.920603 25.906783
90.163082 64.173414 27.921872
50.896169 67.664134 28.778290
18.530346 94.967803 27.866921
62.053682 42.036081 26.268252
6.262535 38.857543 29.817795
72.464949 27.913258 28.023064
78.222550 91.317383 30.719991
49.359500 20.835093 30.224837
25.060105 45.427673 30.774597
34.474854 79.823627 30.658891
53.641553 19.468557 27.391653
8.898000 37.481191 26.449646
24.377139 15.193027 28.464798
27.740468 15.956032 30.788619
97.459546 19.488530 27.179712
84.563442 32.061812 25.448577
86.408777 48.597161 28.079378