40.356134 62.730925 28.751555
40.824882 67.607571 25.637759
90.845351 93.335263 26.019961
76.242818 41.547483 26.393612
8.792501 7.446593 26.802438
80.298816 81.466364 25.309349
27.753405 86.968106 29.354787
15.982744 47.445441 25.122197
60.492495 99.459544 25.583465
76.894491 77.665627 29.706736
85.109840 85.214760 30.197709
6.965365 49.900595 27.477808
98.085347 97.556302 27.891601
45.519794 46.912208 30.380914
2.658904 59.964261 26.796638
51.686376 33.588076 29.291285
76.073452 52.362720 28.550097
53.063093 58.740974 27.930408
25.039474 88.552778 28.903585
25.290978 97.263820 26.590771
10.063776 42.742873 29.212141
80.249633 97.385315 25.810719
37.544576 49.649821 29.118987
33.763234 86.188006 28.552830
16.975904 94.275140 26.606221
12.057297 86.117805 26.384844
47.738099 12.707540 30.770571
21.612411 41.828856 25.502642
44.359312 82.074302 28.033791
36.993667 16.262118 31.058684
12.703312 23.319560 26.665695
7.107802 83.945568 25.571489
14.828439 4.470080 27.264013
89.977038 71.877483 26.559453
88.749290 82.381797 28.592609
82.681981 48.458855 29.316315
78.808213 81.029690 29.955042
56.767477 50.569568 25.506126
85.575099 95.057761 26.072526
67.240290 46.840285 30.163727
81.639630 76.323407 25.843235
19.308090 30.727509 30.179856
74.664336 52.772222 25.847496
63.491742 26.886312 25.319988
48.601293 73.412063 26.094144
73.798054 46.755397 25.504386
73.585420 93.310289 27.313277
31.553306 91.673649 25.137566
30.793405 80.886910 27.892766
96.091534 16.274608 26.314734
82.556303 18.255027 28.950533
84.325328 30.453151 25.418041
75.796420 83.085954 27.436022
48.505799 98.216815 27.470258
32.603540 50.759075 27.363249
9.965823 41.091337 26.806458
60.740536 87.407872 29.359986
69.629953 91.140129 31.020468
42.398622 4.876619 25.650392
81.474116 90.272986 25.756078
7.379784 78.781668 25.504458
62.872084 73.159370 25.241118
36.300880 19.233561 27.083888
59.627821 67.205256 25.666831
51.675680 38.608801 26.710809
48.911611 83.498219 27.603682
77.755328 32.100715 26.930549
75.349997 58.313226 26.016995
30.275199 28.306033 28.521675
63.274603 80.314018 30.370450
53.171172 7.288243 29.154454
13.770730 65.333948 29.972812
30.147897 9.905548 25.525514
18.362567 81.699001 26.881436
46.829943 45.709112 30.713334
97.583493 32.510616 28.647848
92.122704 77.766966 29.332076
98.855370 86.584327 28.405425
82.770588 40.673151 28.699838
12.702428 24.854074 28.308459
6.260276 36.652287 28.667343
25.539900 55.487251 30.055994
95.578438 14.268219 30.484450
4.203686 75.818678 30.870440
71.944326 41.561157 28.898382
46.513519 31.073578 31.142526
24.662630 55.343021 25.870289
72.479155 97.238524 29.368323
57.621591 87.040256 30.464671
43.908295 98.838457 28.951370
99.883559 26.117940 29.248896
91.740548 57.593236 25.036111
60.865867 83.324242 25.185224
28.795183 56.524874 26.684153
0.486605 74.181624 29.895351
79.493085 38.466646 28.440575
72.776940 51.580891 27.571141
3.556340 24.318803 27.784088
58.790839 86.868832 27.730660
63.668106 5.550781 29.549638
88.966562 28.607967 25.852392
95.514912 51.979946 28.061617
67.652617 92.854645 25.163925
45.789335 48.260579 27.497315
0.503716 99.607022 28.871364
25.955231 65.062629 27.196208
62.850802 86.183006 27.873026
10.143765 63.817262 26.204044
8.249232 27.452757 28.043844
7.589720 66.083679 30.112519
14.152744 35.263959 26.240136
50.100629 56.632311 30.437263
20.742728 58.903266 30.505692
65.675771 98.192687 25.540431
83.990613 82.140119 30.338338
25.104185 17.027489 27.155298
6.441902 0.143412 30.532524
83.674131 62.181392 30.849608
18.548890 53.603028 28.698998
10.782880 11.762538 26.282180
63.486335 80.630568 25.012382
16.976036 46.107366 25.132086
65.677351 55.610042 27.738544
49.253318 30.741243 28.672250
63.506757 90.928125 26.669383
93.449561 59.556079 28.358761
66.426079 77.910735 28.243751
75.602584 69.468980 25.155136
38.185425 89.377806 25.020231
81.398344 55.371363 28.375869
89.468043 22.046041 30.414754
44.666751 54.740687 26.804184
22.578505 75.195362 29.334597
44.272586 2.124801 27.856003
91.035952 32.323919 29.608931
11.924343 55.506886 30.648064
82.010026 22.106456 27.500054
81.868693 71.361688 28.940077
45.194154 38.799516 28.214203
14.190726 17.789173 28.286359
55.963618 71.693277 29.887095
55.998888 29.857651 30.835560
88.562566 27.721032 30.452221
92.329682 18.297256 27.208546
57.730516 9.381978 28.773962
36.779012 58.313867 25.741341
48.678556 8.638800 29.550160
15.482060 61.205616 30.483986
47.273148 69.732026 25.289018
31.525394 15.691694 30.642825
25.891169 57.491037 28.419064
13.969281 60.559617 27.744764
42.287204 65.244778 27.487185
49.761654 84.778468 28.202952
45.838054 20.627220 31.054948
26.790050 14.557775 26.032069
24.906369 44.743630 28.156856
39.617364 22.026006 30.740675
84.385869 2.663893 25.004315
74.692662 64.611774 26.785321
47.844974 63.146443 25.299876
26.366307 79.154226 30.930832
76.234992 46.667558 29.785614
94.914243 97.746960 27.391665
46.945470 63.196853 30.672637
66.809947 52.267732 29.692646
99.654977 84.459041 29.052787
11.039081 63.895667 28.476410
79.883768 53.997232 29.146112
9.750377 82.011711 26.435965
12.535283 93.886857 29.219776
78.764448 29.509575 26.815985
96.708993 58.824148 29.353438
14.103578 84.083777 28.827269
84.237044 39.540675 26.853926
25.494474 37.403659 25.265369
25.995796 8.769348 27.529756
57.973272 2.079565 30.443573
62.146073 43.914857 25.107771
91.991563 59.271130 29.239436
99.709714 44.875877 30.427722
72.092396 63.065820 28.987270
99.737466 11.037919 29.875272
46.549390 15.739834 26.158593
76.853513 85.000611 25.730956
41.630746 71.321101 29.334584
69.453490 29.119983 28.030418
41.385230 99.892887 28.505295
64.536968 16.399829 26.658988
52.099590 95.711415 30.817036
37.141663 62.411357 27.776872
21.601765 77.736585 27.129453
76.297318 87.510153 28.381911
35.409813 88.722618 25.293245
80.774580 33.849892 29.343252
40.749126 55.351041 30.494778
49.641835 30.402421 25.839676
88.991925 58.160415 26.853455
76.250651 5.310055 28.485060
10.372785 71.930353 27.057832