53.723423 46.420202 27.753765
14.066563 38.044358 25.363738
86.309397 76.085032 30.915177
46.894227 79.761690 30.156712
78.114255 65.805944 26.406890
14.898602 81.475862 30.701993
59.764201 45.822408 26.832402
57.343959 34.818732 26.378471
6.739963 0.051201 26.104125
37.423484 60.276950 28.617953
26.887567 54.089373 28.790399
85.487607 76.285484 29.383618
3.146362 26.845478 31.103483
15.687083 71.307143 27.986030
61.685622 61.445731 25.664295
13.714374 79.370109 25.011612
93.320391 49.025786 30.376017
6.066192 21.952380 30.255721
23.889818 69.853165 27.164792
92.224287 86.520258 27.193986
4.630681 38.975048 29.951646
33.870643 51.526335 30.756731
44.950958 41.618364 26.402500
67.372550 79.895143 28.939694
69.373148 32.543318 30.644736
25.323158 7.624904 30.405509
93.209029 34.356258 26.790440
65.261592 33.410763 26.598095
1.501706 84.916892 26.076985
39.020664 12.850640 25.567578
98.713892 6.896486 27.666424
0.794961 95.015103 25.714118
39.463769 11.702467 25.644806
1.000207 71.758936 28.814747
26.665446 34.777517 25.507883
83.259550 35.761169 31.209044
36.392512 98.313160 27.463471
39.290160 15.225432 25.717778
21.965155 97.429466 28.766514
40.225652 94.030004 26.786255
92.037048 92.964664 25.207945
0.221958 93.706662 28.647190
13.192357 5.529893 28.502223
18.608006 39.897424 26.379353
4.535573 33.515789 25.005651
78.531687 4.071514 29.255303
44.929577 28.692738 29.147030
45.677187 72.215254 30.495026
90.853267 16.675339 30.471928
5.714730 41.263864 27.527737
50.118150 22.932910 26.944589
48.357992 31.448332 25.591873
15.996910 84.603588 27.999012
58.997217 73.700818 30.382167
49.511211 97.398828 26.376516
8.501478 28.975381 25.380047
24.044754 90.849142 29.528830
60.739938 73.632389 29.026380
88.673899 1.345207 27.498918
16.653770 6.883821 28.151272
56.152437 63.931001 28.238345
92.975828 69.067809 25.527869
18.446500 40.524392 26.718666
22.465489 59.854920 29.196903
82.922076 96.029589 29.058941
28.922636 79.865547 29.132787
65.216394 24.220647 30.405928
48.256530 48.665048 26.930178
67.085817 84.152378 26.309187
68.966420 1.593727 28.183533
18.044760 55.574288 25.820387
94.253150 38.201501 26.098431
82.522571 35.259655 25.393625
23.837885 70.033047 30.097576
64.921986 27.648105 27.036744
75.477017 81.936844 29.051641
30.175074 78.550628 26.828670
90.117146 54.511246 27.776463
77.943293 83.514642 26.092509
79.909884 68.081685 30.976554
1.303822 66.330546 29.233311
72.438289 97.456871 29.521672
46.493828 21.596143 28.387129
34.980313 37.857315 27.325950
34.630235 48.359980 25.040230
58.969645 55.744360 28.430808
25.690280 69.749948 27.287674
93.924222 19.200053 30.618519
20.619732 41.254892 30.306199
2.971445 67.085890 26.021855
85.241493 48.443748 27.237467
70.333636 52.762764 26.102133
72.476201 46.068684 30.874383
24.370584 93.386808 28.578739
63.128294 35.764527 31.197074
52.967022 82.153579 26.435788
56.498904 66.941702 27.585908
20.434923 32.673634 25.281372
75.184526 44.680750 27.441670
27.451813 65.283818 25.257546
92.760413 68.277294 29.849936
78.464256 6.011492 29.123612
41.451978 59.516197 25.770481
19.859599 65.541680 30.130309
93.724414 51.336583 27.565392
31.126756 84.463024 27.640115
28.976932 18.331930 26.962618
24.544473 79.256229 28.307849
46.847804 92.569877 28.798524
59.576019 63.894244 30.613819
28.674477 39.421324 25.225505
17.144896 30.070554 28.652856
37.290903 70.427330 28.508381
58.387552 43.738263 26.093885
15.722357 99.097280 29.558119
88.990016 76.169549 31.070542
20.718630 69.389179 25.431962
88.375123 99.895968 27.887148
26.792204 57.129455 27.012103
25.041755 6.927386 28.158318
86.316456 0.247958 27.896967
97.379550 56.228834 25.312458
54.110699 26.195974 27.730246
4.188626 0.602034 27.624924
4.956081 85.061486 25.576590
41.539937 53.341819 27.099727
7.922473 19.036659 25.176224
18.573107 54.003943 25.306418
91.007415 61.638987 26.820951
34.351964 92.259360 25.770670
84.939117 21.434650 25.183177
45.523831 11.783985 27.871988
68.395376 6.936925 25.097962
6.178390 13.830189 25.946879
42.288070 73.902493 30.066766
25.342178 34.241786 29.774484
62.118601 67.573826 30.330184
44.060736 91.609867 30.946382
37.280026 92.451172 29.987548
24.382531 58.008262 26.179092
91.488152 57.928645 30.380921
59.159085 42.391426 27.562794
58.735022 2.026718 30.310317
28.481272 62.703875 31.116195
96.799072 99.595299 28.681654
6.350613 65.984029 27.135687
64.848684 45.134332 27.719022
38.927562 77.843750 26.832091
19.583568 29.116455 27.663914
96.834003 32.392536 29.750396
78.472611 70.363285 29.735684
21.493126 41.966466 27.559801
75.713473 6.524311 30.692927
82.807456 63.962550 30.254085
20.020595 35.317656 29.878164
14.588945 3.094362 27.840192
28.796372 24.170272 29.354634
91.904654 16.530422 25.177152
93.309509 3.822843 29.705891
77.728030 27.679122 27.613525
7.982919 92.311884 26.601536
1.744731 38.899705 26.042206
31.972735 41.543965 26.748228
30.901951 77.433879 25.634399
17.467907 29.631503 26.628403
26.401839 54.865908 25.576799
83.541953 5.223584 30.347216
99.279593 31.398254 27.512643
9.039714 37.696460 27.655350
81.729965 12.631685 27.134490
24.584528 41.565144 27.293611
64.968729 2.573011 25.894526
23.514605 4.279369 25.853174
19.977212 59.214752 28.879092
52.937450 79.141355 30.730256
91.787454 7.627828 29.058348
63.011973 51.168083 30.664952
72.722723 70.664047 28.523759
9.347811 46.978054 27.214923
46.534751 71.762691 29.682931
31.724691 45.777479 28.180097
23.861687 15.562572 29.825021
7.403032 97.084197 27.653095
22.630349 61.549603 25.845527
84.201060 43.132907 26.820486
11.752277 21.668154 28.062460
8.725899 4.927744 29.014184
15.905133 34.626904 25.852831
35.861121 16.625812 28.637843
69.425861 14.316309 25.619312
96.499231 60.111783 30.967578
34.126973 48.349922 31.130311
8.615101 65.696637 29.487660
9.562960 25.321332 30.722646
67.411710 64.547390 29.629965
15.241692 77.082855 26.623797
5.343056 93.078932 28.483924
26.150539 79.513275 31.022263
36.998248 46.893637 28.761244
26.747433 65.432475 29.401320