5.960458 85.292895 25.992778
56.614568 40.251895 28.037906
71.006734 12.592708 29.840231
81.914033 63.675575 29.001623
79.339227 22.683534 26.454688
30.430079 24.512117 29.627544
38.706429 80.052444 27.679178
98.818525 75.671841 26.655812
75.032780 37.219425 25.394030
86.174648 38.941580 27.510623
71.332471 63.959087 27.848347
88.851550 37.466478 30.223379
19.422053 61.203897 28.597811
20.877685 31.836952 27.349111
82.435546 29.603109 29.232043
81.750094 78.454608 26.826582
6.027186 80.460118 28.354633
21.852050 38.163106 29.377248
53.880810 56.950536 26.439596
81.477399 31.634574 27.697124
20.276001 47.886357 26.280468
50.600128 67.394152 28.854518
90.434143 17.161654 28.263562
15.333210 11.748829 26.809313
97.971856 63.294130 27.913844
17.071784 28.449059 26.933717
42.842065 51.360367 28.833366
35.361125 20.891597 26.379387
65.990680 11.468873 30.653566
70.212342 55.182631 26.055585
38.656300 57.195050 26.748525
11.114764 67.074894 31.200036
80.016539 83.557998 30.231332
2.154151 16.650490 28.713739
18.622752 9.081714 27.621330
68.104509 82.798587 27.061599
28.613241 77.389021 28.808791
57.344806 71.049719 28.710160
91.038509 36.269136 27.354401
45.880100 11.816784 27.346839
40.208321 83.581742 26.832420
40.415924 8.179935 25.450233
62.309097 79.181453 26.915872
46.661533 76.730496 25.712128
49.436929 6.713142 30.579313
47.196077 93.673224 28.969871
99.624034 88.618477 27.793539
17.589472 84.139706 26.401065
41.094387 40.714215 26.832937
35.947675 64.543020 26.981925
56.406854 4.312955 25.297152
29.497028 86.644264 27.559746
31.622735 68.544583 25.965161
74.283461 69.356282 26.432825
41.779973 80.813944 28.387292
89.510614 63.470502 29.564919
17.285773 94.999195 27.962495
42.104271 17.022760 28.332789
68.673203 52.012551 27.599575
91.878108 62.975835 26.379644
86.505521 15.670020 26.568270
35.314336 47.367212 30.701136
96.158063 49.106826 25.610651
84.545536 34.089044 27.762603
36.998375 79.593756 25.245147
33.892568 63.541657 25.035703
17.824604 44.948618 26.865756
12.515244 43.964355 25.573596
42.468749 78.157471 29.760989
62.817169 12.232202 27.139033
15.338137 63.076316 28.574158
84.422523 12.583220 30.021544
93.615847 98.899936 25.105818
57.235393 99.998830 25.327070
81.127777 19.535215 27.726155
26.099582 74.210914 30.528112
6.240279 18.379998 27.204210
10.667786 50.458155 31.238746
65.322411 64.092137 27.307486
50.287441 5.390785 26.060471
97.186381 19.957748 28.312602
35.826146 3.749112 30.446461
95.603371 12.006365 28.536005
36.706626 79.103497 27.220837
6.639163 80.885519 27.037475
11.711892 10.473869 28.685523
37.689251 10.274201 27.255791
52.867178 30.706034 29.459995
50.750829 98.273149 28.493637
1.118364 12.494562 29.339783
29.428100 92.656637 28.739408
90.930735 83.346487 28.123292
86.563861 13.525922 28.401875
20.703456 60.186428 29.974034
61.967459 2.010104 27.625690
19.665115 16.406674 26.472804
94.930279 36.491421 26.964058
50.349488 81.937883 26.236995
99.664826 87.514252 27.178670
66.892759 61.816873 27.996830
21.428673 49.774019 28.055347
34.855757 67.160109 30.917685
97.283801 8.250861 29.862086
58.737874 51.327062 30.198806
77.075525 25.571991 29.012519
89.875984 56.152842 29.207520
80.636266 25.526342 28.468806
70.138991 20.114800 30.824378
68.745725 86.980597 28.847927
27.674950 76.187690 26.887565
16.815052 83.910470 25.644138
3.788762 36.036588 25.928775
70.654253 6.223788 29.544530
75.928679 89.860534 28.535772
32.327221 51.086701 28.474196
32.423631 35.296457 29.715148
21.015070 26.562572 30.650249
74.775627 51.103456 29.171005
27.846342 82.292393 28.981642
95.287940 64.484209 30.446941
50.959166 71.389125 26.556805
30.925223 1.798394 29.215242
90.076367 64.906743 30.653780
64.675830 73.229187 27.973513
31.847525 4.604802 29.941874
6.400926 61.841880 29.023267
92.962518 97.931206 25.397681
64.179793 58.503238 26.392863
39.522846 62.406759 26.733585
43.207564 74.419279 25.355316
70.783689 38.475498 29.675784
65.260671 89.076656 26.838835
43.502012 62.639416 28.939031
53.545486 97.238385 29.149727
15.942085 47.239065 28.217449
28.849366 74.151947 25.922487
57.499776 90.817173 30.321185
47.491011 10.331063 30.223908
98.127143 37.494939 25.845846
85.049326 92.342628 28.007050
22.684358 14.198135 31.014549
20.744427 80.377081 27.031370
98.187307 26.793843 28.617375
47.591667 35.992182 30.519173
98.560650 72.271072 27.818683
25.907343 0.850091 28.523621
83.199322 84.268334 28.843082
82.428068 13.432317 27.292078
32.800679 47.107861 25.394879
91.874498 80.770897 27.562019
88.873069 10.049546 29.543429
5.713722 10.939503 25.737470
56.768983 98.019644 25.256718
39.594913 79.812143 27.869997
97.150804 46.612408 26.556010
53.865694 16.314589 30.908351
32.358628 64.105075 26.225845
86.507923 3.565282 27.360885
37.170603 58.112984 26.882195
49.504058 2.284780 31.126923
75.562602 22.041787 26.037700
89.316817 41.139439 25.845694
0.844696 75.488409 28.212275
26.818566 46.290955 29.193973
96.325001 73.159133 28.905210
79.120551 37.370099 26.959552
61.751297 48.840355 25.037922
64.095651 72.975955 25.037340
82.732507 1.500064 27.886241
3.620587 10.229518 31.119931
55.345005 35.755861 30.772185
9.531359 25.705735 28.566079
86.239550 31.293237 27.595552
93.495495 41.230894 26.122408
10.235777 4.361269 26.478299
25.496739 12.477353 28.125055
62.914031 44.168668 29.781981
77.905299 13.539171 26.461600
54.448880 31.493406 27.993940
60.939082 52.902388 26.168074
49.939589 32.687011 27.983417
78.421974 39.403108 29.650861
17.989465 34.527554 28.861381
7.281633 72.881862 28.943214
54.922054 5.578500 26.508446
47.928287 85.068636 30.170595
61.445277 7.113794 29.951833
5.290698 59.889608 26.292335
82.316876 36.909556 31.072019
22.683276 9.724990 30.351600
58.822558 51.958009 25.209093
96.690591 61.281434 25.286803
75.261260 58.687087 25.547615
41.129198 67.413627 29.353024
49.992991 43.685760 30.661569
42.592473 38.237305 25.687116
18.853551 87.791566 30.523711
59.574269 87.160636 26.616320
30.320786 44.611105 28.240489
7.464806 11.242398 29.619998