62.753632 70.547905 25.631777
61.746027 68.886391 28.455996
8.024091 34.135808 25.575117
30.772125 93.684742 30.847137
82.503742 78.794514 31.097211
88.836478 70.486322 28.172660
89.786821 86.121074 26.989682
26.223569 58.944909 27.506581
12.338629 20.704753 25.944807
58.798090 23.032683 29.133075
36.352108 34.479884 29.020762
30.473275 71.658956 31.095128
31.951041 41.983684 28.269806
92.431525 17.707608 27.314706
57.307081 26.378880 29.775297
87.725756 86.796486 29.413414
25.078903 85.813080 28.644102
61.678127 41.185152 30.473841
41.421683 94.217668 26.896128
79.202888 0.343164 27.888505
67.902027 12.763149 26.624249
3.015674 45.051522 26.101559
95.372498 2.679791 29.264284
71.522628 1.433985 25.356247
57.589787 86.178532 28.227893
55.338043 90.954062 26.080317
64.688534 17.767606 25.287255
53.605878 11.768874 31.236764
75.077044 34.633488 29.571212
8.089137 50.602111 30.725213
70.806739 86.700433 26.153449
88.702265 41.853665 25.539057
76.270156 30.724110 29.034087
72.336125 66.119403 28.523649
16.700939 71.500017 30.181536
5.550311 76.224222 28.648741
92.062063 59.892699 25.996372
72.276866 83.820135 29.528564
38.872298 67.742980 26.626412
20.774549 41.281352 30.834217
88.829368 71.410671 28.715082
40.555706 84.270537 27.049266
71.442241 93.664538 30.288383
56.883576 97.606824 27.749779
11.574689 30.262178 26.647205
72.164101 89.512026 26.832989
90.216666 72.101378 29.506576
0.388909 72.461854 25.062120
4.890280 3.455469 27.756113
37.626001 88.247144 27.445389
57.240692 94.748080 28.288725
59.995612 3.797538 30.706889
40.636105 13.133313 31.146920
53.674466 51.089819 27.676474
80.565627 68.351738 28.294942
64.976790 37.252495 31.100608
85.723466 2.483729 28.097523
52.352584 12.884441 30.122334
63.394527 35.935297 28.764638
37.341528 46.369963 28.998394
64.538733 48.840326 29.241959
40.469953 34.028035 28.853820
68.760813 81.958185 29.222596
73.609084 20.310061 25.033618
98.226577 56.221052 30.197716
72.957427 3.194919 27.813737
74.941498 58.771731 27.530635
48.734371 54.619709 27.123446
93.099278 28.919087 26.582774
99.035469 31.124804 26.108141
0.880853 48.331866 29.637888
12.550587 72.503971 31.013199
42.158812 52.727922 27.762342
25.614371 44.615590 27.998409
65.817893 17.050878 26.791965
67.243894 72.945180 28.979517
11.616832 84.883178 29.899890
45.391250 80.942526 28.290454
68.097200 54.105827 26.861213
96.402243 98.535871 28.199612
71.162158 9.897270 30.606352
8.567410 19.086448 30.848565
93.617572 99.686610 25.849369
36.403450 42.808182 25.009936
58.905856 57.784745 26.874856
2.165279 8.503099 28.667123
44.699951 13.386503 30.184919
92.110730 61.876760 28.155368
89.571000 81.442120 30.851253
10.892703 63.487113 27.336546
36.698770 87.297937 25.606282
53.943088 23.386101 27.178964
53.102479 9.034014 28.080998
76.078897 34.359537 25.207807
65.623359 35.777883 28.823361
28.413182 79.014891 29.441862
71.174502 53.362664 27.720633
72.257173 67.122077 30.448185
58.081341 1.777802 25.319583
4.955359 62.161870 29.379314
38.738098 12.440289 29.321988
78.179691 71.251703 26.903987
59.420486 45.530365 29.080604
1.459493 6.355858 29.852989
78.193803 12.773338 31.057505
5.840571 98.307477 26.522695
24.069523 37.259380 26.873048
69.083523 72.843618 25.674373
47.379889 13.576280 27.472656
83.469295 12.062664 26.700641
80.255663 53.116572 25.429675
53.163054 37.886492 27.825065
34.747100 23.255514 26.010942
87.102403 69.287487 27.802697
19.339600 65.277085 25.637640
55.858095 2.056131 26.221626
29.481615 43.763236 25.074145
63.604772 18.214832 28.792728
25.725073 60.459878 30.258095
22.291691 4.768013 30.966679
0.608021 99.739306 29.945479
40.284887 38.766727 25.770956
83.134349 9.143547 28.847699
87.254227 52.185779 27.148961
48.815325 15.397506 28.744679
60.400076 57.618721 25.233177
79.335644 89.515595 31.036335
86.586777 99.790496 26.837583
2.492607 86.962007 27.800330
33.330946 35.992076 27.542693
17.840127 39.313168 29.889556
38.717608 38.453094 29.141074
86.525412 38.445155 28.383210
83.003263 58.095383 27.914543
70.026768 77.408021 29.743850
98.950900 80.071947 28.668055
64.611667 83.422586 28.534525
66.081791 41.592821 30.107620
29.882486 34.286717 27.182437
17.543679 43.723201 28.767592
70.438902 56.567719 28.301096
29.328724 60.109850 31.119343
24.032212 20.579800 27.102302
94.537974 13.415832 29.982297
87.241759 9.630613 27.057815
25.373243 4.542423 30.073634
72.852308 84.781032 29.801546
35.308273 95.274383 27.290805
71.603729 47.825639 28.153502
61.570809 37.145615 30.991880
43.928142 64.718563 30.316754
70.541914 81.683995 28.803366
40.829666 46.803078 30.977488
97.236172 46.036513 26.284965
36.835949 88.885415 30.345015
12.596921 18.827214 27.152277
2.699998 78.723210 31.084182
7.498871 5.627199 29.818271
60.862747 45.069296 29.176504
11.714338 30.557041 28.685147
71.303236 50.732940 28.560179
54.256104 97.149378 27.810210
68.424135 66.667264 29.787986
13.648408 39.762821 27.680666
40.286600 95.059968 29.243154
88.095425 61.050386 26.080400
37.468435 42.840841 25.306326
76.448333 8.843413 27.892853
9.625416 60.673227 28.060898
55.648324 0.369092 28.181544
30.634465 75.129143 26.903726
87.794557 23.704972 26.386193
64.657920 72.496801 25.730066
92.688864 35.772114 29.166757
3.683843 94.491645 29.926490
59.165395 62.867496 28.616233
93.926470 15.193632 26.274048
61.715582 37.087108 31.141597
39.924854 54.167768 30.394401
57.618153 50.348021 29.545832
43.774865 69.359053 26.599348
81.811773 93.560274 31.216697
11.383921 30.125670 27.160490
31.580996 85.310249 30.543248
66.153061 68.823996 29.758675
38.737316 66.180875 28.278960
55.911706 77.564797 30.781982
60.379414 91.081324 30.141868
9.949114 15.271793 26.783908
17.477150 20.872876 29.754469
73.151467 77.238758 29.090070
0.599633 22.410266 29.406824
98.339687 97.488236 28.108520
33.645114 12.604845 26.748447
85.935413 34.911898 26.059907
35.088378 72.338058 31.032107
15.424054 24.604428 25.206079
92.205756 82.320412 30.857076
86.101537 43.726677 28.606902
55.235309 48.342571 25.519430
70.602802 55.548480 25.926126
90.266685 97.101813 26.037416
10.163142 77.992519 29.125369
31.001961 62.972511 27.748251
51.026755 38.848822 29.180220
90.821348 0.500612 26.203337
63.026472 92.876046 26.855165
25.640382 54.602012 30.475197
7.061981 37.058038 25.832202
25.735536 52.510296 29.484019
14.031108 41.978974 29.512773
71.468702 41.795360 30.434277
77.404242 87.211784 29.613222
96.825977 28.535591 27.492807
53.706134 6.930620 31.032175
36.142244 59.589024 28.048915
76.037202 72.050016 26.569141
1.132679 76.584487 29.105362
53.511788 38.975711 29.850633
35.189315 34.123635 29.861794
83.417376 19.402413 27.311864
21.696931 22.647953 30.565287
40.017404 93.196330 28.190390
80.012082 72.268851 29.368364
28.486435 39.467092 27.343193
6.963457 4.605496 30.700406
22.385162 87.533421 28.535754
28.635711 27.901863 26.285237
39.477271 28.426627 29.923462
81.099615 79.123815 25.984609
23.330715 0.561482 30.842779
69.474127 30.235284 26.080127
53.515913 3.452094 26.725880
6.035874 85.926137 28.120655
35.655625 31.032522 31.069291
55.694703 96.690100 31.160313
34.329837 87.426828 26.872039
7.136588 87.711025 26.784056
43.213786 32.279487 28.349744
91.849944 10.510015 26.667467
84.208423 31.888336 29.393424
30.692464 87.542629 25.325593
40.343688 37.410908 28.984661
96.062367 9.974656 29.809690
81.418678 28.859264 25.945382
80.581336 48.267429 29.722395
54.867075 53.029210 29.734893
56.751826 75.839808 30.744831
62.126739 10.469608 26.632787
83.403458 62.740133 25.353992