62.387135 93.866768 30.471160
80.758481 45.403277 27.191088
6.975958 84.807634 26.326087
89.572557 8.627672 26.609771
17.696993 27.407124 29.128916
16.055552 18.824761 29.806941
98.030430 93.753755 30.476821
81.940596 62.410948 25.149178
13.110150 45.407764 29.916690
47.162349 96.496967 29.338642
59.779544 54.900018 29.448214
44.669610 88.190376 27.760975
13.696277 21.143566 26.485039
66.462142 86.934350 25.578244
99.695114 45.967258 29.070469
26.105985 17.665513 26.916532
11.901851 27.055430 25.626767
81.363383 14.604011 30.520886
20.992654 95.591543 27.803539
90.103391 75.853125 28.293912
98.383940 86.731341 29.987678
71.671003 52.216622 27.995050
44.930277 75.758917 28.839038
94.158119 18.657496 31.247822
45.176193 22.780261 29.354607
59.266609 92.852953 27.719005
73.228233 48.319406 27.241925
36.104141 54.969344 29.913291
84.385835 15.044427 26.090128
72.802854 67.066884 28.966101
3.819933 7.900954 31.119208
74.707455 95.222967 30.871484
12.148423 26.575218 27.019361
10.428958 67.754795 26.961449
33.691746 34.139406 27.078859
74.603263 84.336474 29.463964
6.947981 8.227095 27.377433
44.552413 42.697960 26.643016
91.531481 1.481499 30.957739
66.410250 5.490711 29.730575
76.682933 93.438157 29.184458
68.123288 90.703847 26.326720
97.599643 7.428648 31.119608
50.519590 80.751509 28.322431
95.142603 27.955150 30.618385
99.053024 24.842366 27.306429
8.329871 39.712778 25.033224
76.819696 8.552847 27.873482
43.033572 70.064519 26.321522
80.731625 43.245615 25.818137
68.444123 46.175966 29.273571
40.308781 54.467579 26.235822
26.046440 70.277505 28.213069
80.112808 41.875287 28.787775
88.763804 38.434695 26.678670
74.901559 8.192115 29.636196
78.649594 97.622135 28.942445
16.355958 97.898701 30.698819
2.974352 68.062881 26.220915
48.567934 63.410960 27.184736
31.104565 83.578811 28.859137
52.672284 92.294227 29.946856
46.975719 74.714652 29.308211
74.665667 66.364078 28.404084
78.861211 5.264473 29.216633
63.898718 4.843299 31.078896
49.306423 38.128939 25.144169
93.977286 42.132335 31.067646
58.628706 18.214357 28.911883
57.406531 83.783401 27.985362
54.371223 97.264417 27.007080
45.801578 11.332112 26.304588
58.077274 14.145165 29.491631
32.029279 24.523207 26.953943
44.239806 72.620076 27.064130
21.136330 83.171630 30.146201
49.044365 13.598769 26.536770
2.007269 57.282069 29.603455
46.685074 58.541835 30.579593
85.377171 52.942716 26.728049
77.779547 66.622112 28.055187
20.741356 1.942030 27.465969
64.698530 33.990921 25.237064
90.354937 48.609630 25.405262
65.430679 56.740430 30.888816
0.376814 89.863519 26.264497
27.647576 65.315889 31.053705
35.725009 55.010299 29.525015
11.579946 79.217428 30.910516
45.174943 28.712512 30.531678
36.966703 97.251573 30.596318
83.232364 32.132080 28.263511
54.056872 87.394097 30.398380
17.459822 82.276733 29.672610
25.068777 44.769015 25.289960
86.326307 48.241536 30.660521
79.393688 3.056739 27.991375
97.748218 25.727249 27.686417
70.353038 40.859469 29.215860
28.772022 37.824979 27.278680
58.097106 65.758654 28.840903
21.508705 8.722607 30.731980
89.549945 3.565763 28.798032
60.317210 47.754218 25.722051
66.181117 56.459203 29.006942
36.644025 48.487705 30.709893
46.087444 21.738246 25.723319
22.738236 99.601404 28.093846
59.668952 82.780723 30.600558
28.832267 10.860665 27.514804
34.937058 7.432455 29.843659
84.121861 53.275583 28.592578
12.689031 95.066209 29.378948
12.088941 46.451779 29.567534
73.749441 25.460981 28.833498
49.710010 40.284959 29.554734
28.889232 76.004927 25.723477
2.361388 77.340176 28.835058
86.930913 35.807146 31.027624
28.782786 36.225993 29.474523
0.975671 23.713155 28.597986
96.544953 73.557758 25.896015
96.503478 58.399286 27.778624
77.332053 87.249263 26.381405
49.236101 98.647443 27.862786
98.081480 56.078243 30.733929
7.044352 39.066417 30.785145
41.317724 49.699497 25.419648
43.845043 2.151924 28.724011
70.915227 8.847115 28.722145
96.717606 87.749671 28.787417
70.970802 30.892900 28.175480
56.569508 35.583483 27.832985
88.835855 38.652307 25.497144
18.442030 16.085672 25.937600
25.877618 19.053934 28.629581
58.039881 24.213949 30.363540
11.705504 40.749159 28.396064
94.282181 84.433324 27.102933
94.067052 9.894203 28.750625
74.747915 62.666938 28.934498
2.229197 17.375534 27.854634
74.910622 73.168335 25.369206
51.772089 37.633484 26.852211
96.810139 89.820664 29.097795
81.821067 68.031585 30.349924
25.863766 47.064177 26.346811
12.804473 17.894715 25.422373
81.622613 76.794549 25.873432
0.217688 34.611829 30.415869
47.304883 57.969557 29.737248
55.291159 83.170803 30.157445
43.724169 40.246926 27.982028
97.028393 54.901177 30.809406
32.752475 52.415469 30.268215
79.745061 66.061732 29.694951
48.426139 3.905466 27.780987
16.431507 70.573717 28.489073
16.804781 37.976208 31.018034
4.699747 48.121546 27.016682
56.139693 45.298173 28.506844
30.463598 38.538434 27.002173
49.725972 56.599035 26.774526
46.323939 30.148494 25.387916
47.662640 52.415387 30.224978
37.921216 60.619391 28.394140
90.799002 22.049759 26.936875
35.151135 98.001368 30.669228
19.601021 4.476258 26.869488
81.000114 96.033507 30.832901
27.248534 49.010447 25.783603
82.997883 58.425753 27.908875
97.460024 63.053474 28.484069
75.144393 35.231725 28.372731
42.390780 54.560095 29.089788
32.646330 12.322956 25.016310
60.436723 19.938742 30.481614
80.405558 48.429508 29.903251
58.144838 8.349869 26.879735
77.902539 21.260669 26.218555
84.311132 63.026490 26.038955
39.037667 2.200243 27.393771
41.377952 76.715200 27.258433
12.474493 84.310027 31.205464
75.760639 6.269482 29.329229
53.605386 16.350819 26.457811
9.181748 40.372878 30.234102
73.602201 20.660790 30.047926
39.012221 8.719369 27.976390
26.734571 30.836480 29.416751
60.281763 86.881415 25.560368
72.856651 78.292552 26.311537
28.225127 46.431184 29.371265
3.367610 1.238298 28.414359
78.204485 28.634724 26.786951
90.113050 43.052339 30.588272
58.669017 85.404087 30.975301
83.072631 10.011250 28.960035
41.370298 54.112529 25.586151
13.975750 17.331920 30.326345
5.974144 44.189566 26.426638
64.994038 14.797235 28.200382
59.382675 48.059294 27.566140
94.385508 86.978114 25.606271
54.104893 69.460625 29.390180
28.418548 91.831784 27.113738
6.342884 28.161396 30.752453
3.257905 2.979392 26.380374
35.549279 46.038335 25.950257
18.355801 57.026854 26.718408
91.418046 91.024036 30.691445
10.723038 60.692265 26.603416
85.529044 34.626024 25.727415
26.849969 49.698627 29.304394
84.705606 17.046303 25.904065
7.345391 45.653209 27.667391
73.831799 6.998877 25.706528
10.320130 86.838953 29.136634
8.340362 56.282784 26.462065
64.901475 53.433755 29.004527
59.742610 39.999612 26.018173
71.364800 17.775309 25.356627
49.877108 20.047691 29.343897
13.003453 49.162656 28.101750
41.815487 5.258573 30.388436
81.882787 33.340834 26.133396
59.583671 66.749017 29.958069
38.044627 43.080609 25.218816
3.397369 36.387122 30.843101
80.138754 58.969287 26.960644
86.129882 14.121739 30.524655
26.346327 18.126714 28.895069
27.620567 41.567401 30.358607
23.410884 97.741513 28.936924
76.861604 3.227011 27.360798
82.293657 82.125825 26.439645
63.531611 57.831976 25.632102
2.929266 34.058696 28.123020
78.205492 34.422138 30.520980
8.986452 43.960891 26.413017
62.816838 31.199322 30.598889
62.751612 9.228177 29.834201
5.943906 42.653297 25.551948
60.859399 13.078868 27.796860
16.107395 36.783252 27.516436
43.600257 3.911276 27.963688
89.952800 14.026914 30.674798
82.846659 25.255781 26.829615
75.125161 63.959162 26.061607
92.889653 27.597353 30.815838