44.839559 92.930660 28.546609
52.196966 12.977422 25.976625
80.395189 90.174242 27.678552
42.277930 40.461921 25.816830
72.780140 65.956569 25.533200
18.266410 19.819740 27.425777
37.980559 6.531952 26.062923
81.818622 7.093698 30.659818
87.295061 71.090427 29.552301
76.316784 59.299496 28.004743
30.404783 76.950662 27.605894
80.869690 61.436433 30.396840
89.885590 52.457531 30.652583
4.560218 88.529204 30.928423
5.778152 18.468860 27.378477
82.781219 5.585107 27.650413
56.160094 39.124844 26.083207
37.069558 71.392224 31.115884
74.612444 33.171639 28.667817
40.812371 21.253949 28.965758
48.591744 34.834121 30.214244
83.947454 96.177440 26.258738
4.083904 44.269835 31.143330
44.168711 86.410618 26.656611
7.111453 63.727749 26.924848
76.716572 17.537122 26.427544
11.430714 49.643146 25.378141
20.517049 67.853920 29.429427
68.162699 83.493345 28.577961
96.360559 42.194787 25.317667
35.996412 70.261845 30.702736
53.311159 97.835556 28.622158
19.491520 49.886768 26.074907
82.013317 76.761893 29.437255
36.128436 60.758126 30.316216
48.680733 13.026351 28.882025
63.152856 43.090803 28.292913
60.967775 29.514540 25.176659
31.805284 0.770760 25.299241
88.762389 33.499797 30.262727
5.026630 64.907885 29.375084
71.517825 80.218157 30.125676
24.387704 69.810862 27.397916
50.061926 10.381833 27.815711
30.451139 93.065909 26.737778
20.658466 77.384937 30.286074
2.139425 16.278784 25.291274
76.241787 89.558553 26.645467
27.761469 20.721853 27.307450
74.742304 9.716626 30.632877
49.211355 24.075823 29.058437
79.347592 95.494116 28.396956
5.554955 37.299741 26.618037
88.486527 63.006824 26.508331
5.717037 43.209794 28.616008
36.360486 70.279144 29.162274
52.015804 6.248904 28.356508
46.854017 24.195388 28.371944
15.587982 78.976349 31.188683
22.965177 68.003412 25.741965
81.600054 40.224692 28.592882
14.282442 43.713360 27.165391
73.497919 67.595904 28.825505
56.675771 93.773381 29.293564
81.517660 79.058197 29.412449
99.094489 57.269031 29.542426
3.060333 6.161802 26.850184
41.105693 85.614041 25.928992
70.598815 95.458414 29.017350
72.706952 16.133882 25.631489
48.446778 47.429191 26.264648
36.614816 22.304703 26.599384
4.514159 7.696961 30.531411
89.593309 95.183698 26.584329
11.589911 79.604007 31.099168
19.790147 49.106297 27.622931
97.109350 89.777894 27.889206
66.162238 24.028634 26.662042
29.414299 17.082588 27.008464
92.662689 57.308045 31.103771
97.133560 30.704758 31.030941
55.095284 24.670802 27.641153
79.161208 23.973635 26.334233
26.375911 24.020918 27.054021
22.466446 79.411375 25.507312
65.677854 4.104020 27.609372
55.085273 64.887124 27.535705
34.776863 51.595284 26.692466
10.896729 4.986214 28.346212
87.243723 67.088674 27.613122
90.169629 18.718755 27.258132
23.864847 15.271866 31.089661
33.974564 62.886574 30.911750
9.834667 78.009940 29.283772
24.463593 76.252012 31.208358
54.879780 29.986884 28.545755
9.634771 36.233416 30.498455
14.753268 90.050071 29.444096
82.467597 38.040172 26.916500
72.391667 29.971704 25.245987
37.743625 77.578916 27.921716
59.694155 98.420322 25.893808
12.651420 70.791320 26.927919
69.287513 98.771140 27.476566
16.050839 3.686820 29.603943
68.614472 79.807094 27.106153
18.247159 52.650815 26.410782
82.477673 56.767579 30.511875
33.162205 5.292196 28.906941
77.891219 73.832152 28.955579
14.659313 87.595204 28.100653
10.968318 20.251255 27.041252
33.466942 82.554119 27.664723
44.834295 4.677573 25.179814
83.173966 22.138107 28.203815
37.052168 33.078821 29.668794
0.172982 92.291948 27.281949
66.235455 57.834864 27.874618
68.565006 38.751326 28.714804
29.906989 52.591875 26.980164
20.088515 48.770911 28.580881
25.241437 4.061137 30.377126
25.943723 99.922012 26.735970
1.213095 36.636141 28.520660
3.941446 34.443554 25.604583
24.831714 58.053884 28.384148
47.236661 19.263384 31.064835
85.340321 99.379344 30.109172
11.827530 64.195601 30.554337
76.355240 69.486894 26.830222
22.780143 59.818878 26.829766
39.705552 96.316735 29.379429
25.537131 80.150087 30.759922
42.357823 52.300038 25.622795
61.840668 95.006977 27.725612
27.658184 43.662105 25.707795
19.487930 87.748526 28.596143
60.475645 35.328750 26.717647
17.889628 41.577606 25.628345
17.608228 13.381483 25.151846
0.714596 56.832458 27.795481
48.778510 48.657751 25.086361
48.198374 85.353611 28.017999
72.881957 53.699985 28.731398
67.698702 87.798385 28.067742
4.576591 34.001558 30.820398
79.636502 7.300072 27.257978
4.896060 98.922958 28.948612
32.608369 33.367266 30.867282
58.833297 37.726664 25.712932
67.896240 0.933403 28.488349
96.602574 68.103316 30.712139
48.575905 48.351353 30.608719
70.066874 21.531302 29.535333
94.985239 98.012048 28.360973
46.387739 22.298454 26.773017
35.743426 69.777406 31.034778
70.103782 83.831681 25.798795
80.936877 38.774600 28.045371
13.836248 40.604602 31.131323
70.293333 45.001083 29.905063
15.860169 55.976920 27.513642
70.859668 9.417378 27.431659
67.992951 15.965605 27.721290
29.688498 21.903941 26.216939
8.979455 79.169131 31.109207
58.349627 37.368473 27.865182
49.166984 49.337595 29.058344
78.411057 97.990307 30.191097
33.315099 58.740383 29.235145
67.044961 28.225329 26.177426
45.375992 97.624602 26.359360
24.882213 41.303704 29.240583
49.093543 7.036249 27.187620
96.850750 97.639772 25.573892
38.810738 0.500597 28.538500
1.417213 2.423376 25.821250
99.541882 31.579418 26.165705
11.446732 26.812848 27.561343
14.198316 7.909339 29.657892
99.666740 80.553083 29.828554
80.244311 83.201959 26.876541
57.034209 53.580744 26.521174
71.708272 54.683863 26.684446
82.838746 58.141403 30.516909
21.613730 18.661441 26.326727
19.025897 65.767677 25.125194
66.232669 47.384451 25.775481
67.902494 17.757209 29.452168
10.174240 75.110321 25.890736
78.743474 14.683218 25.826479
48.970402 50.125324 27.783006
26.896298 28.316815 28.002327
38.718506 61.303492 28.409763
62.668270 92.710375 30.837272
29.726494 1.480710 26.210305
93.961283 25.616191 25.087561
97.785206 98.347593 30.932317
86.261127 21.463778 29.320012
25.742230 74.295648 30.790774
96.715004 52.013174 25.825179
15.608546 53.625161 28.097252
92.113151 25.217175 25.774770
36.406244 97.529643 26.505744
71.418784 16.071491 25.403498
35.592505 45.249329 29.984418
47.325734 88.075978 25.990576
78.319102 66.249251 28.639785
48.664888 36.386062 28.182890
76.607884 43.757054 25.693057
96.692618 20.825066 27.147008
77.197387 94.572025 30.005287
58.188027 32.242864 26.451010
35.565217 25.688632 29.519147
33.171384 28.976462 25.526216
68.634673 71.063408 25.878259
6.706479 58.619076 25.073438
49.362048 98.490867 29.539436
28.333127 38.704164 27.665747
69.635310 12.137624 30.675562
4.279069 58.011255 27.935307
32.008547 7.526650 27.103860
6.738323 89.245973 29.285107
62.758957 80.360221 25.257298
6.386818 9.008515 27.812692
37.501362 17.872016 30.914226
2.700276 34.013322 27.059903
29.466559 65.211057 28.292639
89.435306 0.778614 26.136196
96.653169 41.680517 27.180565
47.738158 9.799417 27.117391
86.657584 16.290765 29.060446
36.183271 3.496236 28.729520
49.014374 10.817354 27.795696
24.231408 96.596724 30.242478
30.102543 62.401189 29.709999
83.725440 18.214580 29.504428
45.576098 10.316640 25.043425
81.913378 51.760541 28.839856
79.999106 9.957276 27.799592
94.273235 11.647188 29.375790
36.105523 96.824719 28.102411
12.415106 8.729828 25.188290
11.363025 87.785659 27.567762
91.478769 47.797544 28.238933
53.204600 38.001666 29.919624
81.157664 84.206227 28.921222
31.223287 42.518672 27.212107
35.996768 42.823464 29.746505
32.785287 39.699858 29.652825