14.178727 49.588079 27.514974
68.880285 82.154424 25.159672
91.176170 5.434747 29.692337
99.239360 2.106934 26.186578
7.254975 54.573437 26.655024
78.955610 25.212242 26.607414
36.970218 33.630293 30.264907
15.395357 91.845016 27.162853
62.180355 47.231615 30.844682
90.239379 56.651553 28.117292
8.803702 67.576124 25.986679
69.927325 37.453338 30.285079
46.483560 16.367465 30.999267
29.065130 57.252040 27.576804
99.446418 26.902139 26.073415
33.515084 10.076091 29.822047
76.348803 49.988118 28.021642
9.825655 75.451109 29.766184
11.850357 75.039974 28.456611
14.083725 4.290731 29.255092
58.482371 10.115295 25.531458
38.696967 71.645961 29.774169
34.450931 65.159635 30.936453
32.361416 7.996720 31.077792
96.876744 88.380723 27.601788
0.069406 43.035288 30.918439
14.291838 83.258853 26.189817
62.700867 63.116898 26.167626
35.305382 68.801094 30.044040
49.950985 5.828429 25.743012
80.282707 28.150947 30.447980
57.080342 92.280847 26.487757
18.591349 91.744288 27.576751
91.112815 26.342769 28.020921
93.672850 75.584034 29.382947
94.177679 98.611452 29.257783
45.101179 54.993727 26.052275
90.576191 88.204837 27.586964
18.540975 37.067309 28.124835
45.837401 56.615075 30.226973
50.820783 71.502486 27.342430
30.083002 49.225345 29.090904
26.857505 75.170251 26.171006
11.289788 52.111191 25.892700
2.107417 49.027323 27.804267
93.917360 31.848192 26.368267
6.225367 43.060293 27.681339
24.762402 95.106834 30.918682
64.955895 20.485392 25.320532
19.308551 60.257241 26.528663
91.023870 31.299589 25.414793
36.178976 32.471513 29.332608
91.776182 84.116925 30.302969
3.558365 64.673395 29.662917
10.722648 38.926544 29.638133
7.055549 16.200474 28.485882
53.596267 88.767019 30.854880
70.222537 10.693771 29.430443
48.297500 52.652445 28.131170
8.773947 34.983622 25.311127
30.062197 31.166041 27.157113
78.608552 19.042968 27.377369
5.770403 99.182838 29.120348
89.805379 40.473658 28.464473
11.322680 17.723504 26.776564
85.285908 63.351090 26.180353
8.892483 73.377274 29.430003
89.383539 43.676565 28.478505
82.884901 88.884558 28.006540
80.659629 48.272888 25.228254
93.373846 55.234432 29.904643
5.902688 62.339723 29.134823
98.049052 83.593200 30.895790
77.927696 56.243987 26.070538
47.894042 41.778231 26.227478
19.213090 68.569705 26.346046
6.352602 37.920423 29.320287
6.347000 5.186088 25.867613
80.471483 71.449879 29.143826
70.151377 56.787347 27.268336
50.659445 2.142991 28.532707
53.701805 32.815526 27.805675
41.046818 24.565026 27.487144
26.305237 0.373624 27.847892
95.207897 88.062567 30.338431
65.743504 56.942108 30.734972
62.498381 37.268994 29.084763
44.090889 92.142864 31.177513
42.344397 79.584352 29.926474
69.499911 75.454827 26.185648
46.082343 70.826540 28.984245
47.804461 94.840086 25.959222
34.223129 87.527810 26.032356
15.224116 59.713491 25.391850
55.439404 77.368486 25.590216
62.393010 19.371124 26.655571
69.402753 20.969265 27.200655
68.856170 77.565271 29.156367
47.481104 75.303495 30.978767
39.130432 76.319485 29.030603
76.857809 34.474506 26.928825
35.711916 64.050001 29.611135
91.061253 47.817969 28.931889
72.561673 44.779928 25.542900
80.310490 7.355554 30.974138
4.008802 38.003589 27.723779
57.656651 62.645280 25.571146
12.174823 68.389443 26.729857
65.654880 57.794130 28.748232
19.154772 64.225109 28.924276
93.061958 72.383834 31.148083
99.366038 98.064465 25.020866
12.790678 73.630091 25.842890
99.125636 88.333093 27.935150
52.957420 22.545801 26.655574
68.285613 58.282510 27.273770
59.542692 68.931124 31.015061
54.708031 72.790904 27.754723
54.135038 14.385687 25.028065
12.352106 87.188223 25.685826
39.833603 48.940553 29.621508
58.166206 3.307705 29.989382
11.559533 59.670265 30.477917
18.444980 92.431903 29.124389
90.877698 0.288292 31.010848
27.873958 83.620483 25.323205
15.976404 31.892163 25.434537
12.713271 42.429649 30.777961
51.725031 62.502941 26.311073
8.775046 86.960256 26.096722
12.277369 96.019345 29.457334
47.819615 37.581660 30.029883
8.488007 87.970760 29.666787
26.277237 30.387405 27.586609
57.328715 32.302527 26.684790
43.890693 51.510084 29.288121
49.365092 83.968684 30.979500
55.330813 85.805638 25.222415
18.865495 82.811196 30.799089
6.288635 91.735323 25.971769
79.209333 1.207957 25.565728
81.601667 33.720751 30.290663
44.994143 89.168617 26.075666
87.494070 4.485998 26.975294
89.573738 5.838557 25.305613
57.692973 28.479489 27.034906
87.562679 88.377930 28.901129
86.356474 86.823779 30.418375
5.419237 55.919999 31.022293
52.542837 47.344888 30.823412
71.843685 48.928857 28.525348
19.699754 30.954523 30.169505
35.187918 3.852170 25.059293
65.957281 3.536973 29.414792
99.865865 17.470171 26.551013
76.170896 81.492570 29.415681
20.073246 11.649047 28.729456
72.294667 99.727483 29.129124
59.887547 8.597004 29.223561
74.617997 2.156948 27.177387
43.236874 63.468231 29.768646
75.429701 84.229910 25.615584
39.467544 74.925462 28.341589
77.429499 49.747742 27.283401
58.241422 69.783354 29.127773
58.070781 37.005809 29.356504
77.327278 43.089928 27.349812
75.418906 40.880180 27.027793
58.086813 58.825543 26.390793
35.065162 66.378353 29.078746
63.410942 87.531885 31.134569
33.337410 28.084207 31.185270
64.901194 47.695533 28.314011
25.911485 34.150838 26.146704
86.912880 81.244468 30.008300
16.450911 90.938420 30.467538
15.032368 45.525745 25.847203
35.141417 65.934872 28.037442
68.123156 86.365935 30.933789
43.838099 16.375598 28.475459
8.495841 65.023670 30.705075
88.949179 30.795679 27.325983
74.387935 35.977243 25.369182
57.544787 19.507158 29.596240
10.359387 95.267754 27.918432
33.838124 48.531042 27.595625
64.262597 70.922030 28.611847
83.219361 60.033554 25.521438
59.835694 5.890000 27.892554
93.347816 83.973895 25.049986
35.896380 45.836557 27.046304
88.829341 66.924896 30.784774
57.104481 12.880959 29.910153
78.053742 91.692831 27.345136
8.147016 78.805161 25.910246
1.008623 50.466511 25.708808
62.392124 5.733005 31.147147
0.441001 34.754283 26.885650
16.767745 26.340832 25.127731
12.286412 24.259825 28.258834
14.519257 60.872073 27.206008
52.443125 44.134986 29.839592
18.490874 6.358896 27.001425
63.472119 66.692162 25.939575
85.799455 75.847084 30.274979
54.328125 78.919633 29.662010
60.058479 14.667954 26.186085
91.816851 14.238756 25.064198
32.192428 68.452528 28.778329
38.260350 44.836942 30.267283
88.709671 40.251391 27.365569
38.652688 4.078836 26.509144
49.627450 2.199803 25.623245
37.975198 47.070096 29.940093
25.334364 72.224249 25.873653
48.844044 43.202425 26.577085
28.846775 88.462567 25.481279
63.654505 61.251951 28.620061
56.383817 41.244438 28.533834
91.197712 83.226959 27.856061
47.267507 32.978029 30.654658
64.939252 80.009617 26.973152
42.483167 86.472257 26.679126
42.098490 31.176500 27.890155
45.031479 28.380905 26.991044
50.212398 2.681113 31.059285
22.225359 81.129724 27.794363
63.006659 80.545816 25.765519
23.122890 45.088628 26.721013
26.080424 98.354060 29.342102
41.330882 58.845748 29.917633
19.134333 32.576264 25.650162
80.332796 65.720485 28.181180
10.100014 28.455687 25.761609
60.425878 66.810118 25.504420
64.098630 84.138711 29.892748
29.090487 86.684051 28.922771
73.174347 79.521088 28.280832
52.321824 70.042162 30.829777
99.185731 73.512659 27.977226
12.167956 76.114683 28.245843
44.448656 10.202202 29.014535
5.342603 75.937418 28.706122
7.189011 77.627694 25.770760
53.283798 71.133482 30.043093
11.067898 73.266709 26.998980
75.219949 44.457605 29.022793
78.933317 94.730743 25.359386
87.161945 61.826684 25.889762
18.085955 13.425069 26.463729