51.720804 17.684353 29.359788
13.228897 7.625274 27.811523
92.326068 39.302398 26.354709
66.497946 26.113304 27.059840
35.163558 73.806122 28.904872
7.899353 67.812007 26.441621
47.692086 55.453897 25.845326
48.479139 4.408988 30.054465
55.246352 67.771323 29.743669
14.356490 3.024150 25.610473
56.175169 60.937068 29.107167
49.475363 4.497344 27.671698
34.610074 33.627064 28.423402
82.015064 46.411570 26.109887
56.054722 87.506693 29.847007
91.041769 82.782958 25.149597
32.744730 24.306512 26.706234
28.175152 41.409501 28.583631
57.755516 37.853348 27.296984
79.740968 27.118919 30.029414
74.316577 30.205478 25.872695
40.282287 71.068472 30.343752
36.567018 2.891297 26.042780
65.360228 1.919110 29.730591
59.837898 4.320653 28.789573
76.414289 11.938835 30.363967
24.852790 26.677936 30.615389
96.429688 20.550042 25.899003
70.508297 40.046979 27.360725
88.428823 0.543381 30.777596
65.501647 13.667025 25.199886
52.959979 26.463857 29.917300
37.876774 28.759800 25.568994
46.859865 22.161906 26.763412
58.666576 93.835842 25.270551
16.443410 43.619479 25.057858
4.664134 20.479652 30.599170
50.655334 38.858955 25.255642
82.747467 35.049537 27.562188
53.258262 91.773068 26.952309
0.619954 4.213473 31.057018
20.640901 44.310934 28.189784
67.378584 7.744016 26.667691
88.101877 10.804347 30.950630
70.798448 63.629596 30.164493
33.566175 27.348501 26.346023
76.118885 80.530400 25.718729
13.193480 72.934129 29.196542
40.737340 35.080570 26.456834
47.195439 72.897772 31.228886
36.250680 45.573007 29.123998
70.761974 91.476246 25.674354
79.220443 60.490772 28.902781
55.316233 64.231433 28.916306
62.217123 49.660667 26.868019
57.534969 32.953181 25.002191
66.540615 19.363308 28.195656
45.279301 4.017530 27.987757
67.850961 78.271915 28.438792
70.306906 27.603157 27.666945
4.412043 65.531153 31.173794
26.458620 33.829837 31.060268
37.861708 27.307893 27.376581
54.142557 36.256419 30.171076
64.579125 34.732370 29.303767
72.587650 38.762270 30.708756
30.335223 51.403304 31.220917
55.493823 13.181563 25.126516
29.351184 4.845247 29.584358
17.786495 79.575008 28.376504
42.082757 33.679300 29.884280
17.427462 46.085078 31.044027
35.268047 70.756545 25.057911
7.748856 67.740514 27.272964
27.650128 95.332197 25.088946
43.319118 1.071448 27.387372
16.298987 87.356590 27.217815
75.913503 90.950158 27.129849
7.879107 32.229758 29.002568
97.746751 46.118623 26.323507
96.809504 71.145423 27.254952
50.607759 55.815550 30.041443
65.746937 13.449893 26.969586
5.815784 7.490588 26.272360
37.275487 96.392206 25.105471
73.781960 40.218027 27.550539
0.789414 31.664051 27.037690
56.936307 95.729382 29.844591
59.268325 34.224042 26.936713
77.152465 34.991203 29.010214
36.274580 75.334939 28.799081
53.439041 38.925971 30.781751
58.418278 15.186909 31.144139
93.671231 13.561080 28.382036
60.820449 51.174606 26.819382
50.887628 91.223773 27.690544
84.435606 35.013252 30.183240
93.545991 65.192800 25.271343
69.597307 89.874891 28.112617
57.384785 56.720443 31.049404
22.414409 17.216628 26.068274
43.170750 37.514204 26.172458
46.769263 84.120784 26.994497
82.249031 52.988010 29.544834
40.605045 29.609170 28.132707
70.444157 91.829911 26.485413
84.235994 13.161306 30.883287
70.160588 22.482711 28.989804
18.643082 56.544569 27.633601
90.519516 59.129273 27.305929
56.746880 79.071044 28.103397
38.316539 48.574969 29.816639
84.923246 76.117565 30.915530
34.271733 22.131238 29.135258
43.022090 49.255955 25.259304
98.975696 34.334808 27.613002
2.769429 8.595033 28.389611
41.406229 67.119403 30.349065
79.004993 92.012044 29.705648
86.081811 5.137806 29.393964
76.616775 9.370285 31.016319
21.020488 78.504176 25.997571
39.926003 2.161266 30.081592
11.111773 66.791909 29.993646
29.732508 47.989794 27.492773
8.376414 81.516058 28.554341
4.098669 87.016263 28.084839
24.020404 36.059012 29.107787
26.967020 68.328317 31.239095
32.878542 33.255420 30.058802
15.695984 37.245854 30.470317
49.053580 89.461786 29.355876
20.040941 62.425875 26.344042
46.027025 25.973939 27.162275
30.334188 2.737560 30.315979
71.684966 23.904167 28.640959
58.990514 61.503691 31.076899
40.772886 77.842068 26.650286
24.359503 44.967563 25.608833
80.294510 87.966849 25.558010
45.178684 11.898082 26.038815
96.056688 98.447230 27.978232
33.376314 78.997164 30.724650
20.213945 70.545889 26.763382
72.788805 61.209256 29.020797
75.732767 32.859430 27.035812
95.523926 78.622920 29.132448
92.541391 84.457912 30.170225
36.873620 55.238017 27.957750
24.026848 82.110693 31.244680
53.550908 9.894641 26.305992
98.302850 24.524841 25.464129
39.507776 76.392074 28.253056
48.597846 30.140352 26.786893
56.609132 51.974404 30.342241
76.646560 47.358300 26.781783
75.457628 44.034415 30.328926
30.147635 22.425396 27.341100
76.464600 78.133329 27.724989
94.601037 10.336775 29.721654
34.491019 51.096481 28.939464
29.185474 7.604650 28.678255
44.473775 29.508308 27.628210
84.083258 31.827693 31.206587
73.595174 63.805657 30.261323
94.237065 98.765170 27.790932
34.898822 76.875988 30.012921
61.489276 84.178069 27.300047
64.202867 50.979228 30.829479
98.644295 45.209621 26.548671
51.215719 72.868401 26.232742
2.534150 46.446879 25.714113
13.051235 63.490103 29.318051
79.241128 39.306395 25.661928
32.993690 9.326649 28.434115
30.503036 2.833785 26.046554
75.216222 60.761064 28.132078
84.744698 66.121523 27.044016
33.407781 67.437255 30.869941
39.593304 53.530675 28.207784
74.314005 73.545385 28.184677
98.963120 25.235271 27.629054
56.837649 33.526674 30.629276
50.608914 64.388074 27.344343
40.627277 83.526677 29.778597
59.672120 3.931583 25.613317
8.002930 19.969254 28.659649
38.138297 77.607237 27.211331
50.595651 13.830952 31.059850
80.945329 44.118841 29.939248
71.822470 72.906235 30.657887
13.227910 18.263036 29.779255
87.257673 9.093184 27.494259
6.679027 40.779875 29.640094
24.267171 75.634962 27.856444
80.115801 40.066707 25.915126
85.418925 82.718755 26.922004
46.554171 2.599305 25.918173
62.615468 5.251829 29.505484
79.352419 33.955830 26.635766
36.943571 74.174594 29.904276
34.696778 55.063067 26.967961
71.080753 35.119768 27.575964
89.345428 44.597795 26.431697
40.331774 46.810219 30.068820
50.880667 7.921788 27.486878
16.568893 21.314956 25.557565
84.331566 3.624491 30.742512
88.538529 96.378410 28.109160
46.141435 44.090511 28.017920
86.000686 98.880006 30.150769
26.678083 42.574172 27.159652
2.136779 41.018154 26.326166
1.344654 24.152531 28.384928
35.417905 0.828069 30.517780
66.170012 70.994881 27.621032
81.770070 46.322211 28.385501
26.169155 37.010236 29.233720
64.083471 40.628215 27.099961
64.345918 0.856789 30.146490
96.311096 95.160938 29.404107
74.439556 58.668863 25.089762
63.348882 81.117216 28.512063
6.090223 8.409037 30.676595
69.887067 75.818538 27.339157
95.703247 46.476908 27.654389
41.659002 81.531641 26.198163
52.085587 17.574238 26.106129
55.674011 27.024576 25.021864
9.653111 94.547821 29.884952
69.357351 20.698246 26.891963
83.213244 83.026293 25.479532
22.676911 80.045596 30.932213
30.830684 8.976320 27.106649
26.646768 35.180190 26.659855
66.365167 38.522180 25.780757
58.778157 71.906224 29.275861
72.874064 1.157331 25.873953
64.669069 70.161447 30.234017
82.252033 33.163175 27.878721
1.004161 48.464612 28.851269
67.684849 52.434730 26.993342
1.360125 66.990891 29.086716
35.632895 37.557792 27.507250
57.407146 74.637134 29.654293
19.196151 3.331761 30.041856
71.852171 3.598617 27.119526
22.379533 3.728138 29.634878
14.750969 19.149231 25.638137
44.444191 24.255144 29.480034