73.130257 44.546745 26.959936
77.126155 90.678542 27.271658
87.608007 34.934439 27.790917
86.984876 28.952514 30.695651
84.175563 82.842313 30.714065
86.453700 18.461686 29.318709
47.992103 25.001279 25.821618
27.471938 76.965682 30.963464
44.069387 64.943840 25.963756
99.581056 27.862073 29.013325
79.755297 37.119134 29.947884
46.500610 53.907712 25.443121
28.040256 78.242900 25.866328
34.452466 24.617444 25.516182
87.013235 16.089899 31.064562
9.981830 7.815672 28.216176
38.512698 4.389838 27.118726
62.842676 66.254442 30.963239
79.819495 58.991397 29.561595
71.048944 59.203939 27.103841
91.820042 16.923953 27.212594
32.713424 92.886745 31.144611
77.255278 90.748577 30.996827
0.680615 63.703449 26.351047
86.036427 0.355855 30.685807
50.831546 53.325971 30.693776
36.680244 40.893695 25.442980
54.184334 37.074983 28.302890
95.068856 43.899172 28.722939
86.770472 75.169955 30.553713
67.069520 96.337964 28.999064
86.819408 67.835124 29.472559
26.441878 16.579201 25.859440
93.062834 16.268999 31.144500
90.323813 39.620908 27.482527
73.594789 79.542765 25.453547
70.688241 69.589888 28.899917
9.509738 13.062844 27.567886
21.078043 77.810550 29.343611
74.872548 7.240829 26.333183
24.359846 44.500175 27.394218
32.977866 77.405201 27.633442
81.261500 75.030310 26.943593
40.376227 24.374459 25.219882
66.563887 52.833497 26.339115
44.141723 40.803743 28.004812
10.359167 49.697994 27.098399
13.921749 99.778745 25.884856
39.033720 52.072532 26.386773
48.609911 7.438480 25.065562
53.606710 30.321333 30.883429
24.332865 17.752697 26.102807
60.312118 87.518525 25.901329
95.652170 61.160045 28.456962
0.538180 25.031773 26.681984
52.196437 98.171135 26.930341
88.492812 6.552717 25.859056
79.327417 99.813965 27.392477
32.575282 85.251703 25.474192
77.460581 82.321874 27.810265
30.375859 68.181930 26.421081
33.764311 31.137369 25.785927
69.050414 64.577784 31.221653
87.380960 72.068674 28.878634
68.878247 29.929265 28.731960
81.308137 33.745207 27.327092
43.011182 34.315820 25.473672
49.663950 61.294726 27.012970
58.947040 22.122548 30.691793
83.247979 89.055711 27.133300
15.907918 15.035630 30.576643
89.281164 99.420119 25.324597
34.143138 36.093181 26.694911
14.879723 68.877345 30.178743
69.589948 9.046664 26.543845
2.072700 90.306352 27.084348
55.117211 82.728519 31.095459
91.739391 21.809209 28.280524
68.616456 49.880618 26.441302
92.914628 68.610739 29.956802
66.548744 23.653099 27.034441
4.000431 52.431004 27.719432
17.449381 73.015286 28.660549
86.947481 45.550886 30.434651
39.922680 50.895196 27.544477
67.679063 34.661130 29.098712
99.722918 62.846800 28.527742
75.072082 56.269374 28.677869
60.682661 35.384446 29.736243
86.327448 79.572071 30.073170
60.724108 34.170491 29.929629
11.075964 12.779860 28.026804
0.149532 56.015569 27.083932
42.756160 42.798057 27.719736
96.012178 69.522480 27.553181
31.605865 41.161514 29.463019
25.024862 43.980293 26.630484
60.999083 33.449800 28.787815
34.508034 31.332511 26.818011
93.087357 8.883437 29.994827
82.326840 10.147403 27.677061
23.623612 52.293767 25.972896
9.869586 60.363958 27.639290
41.406903 99.556544 27.756002
3.584584 57.054243 29.753136
84.974280 46.228162 25.556588
56.755871 62.782940 30.247110
1.981720 57.388020 29.561805
72.458194 29.811648 26.171852
77.063475 81.564020 29.289924
80.811661 95.623042 30.579115
90.796646 19.992232 25.153400
69.680223 90.771341 25.775106
2.810638 29.318641 30.779551
5.122632 13.146116 28.146672
66.129483 87.108878 29.183737
35.713375 77.825580 27.846547
64.703559 90.471746 29.661248
67.536563 86.220232 28.683566
91.608665 37.662823 26.812517
91.345312 5.821891 28.193473
91.061483 12.371707 30.782977
62.293817 59.725367 28.808601
76.451535 86.138630 30.168296
70.845568 18.140965 30.485999
42.465212 86.659758 26.751310
78.670347 74.373870 26.739149
56.257762 92.633508 28.167052
94.248292 70.300383 25.372174
21.206433 50.995938 29.800020
87.097254 57.412209 28.115036
41.768806 9.504813 25.031929
47.490492 61.635129 29.467795
26.318346 61.999608 25.075200
82.207133 79.504192 26.933624
63.643375 81.652409 25.092042
4.332593 63.686755 28.883396
29.741334 15.785743 25.436608
56.593123 57.262459 29.824319
88.889045 45.341864 28.174077
97.747197 5.679178 30.605069
66.264891 12.329254 29.546014
35.732192 92.007664 28.451413
46.119030 13.280882 29.482175
99.396231 45.961257 29.097283
77.467181 41.519776 25.386293
60.788780 34.778697 31.112538
92.291573 26.691897 27.888144
44.495925 91.470806 29.139634
55.986879 90.071507 26.904111
91.514409 92.087630 29.396484
20.439706 8.734956 28.046483
0.527657 55.032062 26.900231
51.885946 85.648719 28.109682
14.481761 70.211964 26.661779
38.721398 30.789545 26.529871
24.500118 61.845843 30.512080
18.889645 35.212641 27.312585
68.698559 93.711573 28.923315
30.150062 93.993863 29.802414
55.772015 64.073344 28.297787
64.941322 83.294723 25.929090
80.280713 56.029298 29.342259
9.103460 69.799573 28.483869
43.559799 62.081697 28.618090
51.479689 10.069581 31.153148
29.135587 40.053948 28.738789
17.258696 23.343236 27.571612
32.896622 18.644410 30.814716
21.401751 89.916572 28.004831
47.154078 36.967710 30.501438
52.615415 87.726875 29.844593
93.726227 45.223320 31.222096
95.012688 83.026211 27.764185
59.346393 3.742931 30.375570
45.454349 5.536692 29.440728
27.800362 50.325764 30.860695
73.950994 45.170129 25.141362
48.970090 0.561254 29.054139
53.898614 34.030678 25.195172
7.342666 64.199431 25.840348
35.898350 50.564348 26.738513
2.711406 26.984538 28.479863
97.662776 73.685285 30.425566
95.645052 49.469265 27.455550
46.280527 45.252261 30.846400
80.691691 77.887423 27.667974
4.344060 72.192304 28.113995
25.964104 14.652320 30.659164
4.761102 33.472070 27.428954
56.940616 27.119546 26.809061
15.102910 97.749192 30.194475
42.333168 42.573946 31.197668
56.790261 44.788192 29.355945
11.476885 40.113114 28.801996
92.605822 31.876864 25.954053
96.856084 22.587894 26.294178
91.644265 46.365219 25.436024
96.723933 99.288078 29.702113
78.070148 16.078109 27.254329
37.591671 90.048119 30.550290
83.276757 60.915905 26.725771
43.514086 60.998646 31.209117
25.275235 20.371613 29.410541
51.158755 17.968330 28.409652
89.581589 82.865684 25.859436
74.809961 97.097364 29.730685
86.222297 69.375958 29.069935
16.694682 53.444664 25.503435
58.715895 75.386000 28.925100
88.085755 47.383831 30.285201
83.127138 92.451876 25.553654
41.395748 36.154815 28.110775
84.700321 25.517759 30.998837
38.077578 7.822054 28.225999
47.485204 30.819939 30.529485
90.439897 74.931401 26.427265
90.850531 64.147723 30.189183
81.067123 77.705347 25.802912
54.415305 29.982702 26.273339
66.740055 30.459257 29.941992
62.093142 29.042815 30.303187
4.428683 62.215413 25.786590
54.368108 29.188027 29.399259
64.304228 53.918368 30.132716
73.951632 2.817319 28.756940
65.139682 78.210622 27.789352
63.570530 33.446409 25.755316
75.598997 54.616207 28.360288
79.667207 87.720351 28.652229
89.471366 41.291499 26.300634
3.143802 41.488579 25.436672
56.934474 29.299774 26.335310
83.772276 37.368437 26.643208
51.612653 26.540953 25.614756
60.072135 24.711653 28.998037
46.528003 86.882254 28.800896
53.960910 46.727002 30.140297
37.602087 11.508638 29.619176
41.216268 84.130242 28.889445
78.257806 7.873890 25.920675
45.086199 5.010605 28.326806
22.279174 98.925556 29.146342
67.538226 72.245056 25.803107
46.326506 62.628729 27.759537
10.455933 79.558752 27.259310
75.280353 9.900562 29.173360
35.311525 43.655033 28.652491
47.070629 99.673816 29.784977
62.604979 11.366466 29.522175