43.319804 60.995668 29.918502
66.503412 36.447142 28.348929
52.553015 15.987168 25.164923
24.259221 79.257850 25.362558
72.247221 68.269477 26.592595
7.242839 49.647371 25.021741
3.116613 65.279095 30.803928
81.240873 94.684864 27.763234
63.515798 1.974144 30.843509
41.524555 2.969624 29.862660
66.869941 74.449579 25.689698
9.604694 55.395277 26.248464
30.204939 53.570256 28.657863
94.344926 11.901662 30.964242
71.131429 22.465369 30.762814
48.452408 59.601298 26.918283
92.697348 32.269710 29.515286
86.840458 64.721477 28.418808
45.032537 14.165199 26.475012
28.478905 11.647236 29.044291
52.431198 0.843970 28.619690
75.473767 86.203134 29.319848
93.559444 51.137221 25.082206
18.200706 40.513258 29.912238
29.877118 59.026808 27.692010
15.668348 8.075264 26.095284
97.576858 52.839649 25.711778
30.586641 89.231484 30.878901
48.956939 65.016369 27.869985
12.944228 87.130964 28.345821
71.548530 86.191883 30.404103
54.200944 72.897192 27.505390
37.283387 4.156586 26.698523
36.011953 44.336797 26.630342
63.680841 68.789111 26.335333
70.802567 2.884166 29.572074
79.937797 90.567902 26.684241
27.812561 83.249923 28.760511
69.593507 4.202656 27.620151
25.255490 29.939410 30.952132
60.980540 17.297767 28.331092
41.636104 91.368920 28.083143
95.279000 88.457669 28.955546
19.736232 53.496885 26.746964
54.743714 25.489986 28.059669
97.528119 1.324906 25.450936
4.925284 71.858219 30.847616
36.784730 45.430175 30.071114
64.899111 48.639481 25.151608
62.304779 56.948457 25.534783
35.664313 49.508299 25.699998
82.138078 34.183232 30.990502
83.182107 54.097665 29.358624
16.053597 48.250488 25.790282
22.964188 22.351089 29.092702
54.020095 15.774488 27.461687
61.469901 51.553289 25.899433
92.884778 28.893545 26.751645
61.477690 86.442135 28.000469
44.745378 25.617486 28.016161
45.053958 19.177660 27.119879
39.943663 11.995318 28.587869
66.229064 30.473913 26.976945
5.920142 12.051291 25.580658
46.491899 96.678266 28.791871
99.915290 14.970964 26.478580
48.779296 16.453343 27.011812
58.411759 86.122168 29.364584
54.602368 20.925684 30.232383
4.623228 53.562939 27.438707
94.513554 59.069159 28.041611
61.326139 48.419242 26.751637
33.393277 35.313598 28.491593
71.944321 59.630243 26.877586
92.831661 90.063715 29.744038
55.743977 10.292531 26.740471
42.161054 66.600413 29.272757
53.378414 24.012147 30.382324
54.376110 64.630424 29.174393
40.197318 9.241546 30.015211
72.873667 2.329038 26.652227
36.239126 32.352591 29.607290
6.660956 69.343990 30.049017
82.473751 7.316824 29.313257
34.221571 69.174983 26.495679
44.270326 96.110839 27.736240
19.095589 28.619837 28.634707
6.275790 41.461744 29.817357
52.394145 24.234305 25.077057
66.454446 98.408085 29.521095
14.269979 23.678234 29.846951
73.959810 36.205302 30.385949
18.713407 82.852157 29.845762
91.879467 61.084724 30.524196
8.082110 73.214884 29.776902
50.300220 78.055876 28.314870
51.461428 58.031782 26.170028
88.106472 65.397649 27.895145
26.881515 59.235184 25.891316
17.299034 7.939429 28.950358
16.828814 26.146159 29.822038
56.721066 39.030860 29.058126
50.771201 36.086150 28.382553
67.062889 34.578499 26.386082
6.766828 22.513682 28.422987
63.618223 24.038868 25.957082
19.688396 98.849306 26.232207
39.529725 60.403336 29.761765
7.833721 65.352894 31.020640
31.811471 93.522237 29.650652
89.724427 53.464402 31.126421
71.305586 30.888634 29.846993
54.814186 15.313450 25.004123
0.912391 21.551062 25.881004
40.400184 81.354380 26.098966
11.510133 27.619517 28.247344
72.588283 44.991948 27.369805
22.367336 75.244914 30.994597
19.524158 70.721732 30.203481
51.982554 83.571347 28.894433
63.778416 37.079421 25.427593
7.068909 94.692000 27.944472
92.975988 71.367556 27.254176
46.096540 43.197971 28.274148
1.961596 61.567254 31.230061
86.603561 27.652416 25.725984
9.887331 33.005339 25.153652
6.852588 14.565126 26.743362
18.960989 73.583496 26.446043
63.353218 67.611799 30.117667
53.441263 56.233483 26.146689
70.930010 71.113440 27.078592
12.743913 4.617500 28.552646
35.832978 30.848431 26.128870
2.615407 64.188639 25.132190
4.205017 24.909002 31.123743
17.619979 63.708027 25.125708
30.752850 21.307108 29.668369
15.746866 2.972836 25.359073
32.929605 14.597119 26.719983
30.061636 61.358198 25.779847
20.444173 97.496158 28.408806
28.455648 54.114518 31.014188
14.917244 6.108553 30.601302
11.688897 28.976765 31.084984
70.903114 13.263298 25.931336
60.757794 45.614961 27.993919
89.336612 16.646084 30.272965
98.373431 47.837053 29.068908
12.901189 25.569971 26.203054
99.549104 81.978348 27.923875
32.119726 66.937665 29.309088
54.513714 48.324628 29.802931
33.324538 71.796937 26.856194
57.392328 85.071986 25.635060
70.476969 93.702034 28.851626
50.220752 40.341965 27.482214
18.629135 85.206959 27.675357
98.197781 96.895683 25.588137
62.213209 25.853662 27.456842
6.448597 18.260856 27.720416
97.201034 60.475595 28.786564
86.979488 75.651836 26.523789
95.619638 74.663939 29.063020
81.586059 98.308242 25.801156
31.856008 62.405359 29.957677
89.194927 91.175682 25.574440
98.260468 92.409397 26.803623
81.203368 17.339177 29.566622
7.340694 38.082551 25.218500
72.812187 75.383244 29.042027
1.708576 49.453259 25.236265
91.581495 81.937468 30.310918
76.594212 30.927057 28.765167
66.906005 55.240240 29.762547
67.364728 84.850472 30.537641
34.501588 84.177869 30.413768
75.840707 32.248066 25.447777
0.749530 11.700942 28.176784
67.421450 38.856563 25.619441
19.829315 9.863094 27.689224
95.896595 55.851598 30.112848
40.053655 91.450524 26.901710
7.951181 86.746956 26.810926
55.501538 36.444047 30.093020
60.106145 85.916006 25.213509
83.930516 41.634506 25.545597
11.463999 11.992710 25.079988
41.817209 19.903526 30.223843
19.332266 86.401348 29.094010
45.011204 43.957504 25.971380
73.678720 83.795867 27.059030
96.090865 47.105848 26.063961
37.176574 75.058612 28.165168
57.538348 55.303852 26.296606
64.574067 6.418453 25.361050
5.985082 37.442477 29.177806
73.149547 19.168523 27.923681
25.426209 95.498150 28.019891
27.472909 54.078999 30.527753
79.486841 66.622496 30.041037
67.112985 43.133320 26.860724
25.574660 62.362594 26.348992
67.762814 71.840406 28.833786
3.855629 1.669880 30.957235
50.234174 18.683290 29.720067
68.373258 12.065958 26.570691
68.469492 50.687058 28.544153
54.031357 78.609844 25.024021
78.884994 94.393835 31.082628
6.271165 99.301489 25.583620
6.481716 23.430427 30.005658
55.509000 18.496793 28.540983
43.033177 91.985442 30.254827
64.906663 28.181570 27.812120
55.364668 11.620639 30.273485
52.896199 24.809879 26.561302
59.188122 60.290285 28.915305
71.906882 25.376097 30.525300
35.365935 22.174091 29.460887
87.079990 52.559275 29.987381
84.525190 16.368069 28.328500
86.199794 75.449587 30.065823
35.346857 57.470582 29.869210
90.545416 26.782910 30.397642
86.949344 44.246406 28.652782
88.009705 70.640572 27.158678
60.444794 46.230691 29.820616
76.920132 21.996689 28.516307
59.421235 5.361124 30.450504
15.983170 13.699649 29.218942
60.638694 2.684623 26.453148
38.435246 40.330184 29.150477
59.257732 78.325153 26.790631
62.080650 66.063380 29.953742
89.827252 86.052453 30.587294
23.489640 27.008084 25.912031
31.517390 98.999113 30.337281
59.644399 24.562895 26.267098
70.607976 99.533825 27.849227
66.917520 36.573983 25.522576
39.910743 4.916265 29.967084
19.061653 63.614587 30.013130
95.568298 33.463909 29.937811
66.675090 22.724806 27.927856
49.027121 70.900340 27.934377
86.779257 12.016382 28.869969
52.856220 82.480055 27.553049
98.351404 92.194010 26.704241
21.836314 41.614256 28.102754