25.392496 1.354477 28.894908
3.854669 74.793954 28.110347
72.989037 40.152731 27.375481
19.485955 61.267264 30.556224
49.872970 82.783784 26.157156
26.599953 63.606759 28.880518
90.713825 97.817050 28.946369
76.349511 87.583873 31.040343
99.516438 88.654698 25.990157
48.197617 94.994414 26.233762
9.356592 19.129094 31.148774
7.407005 99.508647 28.990770
25.265733 82.189786 26.742694
98.286876 98.977188 29.472793
88.661861 73.481185 27.358481
2.747354 0.920258 28.328775
12.523924 52.465226 25.143290
2.076072 76.344996 29.856546
1.739171 67.913536 26.678927
14.631796 64.402764 27.774771
19.543288 24.803452 28.340805
8.440209 37.820612 25.532931
54.562312 2.877359 28.368054
24.602411 87.548251 26.524015
94.924683 68.808386 30.583965
64.439535 45.067307 26.456710
27.261583 20.929503 29.481502
52.672072 75.824492 26.706993
41.424551 51.264781 29.232077
36.671339 21.091784 26.403326
31.500552 38.450609 31.046314
31.352988 38.076941 27.977888
53.556554 54.951652 27.832860
56.279148 92.008955 30.688169
3.458550 77.582638 31.001489
92.051518 75.264834 26.162080
24.046590 44.228896 28.872958
96.110233 21.684349 28.363173
84.958713 42.000684 25.173815
14.863444 32.280389 27.778992
20.489004 82.020824 27.266792
29.468745 45.454151 30.751108
28.561783 6.879001 27.831488
66.699284 11.368184 27.444170
61.837589 13.293735 27.219865
2.783628 70.087538 25.194942
46.203546 7.175938 26.711248
21.903994 37.422741 28.979320
1.501912 17.604454 30.085842
59.880760 87.890410 27.339661
61.693536 69.532372 25.778567
11.831521 66.526761 26.794971
23.294260 34.395217 30.981436
49.757674 22.900154 27.654867
21.731058 90.536595 29.180935
89.326610 88.822891 26.995450
96.520137 88.189473 26.433284
95.904483 16.384766 31.193085
52.961430 13.296233 30.569163
84.957178 39.928200 28.767994
19.858356 56.341623 30.850868
80.653638 39.558935 26.587471
25.400616 58.855520 25.359200
37.614337 99.054502 25.840551
90.015205 33.306552 30.078703
66.722369 75.213799 26.256553
41.268514 46.449206 27.180410
40.231522 9.888967 29.025640
10.333203 14.404184 26.085419
59.259688 49.837072 29.656746
17.117941 16.385082 26.548870
55.994556 82.124909 27.095968
41.386370 92.183785 28.380985
84.258220 15.269600 25.457202
27.374577 46.373597 29.047948
59.471094 62.338603 26.856434
0.726592 76.751576 26.648416
11.217130 25.771611 26.519995
28.733515 12.404183 30.000338
48.297103 34.752169 29.279606
84.682571 41.097362 31.105288
74.275779 36.860830 26.718047
20.516329 39.365250 30.201342
50.297925 1.279962 26.692238
7.980429 3.237205 27.534296
4.558199 40.071695 29.061492
75.217549 58.856742 28.231518
2.815475 95.333139 25.484012
0.124453 34.128932 30.269207
15.698103 95.753759 30.918433
61.508203 63.920677 29.792367
26.727169 22.944365 30.573548
95.058639 90.292965 31.019080
18.193203 53.883369 28.911126
16.087627 2.305924 25.526170
65.743127 20.356117 30.782733
23.792619 61.798782 25.692493
37.267631 19.041133 26.076889
0.878717 68.664067 31.022831
32.448091 24.483013 28.539853
55.313021 3.054758 27.826451
66.972206 40.960701 25.285166
42.690807 57.590428 27.446296
3.430621 76.982898 30.352823
90.864749 69.560612 26.767578
89.019428 71.722374 31.241042
92.863239 47.191724 26.273510
60.287674 11.165782 26.652343
5.081914 23.034759 27.780386
20.395496 14.252741 25.959070
89.142864 61.528660 26.990139
9.327839 41.004660 28.399396
12.093546 79.208414 30.985706
67.799785 69.067281 28.471235
5.475797 27.268184 28.199955
18.845300 27.640722 27.025781
73.200374 10.884878 25.558718
47.892139 38.572661 30.635927
97.551410 7.841526 29.919359
47.840204 75.209279 26.921213
2.557418 83.812407 27.533939
63.280658 12.818294 25.164996
5.100773 85.918290 30.696188
60.132846 49.397458 30.584457
78.524267 78.916063 28.176446
74.439853 90.567496 31.200308
67.661164 55.772709 27.109674
2.600504 92.325050 26.495119
27.454248 84.227779 29.682197
11.816592 99.314699 31.027021
65.027999 69.336814 28.676763
27.366938 23.946673 27.701289
51.513351 45.847023 25.674253
38.891132 40.149706 30.388525
74.071468 89.564073 31.141700
87.953940 78.464408 29.159806
10.101205 96.567183 26.308872
84.768961 60.205558 26.967278
70.682344 48.754076 26.079570
68.395847 27.784554 30.251688
89.043341 74.755349 27.666291
6.784080 94.397201 27.245144
72.859808 59.328637 27.453449
4.458831 26.588020 26.647104
48.915827 3.765288 26.730751
37.176259 68.586767 25.958298
13.756809 0.563527 26.586197
86.282332 15.276570 29.846920
9.501915 53.554269 28.308810
26.055892 85.237406 29.909172
10.469161 17.892250 30.092619
1.015920 13.823460 28.405938
75.486025 39.263602 25.560742
10.015771 42.676741 26.912736
98.027363 11.742810 30.009019
79.422816 52.605587 28.623536
59.540333 93.192235 29.978079
21.405972 35.389504 29.014194
30.291177 84.242321 26.131812
35.258018 62.007385 28.563471
89.519597 60.061808 26.838690
1.099911 6.189977 27.546379
7.185304 6.405505 28.365939
80.461181 34.501228 30.038943
22.867273 57.120585 28.234759
92.240328 27.046397 28.568444
84.221939 21.467341 29.885433
8.499739 41.794162 26.545719
29.711947 29.433503 25.714312
3.632659 53.735863 30.487214
73.642143 27.621845 26.150908
37.842447 76.003653 28.331845
64.992632 68.717182 28.344066
12.193298 52.177156 25.393483
55.308196 70.729805 30.730741
5.634692 15.516962 26.983854
58.880217 10.467107 27.365786
38.205447 85.808705 28.612678
51.980392 1.115735 28.898357
56.112712 23.744053 29.944886
95.125872 61.830525 29.215407
83.723497 44.426707 28.148545
32.704055 99.396689 25.890134
56.940841 54.426880 29.670183
29.073367 62.410363 31.144198
34.377586 60.201741 28.791017
63.108611 24.105473 30.317161
92.310653 29.532653 30.348955
27.873048 44.454225 25.985111
47.596854 63.847660 26.366202
99.535032 33.744841 28.220066
58.560438 43.111779 28.157323
8.565340 38.820560 26.736209
39.898366 91.621290 25.145206
86.972526 39.139570 30.108471
17.828420 28.314390 30.756306
75.323486 41.946336 25.204135
68.964572 22.654042 28.222345
49.094121 71.926603 25.641045
25.717138 14.317762 30.775940
33.518852 60.960088 30.414234
41.646895 56.871695 30.153709
78.384995 69.954415 26.212485
66.219638 19.591468 27.866383
87.014933 32.323229 26.416111
22.297863 62.157482 31.122519
6.550572 29.710529 29.291436
29.924863 65.433742 25.529686
14.098978 45.616150 28.863430
50.339663 90.460680 28.860823
15.619011 35.569224 25.057104
5.852929 71.780320 29.064576
92.788752 22.648972 26.324002
45.415808 25.179502 26.882603
24.356841 43.382851 30.401059
16.615471 42.714286 30.607388
50.038712 56.477157 25.643894
94.458454 2.878565 26.822608
43.932677 65.141346 25.558279
19.639363 75.107976 27.082323
20.795666 61.031370 27.694491
29.541512 81.436139 30.866651
27.551930 67.657921 29.556663
48.607142 24.542587 25.077848
96.591883 65.910012 27.262436
64.212381 31.603871 26.947106
29.476436 27.662621 27.121454
47.073245 63.478719 26.266559
46.088934 79.896334 25.745508
94.992637 29.047362 29.878164
33.180050 37.875367 30.584225
73.927909 37.825654 27.638628
12.076673 28.544781 25.986247
98.599207 41.479337 25.939201
15.032872 81.812560 29.243165
95.028910 49.435572 29.766557
46.365852 42.255760 30.759003
38.559066 14.075534 25.501532
74.318593 10.698107 29.540070
65.462528 85.483909 29.073340
14.527378 17.718030 30.205852
72.010233 16.769891 29.581313
29.507316 49.180267 28.184600
2.988575 56.379936 25.172594
79.255044 47.865176 30.908384
41.323041 75.014227 26.382713
80.406593 34.924888 28.095867
40.082910 30.427131 26.456502
29.905859 54.190611 26.956219
47.257345 30.207564 30.472310