61.014272 46.913791 26.846194
11.039264 28.735677 26.513058
12.320042 25.752996 30.231932
87.326456 96.422468 30.270999
3.031499 38.573430 28.107156
83.146920 31.943485 27.181334
73.377525 46.394587 29.273713
33.770003 98.049170 26.025267
93.637481 77.757756 28.992578
41.539770 92.593797 25.357439
56.508502 90.678066 27.169201
49.752923 75.006790 30.642171
27.323825 62.158823 26.312387
50.372707 21.034146 31.242072
77.608190 45.407468 26.228301
38.073531 78.689101 27.152447
67.993771 75.664825 31.108681
44.949351 23.935500 25.846091
58.595119 32.515515 27.265115
68.592688 97.925477 28.704323
21.883383 25.067112 30.228622
72.286202 78.566949 28.666605
39.197239 76.988028 27.180785
82.490553 39.615518 27.467474
24.987889 88.995458 28.390107
53.678659 13.955652 26.025062
96.104207 27.654146 29.899479
94.062071 16.036293 30.607991
33.119922 29.901225 29.030930
62.338356 34.468671 28.141295
64.416632 37.860296 31.143296
48.333854 35.294871 27.923426
18.726643 76.947747 28.369442
41.503845 79.116131 27.078631
2.071484 17.597894 25.835700
59.418700 43.057087 25.848851
25.856006 74.190096 25.768304
87.008533 89.288317 26.916403
11.278509 80.902035 30.377163
28.951735 84.938515 28.829629
62.531067 54.615268 25.504363
50.156509 23.960225 29.538364
87.346920 22.167679 27.740288
99.173536 66.769022 25.315338
11.107440 16.990906 27.738441
24.629369 95.121356 27.565149
82.697132 85.141132 27.472281
84.920729 15.826236 28.029734
54.932368 2.243494 26.104980
47.747247 23.936325 27.190042
15.854014 99.480935 27.214617
65.816345 13.031918 25.690122
43.860463 35.018356 28.004018
31.769529 6.832756 31.043278
81.200977 11.366818 26.158346
46.104995 93.804160 28.503301
70.823578 3.960308 28.587479
53.597972 22.911134 29.874843
43.868978 67.116082 28.822199
40.741003 0.105949 26.657722
8.301317 69.537590 29.411793
65.297687 43.644795 27.546931
84.260913 1.041392 29.035388
74.842928 34.344072 27.783718
36.315439 26.466239 30.066794
1.399395 57.393594 31.015988
72.237065 59.068245 30.491391
82.318228 28.658533 28.798339
70.596804 56.650259 28.182730
68.983198 6.786266 27.000942
43.078798 97.217417 30.301632
60.635900 52.924097 30.950540
38.708282 13.030371 28.042176
28.251403 92.290286 28.339540
49.282833 14.069908 31.081963
11.760924 84.586805 31.093842
91.176454 22.345460 25.973737
19.363209 35.687448 25.177206
8.397478 72.792887 28.816836
0.117046 32.082762 25.337512
36.112850 35.533316 27.865619
79.888157 28.794454 29.566261
33.722744 71.285360 30.481078
45.389326 6.691867 28.335335
23.707999 44.505526 26.456733
1.626948 62.867913 30.044281
76.907270 89.681318 30.129563
44.657532 7.487361 27.111274
29.415617 94.319087 29.513688
22.090280 11.746444 25.463730
9.129466 34.126361 28.187650
7.808837 84.840078 31.065611
65.575781 32.655440 29.480470
15.954213 54.873756 28.706174
41.175266 70.423682 30.805783
91.427399 97.788585 30.190683
78.786720 97.068385 27.732562
28.690336 82.018162 28.444529
51.858224 48.628101 27.506704
73.557350 99.646784 25.851377
27.165114 84.954040 25.807743
19.108255 68.607381 25.761560
92.480460 0.926701 29.904199
71.501393 73.144759 31.205163
88.619735 99.387684 30.935812
68.724725 9.617786 25.772657
41.274483 77.417206 30.490476
66.894120 37.286114 28.403795
15.840405 74.884634 26.298848
16.622962 22.524335 25.976323
10.256040 44.516243 28.305943
5.291688 38.148259 25.805344
16.746725 64.743065 27.514668
93.442791 34.658476 26.212026
14.437187 51.100059 25.309796
81.324548 50.057048 25.974496
18.237235 44.041462 29.638041
24.095813 61.997037 27.406985
83.689808 42.330369 28.551325
14.816197 33.760635 31.069227
85.982461 95.796184 26.864560
47.604582 76.683328 31.172046
36.931126 14.579309 27.284560
82.871889 67.716794 28.787347
93.859755 60.169354 29.924579
84.751638 69.013012 30.805399
82.831994 82.841267 26.608252
61.621090 19.357782 29.829499
76.859613 16.225122 30.833076
16.726892 39.535286 25.833886
36.194141 48.699098 29.099679
14.207206 1.887945 30.091050
61.241828 77.435982 30.955881
97.233136 77.669114 28.442557
94.323013 31.962895 28.084726
78.520987 23.275973 25.372104
22.165354 98.512528 28.190215
60.061550 28.313509 31.187574
46.012840 6.387394 27.911067
58.126392 93.274334 28.186487
79.351849 78.636067 27.119086
84.399413 33.524892 30.847624
42.666484 8.525165 25.600461
11.287085 66.137327 30.962625
61.440164 91.491664 29.831532
54.526375 88.720489 27.012486
44.442892 39.009131 27.628470
89.714239 78.230445 26.827244
15.630798 42.788547 28.825093
6.960607 87.395771 26.767996
83.785665 83.940322 29.219694
83.693727 15.981485 25.057983
62.989531 30.049641 29.582078
94.988261 17.582517 26.316183
2.703850 3.128049 29.639120
81.936864 15.367838 26.487664
17.250492 3.783876 26.312420
75.134007 88.630882 29.119205
77.792048 15.753332 28.321155
76.223906 58.772562 29.531752
60.559845 69.417386 26.019415
40.790364 12.898542 26.011977
97.724249 84.851543 27.739947
91.628315 3.682732 28.072612
80.306787 76.226830 26.064101
34.363952 42.669525 28.833065
59.905064 81.090940 30.184797
46.021420 15.147189 26.518200
29.426060 73.848776 26.991166
22.429817 48.894432 31.162098
80.736101 18.337999 26.806936
72.307129 6.451549 26.518055
96.987481 3.193434 30.118450
15.145568 62.949177 30.723058
48.146209 59.111159 29.044306
17.647961 25.323889 29.073278
77.816659 75.450861 30.440474
21.950607 53.367359 30.720167
24.846575 12.464834 27.655179
41.163905 95.429638 29.894103
75.093032 23.415647 25.431584
6.623531 48.411160 25.549477
70.976743 55.081713 28.863272
46.905043 68.309480 25.687434
29.379140 82.956097 29.403525
53.759647 49.751035 29.522960
29.241548 22.611300 26.508050
43.727235 8.762232 27.578582
96.333693 28.648823 26.859626
91.602739 88.076419 29.481183
32.053200 30.783352 28.811817
55.507917 97.822389 28.510705
52.865591 71.004224 30.699906
82.460819 37.872019 26.604478
12.481064 23.265722 29.279171
12.891594 77.694099 27.481573
96.003802 93.133024 29.364656
29.976480 74.206513 31.041091
59.351556 3.784104 25.980836
99.016884 27.854736 25.549855
75.316927 28.933811 29.418147
27.605577 29.827806 29.748492
60.595044 90.711804 29.877394
48.065616 50.321377 29.412088
66.612990 22.784994 25.021322
40.880009 84.737569 31.221864
7.010244 44.566902 25.559811
3.460902 92.715192 28.570030
10.432449 27.194565 27.441286
54.450812 16.586360 30.344895
11.826255 5.358683 28.357944
23.682269 80.610548 29.846579
74.095038 36.830636 27.503973
4.279448 62.516830 27.452565
69.687988 63.642086 26.415296
90.439978 64.386074 28.767689
92.594505 49.823649 27.395857
55.561341 25.711340 29.887465
54.294348 66.104268 25.926074
82.499076 8.851757 26.498906
78.404430 76.065893 27.039491
66.489772 59.922370 29.973903
27.793941 39.376442 25.527217
35.792218 46.921547 27.466922
30.822068 90.480942 29.832060
36.978964 63.631100 28.997342
34.338935 85.133708 28.449623
35.524582 99.378919 26.298879
97.374490 80.327296 29.754624
65.624472 9.752266 29.430845
39.872919 31.378635 27.134429
92.136406 14.074435 25.919991
13.525909 90.387636 26.342324
23.559054 0.762832 30.799502
64.603040 22.175331 25.111944
41.683422 40.071337 29.314234
71.473266 78.156905 27.567513
25.747571 56.447707 25.274084
51.852579 12.602153 27.371001
87.682398 52.232879 28.923935
76.661397 24.978195 26.931586
4.977464 24.485740 27.456973
30.339619 50.787555 28.043506
34.115595 23.374257 29.007955
57.336225 39.161533 30.931787
79.279575 94.909587 27.379998
63.587071 79.894318 28.774033
78.162995 6.072315 31.049697
24.083643 54.772809 26.755212
58.729372 43.454673 28.726844