85.608586 94.901507 25.453077
28.829118 12.247203 29.253951
72.968657 51.786313 31.198003
75.377051 86.087506 26.345691
17.993140 14.262749 30.701305
40.202525 42.906455 25.591652
33.489610 10.636921 29.909317
45.068364 66.269565 25.211140
45.942433 8.014117 29.206602
85.334763 32.855653 25.846553
40.780305 44.648545 26.102938
66.201010 21.354772 29.228449
30.841832 30.217727 25.609619
90.854953 6.691258 25.390317
13.466487 73.712527 27.927807
5.098832 24.126460 28.340512
26.628332 26.850016 28.422450
20.094766 61.815103 25.374248
23.695344 12.078957 26.926906
46.775905 15.476987 30.183229
83.493936 39.321545 28.462495
49.987242 35.004316 30.938942
9.437431 17.997150 26.762231
20.845251 38.159134 28.815001
50.997653 10.718893 29.502981
55.019498 90.945690 27.250609
17.748345 74.293971 29.889794
91.336355 5.775727 28.455111
47.509643 78.735177 26.333348
45.171838 59.701776 27.967080
31.800239 75.173059 27.932285
86.714243 30.081645 30.055540
31.196237 65.302592 25.335575
84.752830 13.813940 29.958067
75.856147 13.721114 30.912091
26.427939 17.499292 30.203834
95.732551 12.699767 28.854793
5.132209 79.224901 28.300439
20.320892 46.200397 25.103459
67.571864 54.475933 26.464939
17.930489 95.292478 25.623848
30.657252 89.713829 30.011879
46.478893 81.448271 30.399315
87.443565 94.370700 26.854543
32.224723 6.552033 30.340889
45.438088 75.935077 30.966271
53.633994 67.543134 26.797934
72.467224 75.808306 30.090764
20.715923 95.207081 27.589480
59.235063 5.059925 26.707384
59.772216 6.210112 26.739630
26.413567 79.686711 30.079274
4.162451 95.803018 25.076045
21.736573 96.602363 29.710380
44.086854 75.501437 29.934243
85.426654 59.716245 25.972760
61.595887 73.473245 29.761073
40.133632 82.284156 25.411994
16.202268 62.908861 30.200390
23.588377 22.995207 26.393680
89.350047 24.362572 30.720874
63.732353 46.591426 28.517226
59.125637 82.430307 27.160228
69.495714 25.173289 25.368781
93.007036 25.152257 30.305171
97.470830 1.356881 25.050192
6.568494 12.072917 29.793305
95.434113 66.878986 29.352154
67.722685 45.246348 28.680755
46.451106 87.498060 27.141878
50.521535 96.820309 25.042913
62.902721 7.775406 30.872128
68.654567 36.969654 30.592103
49.433789 14.111742 28.057171
97.618250 92.984736 28.640548
38.653599 81.402295 30.814479
35.897979 5.129505 27.704673
61.325360 54.239882 25.818896
9.535265 33.277293 25.621389
71.939979 35.526563 25.965537
85.189418 41.144566 25.206062
33.289151 33.318022 27.299502
82.996894 15.275332 28.299773
41.420419 54.744868 25.242383
98.936359 44.856417 25.340290
3.614882 90.621852 26.484656
34.962625 90.275936 27.551465
88.561587 33.501470 28.808567
60.974305 78.595111 30.652385
90.814814 46.545185 25.686988
48.860394 63.118461 29.014927
51.934134 68.645649 26.802263
93.256397 59.864206 27.701230
92.446543 12.157896 25.507174
89.163902 62.176318 28.160135
34.061199 63.715228 29.270837
87.656312 3.217278 30.461919
46.153182 32.540980 28.997514
70.265820 30.426734 29.588803
95.375638 97.445144 31.093168
54.540972 85.051543 26.427326
13.204815 75.846402 30.040446
36.639059 97.335282 28.766572
65.267711 79.239246 28.950723
19.851079 5.209345 29.868459
37.665621 67.462248 29.058625
60.122346 42.646056 31.158641
14.739278 75.251223 27.096398
17.604702 62.652586 31.045200
49.431505 50.005692 26.001132
89.638596 35.702984 29.530060
41.229621 56.920843 28.262036
29.668109 21.595067 29.161763
87.963883 60.319186 25.908858
36.124323 28.878984 25.569390
70.706015 22.136270 28.577983
91.746306 87.441088 30.702387
13.854678 42.862158 25.559904
14.883632 70.524122 28.822584
33.108757 37.670878 26.989851
28.035376 63.288500 27.465781
46.306200 10.612431 29.951126
24.339521 53.331717 26.337605
90.259627 97.206029 27.540774
64.013550 98.682490 30.447633
91.884283 15.469558 27.084775
27.442565 48.664779 27.993456
43.698167 7.429841 26.867436
23.718324 42.293258 26.971693
11.077041 54.608285 25.816325
94.340575 15.594734 28.883828
85.366167 11.223433 28.403354
7.576151 8.164724 30.508365
93.030332 35.191349 31.215159
42.571599 18.943333 26.992351
41.918522 36.568535 30.119183
20.582061 83.979542 28.499748
88.049127 34.349151 25.394580
56.792359 99.775977 30.984978
63.482991 8.388907 27.397885
68.772802 80.944853 27.562149
44.916188 92.609961 30.613720
3.394510 12.221487 28.714875
86.007901 5.999776 29.555318
94.873151 50.163017 25.997007
51.500469 14.659381 29.937028
79.398603 60.631050 29.683088
0.399315 27.770123 28.532229
23.583014 55.149934 29.409747
71.082620 63.132163 30.697363
85.066626 19.084371 30.647115
11.889238 29.232059 29.645295
2.380772 80.131912 28.293530
54.559580 14.465244 25.922779
6.415774 52.548269 29.774981
98.163392 10.596981 28.712475
11.577836 49.675010 29.756672
30.475185 18.097553 27.746980
26.189375 74.592252 30.954982
0.135997 17.055256 29.697960
49.363117 81.007310 31.070408
83.333705 90.286387 30.064248
64.925300 72.412659 27.720985
19.193374 91.286042 25.158100
64.842911 93.936585 25.293964
37.016266 28.781352 27.195002
80.185341 51.573685 26.343905
54.721172 7.231624 29.881085
29.023743 8.368395 29.682939
8.934480 50.163032 26.866179
32.936771 80.060175 27.528708
33.415429 54.008982 25.779510
38.355390 79.458943 28.722255
89.512700 52.848106 26.877982
14.566390 64.277253 27.655016
68.662245 46.378090 26.368671
8.975508 64.355397 28.510282
59.471583 83.642563 25.207075
32.671240 77.397177 27.030145
25.376696 83.121513 25.331814
12.499272 96.761497 27.209736
58.043706 0.920468 28.384583
96.287126 47.051984 26.745294
30.202305 30.376686 26.590414
42.563640 35.264391 26.652321
73.861542 64.183485 28.159857
98.315597 33.544848 29.878363
35.386857 53.554692 29.532180
0.928524 30.620315 26.006247
7.519531 52.222864 27.040247
61.375622 75.328674 28.375689
60.489846 14.176226 27.447469
15.491225 65.087232 25.364847
65.930111 81.232527 26.973597
52.940536 50.994212 29.537293
8.851906 50.590948 30.214303
24.013144 84.566325 30.945656
2.788927 77.106268 26.457373
56.671171 0.157668 29.719728
15.194875 41.067249 26.175992
52.544521 14.768795 30.118732
85.179847 6.080215 26.111853
52.225464 66.668670 28.154069
76.307455 20.831176 30.946605
26.582240 82.334069 31.022224
85.572445 51.403881 28.062801
8.331230 69.818747 30.422079
65.090193 55.572744 31.164448
52.621934 88.070024 29.402455
82.635069 80.483709 30.226366
99.958395 53.091169 26.898478
89.525086 26.254689 27.662974
14.613963 84.225703 25.607542
16.912263 14.421992 29.925429
38.551396 8.254796 25.232701
78.598714 48.019088 29.166319
5.063544 51.743557 28.376010
65.764693 53.834856 28.320454
38.092055 67.914738 29.001036
32.938566 71.370254 28.909442
27.502348 33.844608 28.207625
3.739479 13.673330 29.512208
70.786921 23.803364 29.001585
56.890828 79.822872 27.602989
6.220500 20.594911 28.256883
34.175301 55.754006 30.023139
99.416491 20.223483 29.023178
99.289342 96.708218 31.146861
58.701003 6.347909 25.657761
39.864596 67.404810 30.312814
31.665927 96.623414 26.566923
14.956252 1.780008 26.318294
17.835175 18.599989 30.108161
76.555001 56.518289 26.663074
17.927873 68.504479 29.494672
45.017289 15.750978 27.549332
80.731300 58.398878 26.772358
52.994247 8.063189 28.822070
59.524234 78.972218 25.359704
13.286763 26.932644 28.169974
0.902244 25.529924 28.667964
34.893711 67.695170 29.163820
46.704757 82.703405 26.208668
78.272934 9.568593 30.703564
28.383846 43.011281 28.279160
84.548851 82.427650 29.340844
82.943915 72.869726 28.727172
35.598968 32.621191 28.192911
88.827562 6.983765 29.047655
96.995137 60.316320 27.204153