20.921723 55.326043 28.802151
88.398827 89.928178 27.892457
37.452099 81.882683 25.533515
15.831172 36.514775 27.718257
6.379611 6.600177 28.320304
38.808825 56.393747 25.135831
36.804455 22.413301 25.700996
8.858170 68.349957 30.703068
99.993739 28.037337 25.970282
54.269673 72.629516 25.555219
82.801752 5.299257 25.770886
77.003118 0.002457 25.001074
93.987940 60.778248 28.187743
84.984008 23.365064 29.730967
84.105252 1.109421 30.411906
33.890844 48.730009 25.185018
15.713497 93.183380 31.067342
60.079075 9.830928 29.632753
96.614910 29.300348 25.168799
67.847784 76.370200 26.212941
18.881978 91.150370 25.072902
90.818672 50.478044 30.585971
62.305881 23.338768 27.257340
22.452682 43.849958 25.132238
46.709078 33.216636 26.425153
96.777924 64.116778 30.883425
91.581936 59.737218 25.327600
9.470270 1.658443 27.437580
21.614605 27.898254 26.277879
57.155398 73.706418 26.799366
88.472005 99.300542 26.320167
66.207968 47.453141 29.124821
59.251510 66.758215 29.001422
15.962328 46.586905 30.495802
67.326478 87.250178 25.503890
0.413135 56.483103 29.977513
33.740127 82.269339 27.619579
15.356020 38.695874 27.682994
54.153279 98.570143 29.785255
92.411421 63.056953 31.090693
38.113391 0.225683 25.093341
98.198244 43.190919 25.895010
60.495523 79.398687 27.906215
95.421991 71.258227 25.527959
51.008138 28.454592 30.733102
97.253055 29.363844 26.003495
7.521080 53.119916 29.896130
14.352842 64.608048 30.058619
96.832448 88.132503 29.224808
7.630790 19.751184 26.039615
70.821780 10.701995 28.359437
21.797840 43.707759 29.799304
30.340392 26.820941 25.069389
5.021905 86.293880 30.002562
25.410561 99.147991 25.075133
15.959795 44.852564 30.347282
8.499340 95.588798 31.077549
43.041571 57.030840 26.673809
71.689551 4.097189 27.145796
42.511862 71.880352 31.138190
46.479160 36.149733 27.880804
32.581557 19.347488 27.647491
32.594951 70.189332 28.584415
44.925265 0.293883 26.206454
5.320222 34.906457 27.935202
53.433833 79.796849 26.812924
92.250106 95.686781 28.236742
6.405373 30.139879 29.338904
13.220777 70.202660 27.522621
62.210216 88.997716 26.318021
42.298318 99.446491 28.688226
29.792004 81.094281 30.864010
38.262345 55.558019 27.319000
62.364009 80.912697 28.543633
66.263059 65.508331 27.721579
45.468844 8.713449 25.476787
92.274616 61.992075 28.815601
69.321102 85.688220 28.633230
26.239713 28.865494 28.614496
30.024816 27.076131 28.833062
55.098922 82.760897 27.877249
97.260852 0.178150 26.490740
79.304978 46.293822 30.508480
83.865408 49.388810 28.616696
93.962117 4.064300 28.652626
21.347819 13.904674 29.187778
18.511500 36.439284 30.885937
74.861689 79.151708 25.983893
91.372899 15.004821 29.592767
86.714068 69.003509 25.648619
6.827335 53.931137 30.045699
76.570235 93.702113 30.689424
34.425436 36.709904 25.877759
20.267114 4.264663 25.781321
49.261993 26.028549 29.656537
43.335284 27.028364 29.706538
93.162679 95.860271 25.421330
69.877394 47.099152 30.964805
15.295690 66.199649 26.369564
86.180241 54.311901 30.815196
16.841157 15.544902 28.514951
92.487235 44.599789 29.671687
60.136465 18.116969 27.278562
46.949065 7.458711 29.246633
28.617827 77.851967 30.670120
29.230568 83.125379 27.700259
21.884290 90.220066 27.168567
76.571595 47.486379 25.894833
18.334276 4.210998 28.340917
18.131273 82.795878 28.760211
83.163531 60.210027 25.616542
8.959754 50.898134 27.770358
77.369163 24.835559 27.529996
34.107055 14.426681 30.906598
95.903128 14.339473 28.404628
25.225282 33.623678 28.929228
28.448781 15.182699 29.491706
39.214110 3.718810 25.744091
76.534490 47.922554 30.165602
85.852605 66.666371 27.242277
30.990654 4.989352 30.937956
21.471090 15.326493 25.928255
38.795655 76.438600 29.261355
88.846966 11.608697 30.533056
21.714420 9.027157 26.556617
11.067642 93.627213 28.567548
34.946178 47.309644 26.871809
2.066873 81.955412 31.022986
98.261653 38.324822 29.974749
7.107098 11.019453 25.199598
11.804472 80.961417 28.808850
81.606594 11.900896 26.354474
91.863394 5.848608 25.485826
13.427126 74.768930 30.318380
48.464395 43.761287 27.261781
8.685458 88.496179 28.532257
18.171249 61.813240 30.205015
53.129346 72.251631 27.846031
60.948864 74.517617 28.190411
3.323742 92.753315 30.605660
16.254606 89.369875 30.485137
82.591455 52.188121 27.936389
76.212831 92.330931 29.429559
97.214362 34.047632 26.108667
76.524278 94.393772 28.550149
76.998657 98.666935 28.032962
56.136376 43.782971 30.088297
15.367336 79.437521 30.838081
45.028146 70.075921 30.417906
76.179984 33.112118 26.951327
48.436932 11.134916 29.509257
28.625598 27.213639 27.805496
66.032307 42.816999 29.573573
91.051921 71.919876 26.370545
39.082959 98.887264 27.711967
15.106798 23.728898 25.543069
0.627896 19.240713 26.120118
36.839138 32.073157 25.253569
46.490494 45.784429 30.883738
9.305287 47.001027 29.084079
32.489298 89.872546 28.228685
28.574592 32.542689 27.551048
67.359843 7.794194 28.017687
89.186463 9.796860 30.877684
50.576340 52.450178 25.328688
61.041746 73.483626 28.912253
93.863446 94.436408 26.763278
53.312751 0.903368 28.390574
56.195446 54.452364 25.296360
36.693315 87.298365 29.981760
94.254565 94.625597 30.717651
20.964194 45.309133 29.384517
9.261877 49.280387 26.342402
82.559612 32.496164 27.178962
43.412291 37.928585 28.411004
79.071480 65.949598 25.686027
59.172272 57.612691 26.711577
85.488927 53.016096 29.197939
76.692865 49.160044 29.830084
43.032902 95.476742 30.389428
92.969768 18.401318 29.489188
29.740599 49.131637 28.332980
28.393985 75.101557 25.689642
19.175699 89.889053 27.089055
13.798823 59.794129 30.263342
29.001018 61.210811 28.997714
41.719930 0.486007 31.158745
55.355612 42.708046 29.534409
81.749811 93.051610 31.016324
53.378608 94.176249 29.938732
25.103075 71.033244 28.663410
47.809560 90.818704 29.005914
17.121508 63.715820 27.114813
78.397764 17.927941 29.602053
40.878487 68.698902 30.357254
42.208770 94.503368 30.536044
67.178789 39.797916 30.468611
70.062162 23.361472 25.909341
34.492927 95.837956 27.447087
62.881079 35.077479 30.053804
59.682307 12.893362 29.715211
72.702274 74.909924 30.615740
34.483999 99.634005 26.857494
28.919763 86.076152 29.777515
98.206438 91.952859 30.583802
78.694480 20.130255 25.050391
11.584228 16.951593 29.431423
50.028540 32.846177 26.036228
41.680059 94.007706 27.363018
93.810042 31.485501 25.270941
54.043814 27.627478 30.073785
90.340923 57.706176 26.692775
23.383096 34.789734 28.835000
49.492465 25.471302 27.954589
81.994952 83.203742 28.019704
96.186432 69.351342 29.089095
67.769790 62.360153 29.789042
37.293073 64.400651 27.513895
24.304433 1.422100 26.159228
59.852111 57.663517 28.883316
89.803857 27.885996 29.968273
60.422013 90.957128 27.146878
74.630682 67.916225 29.097501
32.886055 98.983640 29.679532
9.528706 45.382470 29.737027
48.966146 54.614575 28.927172
70.897770 63.038813 29.029664
96.783737 38.015306 27.836160
13.360287 30.545493 30.471705
23.284580 39.029263 29.573741
30.755161 41.733833 26.670915
28.026285 8.966087 26.442217
28.165648 49.593707 28.662739
35.349285 55.986351 25.799334
31.472198 50.228816 26.917890
67.614122 62.470300 29.775933
90.066915 79.782893 25.696489
92.933326 75.169695 28.991698
88.889786 33.979075 30.278991
74.629803 50.541778 25.385173
4.802929 76.756359 27.638714
67.691691 4.490135 25.451625
63.782688 85.448969 29.155603
77.142356 51.806124 25.808803
33.912710 51.675741 26.481760
50.767385 97.782653 28.347739
64.748725 68.346352 31.210521
97.643612 39.183675 27.094432
84.177357 43.775148 30.852678
46.054941 16.479773 26.570862