73.430945 4.360049 28.481031
16.313036 19.285357 31.201797
65.720883 62.282375 27.152157
80.739405 6.780831 28.194648
24.697992 71.524756 28.351526
81.009413 24.003735 29.590681
74.237119 24.089198 27.492701
33.315900 55.563752 30.682830
16.082681 59.046664 30.445475
89.543187 72.142203 25.394522
23.874194 41.961683 28.193184
41.568359 89.206267 30.684390
50.776339 38.411776 25.165540
57.540434 60.755786 25.215881
86.285520 88.901533 27.354441
29.421545 57.178807 30.764144
41.446789 86.954499 29.425629
3.678940 56.756934 28.335783
85.319064 36.087442 29.542178
1.192101 80.390798 27.126016
90.326513 13.606442 25.112179
58.351272 21.409518 30.407521
26.247814 73.018629 25.605251
60.827756 61.541399 31.049346
60.024559 79.196461 26.921060
93.743482 13.178604 25.121925
10.307871 23.226696 27.292768
52.963830 31.552321 27.860034
92.532081 32.274160 31.176534
94.536891 63.252500 27.599865
19.732873 8.607568 28.218377
86.988062 87.796004 25.075866
60.745105 48.320825 27.809573
33.954248 20.987184 26.503056
28.083033 53.942395 29.892502
34.819317 14.244621 30.840894
39.112073 72.191394 31.131238
95.416349 36.200525 25.042896
50.031631 95.518672 27.351523
2.327718 60.584206 30.997071
97.720096 36.133500 29.651839
72.906839 50.127867 25.504579
24.988225 41.630492 29.259858
26.562418 89.917434 27.355868
74.060410 71.891856 26.321437
65.860562 44.757116 26.741503
84.012638 43.858231 29.437020
60.360326 33.358269 25.750478
14.961574 59.148851 28.070573
71.078563 70.532649 31.211253
88.966654 61.292169 25.184775
95.767424 1.677913 28.204609
98.282812 24.415845 25.218684
17.817161 12.319868 26.399413
31.076653 48.292565 28.388386
78.332404 37.452102 25.561952
59.707643 29.184907 29.312578
42.448343 2.119491 30.384091
62.744578 15.793402 28.012743
0.500572 17.074837 27.868046
27.276432 57.139446 28.208293
17.455541 5.259547 30.910125
46.532294 43.038670 29.290693
42.389158 11.860924 28.183694
52.439840 56.018776 29.853517
89.162566 18.925050 25.542921
66.948588 13.300478 27.291390
88.459217 48.189361 26.450409
50.938607 4.641764 26.898782
39.510864 75.828656 27.187513
28.314486 86.059476 25.488677
28.030121 49.448983 28.735608
72.293024 69.328589 29.099533
88.195522 67.611606 26.882987
75.555735 2.385754 27.938108
50.507226 16.977621 27.456296
70.974925 3.046884 27.239838
23.663531 74.962521 30.175989
94.724500 22.976261 31.170205
86.924133 70.495502 27.899365
44.394004 64.300705 29.163648
60.664695 20.045286 28.841822
93.713954 29.049640 25.389768
56.415538 79.960255 28.598777
1.082766 98.009052 26.526998
73.581689 1.114720 27.145385
94.897604 50.678462 28.706664
41.378104 41.297137 27.873056
22.464820 32.128823 27.963303
1.277027 24.734366 29.094367
81.677299 10.286468 26.225263
79.836611 88.577374 29.061174
78.238643 98.172768 26.829171
55.734439 75.701434 25.275107
35.952155 27.073256 30.747021
98.776128 3.552274 27.360460
89.500669 38.248411 27.250584
49.736137 72.552943 29.218867
69.251017 89.463457 28.643795
16.383806 73.573663 30.081352
60.230766 56.197527 27.221377
66.389838 88.721344 27.923524
67.762382 93.539993 26.867405
68.068953 15.197453 25.423142
98.245006 45.145302 25.165204
24.583253 39.315927 27.054710
91.985114 16.335543 28.039556
91.099248 33.080397 25.663847
71.018341 98.285344 30.941956
98.833107 33.978692 27.407323
35.696011 61.793406 26.056106
30.970298 28.459107 28.730492
64.348676 83.171531 30.382909
41.509344 83.078856 26.528279
54.129213 64.469894 29.514514
27.448572 73.350055 28.217818
62.736049 86.953681 28.052968
65.294617 26.295545 25.032355
14.315766 7.316620 27.300228
57.005767 87.028496 27.743910
80.338275 91.442746 30.664262
55.170024 22.287436 29.955859
60.886592 71.780814 25.908499
47.216283 28.013922 31.017299
30.420291 79.587365 26.836634
91.701432 66.835574 26.250232
75.638666 68.352201 29.195934
70.218921 21.771803 25.326219
70.862630 25.599532 30.279029
27.921869 97.548338 25.435265
86.949281 70.127857 27.709185
46.697768 45.710317 30.688517
44.603934 54.256435 30.438302
46.822578 41.778579 30.485361
99.397121 99.214160 30.757351
99.795314 67.889143 29.491124
56.574073 58.138475 25.812481
78.826926 65.949967 27.852733
23.090353 33.669025 29.815015
84.498019 84.991366 27.016437
85.370179 75.021868 26.560366
81.427455 79.018735 25.927499
44.708105 45.795841 25.039668
99.837727 89.064220 30.959577
17.248942 10.351337 29.487580
63.638480 48.238953 25.406961
72.613065 32.406360 27.046536
79.067192 40.555436 28.201226
19.474206 63.107476 30.812695
74.430315 0.134745 25.066860
35.266506 41.696350 30.400954
60.699990 57.000766 29.733168
85.196680 62.925137 26.913795
42.529899 69.328487 28.232807
25.012405 6.350719 27.034258
58.762408 21.370043 28.641108
95.734796 77.511196 26.701346
53.843625 90.284569 27.383442
4.588234 17.745281 28.543067
92.738408 75.603950 27.390305
93.446163 83.912079 26.825975
41.821189 59.380958 26.095472
61.340888 40.067589 26.374358
4.903186 49.847539 25.462176
65.406026 7.807570 26.151798
56.771564 36.760460 29.714556
43.781442 11.592528 28.117607
70.917888 32.513268 29.153182
37.090191 95.236330 26.800178
87.036757 91.565955 26.308552
89.123751 94.198991 28.311262
85.630516 4.570203 29.331593
50.083867 91.192646 25.627356
84.481293 34.844509 27.799454
13.023825 16.676027 27.745750
31.148540 9.501017 26.172221
71.042640 83.931856 27.266792
23.047230 9.969493 30.268525
27.691643 68.655750 31.241313
9.478518 47.188074 28.671304
3.141562 0.291951 29.794335
38.957112 5.385396 26.043397
25.780837 33.212456 31.104513
28.942744 95.182059 30.541958
70.693098 80.490551 27.060215
20.827789 13.702971 26.803229
3.739485 18.991442 26.892765
8.634452 45.340392 27.653965
46.031757 6.937720 29.705860
13.510779 16.959297 30.926518
60.823610 55.890052 28.546152
9.747814 15.317860 28.131823
51.354037 81.590283 28.562608
29.748714 58.102796 30.027888
37.976393 77.603768 28.971698
87.865944 31.515340 30.268623
56.330641 52.999240 25.896398
88.578310 25.295051 27.710565
40.488255 90.278154 29.665499
53.153985 39.784569 30.122992
88.903136 13.698835 30.994966
31.507321 13.875600 26.719398
95.601833 57.758904 31.244078
61.256749 40.214994 27.593946
71.261951 62.414532 25.021250
59.041977 60.338947 26.836735
4.547544 19.820328 28.837315
94.841587 24.298313 29.031348
83.917451 16.227068 25.915674
77.026404 14.304588 25.847952
75.053236 72.440168 27.536745
52.174628 34.161673 28.220599
29.086702 40.651921 29.175982
34.624635 17.461268 30.114612
30.516056 49.458414 30.705710
9.289290 86.019372 27.369568
21.396799 73.788966 29.597788
87.844757 79.314841 31.133060
44.342861 29.695969 28.654738
48.460062 67.371197 27.329744
34.785731 34.706387 28.941104
89.671211 84.654363 30.378288
64.752230 42.270903 27.846305
70.696923 29.923834 28.008053
65.867919 3.617078 27.034311
52.808754 57.120749 26.529901
74.748483 44.025759 25.714149
26.090288 26.214240 27.283531
87.619951 36.280197 27.247548
11.208843 42.425873 25.855049
36.790131 42.686182 27.070129
54.296930 51.601247 28.394355
74.884608 87.143985 27.794361
14.430068 62.298254 29.250813
9.411192 87.983250 28.320171
36.855950 13.218063 29.741790
35.598199 68.580970 28.487986
44.787321 62.787417 27.488032
75.680675 5.081159 30.516786
89.680190 67.559166 27.247471
28.349880 1.760184 25.730227
24.681192 88.631210 29.260513
10.863061 47.306939 25.153304
21.349322 89.775853 27.998304
89.681697 34.770689 30.679440
51.072661 43.410123 29.731085
8.441423 21.996755 28.380998
53.593979 25.765672 29.673982
43.006872 23.291455 25.331574
8.363103 91.106746 29.112685
74.090603 97.496802 26.721354
62.588427 21.469467 30.176507
50.695099 47.615490 30.960827
76.039035 59.952621 30.581925
70.620485 21.738806 28.324018
7.556611 74.693198 28.331491
80.003781 81.540725 27.977536
31.371733 69.522222 29.304052
89.996169 80.323563 31.128502
56.854473 31.832457 26.615326
34.896686 59.038595 26.962781
43.127217 42.728915 30.561140
55.992174 85.401965 25.485211
20.893296 49.608392 25.484253
25.409478 95.843369 28.608435
70.494236 83.994003 29.999267
13.663027 39.744309 26.098038
30.467854 65.405540 28.403214
48.064127 60.045895 31.003028
24.222386 14.778952 28.358677
63.697059 13.850767 26.324216
94.584755 11.417668 29.151343
87.397011 87.313671 27.903913
45.311590 80.871302 27.410617
6.708506 5.201034 25.118705
19.549438 22.202290 30.273824
88.561703 61.471980 28.101143
30.452015 96.697121 26.460068
82.220537 38.719295 27.369066
31.888077 37.552672 25.613943
71.410562 93.237687 31.042458
35.988159 70.868755 25.124553
70.149087 17.312295 25.895457
53.225106 54.336369 29.945728
86.430161 29.292688 30.960473
43.691601 31.538352 27.034320
61.010006 66.553672 28.688752
77.413090 4.992340 31.214185
90.511816 38.090850 27.539327
85.666225 9.818581 25.254039
54.969428 36.758116 27.039821
95.614694 28.796541 28.528175
44.941688 45.749452 31.174371
1.835378 30.890715 28.034385
36.478032 41.280757 29.201658
59.430265 11.324182 25.082876
32.574969 98.393205 28.334936
80.147840 9.711275 28.874528
26.387744 60.523522 27.438224
44.229107 54.946187 26.261722