34.803852 75.554288 25.488566
15.072540 45.420631 31.041364
30.152815 40.591101 27.540640
82.086631 92.876197 26.231798
71.704605 80.428513 26.311602
70.105272 68.307833 30.036326
44.452682 68.509492 29.131912
23.159637 57.831913 27.521128
15.910368 54.421795 26.957433
63.722560 56.243043 27.228555
47.864897 10.154006 28.150392
70.903556 91.146318 29.254046
43.302047 82.965873 30.374129
78.313535 42.826431 29.480962
87.998741 27.820296 29.699254
21.022591 15.320708 30.108801
88.947114 83.910640 25.005113
3.322668 79.343121 28.395049
11.832441 51.721525 25.605394
69.356799 51.043218 30.939439
20.928416 29.095642 25.774973
4.531004 63.451225 30.943936
16.845353 70.931507 26.285894
40.521935 22.109170 28.590331
49.474670 4.223869 27.731081
43.111147 67.883973 29.116257
16.056834 26.209049 28.662998
39.939216 9.760284 26.412045
20.926917 49.957655 27.405919
49.837871 55.526028 26.675747
47.635287 39.813770 28.976989
50.664134 23.920407 26.414469
61.795574 5.534807 26.922833
41.735942 77.609971 28.237862
38.070167 42.575727 25.724859
7.600897 37.721000 25.853598
28.480591 88.389575 27.069574
5.471133 23.965011 28.710214
81.656769 67.935155 30.462365
71.689624 81.574162 27.981405
42.475197 53.751554 26.743089
65.687506 63.841666 25.862313
57.354296 87.787017 25.103312
7.075086 84.061484 25.457624
0.639032 60.574300 25.030927
12.045362 70.787895 29.790498
4.417602 66.912289 28.908296
18.726775 15.742966 30.503634
93.894934 78.024612 25.495809
74.547003 40.288849 28.213395
8.121200 83.728098 27.659918
97.188496 58.190349 30.058793
21.831242 17.168461 29.276718
20.246827 94.321514 29.736534
8.912612 36.477106 28.924246
65.705220 15.374333 26.073634
74.313724 62.862810 26.075795
2.693339 67.024612 30.861646
70.211622 96.920326 28.792932
20.467135 39.072891 26.787888
6.233854 60.745398 30.909238
62.511095 39.313910 28.444064
92.110430 57.655060 30.753525
18.114943 71.660692 26.636460
22.564801 39.209410 27.092830
69.202896 69.295350 28.039440
10.690236 69.611345 31.222058
58.114786 60.381119 28.281449
15.193193 44.296860 30.079438
15.983445 6.861952 25.183177
97.415635 17.139077 26.469568
66.915201 91.791605 28.259766
53.736856 41.169814 30.667196
71.556970 27.619937 25.433994
11.931933 2.824271 27.880901
6.941511 3.104403 31.042430
96.771169 36.403120 25.363585
41.934568 18.982979 30.735992
75.186252 48.985194 28.007168
39.915605 52.461492 29.489643
79.282069 32.060150 25.043249
89.028480 85.769987 27.556566
1.626407 46.678467 29.615495
27.581372 72.456085 28.044441
56.649928 49.039975 29.938569
27.453106 14.047879 27.076800
67.140401 2.353044 28.396134
65.394861 69.798136 27.300226
62.232972 11.629915 25.004534
71.258873 34.931144 28.961328
23.971900 50.820486 25.985001
8.283746 71.770755 26.238028
39.703317 46.621107 28.416158
81.791103 7.020070 25.256616
78.732377 20.202312 28.320439
92.008539 45.614298 26.051215
5.720318 98.682755 30.977743
51.951504 35.085982 30.605083
82.757452 19.706699 28.905180
11.378895 45.071546 28.908389
4.899346 59.432055 31.231833
38.109277 44.745522 30.620922
30.638695 72.761109 29.122942
94.094280 59.363204 27.132027
33.015646 40.077091 29.859060
96.504664 51.326757 28.420323
36.247129 51.525216 29.030893
26.226249 99.655866 27.183186
65.014294 41.397637 28.481223
5.990099 7.384287 29.575973
46.074471 71.058506 27.200090
94.789427 95.568448 29.195025
33.479781 74.372403 25.008876
57.606651 11.925938 27.815126
12.967604 39.071161 26.073235
95.623884 86.904297 30.876704
67.296904 36.827080 29.975645
4.178740 91.135735 25.021360
74.932145 92.474554 28.691360
18.620922 42.290959 28.694672
91.546282 40.138282 26.599455
58.463790 87.199496 30.535834
67.535057 1.878671 30.974846
17.336121 69.001371 30.386895
47.069075 64.070247 28.951077
48.951432 28.860197 27.050662
52.159818 37.741466 25.543519
25.146819 1.582290 30.744198
79.612767 99.980460 28.457527
62.066381 62.467469 28.609444
36.329909 62.506361 29.008703
14.770136 99.849983 25.208172
87.662190 87.549740 30.369043
53.715421 61.793265 28.607146
36.485284 86.144618 31.124716
43.977942 85.167820 25.998396
78.971988 18.753057 31.195480
28.205651 55.760228 25.895015
86.501259 53.635788 29.250587
49.366756 24.775219 29.637372
75.518229 66.219694 30.189604
64.052540 53.083982 27.497639
35.418750 98.448432 25.560621
50.494222 60.280407 30.034037
82.382889 20.441523 27.389372
21.021651 34.829541 29.660208
46.635831 34.479382 29.111129
27.230893 81.878361 27.589658
53.013137 60.184689 28.782309
61.245341 68.751462 28.917838
66.017855 94.140268 25.909164
6.075932 14.759165 30.837528
57.846461 97.858314 27.222176
99.064108 92.317192 28.213719
98.274204 65.285188 27.139258
29.980006 11.850512 26.884289
6.355347 33.395458 27.983777
75.155211 62.409481 27.615631
92.294133 2.930907 30.996581
85.954286 51.685115 29.528629
48.624094 52.195622 26.126691
80.750232 78.436404 31.127645
95.722293 90.117981 26.425094
26.000746 44.157360 29.281185
25.071391 14.103142 26.880846
59.672196 8.356885 30.089154
77.588129 20.589213 27.722130
24.176250 69.474596 28.005653
39.556524 75.750194 28.425751
23.488097 22.991814 25.018484
59.444517 18.549294 29.194890
78.280148 57.910471 25.081997
9.577120 12.817772 26.877148
76.598167 70.868402 28.875100
48.838374 34.273235 29.684160
86.314243 3.361238 29.580225
69.109585 85.217025 28.828535
59.774922 64.093013 29.591868
68.262425 78.500271 26.295493
55.596802 55.827804 29.777406
63.131923 54.278797 31.198076
48.807652 74.465832 29.921165
77.676658 83.596912 26.315927
27.482290 39.936839 25.767382
42.781583 24.272115 25.204210
56.897360 38.583039 25.931108
81.864582 1.570816 25.900138
43.242023 44.967662 25.908064
62.637002 84.516086 30.685958
49.238468 5.944456 27.169667
59.945062 43.983335 26.118999
13.335743 17.522480 28.172720
72.787424 34.543610 26.121964
59.782498 16.917078 27.595704
80.001835 7.109969 26.200423
70.626190 64.791219 26.818066
58.176108 60.357766 31.073456
11.439723 63.748126 28.835152
26.390679 54.472308 25.943972
93.796287 26.119830 31.138658
21.040098 12.113476 27.791970
8.934448 61.627351 30.852973
95.241835 42.179802 27.854805
25.566005 86.893679 25.706163
42.136177 12.162970 26.321093
8.640635 5.124906 25.573792
43.662342 60.930450 29.035899
83.754587 34.368790 25.889372
47.096464 60.414938 26.355169
87.369852 48.339621 26.425416
47.349749 25.968979 25.969791
67.849833 63.287524 25.119422
55.553532 32.187947 26.818969
44.181367 73.375651 28.342306
13.724726 35.462581 25.909454
3.862121 80.334807 27.753620
89.930390 17.744451 30.675934
94.213632 80.657204 27.392854
16.035063 93.619849 25.807361
8.933275 77.628884 30.947843
56.915775 19.752512 25.426731
25.051266 75.638210 25.048585
61.547631 23.253893 27.587176
17.509996 22.447473 27.248768
68.386134 77.914078 29.166037
86.810285 40.459498 29.184993
31.764132 20.017023 27.383495
12.445315 85.797216 25.558669
86.296336 39.061276 29.659413
70.941505 37.870894 28.089277
77.857799 45.812393 31.044972
59.356911 77.341222 28.573523
36.533539 30.812655 26.871590
67.126280 32.542617 28.305908
82.814272 38.422395 29.083718
77.190533 27.289910 30.541183
90.285103 77.607980 30.601864
60.857310 43.535070 30.353835
57.774293 31.879053 25.910555
40.968213 17.886221 25.277025
16.320275 50.854846 25.034330
3.160150 64.436920 27.323760
88.632581 50.204472 28.591643
55.361456 65.458792 26.165491
8.578068 51.770577 30.741801
13.326408 29.380466 29.317733
73.151264 6.233409 28.608658
8.407704 71.645638 30.954121
61.734850 2.710656 29.450865
89.870887 98.657030 29.693170
62.845953 85.918024 29.500400
39.211179 17.220161 30.146485
78.770357 20.321852 30.286982
71.404322 10.035056 25.033451
65.523973 7.778785 28.298522
36.567218 90.415324 25.134441
42.607689 61.796425 26.901682
74.449568 19.154999 31.216807
55.259442 46.975922 26.372555
68.027671 34.729903 27.008106
41.784419 1.930459 26.410088
47.900582 59.703647 28.298562
5.399760 86.035044 30.473977
28.591731 57.981862 30.157949
17.437656 14.230134 29.406127
51.259212 91.959484 30.857771
77.591231 43.302790 28.978357
74.960450 52.481297 28.550045
4.022376 15.178354 28.913102
11.764747 72.066825 30.425747
35.760440 3.372290 29.360954
60.935152 20.899027 29.892450
41.747625 76.264937 30.834621
94.104674 21.029515 27.921256
81.773349 66.127368 29.235943
66.219854 30.940053 25.404289
42.655415 39.053053 31.209236
97.430505 85.345065 25.279501
68.364349 3.930643 27.171859
0.028916 20.885055 30.115465
74.351335 68.346750 28.290049
39.763984 39.409446 27.736687
55.354486 30.096069 27.703764
87.132477 89.727889 31.232873
37.589915 43.057999 26.768502
35.362563 55.743788 28.256832
82.050800 34.052977 28.717673
53.938379 38.525312 28.708557
66.894349 94.814949 27.642279
93.148383 23.904549 26.563462
47.948200 36.787999 30.399515
12.344975 45.142505 28.400114
55.598090 43.586568 30.927466
47.080543 61.162510 26.226900
26.107802 68.080451 30.585641
13.432386 45.306623 29.587700
78.438324 76.697618 27.581911
51.429101 0.245437 31.158194
58.724849 63.466076 25.994004
88.893846 82.369241 29.203105