62.282104 68.733216 25.417168
85.142822 77.606911 26.572639
81.421374 39.547552 27.350406
94.747475 99.038747 30.892693
46.716847 26.567259 25.720130
48.824148 1.819528 26.815069
59.416029 51.235937 29.488369
92.467778 63.012665 30.994048
80.498248 22.019301 31.179667
6.049068 69.806140 26.262999
92.105651 58.162457 25.726340
82.420950 83.810040 28.928504
31.004157 35.703909 30.561117
91.720411 46.414620 29.512901
3.686414 41.557785 25.789193
84.298123 71.789885 25.135623
90.314077 3.415455 29.916337
24.032353 24.879117 27.824575
71.778643 77.145338 26.752782
62.949290 49.741634 27.608593
51.696758 8.740558 25.737177
89.435185 8.348775 28.034959
92.250517 17.348020 30.606841
12.787206 68.227417 29.162651
46.014660 11.877277 31.098968
22.905348 74.907969 28.916958
48.300873 1.946461 25.222985
42.243733 60.002676 27.178456
71.885910 19.334636 26.771716
23.883662 1.763240 28.503251
86.396195 43.624437 28.713575
58.907531 1.133511 30.324338
57.080768 84.649783 27.081585
49.712450 45.605830 26.886952
9.012747 43.089651 28.445439
58.808060 19.611263 31.219380
92.747473 72.883881 29.082155
93.169874 52.643061 26.315648
27.402854 89.695529 25.363319
43.962571 3.321083 26.010698
0.015799 85.179978 26.916747
6.067671 29.044347 25.393304
40.793078 63.174773 29.505810
56.011396 32.525352 27.970826
34.264511 43.871961 25.149441
79.028547 46.548352 25.284190
7.392901 76.782618 30.228546
44.303891 97.296528 29.645665
68.637745 32.103158 27.195218
11.794259 84.712989 29.581820
64.740382 81.179404 28.955302
70.582392 53.602045 28.264088
30.739269 97.346365 25.873234
83.849571 70.717204 26.961210
16.904382 29.703577 25.079892
19.782142 38.245080 25.328965
56.849166 77.674129 31.060908
55.440857 79.072631 25.774124
64.492089 22.439179 30.637555
33.318571 55.498240 31.166362
97.288504 22.801140 30.494920
48.078659 92.124069 27.665843
40.503062 69.546812 30.808998
76.881644 58.699233 26.621226
36.594189 57.130043 30.223529
72.166454 18.873677 30.754889
14.879256 6.707940 30.616554
72.950369 71.844679 25.048064
46.741383 3.398356 29.299125
44.125786 96.284871 29.859524
85.634350 78.023447 31.204285
89.658625 94.836435 30.735292
74.127175 48.714759 30.900081
45.415004 88.603910 30.329271
11.155127 70.664948 31.174189
80.979553 7.429731 30.590988
99.256134 95.097509 30.582869
27.295238 65.287654 27.629260
95.126470 57.158820 28.279279
77.141951 2.772130 26.927069
42.283968 56.008482 25.245430
98.655800 59.055254 28.429176
83.935426 84.235545 30.770028
64.410951 60.034225 30.406302
89.262074 70.312926 27.856261
13.190742 1.880580 26.997783
24.161039 30.443164 27.969205
19.967007 31.243755 25.752764
97.817309 91.213679 29.510208
35.893434 48.183353 27.390697
69.933706 0.662746 28.736763
48.563385 37.768918 25.155022
79.838713 82.718018 27.390803
53.558682 62.233674 26.911191
24.001971 50.965813 25.864189
89.897406 52.750547 28.377283
33.974254 36.616071 30.056873
39.741693 27.517520 29.910494
55.623990 98.639102 25.074655
96.346198 76.426316 25.671273
26.151765 88.762049 29.009279
83.359676 70.586767 27.466683
85.992484 90.076606 29.984071
42.746932 73.241892 28.160791
88.865542 55.344630 27.103706
50.756050 84.913108 29.995111
79.796016 92.051485 30.356630
30.289868 29.712234 30.175456
89.946607 14.671390 29.747447
67.240473 12.076234 27.954148
26.726078 3.938985 28.579900
44.563183 21.990300 26.790865
33.340946 75.658577 30.780149
48.122486 19.209561 25.471891
98.834670 87.347766 26.829760
34.798234 61.607467 29.537044
10.048845 77.954964 25.957497
36.818699 39.334449 27.173292
81.438159 25.003061 27.220815
42.041159 55.148164 30.154736
51.079177 17.322445 28.812958
48.381193 78.504151 27.254744
59.715650 22.491768 29.729783
53.157332 21.254533 29.763800
88.747524 64.121921 27.327199
90.351366 51.916571 25.566501
64.268911 25.510608 26.602227
5.683723 39.570016 30.659796
68.287452 90.355568 27.273120
93.878698 18.380062 31.157963
84.483674 43.647060 25.287399
87.197639 18.601612 27.310096
96.735356 83.403812 30.585976
66.692835 4.952937 26.606235
77.826739 99.535703 25.921869
71.586566 67.262160 27.218352
23.878966 99.016135 29.614557
92.223026 71.324461 28.186082
76.840715 53.892198 27.272896
99.212477 37.678176 31.196445
40.451107 88.781411 29.762046
47.427864 62.345842 29.185810
4.556148 95.600150 26.357736
87.460463 88.615696 26.323946
25.262688 93.641483 26.467809
0.389368 9.327946 31.141174
20.973044 60.085432 29.064324
8.612846 57.811939 26.768363
57.017267 95.649201 29.927426
86.342112 92.811202 28.137865
91.935093 38.210842 29.657653
17.923160 41.527810 28.879242
81.002122 89.893419 29.838188
26.143000 68.478084 27.003045
39.069269 31.662013 29.033602
51.742223 74.070350 30.357606
41.940646 53.207644 30.385841
19.277373 10.886670 26.937076
2.420915 82.687972 28.478112
61.773843 20.017514 25.342484
57.814509 64.225130 30.903073
97.232128 1.806364 31.125299
92.207553 19.551634 26.088679
21.143741 16.352413 29.695790
1.749023 20.552534 28.224160
15.059090 47.396590 26.932175
59.920447 59.033958 26.423590
12.029793 5.472158 25.873257
19.408603 87.394437 26.014250
50.399249 46.178212 27.324560
51.442235 40.442529 28.076758
62.752548 63.489967 26.532992
3.322838 44.011317 29.201599
69.379949 97.269516 26.832617
47.402348 32.282761 26.700343
23.054814 2.606032 30.174661
6.117458 16.691842 25.941422
4.822466 66.974634 30.599515
62.377372 97.030052 26.020413
64.838135 49.233735 25.768082
16.185385 28.066717 25.756932
43.492226 80.436494 29.565638
48.353978 44.325876 28.517626
68.692901 87.641127 30.988386
64.836862 39.318108 30.638312
75.327777 39.280372 28.311300
53.441909 62.846183 26.607453
89.509984 34.862417 25.428342
28.521038 62.751994 29.946145
70.106945 83.435526 29.261434
87.754570 77.109090 26.274279
83.903852 47.907147 29.557238
25.182448 51.427683 28.507676
23.095120 97.269063 29.074307
74.353480 35.107643 29.303728
93.561552 39.874105 28.520975
39.331563 76.776230 29.680302
10.282332 13.736149 30.714393
66.984955 75.076031 25.675972
83.653533 46.953244 30.717519
59.575429 46.540606 28.465827
57.835064 12.154530 27.967330
32.719073 98.231811 30.441861
24.926180 79.110220 29.196262
27.328411 57.749215 25.901133
35.083603 14.053446 28.047068
50.527089 20.878177 25.035076
8.159683 73.463100 26.237067
22.282693 25.057779 26.221964
77.278650 47.990505 30.571320
98.093206 42.990580 26.948418
64.642657 87.414818 30.990877
86.708821 85.797420 29.415403
66.016749 7.539030 25.305948
78.506754 27.572445 29.854976
2.346024 56.150650 25.861598
31.329086 22.870477 26.469049
24.908248 97.809418 26.593578
53.779244 48.705111 27.630867
23.201583 13.333975 28.534548
70.900020 38.502830 25.525883
86.103962 50.834478 27.901156
17.451287 73.574506 28.681261
49.948153 73.496247 26.840135
22.755814 46.505754 27.445340
96.705281 77.038243 30.750938
85.806063 74.720076 29.577563
90.534053 7.293969 26.255707
15.721875 92.752676 29.323002
18.611901 60.175544 25.398872
45.551432 49.301404 25.489681
99.682416 87.076068 30.926327
93.002431 54.025881 27.340108
9.479241 6.224307 26.384380
81.092471 89.701785 25.892069
33.142315 59.205233 31.242208
37.924387 28.708191 27.995916
38.328775 4.709797 30.587269
56.028430 47.441227 29.821904
29.189820 87.738223 30.035549
14.885805 78.887492 29.485746
12.070138 92.108118 25.983158
64.394726 1.110065 26.720104
93.094013 28.873029 30.589490
20.544656 65.444331 30.750833
96.324372 30.919253 25.656221
50.673970 52.430329 29.535968
80.901170 26.479944 27.985928
46.833351 31.859165 30.750955
93.075150 41.724222 30.301637
7.697769 73.552652 28.483506
28.947459 44.693320 27.135167
17.502368 71.730745 25.052760
36.537033 70.538075 29.085560
67.844919 73.842508 31.184744
4.667343 98.448641 28.078035
64.736828 99.720120 30.920688
39.394914 7.528636 25.583775
84.363139 98.619301 29.248113
27.914780 31.600467 30.580510
56.294310 40.479495 26.309046
74.180047 7.104456 27.747943
38.533091 93.571230 28.827718
37.111605 18.746540 29.778052
73.873150 8.726819 28.673474
26.009366 30.826118 29.728982
50.079400 64.209572 27.950493
72.871796 27.465566 29.258929
32.204326 33.026311 30.424338
53.994932 33.492312 26.265263
91.823218 7.349114 30.227626
60.129632 50.229562 28.461904
88.723666 10.670643 29.679012
98.800158 42.466328 30.051957
26.266067 26.894271 26.133074
61.205669 59.507622 29.668738
62.657032 70.696088 27.898588
61.381070 73.503834 30.255174
39.617340 35.339008 28.284889
19.874603 34.413470 26.263938
77.064846 80.970807 28.449345
75.979885 6.481676 29.153610
57.189086 13.995091 30.640486
71.849073 60.548415 28.708886
98.016185 47.759636 30.701929
96.864105 75.006826 26.302714
18.705987 23.410140 27.501105
55.925758 42.711613 28.970184
50.283583 29.689885 27.313022
41.243137 41.123810 25.203791
14.674183 6.995981 25.869695
84.941360 34.453335 27.712576
12.556028 5.613349 27.727983
38.899367 26.821102 30.754338
42.830632 47.840011 26.270114
72.161258 31.999679 26.809812
87.493433 41.125307 31.026509
45.683384 98.416727 25.352895
93.803567 0.102689 26.501880
77.017360 28.268577 25.887331