92.423891 19.831484 25.233338
30.884757 87.459610 30.207271
61.927014 43.562408 28.909958
62.318594 26.937232 30.873881
42.472321 16.710758 26.745166
59.863873 66.120552 30.578830
0.783442 61.950977 27.213148
13.126807 6.048077 26.775270
93.205146 92.111451 30.246615
22.470092 24.989863 25.683142
10.223786 67.953794 30.517259
23.478608 0.730001 25.084061
32.198580 42.354249 27.272468
97.439352 8.995180 30.678152
96.270901 4.391595 29.845544
32.513505 27.474512 25.678556
86.125527 16.919347 25.091406
52.621296 22.429515 27.802898
99.627606 62.864822 29.148743
78.762902 96.973470 29.608901
40.374607 74.750227 26.714456
62.354132 83.207205 29.510448
44.920422 12.204697 28.765046
55.691841 89.026901 27.413603
64.659925 10.724030 26.845973
21.535107 8.025601 29.522376
37.934819 59.836772 28.648414
38.619362 76.326688 30.292021
84.963022 36.471299 25.250321
81.308255 71.300430 29.278392
5.337008 98.491828 30.313867
58.967706 28.878202 25.851644
3.926985 35.726567 30.803896
71.686311 59.094700 30.790314
33.444237 80.200071 30.476582
16.166219 19.184310 28.738559
38.392945 54.777708 26.963682
33.726631 81.901189 25.539383
77.676562 50.609609 26.522289
44.834509 22.718689 27.312541
25.020652 36.474674 29.756571
20.714794 43.895561 27.827663
44.339536 37.951904 26.323886
61.140109 4.281798 25.559295
22.824308 19.152560 29.528773
75.297472 57.745594 27.335481
97.165997 74.932221 25.132270
41.009019 99.900047 25.171987
79.057234 95.781082 28.909357
3.009768 23.939324 29.983989
54.850688 7.563194 27.764185
61.833561 37.662307 30.494592
69.995847 23.580726 26.327564
79.742258 1.964164 26.316070
94.781560 94.360931 25.479443
44.222201 2.539756 26.001413
44.211190 83.998657 27.447688
35.136848 33.375443 27.834630
74.276731 34.578825 30.147625
54.978311 75.489416 29.469653
99.172841 9.137542 27.558992
6.434378 97.471235 25.366114
88.684366 67.790030 27.183363
36.575967 44.111790 29.608857
48.066334 53.383477 26.840235
12.841023 43.016445 28.063102
11.502267 29.787613 25.498618
5.948413 57.279307 29.780092
41.552886 6.710525 25.031550
87.270144 73.758236 28.612838
82.237304 62.102623 30.857102
97.844242 81.557479 30.671693
40.835255 55.901919 26.047840
31.847791 44.726437 28.323698
26.226045 79.011538 28.957819
14.559049 75.091890 26.007010
84.051954 65.685880 27.777338
24.326863 2.456760 30.839377
77.536738 40.172495 27.270923
36.392947 47.543422 29.178798
11.395853 37.221445 25.342509
55.458502 94.105917 27.270968
83.586098 90.155414 25.880163
41.765789 16.451131 27.455775
26.358164 35.324813 27.686061
4.242031 82.906200 30.707142
4.822172 79.869416 25.589258
53.770567 6.183996 26.311677
35.233751 52.687360 25.320505
53.601396 46.470476 30.904976
82.987076 57.507358 26.894731
64.086282 97.887361 29.164190
90.833461 53.962191 28.273307
92.651855 49.903899 26.016727
18.661480 86.624070 27.511500
13.993592 15.516270 28.322374
54.697213 65.205942 27.441999
34.225791 70.284574 25.456235
71.636730 44.642072 26.830158
66.611985 21.616021 29.079270
58.818939 2.689136 26.226241
60.056301 33.419811 29.161926
49.768947 54.648409 30.761608
52.262141 53.847264 27.750912
89.076217 46.205959 28.985327
82.915525 66.337089 30.631675
93.345800 12.389897 28.368237
60.410835 14.626348 25.320435
77.017379 47.485290 30.875225
54.395684 75.905438 28.705774
28.625027 22.304833 30.242813
89.640795 5.807476 29.042440
80.089830 12.679196 25.538273
20.871467 62.733619 26.611541
41.287911 57.748876 25.619506
99.676285 95.978132 26.833939
46.587455 64.603172 27.526366
69.472940 1.092962 26.195476
36.999915 36.172233 29.247377
87.552356 79.814924 29.393392
42.331620 13.231749 25.005239
71.014218 74.934881 27.742345
11.059634 20.879421 28.428497
9.062648 31.456067 25.436179
43.068191 7.954580 31.131929
5.130793 75.739346 26.462477
85.436506 66.931148 30.512702
24.338054 99.030010 28.236993
67.827577 63.961764 28.451518
39.957002 0.649004 26.409008
62.079141 23.816527 31.118113
98.943138 85.830468 25.309716
76.595967 96.092480 30.808942
3.983650 27.732322 30.438042
50.383317 36.330950 29.734929
32.449169 35.108432 30.053593
90.317049 65.523121 29.546992
55.544308 58.932568 26.893268
80.328897 15.445396 29.127791
83.698631 13.709287 30.909635
5.101318 52.069396 29.232932
97.767758 74.300362 25.833526
8.578574 0.649575 27.917497
88.790967 68.391477 25.987436
28.184613 85.724273 25.811995
75.977719 44.258351 29.412162
41.533776 43.751809 30.795254
9.531300 6.965330 29.625338
48.613823 78.639948 25.424084
20.860652 4.245470 26.061959
67.894197 62.386130 27.912803
99.749518 49.696388 28.202154
74.592368 42.922458 28.636104
93.195777 75.843960 26.888497
81.630086 99.500340 26.035757
52.303559 49.524358 26.376052
89.857062 64.485008 27.598284
29.007040 80.108193 29.534841
54.056266 29.484055 30.776125
46.459361 18.108511 26.947171
72.205937 81.560962 29.575759
88.538402 6.108228 29.677052
3.623617 95.532127 30.301609
15.601433 31.215163 30.929640
9.358940 62.325518 27.924848
88.297863 81.435244 27.210997
48.855756 89.719774 25.796303
71.207927 94.887207 30.918054
24.738571 85.368181 29.624503
32.322757 10.581363 29.637111
50.060100 54.505847 30.795189
99.294184 66.239782 26.013372
38.143855 68.635473 25.730189
36.290868 92.799169 25.888689
77.447716 63.403241 26.998806
50.684950 37.799100 31.184224
49.501296 18.995711 26.028463
64.778119 24.012532 30.186121
78.102251 20.141151 27.916553
61.488749 3.481693 26.647001
48.952102 28.325767 30.897107
82.541853 51.056630 31.056269
92.583136 11.224884 30.787953
36.002885 2.714450 25.729830
68.732906 58.650175 28.578445
12.957898 83.712223 27.774844
28.275349 46.655279 29.556851
0.933442 98.164376 25.688186
7.407708 99.655021 29.748726
71.949133 91.440830 29.137213
77.402456 20.498301 30.296559
97.998864 11.414992 25.972340
75.608381 32.912840 26.925651
85.559131 33.894386 26.039329
24.416149 34.870674 29.863897
79.504134 18.772212 29.470003
2.608233 0.617184 29.612613
86.582945 78.621326 31.132602
17.799440 17.492564 28.809847
20.710155 53.633776 26.186263
10.436588 42.336624 29.595607
35.472637 72.280183 30.152834
49.512595 27.345514 27.330153
13.314125 71.222474 30.836558
43.854281 47.874985 28.922780
46.127468 29.585051 27.941232
13.275040 7.668196 28.970080
10.174677 67.080828 30.748131
29.083211 10.066485 29.374040
61.427906 82.197723 30.562128
51.629483 77.611449 27.116454
18.463988 31.470047 25.840278
54.686531 92.117591 30.718971
63.480702 83.557090 25.163331
26.827642 23.469276 26.289503
8.338096 87.297937 27.302554
60.900364 43.469276 26.863180
14.869057 9.468780 28.329842
58.677306 15.454543 27.401284
7.777310 42.947916 29.515029
73.047037 77.463062 26.932083
38.045870 6.743364 28.369494
55.054212 22.194322 30.842572
48.701022 6.990597 26.094232
18.371383 82.508739 30.035011
54.993715 61.630178 30.788500
97.421436 88.654914 27.393365
81.774674 95.923445 30.217829
73.123661 47.886167 26.963325
69.884064 78.279337 27.451984
34.652638 41.030420 28.696775
49.837012 82.888176 26.907386
85.025774 58.379490 29.162596
27.605297 89.592597 30.235115
13.485902 93.851942 27.772925
33.373410 81.029313 26.393541
25.683775 97.908627 30.902369
12.717858 28.238868 27.083390
77.817644 37.278993 30.996149
70.690469 50.912283 25.026975
58.283404 78.533174 28.670118
10.994416 80.659803 30.787798
43.967862 99.694747 27.404772
25.806557 34.041670 27.812401
68.654193 1.008837 26.247480
0.688863 29.125081 28.018027
89.681705 38.795925 28.064794
2.469529 90.326248 27.911998
53.902653 97.679825 28.693447
56.718928 5.918555 29.108642
17.253594 69.017146 26.266569
75.938031 1.834896 28.000467
78.480668 25.888196 31.205328
47.446868 64.312692 29.156392
22.569792 52.048541 26.809244
4.084049 0.225503 27.544977
29.735697 53.776251 25.569106
51.778801 46.778874 26.723510
73.184745 5.385611 29.263866
75.363192 55.945320 28.448490
27.967808 1.520399 26.663297
99.214063 59.307551 30.628361
55.168397 68.992756 28.854571
91.277069 1.752507 25.871248
20.021822 22.380089 27.941127
4.323783 2.722068 25.188798
61.196683 27.611848 26.818974
8.567127 97.991550 25.801508
58.124026 9.359392 26.050239
58.438616 49.199426 26.107174
38.186490 21.137680 26.026144
93.792338 89.170598 26.253093
39.925297 58.055232 29.186105
91.990357 67.894163 27.873024
66.021697 66.710510 29.449881
30.622461 65.730032 26.167000
28.578968 86.746309 29.320515
69.438243 52.844074 26.007664
0.784450 12.724586 25.079848
83.240506 60.498379 28.190758
53.926938 47.076301 28.633380
3.279384 59.149909 30.021159
51.959639 63.725137 25.661237
95.911187 92.309339 31.108931
51.533880 36.637191 25.319050
87.191536 6.187551 26.649263
75.860048 84.205049 31.094430
70.922585 81.679828 27.599830
94.984436 11.127293 26.621112
36.449984 13.259304 27.724660
84.259762 34.604870 28.072341
38.863595 11.819007 27.922847
28.119817 82.404521 27.337654
22.992996 46.557145 29.169571
20.781725 69.334889 27.306817
38.888519 79.077888 29.667111
0.895875 57.256067 25.944367
47.875881 42.457631 25.298901
94.052431 33.195281 25.413324
31.441282 1.891603 26.364803