18.228421 33.335845 27.899233
14.414895 81.010227 30.978108
6.517967 47.038783 28.657259
80.194928 71.416481 28.866486
85.096549 15.469428 30.629521
72.559520 34.646926 25.572452
58.949389 47.050755 27.699428
40.954514 53.733167 26.106534
28.528340 90.294630 28.832319
70.935754 96.782740 26.252146
99.693722 59.785163 28.970075
39.296311 16.111101 28.372892
91.403598 9.557944 28.664326
63.805453 36.786990 28.274125
34.438728 49.571361 26.555633
41.932008 69.607220 25.200816
41.856798 6.266831 27.828525
1.322404 73.657113 29.555129
25.200227 48.092557 28.286790
38.530374 39.126153 30.023242
89.801389 45.674148 29.143340
19.829250 93.893292 25.451098
28.742196 52.910405 27.398911
75.278180 98.752323 27.146908
55.009746 52.204164 31.074071
41.381863 24.347010 26.719819
87.818515 14.262351 30.988294
38.055398 24.655160 29.212140
77.654492 41.292167 25.598678
74.133464 72.270489 31.189731
45.538683 36.514375 27.240235
23.794303 89.640056 26.452928
34.279493 60.981059 25.419924
31.858438 45.792529 26.519808
57.794607 60.280077 29.485945
93.791335 92.068166 25.567207
63.595560 27.062656 29.693894
49.343644 92.820606 27.626838
99.503363 41.026761 26.290367
45.239112 60.032468 30.975251
60.493352 47.024837 28.393643
6.103302 72.894827 29.698532
93.985911 52.549778 25.412928
58.233035 3.234263 29.727789
86.697820 30.340526 29.820991
41.084131 29.589720 28.537461
56.040272 79.008846 28.743820
20.732318 32.194395 26.244767
0.921657 8.019963 29.494815
99.584848 90.303031 26.475000
39.085312 20.332417 27.504807
65.031929 97.347146 29.928290
56.541874 45.754696 27.772690
70.875588 69.577632 27.902933
2.135856 25.667526 25.884976
68.413452 37.217578 30.660614
52.968255 57.319624 29.158459
31.273606 59.912669 30.321806
47.930808 74.646288 28.899528
66.579349 68.165871 28.533727
81.435308 84.665050 30.852296
56.025363 73.330539 25.997728
1.381373 8.502092 31.235169
42.100575 55.099192 25.747058
52.485639 76.432116 30.711046
60.992215 48.295898 31.168083
65.436300 38.429724 30.223260
36.294167 82.067788 27.861331
76.921693 90.781174 29.300288
12.423757 54.500345 28.396403
6.939180 32.251657 27.710456
38.067510 42.618409 30.684009
1.221033 26.076139 27.653602
28.117451 12.251655 30.488266
11.650389 89.987714 29.238136
84.238533 4.468195 29.671067
92.814688 37.729965 27.048428
1.400887 3.674124 31.180093
84.270546 27.954024 29.413607
69.103303 20.133125 31.109891
81.614270 98.974773 25.660757
47.568044 58.374877 29.290005
74.759752 95.999347 28.608352
0.257549 24.032481 29.298285
35.496542 61.158904 25.399400
24.331399 44.547805 29.933982
25.929830 79.191005 26.333569
44.107121 76.583630 25.086131
30.434688 94.654012 28.457584
79.140447 25.052998 25.480662
66.878174 98.514082 30.755745
18.893683 53.091969 28.845675
1.081147 72.090657 29.518008
60.601723 49.452917 29.643655
42.814752 14.402824 30.605173
29.178975 89.994331 29.664399
6.995758 64.622118 26.646655
40.323460 28.077652 30.891725
10.784968 74.005709 28.766368
53.953640 18.070414 28.682749
58.340096 94.243391 25.473828
19.158141 57.702068 29.475897
23.719185 35.835019 30.830641
90.817417 11.291473 26.234515
22.485907 56.783324 26.518559
93.015383 10.804091 30.671574
85.757105 80.105067 25.604623
25.133768 64.151250 26.271044
7.508044 5.593473 27.976226
28.244253 87.186195 29.517811
59.436968 63.039870 28.249661
41.045382 13.676131 27.720096
28.004300 44.744322 28.886986
12.744300 61.870574 30.961332
18.250522 67.689906 25.139571
67.220268 35.374716 30.984565
49.017030 42.275272 25.531538
51.474058 66.011393 29.131124
47.566860 87.879201 25.719239
0.316718 59.516896 25.933542
82.651231 79.743601 29.913774
64.754621 52.911416 26.167602
55.575468 69.426160 29.262673
81.248524 84.699737 30.010683
3.268916 1.530799 25.423893
95.698113 74.565662 25.080820
84.585779 68.351045 25.636132
25.508912 8.777135 28.371813
76.636255 82.217011 30.735207
14.396410 38.236123 29.265621
3.296261 17.854152 28.815550
31.688879 50.110577 25.567815
13.005426 68.827645 26.831013
17.916590 38.088361 28.015838
33.138987 39.666224 26.044243
2.502090 53.970210 29.353867
22.958947 85.457640 25.135534
1.665425 85.099678 25.082991
80.027481 65.309012 25.444561
38.879148 97.360634 27.329898
73.668578 42.491981 28.901180
47.447244 83.895869 25.073299
85.298100 59.220183 27.317665
68.602932 45.362527 27.304516
53.184180 59.861565 30.145018
93.935807 73.803072 31.092781
61.029163 87.031959 30.759270
86.070350 11.144309 25.457352
60.580377 80.461918 30.892069
93.858767 84.242552 27.442832
66.869278 68.482213 28.424833
9.243532 29.585498 25.363484
80.461452 93.987347 27.752894
25.944224 59.126099 27.186606
82.574089 4.303558 26.092424
58.471159 12.071041 26.075766
8.885173 91.713181 26.668707
51.822284 13.372442 30.252335
13.579594 38.759022 26.283546
68.946362 68.547105 27.333495
97.300747 39.376296 29.444026
33.569681 96.477163 31.168535
19.825671 90.811874 29.035982
42.974662 84.756311 26.862447
40.272049 63.253701 25.438449
20.915905 24.351287 25.791020
71.853660 54.829320 26.172090
11.767613 28.971005 29.110102
21.847678 30.923815 27.537111
16.023646 18.015425 26.282826
21.239884 63.046714 25.941765
40.481130 9.093004 31.028123
12.345236 87.351583 28.463005
46.439787 29.773349 30.999353
59.047621 38.251617 31.024611
65.226890 85.834702 28.419369
16.516031 56.769075 31.127742
96.453351 2.551404 26.741142
28.605512 13.848155 28.257704
95.876963 64.260330 27.439841
22.401497 36.565412 25.998521
2.665513 97.991350 29.296852
73.012873 12.944687 28.981754
50.693526 24.823914 28.151784
10.706582 24.644685 27.452428
65.562030 78.060971 28.451158
36.213808 99.864413 27.197877
32.497271 64.630309 28.286384
3.787669 19.137655 25.688563
31.731553 34.986750 29.720220
25.085265 95.308512 26.749760
87.483359 21.173802 28.904134
48.853439 82.088058 28.600106
48.711041 89.859377 29.692682
66.623147 41.676498 25.450847
77.746882 22.661956 28.173653
56.974539 54.252240 30.260756
6.860885 21.839355 26.259013
43.978410 62.326448 25.243392
58.825132 80.918336 27.667851
90.448937 18.443899 30.303956
3.910474 84.507612 30.730430
84.405978 48.001857 28.581057
78.038574 30.087645 29.212478
90.967156 55.159341 29.280599
66.161328 15.855077 25.283360
42.585959 4.319484 29.772731
46.215316 24.179954 30.596168
63.610642 47.171392 27.161140
64.315088 42.571739 29.699608
65.937464 59.256911 25.719758
99.705563 51.978798 27.243600
21.538420 56.718269 29.240321
75.349007 81.643973 30.908633
87.492948 65.153678 30.279593
7.817243 11.112886 27.365471
15.333206 28.860552 28.867236
95.790621 91.997227 28.524371
26.550398 88.773883 28.030838
3.281689 23.302894 25.168550
30.120358 15.413451 28.970611
45.793920 27.857443 31.157176
73.328101 20.521279 30.774248
46.602114 66.762097 30.624048
81.369929 47.507030 27.817732
12.839889 24.235570 27.418525
93.120434 33.444608 28.616187
59.580885 71.471382 30.045403
75.362050 38.860252 27.326537
68.453301 22.691569 29.915193
30.914509 94.083154 28.091198
12.707804 60.780529 25.720924
4.562711 23.466474 26.883381
47.734927 51.381467 31.002764
79.670430 82.869272 29.254628
95.595972 1.255683 28.239194
17.792890 13.736640 28.832845
75.787126 60.103027 26.626388
9.807370 80.080605 26.706646
92.644235 57.735596 27.361486
64.021396 45.355038 30.675356
80.922409 70.208524 28.252512
23.373527 47.275445 27.566082
91.884987 49.167705 27.364632
82.056737 29.636516 26.078838
95.298125 40.178962 25.543368
61.834449 73.852902 29.510704
97.403927 15.324967 25.144763
2.084393 33.106174 30.046250
18.269842 54.360576 30.274112
54.435971 93.045146 25.681715
20.899804 85.945388 29.015971
44.384719 25.553293 25.201432
70.370579 59.313130 29.422116
52.380343 84.843328 26.327544
58.413404 59.887312 28.111388
35.886674 7.343935 30.379450
34.442256 72.478261 26.340644
12.325996 26.830501 26.828092
19.259656 84.867367 29.240357
86.443702 46.794477 29.432270
27.934595 9.838825 28.217132
97.428124 98.378230 30.253509
11.391978 79.858515 26.971967
80.909384 43.409186 27.993968
93.853859 52.097706 25.669910
80.557932 95.138690 28.218770
87.294153 46.728298 29.238811
20.278647 81.000397 25.781560
95.346631 67.361399 28.507137
95.073082 29.827356 29.144995
74.125521 9.544470 28.049978
9.681278 19.348530 30.098258
87.588161 38.002344 30.597289
64.666440 35.965913 30.864127
86.690246 89.118662 30.927499
14.582436 47.837477 28.258489
79.488230 68.852704 25.676752
83.104837 28.868863 25.896011
78.645471 42.962111 25.416975
17.457623 94.091530 29.425375
4.437795 44.921138 30.807881
91.891858 73.615939 27.583773
43.464441 46.499814 31.011974
14.321993 75.080141 31.179293
16.889888 77.791636 31.110144
30.777824 38.071412 28.920362
57.628808 25.103598 28.411507
55.699852 39.627013 25.641547
79.675337 82.168568 28.772052
29.612688 64.005845 26.346081
80.248882 17.549047 26.460993
9.766462 78.330210 25.433737
0.642132 84.726810 28.542851
89.803152 49.065325 31.179245
40.553656 57.083206 26.791032
11.173802 23.908771 28.116261
50.221175 2.694382 29.600406
46.982344 77.155284 27.904293
6.378620 93.371210 27.691627