60.062200 48.755383 30.615637
19.201753 69.033207 27.079632
90.078914 61.445047 30.718205
60.036252 99.124691 30.975892
30.532303 64.009232 25.640182
16.046718 57.188781 27.520164
58.656576 60.588864 29.957169
50.987799 20.950138 29.878767
81.110401 80.929437 28.753197
28.392082 54.270986 28.113198
26.919166 69.487631 27.014207
81.519382 62.927561 29.206379
60.778961 93.126392 26.838865
2.160596 84.654762 29.380619
62.636459 66.213344 29.735765
77.746775 93.836835 28.524765
81.355974 63.645436 25.758073
21.733150 44.358770 29.125314
65.262283 62.369551 26.325816
67.122355 96.602752 26.434848
77.312535 3.928545 28.122635
72.490477 46.507450 27.020856
20.114606 98.258804 29.458897
67.087460 53.310977 28.640519
66.384437 63.599684 25.956499
4.753619 10.522588 26.779917
33.746420 53.711532 25.173409
97.032671 45.664831 27.165763
6.768754 82.271480 27.228348
85.455898 89.256311 30.710639
47.690337 60.339558 26.267394
12.692833 36.171616 30.000278
96.946879 7.461750 29.837627
40.856930 19.306952 25.978574
48.090357 78.095628 29.608999
75.969746 81.028931 29.739905
58.186170 20.131713 29.493566
78.959390 21.432429 30.927273
71.064122 60.426480 30.767442
3.432069 1.390125 27.541101
98.768972 91.816067 26.928174
77.878039 55.918531 29.678684
54.130153 83.541053 25.369161
83.323819 48.401707 26.019889
94.592552 47.312098 28.179451
37.950213 94.009976 29.800902
36.548696 58.313447 28.166533
14.840001 10.155400 25.029468
9.826545 70.935154 27.573647
28.039404 88.522670 25.754793
13.995237 74.223647 27.557104
25.265347 17.918666 29.180945
91.483351 2.152776 30.939286
77.519806 84.986980 31.217323
8.894696 29.012582 28.709571
27.879557 82.574152 28.224134
9.382864 33.480893 29.188873
1.720972 86.220461 27.287021
65.948813 16.563259 27.016556
55.169485 31.042384 26.114011
20.953689 8.652810 30.680322
60.487600 32.197252 27.867423
86.405033 45.318947 25.625548
65.153844 7.312878 29.907739
90.373169 48.800620 26.113970
51.024405 22.971242 27.071367
87.042850 65.827116 25.812088
19.989414 39.200186 27.445503
88.407201 24.160132 27.271417
4.428850 63.380110 25.432390
95.278761 72.047927 29.517311
55.468583 59.231583 26.406031
14.775487 72.522528 27.605607
26.927731 96.409474 30.583780
52.939005 85.757209 26.675857
43.900571 96.531736 26.098133
52.844252 81.390613 27.003387
28.673942 3.774877 26.776643
6.786551 97.186302 27.313249
38.204664 87.937022 25.900848
5.799592 74.000313 28.444290
80.621004 78.501588 28.121431
54.125486 81.326971 25.759581
59.684847 42.657291 27.598586
97.354749 46.269092 30.696258
70.329125 29.799130 25.147818
16.479060 84.382359 28.373268
89.142630 59.015079 26.650904
44.799829 34.873264 29.364911
94.748092 57.751702 28.063133
73.455584 89.844608 28.571803
92.595328 24.037349 27.035451
91.989994 95.295176 26.108228
55.026893 33.737509 30.024024
61.615177 87.170471 28.749987
38.813280 5.861893 28.596203
25.359273 85.891809 25.421058
86.573442 94.135236 26.068521
13.727052 73.577416 27.456041
68.799731 44.144487 29.998093
87.869422 92.821303 28.590932
68.338623 16.726697 30.847777
77.816172 86.193232 27.491886
98.205873 82.748153 25.427216
99.320548 98.026215 28.772788
38.763775 5.446887 28.920882
73.742743 57.931122 30.661404
5.157841 10.201202 29.854509
4.760884 61.720606 28.190308
79.652116 27.551390 29.723043
7.443587 29.981068 30.787776
81.646384 59.168903 27.590714
92.501021 73.424374 28.934556
96.217672 95.680460 25.453245
73.378421 95.892449 28.092756
0.818666 91.811330 29.103525
28.238937 99.528365 30.728311
22.429987 35.915366 30.173527
32.504757 56.416536 25.511768
38.085204 28.888563 26.000097
99.432410 74.691056 27.900908
96.457699 17.669083 25.993919
55.282205 3.090496 29.729951
81.937655 54.449156 31.064627
36.807142 19.949037 25.173261
2.227193 24.129800 26.770908
98.669004 17.599101 29.789293
78.910548 96.601168 28.188755
4.276804 45.123769 26.439854
2.756489 58.152366 28.005289
19.438441 18.803216 26.847849
59.292675 26.063430 26.091415
30.520073 93.900596 27.999281
84.502521 8.502323 26.791981
33.309269 50.212000 31.114958
9.263806 13.262605 25.835941
62.681011 57.007604 25.063684
23.767930 5.449503 28.486835
52.326540 59.346983 27.930887
12.916078 15.644353 29.593817
63.573796 45.473353 30.602864
0.061351 77.973864 28.744854
72.947316 13.902730 25.805707
66.561186 95.782658 26.947830
88.507357 67.224248 27.255302
70.375724 94.556286 26.352950
54.192046 74.736701 31.054068
73.775752 35.622983 25.278344
39.088545 32.194021 30.330296
88.498639 79.521372 27.767469
24.445027 19.427499 29.850409
81.975844 57.220671 25.201701
34.436428 40.879726 29.439019
1.831365 90.302293 27.706242
52.743642 96.352748 27.109799
26.564545 9.824203 26.128067
64.538337 73.125899 28.788310
16.986649 68.874596 25.834024
70.949541 56.910512 28.354565
5.203003 47.621425 26.408922
80.816311 1.747539 26.541391
62.391898 55.861981 30.973467
2.233284 93.560907 28.335917
75.096481 61.761187 29.738076
25.953938 20.704491 25.222450
40.201740 19.243637 28.066583
22.827669 30.616152 30.050974
20.409550 62.921253 27.937323
95.588975 89.820595 25.282259
72.520729 4.051900 29.531249
1.049789 30.402875 28.053468
25.821309 17.108834 30.529637
23.278383 51.044555 25.133778
9.212764 65.266048 30.006715
77.071797 92.245214 30.386083
84.029169 21.171099 26.640844
53.935192 65.430493 25.903440
0.337728 78.038487 25.416257
1.817810 42.716459 28.224072
87.755862 16.284746 26.340869
85.885224 24.257189 30.287686
69.233746 39.022645 25.369195
6.930163 54.356128 25.806001
36.243459 48.823123 27.297687
92.062747 63.035864 25.114263
49.153130 15.958939 30.927994
23.568332 8.012135 26.495254
73.451966 54.127545 27.456330
84.110349 81.348617 26.351724
0.957262 67.436730 30.533245
24.205848 69.166021 30.102791
55.459375 75.955046 28.717551
35.033787 66.909784 29.039803
32.425659 2.791378 30.663880
29.043169 86.753934 25.216338
99.684366 27.420930 28.201930
76.670153 2.782628 28.020287
66.810618 52.920986 31.017081
80.514379 67.870831 27.077122
58.825174 70.816329 25.836765
99.371029 35.167866 25.759804
25.395983 67.563488 30.456554
30.747198 95.265306 25.215631
84.646019 32.524698 27.429798
33.697626 6.671068 30.075119
74.745520 44.092796 25.235913
64.461103 27.746590 26.273697
48.507424 42.647774 31.143334
99.180564 69.027335 25.442450
62.030174 81.577753 30.567994
79.032553 12.536579 25.751543
48.462468 27.539623 31.241999
37.948982 21.758845 26.942264
34.466099 19.719447 28.058207
14.913539 90.733891 31.042249
30.021381 66.918362 26.748059
63.733149 28.486578 27.727834
98.996248 21.214712 26.539688
42.168095 24.215641 26.834733
19.888560 71.404299 29.876418
24.769483 25.221149 30.418686
57.812031 40.359762 25.339117
96.371236 29.117131 25.383407
4.171890 52.613382 30.000297
98.003760 21.688694 27.385245
39.729530 45.663540 28.431119
80.978470 39.930881 30.499281
70.482391 62.004660 31.223566
28.528307 57.332946 28.776957
8.771746 49.411131 31.208305
61.629556 62.276862 30.965634
48.637489 36.756317 27.479490
79.603413 63.965076 27.839496
80.676131 79.730708 25.222498
47.716086 69.375608 28.449166
94.651629 73.808720 27.618769
58.865260 7.985741 28.516813
9.290380 58.485887 25.949368
45.155605 36.567979 28.222934
91.822560 31.279114 30.006658
38.787657 44.293284 28.637035
22.562191 42.842769 29.646176
81.157089 68.596485 27.034705
4.493627 68.435678 29.675706
80.017292 96.828940 26.757711
64.050224 19.667913 27.933551
97.889284 26.246984 28.800839
17.494813 68.918872 27.029121
97.370492 69.953415 29.836351
88.133922 9.544224 31.245649
62.081172 42.608226 26.947992
49.997007 62.753053 27.007257
46.323275 93.962954 25.567747
36.009478 26.027435 26.636620
85.985991 67.800493 26.623311
37.764808 18.757960 27.330489
93.174917 89.777857 25.819471
23.752878 40.481521 27.623177
52.209152 64.100119 29.326251
53.292937 86.054690 25.117349
7.642703 8.472545 27.629773
35.150232 2.332514 30.309347
18.103724 63.056101 25.953845
21.152961 14.592949 27.225271
60.621576 9.404313 30.483055
45.776622 83.013564 25.145136
3.652940 13.090988 26.301292
66.655879 70.318278 31.030898
93.472060 62.700215 27.908821
84.500633 65.998118 26.634043
82.853431 27.643063 26.403963
27.680948 32.774457 27.250322
93.818300 8.580731 28.988102
83.225641 5.626165 28.571811
60.131248 36.112068 25.083720
81.477667 62.415044 27.218544
37.044862 26.420639 28.035048
67.791101 74.614635 31.100744
84.211383 12.114118 26.485139
57.590877 58.292382 27.352291
99.930698 10.154279 30.487505
24.627430 67.370226 30.546398
88.299590 14.765955 28.946955
4.966723 78.793669 26.795161
34.382934 56.830010 29.651803
26.154077 72.578419 27.706031
49.700521 98.461652 29.605350
52.629783 55.223554 26.049619
29.712809 78.534345 25.430874
0.219975 38.498210 26.965691
73.833223 90.211715 27.865611
19.491299 79.525456 25.912148
51.227531 98.360053 28.241549
28.097297 82.333847 28.458464
41.161101 27.622020 29.962727
40.338015 3.072241 26.627897
76.259158 36.917440 29.389566
53.674029 53.364243 29.859772
86.408937 10.141111 25.910411
93.092567 33.429435 29.128748