18.387316 15.976918 28.757019
40.898218 64.731981 25.062973
82.713375 76.577660 30.189169
59.130284 7.500973 30.261157
66.160515 33.817508 26.990122
63.575177 85.140338 28.600880
0.313478 21.202257 25.238130
84.379627 7.653437 27.361820
21.361865 79.654747 26.012370
29.436395 68.924513 26.600566
59.535254 5.218628 28.001972
16.625891 62.720525 27.616143
91.506551 41.822200 31.234069
57.433625 92.701691 30.403881
82.620346 66.173892 31.091947
59.590702 46.822834 25.373954
81.793338 16.239933 26.237840
72.912178 63.194665 25.023019
94.361607 18.854487 27.240988
78.544611 11.089273 29.481112
65.784201 87.166671 28.205638
46.829360 78.967895 25.107810
83.099820 94.254261 28.635725
12.916878 34.012763 26.487732
56.312756 28.408572 30.141767
27.853631 33.260420 30.447028
21.812570 11.661350 29.008801
93.234513 7.291827 29.988772
55.770398 81.217482 27.056627
65.337932 17.261758 26.809704
71.536706 77.901123 26.924669
57.790576 51.841368 28.659203
88.804456 3.558577 26.631115
41.040951 21.653461 29.089483
81.272783 17.288218 26.907440
80.043026 74.231684 28.769730
68.427114 33.678278 30.702247
87.948201 1.546833 25.318221
19.364102 68.230076 30.323244
99.685900 93.172987 26.189793
27.406039 21.237061 25.701190
24.679139 40.124416 26.692940
82.339691 77.014147 26.049275
93.393881 37.181779 26.947244
22.242473 9.107990 27.552309
34.115633 20.163726 27.629228
31.525355 88.816844 26.180543
32.088644 65.600886 30.575798
5.889468 95.613307 25.890398
92.451650 90.974249 31.239529
97.039406 12.325943 29.267809
94.223747 59.844091 30.039232
82.427674 83.197821 27.464437
75.766253 87.884840 25.369971
74.947325 21.184787 29.817136
93.676285 93.826431 28.638250
6.088754 78.113470 29.968050
92.645408 16.420720 28.118278
68.358519 44.876478 28.068608
69.336915 17.795272 25.805264
82.400162 44.437823 27.006636
39.250755 87.182505 28.152842
0.931121 98.869511 25.706728
7.803019 18.168409 27.119805
25.147867 50.301078 29.730808
97.237961 4.617952 26.633552
73.659087 44.096553 31.053850
19.318539 19.914734 27.204621
99.474916 3.374736 30.303706
60.589408 37.834680 30.547180
81.389555 18.286320 30.517873
82.089245 38.163819 29.472183
77.564371 44.750908 27.258727
2.642721 44.350926 25.214255
95.420716 48.751735 30.200853
86.267956 90.010727 29.058163
45.915664 69.059962 25.333734
14.883843 70.951209 26.722302
60.862008 8.911525 25.473127
62.023588 3.124226 30.587960
71.652757 28.544949 29.124262
20.076134 80.371439 27.027870
5.465743 33.674475 30.554015
29.978877 43.686689 29.580540
51.295404 56.210072 29.622569
56.817463 54.506200 30.888778
88.700813 72.986611 27.123477
49.899873 80.439828 30.800704
22.629247 15.815726 26.056196
68.342322 98.189679 25.438337
58.470156 13.221886 29.176960
65.217697 31.467301 25.558485
30.658023 42.531055 27.312206
89.255600 51.390432 26.259381
14.640337 36.584756 30.338751
44.034303 10.586544 26.344327
59.863614 4.333289 26.966392
27.023737 32.416661 25.211495
22.365302 79.650427 29.766790
96.605554 68.083605 25.896097
95.129163 55.836017 26.747798
51.753030 71.875550 25.024464
23.399276 90.551827 29.136928
41.104171 78.143153 26.463091
3.105886 10.083525 25.751119
10.809465 75.955974 30.253433
96.184032 93.296320 25.396426
25.036856 25.043234 26.412506
96.160315 69.346043 29.854631
18.313406 63.564874 26.352778
41.331055 71.820350 29.178262
58.045433 63.975958 26.324863
78.162753 33.786034 29.265566
50.307980 48.913561 28.517910
15.315111 80.896067 29.111319
5.610946 8.869322 26.233835
56.082854 19.677787 27.789807
38.374189 96.807675 30.795447
5.444782 42.842776 29.556145
63.956490 48.835657 30.067105
66.758723 13.683336 29.738245
44.541204 69.190166 25.304831
50.057008 98.048421 28.866470
69.292572 76.470936 30.701147
40.909833 26.970199 30.994502
98.206849 38.589574 28.571314
38.125930 9.120264 26.990891
21.813316 42.816454 29.145521
74.172916 82.029502 27.576449
34.639077 20.332320 27.375053
20.636550 57.856365 26.860995
35.870570 2.492794 30.965144
4.087296 72.043153 30.670515
10.219996 34.218763 28.241919
31.013689 19.161780 25.344427
34.070542 58.508338 26.649616
31.974875 27.240456 26.574463
75.926875 11.759391 30.350584
22.469197 41.463080 27.625949
22.300789 49.789233 28.838765
86.358408 39.166707 30.084414
72.938729 75.684110 29.385723
66.869063 50.253644 28.778023
83.807983 22.507746 25.211720
9.546521 21.183865 30.371943
10.288051 50.065895 27.537808
97.559696 71.715159 27.762423
21.706637 87.610241 25.316674
33.038442 69.150598 30.129114
25.243338 9.557335 29.603672
62.612050 45.643602 27.115480
39.329081 9.706386 25.006070
56.260998 42.866752 28.836388
32.978434 76.309327 30.681639
40.643928 14.768813 28.345421
61.694364 71.580225 25.411958
93.591543 28.561078 28.632344
52.931157 32.762096 26.210589
69.629728 11.719580 25.435135
14.862806 11.775882 30.254408
43.776162 58.756815 26.275510
58.055545 31.375010 25.178048
83.270073 57.381769 28.757024
23.113772 27.193673 31.004551
92.494215 94.936780 31.167777
40.601788 11.360316 26.834698
66.495881 88.936923 31.197409
69.156826 46.218957 25.258396
18.913763 55.767812 31.249861
99.979782 68.451174 26.219026
11.683520 9.822649 28.435035
47.108769 91.156734 30.534651
77.429422 86.395990 25.402668
31.094167 28.412709 28.608551
43.974514 74.675254 31.201714
99.773433 40.016158 25.639713
70.383862 35.647826 29.918550
69.189364 45.394966 27.664375
20.660458 67.010864 30.599954
80.760500 83.345795 27.284958
50.767914 28.141595 29.286043
5.766673 50.113859 26.609760
77.805718 50.969882 27.065761
52.559738 61.882872 27.171319
72.340254 95.554245 26.859877
1.855281 5.475229 25.505305
4.232671 92.036981 25.810877
57.461992 81.170196 26.225903
22.614539 15.387069 30.205862
66.219610 70.726291 25.295791
61.004057 92.292067 27.818724
50.026547 97.652810 26.720433
69.723368 14.084977 29.557227
14.861424 88.799491 30.878142
14.017438 32.892582 26.569864
70.684070 87.674357 29.082974
77.435541 63.998975 28.490649
93.189693 99.105637 28.217232
72.662356 71.179984 30.011552
92.520664 37.139294 30.443044
34.656427 60.707012 25.018197
38.969589 65.238690 27.911609
82.458950 18.865561 30.765948
88.765575 69.121794 29.417893
93.632957 81.507351 28.038512
12.573169 96.225469 27.920758
16.351956 66.738615 29.452917
44.548413 83.828098 28.179153
48.430177 7.697717 29.475160
91.190462 98.717847 27.504344
17.067310 91.147880 26.111869
54.321556 71.316638 29.794934
94.087622 73.198280 25.719803
38.984437 17.824367 27.007068
29.969632 5.864535 28.656114
15.751986 42.435730 29.209177
10.882388 71.667072 28.326240
22.319369 72.489893 26.582813
70.522598 70.190463 28.680407
94.226413 78.448102 30.072823
23.269599 28.897085 27.799728
15.081989 8.766867 28.679218
8.939586 68.876435 31.017951
57.261785 9.812172 28.136298
38.162848 80.807276 27.999834
56.116960 70.712638 30.251153
96.827830 7.578987 30.843181
54.715507 30.612742 25.173386
52.161395 73.456625 30.614597
9.574827 5.404187 26.437947
22.483383 89.136198 30.931835
75.282998 26.710648 29.773350
20.234554 85.541836 28.782906
68.710644 95.048666 28.882725
44.511964 0.019352 27.123375
6.868822 36.245789 29.738566
16.579851 0.282659 26.387989
77.695034 83.406157 25.149394
31.659402 55.289825 27.228401
70.097702 3.133194 27.137399
9.052166 87.218574 30.591904
94.953947 49.731807 29.949147
65.939677 17.900220 29.963985
13.882989 67.820780 30.868354
18.977875 8.138524 28.489233
33.121082 90.286529 30.024892
56.410898 15.993609 26.967992
87.468081 92.712250 25.004951
8.349973 20.831966 25.333163
59.159898 84.510195 25.570599
21.808235 37.290969 25.790936
73.987259 30.416468 27.637635
13.505141 38.329233 26.646597
0.304460 22.735434 31.227958
58.744359 88.481377 27.823495
88.194071 85.951121 26.422530
70.137096 16.448377 29.716455
96.483927 50.422657 25.487671
47.191012 86.755657 28.872758
35.260276 44.657718 31.096399
52.090525 35.571504 30.673412
85.042301 46.092725 28.491855
11.000538 13.560484 29.933877
47.498060 4.006907 26.559705
78.597073 7.702940 25.962808
79.407765 38.572566 26.218937
11.179278 7.151580 26.884910
77.470596 58.861332 25.254270
87.220980 52.820442 30.404971
96.170072 20.560580 26.512424
40.862654 43.813349 29.075758
76.513872 95.299486 29.968286
9.312722 19.192066 28.520293
92.128072 90.335476 28.571375
31.097023 7.197725 30.220528
88.894930 54.382645 28.972926
33.238906 28.832745 31.069930
1.783249 70.013077 30.996259
53.239120 84.097839 27.514517
12.549003 37.148081 26.436840
42.679064 53.451400 29.008070
65.100369 19.973733 28.243585
95.486265 95.899631 25.370911
24.929021 72.161357 28.203011
54.686565 85.882775 30.420904
38.905190 79.542097 29.819507
83.888124 15.513248 27.562686
93.470517 14.187538 29.958607
57.414206 68.228248 29.951108
44.517103 14.695548 26.623696
25.616530 91.912402 30.449146
99.553503 91.401194 31.135938
66.847745 20.204207 30.099382
93.958663 16.940511 28.959682
16.629141 4.854471 26.155260
29.034536 52.345711 30.962497
68.183453 59.177656 27.563025
30.461545 2.438783 28.675419
75.937063 31.647128 30.336820
71.256602 75.290950 25.308717