75.307160 52.371262 28.963550
70.405625 43.776462 30.301328
81.538085 57.057170 25.422184
22.985881 20.370923 28.170367
71.547942 23.820201 28.227349
34.362614 40.187155 26.950246
69.892272 94.951918 30.177110
89.352164 56.411687 25.628714
81.363334 84.295426 29.577371
83.038079 35.370109 27.511291
40.528045 15.559108 30.787947
55.729273 23.795200 26.810371
82.721641 85.503547 27.821026
57.557648 29.419836 28.221431
77.606276 44.058912 28.274726
97.837426 38.774904 30.627537
67.646192 7.764788 27.085521
14.034814 30.007244 28.229985
18.337860 55.037762 25.881635
48.152645 63.578572 28.240512
93.624428 75.208822 29.881657
69.113997 95.223249 29.683317
53.827223 57.547914 29.032205
22.984639 55.642721 29.259328
70.719964 85.635663 30.302220
90.902168 59.990617 27.407851
42.687170 14.812111 30.062639
29.987947 89.858545 27.550369
97.432241 84.113514 26.834514
4.685539 51.361347 28.367160
85.034907 18.285377 29.437242
35.888238 87.418785 27.761924
55.978069 8.710551 30.097980
23.735964 83.531972 28.374314
27.491234 24.023187 30.032938
62.194595 72.662040 28.057371
58.642089 36.910460 29.647915
57.336226 3.461962 26.723669
98.177489 36.246800 26.297949
38.641649 43.254430 27.302651
7.867820 84.293919 25.384928
85.251787 70.787805 28.281746
8.508113 70.290972 27.386958
90.514111 8.668622 26.949649
80.432906 97.154626 28.598485
17.310315 1.177049 29.862034
22.176473 99.709316 30.082030
23.025072 63.599707 26.105511
61.979895 21.381141 28.274042
5.935423 67.890927 28.098357
68.476314 18.871427 26.740901
1.581983 80.817065 26.675983
16.043780 70.253870 27.774742
18.155094 15.042964 28.063091
54.940419 15.947271 28.186102
3.305003 95.416636 29.802548
18.101426 63.892072 25.027150
14.457034 75.578487 27.371115
49.899848 54.504946 25.254912
94.928956 14.632532 29.435220
47.495022 26.000397 26.202868
84.254034 7.386506 28.455586
34.492406 26.964250 28.528530
62.485989 53.100309 28.553457
89.150337 81.676444 28.164704
54.524553 87.317723 27.954013
55.684492 62.118505 30.445251
55.828412 72.479472 29.839749
12.904649 46.256617 26.414135
55.871334 65.901004 28.635776
25.208264 12.869857 26.259151
18.669670 54.424719 27.618079
3.565313 21.812309 25.224692
29.331351 37.786206 27.847180
84.196180 1.635283 28.881351
33.793696 87.685222 25.403517
57.469941 95.636182 29.020734
19.926199 21.784938 28.432392
55.975081 44.540466 26.921552
21.023372 3.363765 26.443036
17.478593 12.438831 26.395697
44.725578 48.710755 29.655423
18.667836 9.478296 25.028245
43.375664 74.728356 27.615918
3.782096 84.469648 29.289795
79.801668 20.597561 28.460030
80.433510 73.487206 27.714070
27.726544 58.110862 29.339679
97.659977 65.419297 28.709745
45.213997 91.682661 26.138974
46.162976 92.562083 31.050393
63.878999 49.441500 26.130433
47.984206 38.922543 28.341209
23.838259 3.397618 31.077272
41.973855 68.005294 25.272470
99.080622 72.702790 28.710187
14.306543 68.300132 27.186895
22.841844 54.505264 29.262021
50.935529 24.945549 26.196198
15.976988 48.699050 27.264630
50.537058 83.341174 30.458399
4.534235 20.651019 25.707096
46.015534 46.268094 28.028448
50.871227 59.343170 29.079633
98.057298 92.473578 25.716003
80.003643 78.033113 28.071750
81.917720 23.955656 29.904498
4.003480 46.746551 28.310015
83.402130 78.664744 25.364836
41.522138 71.077964 27.901826
82.938416 76.304618 27.910539
66.375491 45.702823 30.806704
12.017790 39.529811 28.118419
32.733002 52.790966 27.239096
32.084683 63.368395 29.864190
53.903436 36.287638 25.182420
91.513537 62.496316 26.349422
80.093626 2.172459 27.274762
15.992032 82.645455 26.157787
61.860155 61.058021 27.376888
78.684370 54.108417 27.254457
67.717804 43.586876 28.252069
20.769897 9.091955 25.057722
59.033678 53.285623 28.787523
27.878904 83.695050 30.233127
30.257855 30.674231 25.275320
32.685442 5.254878 25.430224
63.983379 17.450882 28.086891
65.808822 87.450272 25.404252
45.393652 29.675964 27.290772
63.382031 70.241529 26.724618
5.316565 3.325959 28.714316
83.656268 86.867294 26.629409
97.406105 39.395794 25.496070
94.889045 86.490124 30.290239
20.593398 48.473604 27.058672
31.561190 61.027182 28.400477
49.496325 97.168145 26.033254
50.246495 32.666105 31.018888
90.339404 44.114871 28.237019
79.659542 39.172887 28.309999
49.071315 26.083854 27.865496
53.590240 81.947384 30.774590
43.243417 53.593117 29.303208
57.334877 51.135846 29.433244
82.582226 0.428767 30.601225
74.028318 99.642934 27.582079
22.575708 38.615457 27.215892
35.541943 73.632964 29.243169
54.517459 68.222970 28.521918
37.765054 27.909355 28.020746
71.185924 0.427675 27.826127
30.916444 33.932811 29.048062
9.428286 12.998561 27.108504
82.035163 74.350148 29.896775
25.736492 79.359220 26.359571
28.910647 82.653552 28.046609
31.015422 75.766765 30.325658
7.692973 32.255528 28.193236
38.735488 94.275764 27.651601
92.604806 50.395904 30.301589
23.293112 95.317080 29.909467
51.918385 37.357136 28.961397
37.198356 48.924414 30.588423
13.031082 21.128674 25.756383
16.383529 32.959247 29.227936
84.502118 50.911336 28.044117
55.191852 8.297314 29.471565
66.270351 37.800410 27.042645
9.114186 79.767560 27.850052
68.946976 46.365424 30.908257
0.207015 25.307053 29.214425
20.600551 49.259453 26.535054
60.480761 36.416026 30.641563
17.367124 98.924568 25.435224
14.010566 90.003309 28.402059
52.631325 10.981013 27.233433
54.993796 17.708384 27.689341
25.270739 57.251258 27.378017
47.800140 11.626222 29.210835
5.903954 30.964076 27.617136
5.406775 14.540637 29.707479
90.187376 12.942395 27.589449
17.564838 84.545066 29.476657
69.345174 68.509164 25.955714
83.337431 48.594026 26.160204
43.902097 4.820011 25.096873
48.312309 61.872245 31.226971
64.025616 39.533926 30.571494
97.197021 29.911350 30.314862
19.666178 87.168842 28.262112
29.932972 6.976181 30.221850
82.451855 39.243200 29.230258
37.418378 95.462135 30.784981
35.390802 40.942427 27.223415
34.127510 70.396682 27.545723
6.668386 19.519022 26.873889
86.492222 65.617764 26.007621
53.924305 93.341462 30.153952
81.947297 79.490019 29.180457
68.970045 92.262127 29.428458
49.131800 61.748862 26.787648
50.437790 42.174010 25.783052
42.250794 97.827400 30.649329
86.691152 33.270213 29.155468
39.675149 82.968632 29.849255
41.105846 36.157940 29.554829
67.607104 1.505838 31.027454
59.627555 6.893530 29.682285
64.951027 1.946514 27.549861
18.460802 45.232697 28.166045
74.077705 52.521401 27.493028
24.369100 34.113187 30.349034
77.601776 9.343105 30.657712
20.927365 62.603303 27.594027
87.564989 63.280099 25.327523
9.996722 66.148398 25.833711
41.545884 2.405241 29.488673
11.723837 38.646390 27.514807
57.950752 63.838465 27.109443
86.522470 21.494491 25.200589
32.943448 65.535803 29.039157
83.628393 52.130271 27.859556
50.156146 22.053231 26.330079
59.158252 20.496278 30.260055
26.264760 43.911743 29.097931
26.109810 26.396460 30.291236
46.196222 77.200159 29.124751
68.829934 58.469672 28.659652
49.036431 37.478424 28.189902
29.573968 80.873624 25.363481
91.763854 23.964593 29.494725
18.035041 15.605086 30.300171
14.586524 58.760196 30.412412
92.131849 35.234879 30.461641
35.484771 11.236454 25.063756
41.987901 51.454081 29.233037
84.343435 78.451432 31.169935
93.909968 99.821090 27.340076
22.837008 29.709727 27.302522
79.454274 28.411225 25.890609
43.237758 75.476475 27.073036
50.884560 86.969899 25.633055
4.770386 47.074256 26.438851
40.819630 26.549654 28.694372
3.212611 5.864765 27.563743
2.277748 26.606127 26.564208
89.380410 13.148585 27.598080
96.644092 67.441338 28.768778
68.842892 93.067928 30.650038
91.370529 75.537207 26.000806
96.145047 61.316456 30.269314
70.100249 29.573469 28.481546
22.939440 38.016209 28.408754
33.999655 46.957000 25.582622
9.328418 17.747370 26.873722
30.302871 24.355445 31.012463
40.299823 89.272066 25.062623
29.304536 89.420783 28.022835
19.673254 23.637629 28.000423
18.397431 91.217149 26.412818
0.309668 14.663130 26.036152
89.977210 82.985067 30.707061
81.904400 67.258950 28.154345
24.946184 19.762948 27.579054
41.138456 47.864657 27.808972
78.620361 34.065473 30.112340
61.115990 33.133809 26.539930
8.482084 93.693931 29.717018
82.815052 68.540058 28.571099
69.697818 48.764337 27.141470
43.527155 74.123026 30.542507
19.720727 85.753685 25.924531
26.073986 47.633349 28.751645
13.981745 52.685412 29.370143
92.846479 68.483140 28.407786
2.526785 68.513793 30.922232
6.590270 14.557516 29.895280
23.353076 1.274100 25.491738
72.543048 80.486610 26.153580
6.067294 79.334998 28.575236
14.337160 22.972288 26.857716
53.650990 43.353340 31.202720
99.787097 13.187837 29.738091
81.209259 14.956597 25.087289
24.068460 66.453571 30.787584
51.303929 10.146908 30.389284
33.734554 97.792787 25.979486
38.072703 34.869326 30.211720
84.786217 54.780678 26.153515
51.565331 40.466427 29.639953
17.264782 35.098519 27.457053
9.202843 95.581144 28.639160
59.357186 78.679131 30.766069
34.671344 28.972937 27.792223
58.598013 26.848860 29.554041
24.959437 40.491490 30.957072
73.779703 95.707522 29.365301
86.561375 23.974914 28.747889
82.079715 51.080713 27.048587