35.889001 65.966210 30.993941
52.481355 37.692148 30.033720
83.382309 46.889127 30.040414
58.933334 88.132546 29.113600
41.832068 15.712927 28.916351
83.231760 70.152789 25.411925
0.022480 13.264399 29.457540
93.980120 40.714599 27.987095
1.512711 51.278557 28.614815
14.374934 11.775662 27.309923
9.354614 20.427535 25.567182
14.610977 55.097858 29.817537
27.300182 4.147361 27.427089
52.300327 92.634296 28.301585
0.961924 26.348622 30.983836
83.703305 14.452886 28.637649
30.407429 82.557946 25.465529
62.353740 41.864194 25.691152
89.557270 78.543238 26.137280
81.658067 62.428048 26.414025
46.230618 66.245874 29.007120
21.372563 53.461843 25.337057
13.996000 71.348168 26.627728
51.606596 97.978963 26.463561
14.447539 1.110179 26.186896
68.336353 52.863959 27.854804
36.781101 13.750307 27.873193
87.500960 53.324869 30.441056
99.037381 48.929186 26.672996
63.661549 21.779010 29.838963
47.589947 87.794421 29.594680
33.325148 18.165016 25.354225
51.915206 35.439918 29.515980
98.681698 47.111996 27.221602
83.461689 64.728134 27.155963
29.289389 2.661261 27.388595
51.771763 86.751924 26.786181
34.158556 41.592367 30.151722
26.298276 67.976773 26.332968
43.206319 71.049791 29.853368
47.409887 7.143353 28.496722
84.772195 51.009571 26.270221
18.222633 92.912690 26.167115
85.964762 7.496990 29.600908
52.798412 47.326262 28.305786
83.087291 6.472814 29.746521
59.097966 44.580886 31.235781
11.714409 33.025867 28.546414
22.975134 57.031714 27.672118
78.741614 21.191641 27.604542
31.153065 72.184584 27.954858
54.244764 33.356667 27.083890
84.019063 46.901289 28.457414
91.157616 50.761420 25.610065
95.872830 31.626865 25.361790
76.388131 15.805985 27.568692
52.055449 67.962719 29.694062
55.306448 22.842526 25.818458
2.400739 61.890599 29.152127
64.257857 31.729932 25.276859
0.009579 95.166899 28.651785
79.482134 23.823710 28.174026
60.142023 96.517646 25.071748
41.416132 31.792821 26.569759
33.690311 25.682854 29.968955
28.012884 93.353486 27.131056
86.170346 74.704405 30.584293
20.535213 16.617147 27.862317
87.739576 32.335111 25.595365
22.845887 66.146192 31.172013
86.562977 33.869310 25.086138
3.803225 42.242904 29.881061
89.986677 38.015068 29.312844
66.542327 34.172635 26.922228
2.713888 23.978675 25.764443
57.048310 46.245318 28.299316
76.455275 4.203687 30.318946
36.017776 58.504649 26.963930
26.884720 74.989011 25.517930
51.708794 69.139944 25.874262
95.518490 33.918550 30.306945
47.084768 34.901421 29.216659
30.880723 42.584894 26.804407
92.811131 8.637017 26.953327
50.525570 25.776109 25.188491
52.937358 79.470427 28.084897
94.958485 33.581966 29.340984
76.466011 81.183831 28.226546
6.531825 43.493411 28.885941
89.427964 35.674090 28.251732
75.544190 91.119204 25.351804
4.442909 16.533866 28.120306
33.921789 68.490632 26.072800
0.737751 14.752651 27.127780
88.782703 4.900688 28.997971
28.251694 36.933740 25.525267
58.959476 6.896496 29.411398
70.795424 6.838504 30.291754
62.770735 31.142983 30.127798
4.044078 69.412743 29.593581
96.870377 46.789166 26.240578
76.220187 42.559544 28.154963
94.133582 20.569001 25.725053
66.894840 51.445640 28.508185
69.690373 71.881147 28.431357
58.254078 81.482221 30.611459
7.320821 44.317956 29.314943
32.802280 54.456519 29.057441
12.383337 78.747378 27.809414
85.230164 44.233154 25.100572
50.012235 5.924064 29.660601
90.859119 78.942932 25.152702
50.657061 18.725893 26.481254
3.725310 85.639079 30.654632
34.925561 84.812464 28.306936
1.037310 63.197289 25.597476
75.426818 96.238374 25.066348
72.319173 50.949558 31.030449
14.238866 41.943620 30.529260
60.201903 58.618987 28.174574
30.333393 53.166350 29.987745
77.036953 65.306028 26.025503
42.446789 38.890458 30.917193
60.165304 61.542836 29.524176
69.803405 71.719294 30.691088
25.154491 0.391758 27.042762
77.369562 48.514977 26.781967
82.825888 66.380665 26.504684
51.867176 55.458536 26.278847
90.710659 23.508612 27.423030
98.856754 8.916669 26.909915
70.868367 26.824183 26.848822
9.536097 48.015514 25.173503
88.613164 29.332199 28.908193
55.231239 54.482828 29.473359
40.477502 83.220901 25.596385
81.335821 93.573788 30.261765
50.198072 94.390033 28.879654
74.289992 58.048656 28.822789
2.355573 46.184914 28.907306
32.592867 45.580773 26.356996
9.723467 48.928106 30.918382
34.301652 83.983632 30.491724
68.776817 97.757444 26.009290
71.052790 44.835082 27.978187
53.452582 48.464482 29.749673
8.739647 87.066933 27.732700
84.335616 67.978872 31.071250
14.374486 59.684922 27.348744
71.163062 24.834746 27.094883
21.709784 29.705305 25.997618
41.582381 80.962071 28.868556
89.034675 40.534155 29.126589
70.994258 41.739279 26.804931
33.001606 44.130201 25.779771
53.476414 48.596473 25.366982
9.030135 1.452743 26.072348
39.933775 6.334095 30.349330
74.716742 4.960055 25.052928
62.414269 16.195692 27.296389
76.147343 21.157293 30.534588
86.175258 24.112503 27.644996
42.134349 92.560437 25.517050
90.469220 24.361286 26.247990
94.791006 48.194101 29.213856
40.941038 46.702531 26.910897
45.725318 56.130204 29.433986
82.773368 83.787634 25.954591
55.317033 6.219653 28.029015
60.472647 21.462977 25.714838
25.467310 47.108969 28.187702
82.316084 14.668838 29.634301
1.092589 89.300038 28.086237
61.990835 37.425595 28.606020
95.781934 72.676969 25.449874
95.592024 60.165470 26.245505
45.041415 29.313105 28.452334
40.074324 6.700257 31.085000
27.008534 10.275533 27.549274
15.977161 72.470814 28.258199
4.891833 93.110164 30.179095
13.158703 68.624888 30.475923
35.552712 21.165408 30.463851
53.343425 8.344302 27.134118
46.774155 80.823346 25.859344
21.012760 78.762788 29.070292
47.520451 0.017608 26.424863
75.506326 41.845543 26.834312
23.053226 9.952819 29.869395
34.372347 16.976590 29.221804
79.487614 16.091144 30.548886
81.701845 80.626888 26.901751
65.303007 34.471296 30.248205
40.830772 6.405636 30.534093
66.409267 0.497791 28.830250
36.944903 0.679252 25.136924
48.470314 20.197962 25.432893
90.057482 88.378817 27.803351
79.994256 92.816333 29.173618
44.884951 62.456632 25.130828
11.842469 88.191572 25.668872
53.449447 74.264647 29.441421
10.510674 43.026193 29.457331
98.837170 77.062008 25.885343
85.595478 5.794096 30.380242
48.080088 29.674214 29.750151
50.009651 79.037627 28.163328
78.511158 21.697507 27.001345
61.354358 82.818976 26.142810
88.855342 81.962811 28.212842
80.912531 49.428671 27.247543
96.563886 74.834765 25.909925
56.894611 24.331779 30.681967
96.326727 28.728716 27.456235
47.731029 34.731310 28.173754
64.258090 18.326218 28.691267
60.341382 26.891582 29.342853
96.976286 73.030072 27.494729
37.049823 12.268537 26.288863
43.321708 3.444438 25.028231
84.197549 48.885589 26.402679
35.663760 97.798292 30.726425
71.806782 12.703616 25.876731
87.507273 81.340029 25.540434
39.985634 46.328116 30.585597
21.803884 61.272855 29.713328
42.982086 45.993077 27.445670
86.914386 38.853007 26.905685
98.162288 64.958217 28.423419
18.910191 8.865451 30.493649
47.929923 39.767167 30.092929
41.973767 54.224089 25.610179
20.885670 19.994090 27.412252
74.631913 69.620895 26.232038
10.064833 48.162232 25.946666
23.903641 38.270681 26.764209
89.343418 5.236859 25.753988
69.704723 39.366332 28.257883
35.166142 93.171908 28.136470
92.735955 59.317506 28.780139
87.827972 17.065086 30.044354
41.865047 79.152695 26.721717
65.876678 94.374208 30.136976
89.402937 35.621416 25.656007
43.321983 90.952186 25.432249
30.642504 1.892812 29.258088
81.122554 45.968750 28.716757
71.513676 90.058003 27.006576
97.610744 41.805582 25.225797
34.159153 11.511061 25.746309
61.262592 44.084943 30.371572
91.415917 44.124410 30.415537
81.131980 27.537561 29.950755
39.226340 98.132528 25.677301
6.496217 55.651283 25.170481
4.402414 54.449228 30.312622
37.296441 21.943737 27.033274
1.517697 47.230516 28.048754
94.898421 24.787775 26.466316
54.747860 81.790854 25.417641
0.312505 91.965874 28.787458
28.118189 67.641737 30.588649
58.312243 48.178094 26.587752
48.247943 27.463279 30.928996
36.673297 68.525950 26.723781
60.358322 70.616720 27.938717
13.723029 33.864801 25.572316
27.489768 75.774691 25.309974
7.312671 61.394307 30.931129
2.294779 12.300898 29.914387
84.276445 45.932662 26.832165
33.911983 88.115906 29.238268
23.640887 20.835436 30.897037
48.957470 92.042642 28.310036
84.325596 12.459188 29.784803
36.847288 44.501847 27.099449
80.884083 77.241730 26.714190
11.777563 25.617646 31.170753
29.107825 15.133365 27.440295
97.715524 29.584977 29.308810
4.697098 87.624673 28.375838
75.072411 64.543748 26.537014
92.931706 97.569829 26.706997
3.583145 57.299988 25.519170
5.954609 73.112655 26.797602
1.171035 54.402251 30.002818
77.644009 92.058933 29.493464
49.761553 84.592336 28.458130
96.896099 47.787934 30.930580
3.535924 94.110020 26.740730
94.065823 73.983778 26.986162
63.280012 1.249098 28.371409
79.554741 25.833357 30.633518
56.445844 33.277692 28.730596
29.071442 19.673976 28.218131
75.547547 53.894839 30.869491
22.600609 12.478171 26.228019
88.195922 69.962729 30.555762
97.665312 79.275347 29.262730
66.051049 17.158814 27.434809