34.218864 25.386522 29.060072
21.725045 57.239085 27.762627
75.397126 66.155172 31.114244
8.596890 2.392148 26.818814
72.256373 64.353160 25.983764
97.415152 35.128041 26.930921
1.773887 46.852201 27.119156
72.631020 64.646240 25.171540
47.386044 51.099578 27.102746
65.382514 53.149913 25.766775
33.354074 11.947900 26.045511
63.314046 27.067323 29.956836
37.566380 8.250924 27.938761
55.132884 8.347679 29.636981
68.844214 32.978907 25.128935
94.857315 11.912839 29.433732
73.495191 57.140214 27.915067
10.191791 38.132563 28.350221
80.407104 51.494822 25.550937
72.988046 76.141650 29.212447
55.652865 45.939500 25.130840
68.376611 25.645996 28.807692
60.231789 6.761851 28.696211
37.255800 87.024439 29.095809
13.239452 71.180290 28.086771
16.050373 19.673251 25.162015
39.958981 94.538826 29.077213
40.799285 98.616329 25.693598
26.435213 46.503108 28.150543
31.874530 79.307551 28.932184
92.948287 17.631535 25.962788
89.386158 20.906377 29.250531
70.514271 59.056351 25.460700
48.862846 6.644552 28.911541
78.257470 46.613022 30.436627
36.450709 54.789344 29.219370
97.370065 90.022221 26.178154
15.002873 35.176475 28.431179
41.753603 69.928367 30.961597
49.869686 72.466063 26.189400
5.998340 63.920511 25.664947
64.146424 27.695248 26.499121
37.250168 27.917308 29.145683
47.698989 18.438807 27.182027
9.217579 67.826466 30.972591
21.175017 24.640567 26.628181
16.417856 35.691334 27.901030
49.695436 15.548058 27.974152
17.072097 8.379246 30.592993
23.662306 84.192728 28.019574
19.017374 20.219100 25.494567
91.436199 83.199020 30.546492
23.246721 72.108446 27.531812
18.122925 37.269675 25.649269
5.170567 72.514646 27.454755
51.185915 94.104479 28.410721
83.595857 77.329181 27.721702
10.169799 71.911938 27.335246
55.241983 45.390417 29.572939
73.878205 57.585720 27.244439
56.524270 26.376041 28.995361
85.963207 61.249313 30.396127
2.799354 82.213348 30.222033
1.823673 91.713198 25.548255
63.211388 9.071937 30.299314
10.035337 86.801802 29.668182
16.795038 5.567321 28.633640
77.700597 95.965584 25.125469
0.686677 73.475787 25.852360
20.137632 90.049092 30.525981
24.745038 99.577718 25.587104
94.872165 77.213764 27.259549
77.271683 29.758493 25.234823
53.976022 50.870671 25.410858
80.889855 94.207554 30.071158
69.311893 52.235035 28.260035
37.333603 0.293040 30.177506
0.082049 5.489602 25.767689
44.025401 79.926107 29.424373
51.980192 10.867634 30.539519
95.285896 99.835115 29.033191
23.641845 49.705200 29.515375
80.759586 83.801885 30.668373
78.706150 46.990239 30.656222
88.202592 36.116037 29.702962
49.922126 11.013975 25.797996
17.996730 70.086583 29.975619
1.305507 89.707030 28.752253
52.825081 62.011292 31.232399
91.998611 47.414913 26.479521
86.436936 2.845210 31.054384
50.496309 80.537562 25.746859
12.874491 51.222997 27.260329
95.530256 87.260958 27.834102
85.082761 92.256213 27.022180
19.484537 55.195205 27.470043
66.264664 54.358031 27.522889
27.812360 72.721501 29.870638
21.376581 75.014947 27.429854
99.429289 98.579231 30.750174
53.021883 49.445068 28.548374
40.296216 40.648764 27.586575
81.481502 78.359281 29.579056
35.602094 25.814561 25.243024
57.330392 50.228711 29.258525
1.047150 59.046435 26.501465
18.302815 72.020165 27.453986
99.203032 80.166881 26.711108
69.142118 3.119041 27.523014
57.948746 6.863509 29.503227
63.479277 68.232162 28.349276
86.089937 18.975143 29.461369
79.422403 91.270995 31.087821
57.669901 51.895561 25.740826
6.310391 64.535737 30.162680
92.677928 53.876759 28.588686
31.947655 56.301586 30.998554
92.332955 84.290284 31.122706
82.572224 5.044109 30.996488
22.410885 53.500751 25.124678
15.849561 77.922015 27.485320
69.422411 63.043021 25.319830
45.639125 10.693085 28.102283
75.004842 16.393459 25.453848
72.993711 42.888498 28.514974
48.557644 99.270629 29.661451
13.423076 48.617748 27.885785
26.962086 79.048852 30.850076
6.600216 49.399564 30.150886
21.755620 21.346342 28.695671
95.242299 20.885266 26.573064
34.641501 31.485136 27.032680
3.686290 84.579676 29.351769
50.445752 82.759384 26.088293
57.272724 56.725109 25.316700
32.008539 33.539270 29.182018
82.357448 17.912283 27.420774
61.843881 6.440775 27.695493
47.320311 91.535262 30.759197
49.945306 91.917967 28.604931
0.611421 82.519464 26.700406
47.097042 6.208804 30.644891
0.580279 80.615552 29.867961
96.656272 80.035972 26.096756
42.904064 81.614790 29.737410
4.412373 91.866043 28.980641
58.212513 58.937214 25.974934
44.871797 9.390490 25.010273
57.110101 13.120931 28.626112
97.061544 75.714714 28.368640
94.557162 33.421337 29.928934
62.188380 88.017846 26.546261
11.858678 9.634822 29.145579
47.002824 42.519958 26.935561
68.457661 53.041305 30.589805
3.917846 40.371897 30.549688
73.467996 91.554069 29.007832
97.120235 36.997138 25.547681
66.951365 77.495467 31.128571
81.956259 49.339758 25.299044
82.333899 40.827744 29.864260
58.350181 55.272145 28.023892
70.668028 15.778620 26.321249
2.334791 32.329887 26.976482
89.651272 79.069043 31.027482
1.350062 4.610479 29.751075
55.286402 37.963432 30.687636
71.361466 63.386803 25.851994
28.911259 55.268517 30.354585
43.281966 41.478822 30.077431
69.679415 26.610436 30.393409
39.699439 38.847862 27.494174
79.629395 47.153271 25.537455
85.078290 35.750093 28.813136
73.989282 27.654377 31.062880
6.793789 25.001950 27.966897
90.511207 14.746299 27.593086
90.307917 15.003319 27.724295
15.393332 86.601413 29.837139
1.630595 3.604258 26.962472
68.656676 96.763977 27.265180
16.545105 12.107261 26.904304
62.079993 93.682265 26.451319
91.077609 42.507974 28.563177
68.106710 35.722323 29.856767
5.814981 86.733678 25.327304
63.958812 76.143141 28.557534
75.547590 20.760342 26.317610
32.616761 38.583875 25.885597
65.285908 43.800535 28.508678
38.993080 87.115502 30.206891
68.021106 61.310723 26.368476
89.751595 56.534161 29.075092
7.337810 45.309887 26.012711
4.490677 56.960979 26.367128
55.729146 34.835526 29.739474
24.746467 13.693521 30.989125
85.929633 3.729291 30.238449
52.455285 6.953455 25.167102
44.921312 72.246730 29.428808
82.657830 63.959551 28.878092
93.140788 65.422023 27.826031
0.260109 58.916281 25.328280
38.993605 17.640121 27.374256
79.402458 88.505455 29.610559
83.811246 10.660780 30.304890
96.899359 68.145734 25.089979
82.268083 31.693449 29.950931
93.783114 35.088892 28.563845
22.187047 32.223995 27.698888
80.649673 16.172567 26.530007
1.214077 18.317679 29.936833
93.414315 43.464074 27.158785
75.077594 63.023965 26.553673
0.822811 28.020284 29.523430
52.896349 94.500071 29.331630
61.297723 1.673851 27.148470
17.384355 17.643765 27.038118
81.476543 66.035734 30.091617
87.324376 88.751952 31.053573
96.749998 86.248846 27.231775
51.686299 35.021852 26.367536
96.833856 98.237948 25.110871
64.197968 42.453692 29.955085
70.392627 59.312712 25.186743
25.210472 50.168512 26.219862
73.660781 52.733852 25.693097
45.582383 27.033009 30.058429
59.505919 5.678711 30.799623
65.859623 64.981265 25.868477
20.509105 39.305573 28.745371
31.525683 74.263937 30.941426
49.160417 81.209939 25.731936
5.095280 62.749952 26.230549
80.087344 44.680372 25.917071
46.508484 75.244389 26.399522
87.912294 14.393472 26.537955
82.473917 14.694955 30.282812
74.585017 86.171494 30.428150
64.090409 7.768994 26.126430
31.574650 36.571316 30.091027
9.218815 1.089193 25.993272
50.142428 71.693411 30.598129
89.621510 45.798954 31.093855
27.047407 67.253883 27.787549
72.722596 82.772975 25.572351
93.095154 91.056943 27.710135
14.321922 74.611692 25.749446
11.040411 53.366009 26.640260
54.708127 50.052941 27.105632
49.987728 39.823851 28.127847
16.798497 81.574776 28.440104
4.855909 91.555594 25.528347
73.642574 57.870631 28.025608
72.653465 16.760406 31.023960
37.080294 14.296033 25.988765
21.762094 93.289051 27.495816
93.350722 94.454979 29.662312
35.801120 17.807194 28.100546
34.812929 62.102991 29.678586
58.098860 46.862383 27.860973
51.942221 8.429750 27.003555
70.680153 36.911660 27.058162
65.977144 0.617072 30.854201
64.511802 42.354782 26.887920
59.322298 31.043481 25.262701
18.911187 37.792833 31.115524
56.318400 18.938061 30.084338
98.977745 48.259492 27.771547
64.773760 78.987455 25.922121
20.550239 96.576130 29.126755
46.902588 88.396910 27.419864
59.744653 98.454395 25.640251
98.981806 30.887846 30.135869
16.931809 0.727072 28.926585
18.987577 6.900652 25.672538
22.536282 17.149317 30.292224
96.066392 50.958188 29.886689
14.379062 66.089115 26.216007
40.828423 48.880679 28.474170
77.533844 16.940837 28.631925
50.291762 85.466805 27.505390
4.011810 91.679450 30.809522
54.087167 24.667448 31.007817
1.380320 54.703552 29.211784
59.874447 96.524704 26.347730
87.841715 60.142957 28.627534
64.348306 26.978785 30.485358
1.473132 39.134303 28.534791
34.797971 77.597121 30.104515
56.058090 35.785122 26.406860
5.734313 32.647168 29.468324
6.943712 85.751221 28.527832
72.272336 23.272041 27.996336
24.946470 64.228322 25.494305
62.746292 16.171570 30.103950
24.962624 95.089210 30.361697
62.669618 35.087994 27.337236
71.056116 48.890266 29.565748
95.683719 36.360152 26.222037