95.491608 21.932849 27.897188
68.615212 30.849073 29.703609
26.456453 60.725544 27.935514
23.999305 62.931854 30.845839
54.456282 83.643114 29.219185
85.291897 98.048722 28.871170
55.739064 16.800613 30.457170
97.491783 29.732465 27.320655
53.581031 39.770432 30.966494
48.421284 74.464256 30.090734
68.124078 46.728155 25.529115
70.159789 38.552563 27.922358
16.272510 56.323156 26.573359
35.429962 84.628038 25.458632
86.932831 1.262390 27.008280
0.043420 36.114277 29.686808
61.980681 21.299674 31.091467
42.406289 28.189739 28.085086
30.768412 72.564367 29.237210
63.284359 84.762977 30.105536
32.106365 23.375266 30.819158
3.027738 20.188112 28.729769
69.038510 34.933738 25.815092
54.494759 19.029416 31.012657
84.638310 47.753447 26.813134
81.983642 95.708815 28.820060
75.130625 61.352042 30.301133
17.898475 5.198100 25.697138
6.724026 48.298754 25.637909
23.604669 53.526339 28.861776
11.196980 17.307924 25.144273
97.104012 49.875431 27.778178
46.332914 89.322165 26.223176
34.982120 3.919767 29.240089
47.376417 31.777423 26.938060
32.887683 11.658639 29.614346
22.137629 7.020221 30.368681
96.161202 13.950696 25.234122
59.350954 80.329838 27.161912
56.100270 78.596739 27.529657
52.807439 43.332888 29.516747
43.658157 11.928106 28.136338
52.667898 7.008323 26.394027
44.935246 93.762706 27.872423
1.996836 63.583309 25.594782
98.847380 68.708667 26.581555
94.349304 41.103904 27.062709
27.019857 54.517100 25.395601
99.186621 32.720068 25.841873
80.313119 96.893263 29.267022
65.460986 81.240330 29.028767
17.533983 83.120858 25.608671
82.259283 23.246430 30.736449
57.991577 72.056772 29.460886
73.499819 3.622669 27.906108
43.863006 15.607099 29.281703
14.565979 26.570934 27.615608
79.753177 82.563657 25.774575
91.171647 58.471505 25.251127
57.581172 73.077520 28.047281
78.285450 86.110251 28.291927
49.268663 83.345698 29.653208
47.884499 31.637052 25.565696
53.981732 4.046483 30.396010
50.081732 83.735437 27.925302
11.759296 36.157657 25.971827
60.896640 49.428015 28.663851
61.795889 97.233114 28.041008
79.058774 85.300061 27.478075
57.063924 83.266900 30.307681
39.094096 78.091419 31.178884
85.313632 91.910704 29.208371
48.374779 63.694412 29.340586
98.772872 0.657362 26.656521
41.329927 58.773037 30.520738
43.643173 18.557451 28.132189
90.932336 85.100724 30.043489
1.147036 72.648922 27.042679
24.828867 0.023611 27.021010
78.927273 11.315655 25.378003
93.632378 18.960925 27.483406
24.827862 55.165947 30.686814
85.865286 41.050431 25.765230
76.172013 59.887578 27.959851
9.752752 7.768384 29.892555
32.507042 21.180810 27.634919
12.321193 54.928770 25.291988
27.989691 13.615643 30.872328
81.254896 71.904395 28.401161
69.951465 37.924881 25.032073
23.287369 41.204691 30.379024
78.583526 68.724311 27.013932
62.215599 49.467271 27.912452
13.487367 92.351189 25.650170
67.187706 75.014241 26.180527
81.721196 21.593487 30.489321
7.920619 40.990836 29.882040
43.401274 43.634389 26.233846
6.856601 62.756594 27.315830
88.324335 8.269553 28.207614
9.471393 94.185941 26.866956
28.174497 61.864763 29.822675
55.653618 0.219305 26.761791
6.748914 97.853386 27.393835
5.536097 96.191220 28.299930
73.219584 92.978201 30.241221
63.609470 21.772573 28.162428
5.164329 38.593963 28.521022
3.715881 12.701695 30.518169
7.230520 0.430147 28.594717
78.102288 55.269552 30.616540
84.731385 77.047671 25.237210
98.249962 85.827320 30.471783
86.887898 23.041793 27.412887
56.390681 74.933400 26.884404
78.015219 47.714103 30.873556
21.991349 55.401729 28.367772
48.376331 92.965826 29.957492
48.512752 48.336528 26.013865
20.411682 12.782006 28.505924
95.370877 61.945880 25.149780
56.108639 40.403263 27.569733
97.579800 59.647907 31.063117
86.937180 16.483655 28.774826
32.748574 60.873767 30.422835
82.138068 41.580999 25.577224
70.999079 65.222532 30.212846
93.956040 29.290181 30.868547
51.473339 3.538076 27.427381
77.249748 15.101948 28.947677
60.344503 76.886740 30.394102
92.704108 3.777403 25.322315
77.694465 75.190872 27.981961
79.582956 34.830635 30.858719
79.609369 20.332427 30.521487
90.354049 97.038302 27.672396
17.370534 27.624771 25.585971
11.407255 13.068814 25.727997
59.384965 81.928999 25.326313
90.766411 82.094071 28.748982
69.258060 68.358534 29.098510
5.588319 37.837283 26.859333
83.472567 81.112990 30.704286
54.322969 96.706455 29.105180
21.104308 56.490919 30.315045
87.730339 7.011546 25.940214
55.969768 15.960302 28.200863
8.523623 29.880829 30.134035
12.958951 23.163597 25.409665
72.486016 68.101331 26.637326
1.887667 37.478383 29.974466
91.510798 23.547788 28.083696
60.834305 21.592426 29.805880
17.638214 90.529808 25.467826
78.690763 7.477195 30.821109
57.561034 53.461719 28.861322
25.911540 73.060452 26.384486
90.805029 68.714828 27.795195
92.918162 84.427576 28.106523
74.834067 18.639043 29.017427
14.938210 60.230487 30.496823
37.462613 58.193187 26.977723
12.294233 47.112218 25.725615
22.526742 87.232770 25.836204
77.721814 89.147380 28.252016
31.151496 99.088126 27.309643
64.080186 22.273840 30.643055
56.343517 84.973292 30.263910
63.454160 98.373539 25.516448
20.609289 69.392176 29.297420
46.813520 68.359604 25.557248
13.004302 59.587494 28.354827
4.601532 57.981184 26.023202
87.687460 13.212866 26.825746
31.890890 0.046499 27.165753
47.691749 13.316067 29.591798
77.806726 68.689877 28.104148
96.329995 73.348802 25.617926
2.317300 56.634288 28.152120
65.093423 80.613113 25.556307
78.524020 26.573917 27.770538
64.831149 12.180189 26.217196
41.890632 56.907284 28.884017
8.966223 99.330541 27.317497
40.595514 22.825486 25.173694
17.672382 88.174270 26.507936
64.078054 39.150771 29.184438
0.602701 17.960763 26.411189
63.636582 88.722287 30.254006
13.411199 63.453574 28.293154
90.652008 1.012825 26.879082
52.613455 23.577743 30.199048
81.027091 98.907822 30.355273
61.570842 30.885730 25.897689
41.799666 18.659283 30.413379
59.011227 69.270362 25.270396
1.666298 45.709341 29.206701
34.018042 92.257346 29.457668
79.872841 63.829449 27.464895
98.559727 69.459706 25.841960
84.496857 69.285880 30.102346
91.438615 46.010011 31.021758
77.835551 30.504964 30.134726
48.407427 24.396712 29.650451
70.253677 60.365606 28.988756
16.017650 12.017760 28.653437
5.194388 55.808567 28.397936
21.357285 67.738660 25.281301
56.711082 78.589746 29.596925
45.934302 88.689722 29.412241
71.790635 74.764161 27.167069
73.814454 27.276384 27.772353
21.470545 82.963110 25.637481
93.149120 47.899723 28.021328
65.500104 84.810116 25.195771
71.004475 75.190905 28.368075
76.849011 72.209828 28.359951
36.076311 33.184834 28.075841
59.791257 80.736978 27.403309
32.583402 46.960089 29.926071
68.625394 90.148443 27.189018
93.661934 66.832958 28.304274
49.500891 35.403856 29.574623
18.289318 14.204913 26.787204
17.178912 95.648078 28.507089
40.663653 25.605839 28.218602
4.497078 53.088518 28.445016
96.381214 55.481115 28.164868
74.085133 76.469082 28.590423
23.985264 20.081780 29.163463
87.496434 65.649661 28.707134
71.271896 53.504420 25.535881
80.113792 0.262268 29.631189
24.985437 38.524623 25.212719
16.366574 49.062870 29.449071
39.425919 31.399089 25.532804
26.508118 6.942810 26.394235
70.845720 16.633283 31.027372
90.128248 39.018653 30.775573
49.333117 68.927011 28.401200
54.190309 40.147404 25.110875
12.785216 80.343294 25.669442
50.188773 21.099277 28.376183
43.510087 9.417357 28.765112
30.359370 84.985912 28.718085
58.731056 27.011771 27.564519
58.727725 44.365930 26.088907
60.267306 20.624706 25.088105
60.456823 93.188559 28.949232
80.780416 37.671551 28.834792
9.078742 40.269200 25.435508
14.958301 92.535527 30.984550
16.031668 4.368844 29.690762
45.910305 2.972555 29.197283
8.119643 32.712416 26.993249
83.370638 84.906713 30.933013
72.983638 1.330753 31.204240
80.906638 6.942478 25.982861
32.439567 33.242183 28.518739
63.082557 63.231771 30.059396
14.075877 37.007593 25.577220
86.804397 68.740496 25.747918
98.166978 42.569444 28.861144
54.222717 92.272870 29.726546
13.203921 3.608320 25.466180
66.320812 76.977526 30.334508
37.326412 66.543506 30.335524
45.155682 68.950187 28.915399
0.882011 99.930594 27.041559
21.902222 55.524588 25.090020
91.766918 89.710623 29.055477
7.986907 51.337656 28.665691
46.295796 42.867328 26.462428
26.011973 29.439138 30.911302
27.520750 67.153024 27.105980
74.606938 20.673545 26.908690
61.302916 56.040920 26.645471
61.507943 51.626940 26.828916
32.914737 77.103496 27.821550
0.029798 17.877361 31.230452
74.800516 2.921805 30.776789
43.469388 87.245758 26.030851
67.424339 86.163640 27.292182
48.814990 0.094915 30.682483
56.255272 55.129550 29.070290
72.973062 28.377266 30.146845
6.829173 95.686385 25.839836
38.221598 58.259117 26.263715
76.449081 72.854764 29.893104
13.192976 5.944163 26.230931
53.186865 92.148419 26.655414
62.473888 51.796760 30.923284
66.004507 36.211059 28.144617
23.581828 45.993469 27.805783
31.914459 5.827636 25.070193
0.219741 75.150876 27.053442
90.827392 34.122696 27.580879
75.724777 5.334441 28.923500
14.313387 76.852665 29.702973
79.144603 98.522473 30.539042