15.027145 69.460583 25.022913
90.709892 54.235835 31.128002
1.154015 66.995917 25.310969
97.906515 63.266428 30.169343
62.626311 48.673095 25.266449
1.874649 63.767416 27.057054
4.928963 29.358483 26.801927
73.542818 86.410077 28.309056
89.051889 88.052835 26.900581
67.596391 49.274622 26.603374
63.117388 29.506896 30.070986
32.654657 20.585902 31.202472
93.394590 78.058025 27.594220
38.727709 34.393196 25.988007
60.356474 71.263494 26.919449
67.658630 41.733602 27.876292
28.206369 4.015804 28.778455
67.895363 37.867071 28.484665
87.922408 92.497336 25.333785
66.694367 57.914961 29.532191
9.231184 36.486366 27.331153
69.317003 6.467892 29.289725
4.495113 84.265256 30.393725
31.161381 2.077969 25.673423
87.069016 26.332157 26.308024
51.548510 24.891649 25.702686
95.496211 29.371957 29.433885
13.536710 96.998046 29.189016
51.805228 8.397983 25.716368
89.343682 91.980131 30.625235
80.403834 67.702433 31.218498
79.898424 0.278722 28.935593
2.251970 43.996482 28.049824
18.421908 62.773671 29.195540
19.447543 17.135635 28.556558
84.771810 18.415797 26.620889
32.834471 26.909099 28.183708
51.623488 55.044773 25.444671
60.520615 22.925136 29.958286
68.605098 31.786846 29.848347
69.877672 1.606358 29.374239
6.654433 43.150788 31.005865
35.003438 74.475736 29.426282
56.780807 47.498729 31.109843
38.648314 40.120224 26.546372
81.022390 58.830604 25.100723
34.959699 61.387311 28.724949
68.033305 9.228033 25.021679
21.009240 9.703634 25.725857
72.289513 33.288800 29.028838
87.218133 74.060399 25.071681
21.439886 62.414881 30.503488
93.438195 47.154855 27.444603
91.949781 79.779515 31.091762
59.009916 94.698798 26.994330
98.522439 77.189936 30.895880
34.605766 37.785472 25.383525
62.763450 56.860809 30.481855
18.208569 89.919296 28.869900
78.148375 74.076481 29.219946
99.822977 34.912677 26.518098
33.936466 65.406074 26.344918
6.868133 29.425416 28.640653
30.899919 45.975213 25.836511
78.625346 21.569261 26.814568
16.574452 56.486255 30.744887
40.026148 29.839483 25.315400
70.448795 14.352172 29.767869
79.870872 33.947797 29.086688
90.108963 61.894894 27.402739
52.808788 80.598303 25.332782
74.978430 17.204907 27.503821
74.452136 12.163544 25.677551
23.562725 50.725401 29.231615
28.597017 29.837349 29.707853
4.863649 69.693488 29.476268
10.857450 0.163016 30.485332
80.159687 53.365652 29.914979
39.212786 75.949133 26.296806
23.225340 68.508400 28.816475
5.678581 17.692976 27.746796
21.164809 93.343947 29.768536
14.684287 8.359973 26.772991
69.140183 73.397664 28.338228
5.122883 3.202485 30.729248
90.958036 59.930874 29.640925
37.539106 69.803543 25.637155
14.024789 44.009418 29.437491
49.992171 4.097742 28.539396
73.521547 82.171236 31.243772
34.597116 25.706400 28.471923
58.440130 35.318396 27.207521
82.814495 55.449777 30.574510
61.601800 41.200738 25.577289
57.982999 88.831323 30.167394
46.225189 63.819923 27.737059
83.231971 49.079481 25.390447
65.165317 79.358777 28.330686
30.305427 53.379813 26.399707
78.989652 68.219437 25.341073
44.643063 74.973749 26.883359
75.760075 20.446039 25.479834
7.228106 88.186457 28.038200
69.828743 76.545499 25.767508
69.968309 67.007983 27.053924
13.238719 27.416658 28.548081
53.955637 20.557573 27.988149
39.869575 49.463937 28.683053
89.101591 9.660253 25.135424
13.321505 71.880157 26.374486
26.172255 29.493333 25.447254
56.916504 91.956639 30.986312
95.278973 3.399035 29.516293
29.328896 99.105121 25.781581
98.589065 6.464245 25.495443
57.559350 17.291290 26.331946
31.194143 98.444094 28.538067
56.924006 32.297559 29.840879
61.141231 16.042591 26.481628
8.971488 75.626218 28.965571
39.133458 47.156186 27.325907
93.954918 15.216852 26.397334
7.931839 42.617335 27.701451
27.922341 84.503684 29.034141
50.214620 26.085085 29.013169
64.886936 44.984053 26.879122
33.157551 76.946089 28.057480
85.304742 5.603252 30.006659
73.107393 86.904787 27.917521
30.806981 93.833969 30.776817
13.951973 88.114261 27.023433
56.295748 69.469205 29.376714
59.712235 7.917678 26.616711
38.761704 58.239011 30.401293
76.172083 7.073933 25.366256
3.793882 98.832228 30.742631
6.188348 63.828196 26.887155
48.957790 87.489720 29.834839
3.065749 5.733994 25.359280
84.812432 42.069298 27.159220
62.373150 22.584649 27.926646
28.371995 6.149673 29.764407
18.897850 4.078055 27.726108
23.628103 84.603928 30.612435
70.395386 77.353376 29.652628
1.516913 78.957512 29.173134
5.320315 38.023740 26.646433
58.341569 33.280279 26.450169
72.485150 93.913994 28.937071
45.755047 42.378333 25.834795
88.543189 72.028487 31.169728
80.349754 30.574121 27.489637
86.207758 59.367474 25.868409
97.648030 63.681206 28.899909
74.725018 4.781729 28.798140
25.330919 37.122815 31.209630
64.607886 9.921742 26.043087
59.352590 51.899512 28.356408
2.327746 74.996922 28.207063
98.902271 9.636373 25.982717
86.680516 32.328945 28.809950
33.643622 22.928395 31.211687
38.729539 78.385851 27.316399
90.674940 48.578788 31.035392
72.665790 4.266221 28.196729
64.446066 74.176122 29.538531
6.433520 36.035658 27.398438
46.834285 13.886714 30.878532
25.397465 50.252547 25.029075
85.505841 50.671265 28.465960
57.011117 28.688080 29.548327
0.040740 31.260476 27.634239
71.053157 75.809834 25.734060
51.759241 48.549339 28.191899
64.371796 38.508682 30.702075
16.390348 14.911302 28.295982
66.976243 82.658682 26.466254
52.641586 8.708216 26.251068
3.964339 31.604736 28.011335
64.054424 54.168753 30.722556
20.200285 71.588822 28.327695
23.332858 53.975458 27.356991
85.824264 91.545593 26.720403
95.310738 95.065581 27.620504
85.625239 68.834839 27.209635
52.213758 18.686413 29.024129
6.722274 66.037574 25.098831
0.320563 83.274490 30.099795
43.208576 73.106930 31.194415
70.167220 17.330705 28.637065
65.943885 85.980908 29.702967
78.465453 70.913692 25.763684
37.565323 15.801787 26.711439
39.115380 26.537785 28.139084
88.752144 77.234598 27.273382
12.815145 35.714078 30.644145
49.299996 29.104941 27.706629
93.075978 53.748773 30.464600
95.421864 92.864162 28.050156
65.624067 85.565100 26.492783
60.644663 1.686939 29.198686
0.742978 18.695542 27.291095
14.103322 29.780538 27.566883
4.913217 79.845890 29.014202
20.620786 41.295658 27.945168
88.192135 26.309990 25.019333
88.150411 33.368207 29.113752
2.252733 35.523131 26.063511
31.824935 14.741852 25.864071
23.154956 2.577407 27.783923
15.297962 32.372372 27.988676
63.141940 86.327779 26.576631
87.272937 37.374859 30.634923
65.114968 13.594640 29.304753
20.602844 33.064258 31.131809
43.697611 67.224283 28.352818
32.271972 31.544880 29.495129
25.182418 61.715023 25.995527
4.908693 16.516518 30.536983
64.002713 98.687430 26.295054
12.240212 47.481037 31.023322
14.103493 54.035054 25.440405
51.096471 34.968835 25.590957
14.602949 37.718301 27.401513
40.438734 96.999889 26.423120
73.212221 21.774959 25.217406
71.641306 55.646424 30.223820
92.828624 92.310368 25.701308
39.238765 13.662054 29.643143
48.581070 73.689012 28.960154
17.722013 3.805691 29.623871
88.167324 84.601185 30.056058
14.237613 82.449099 25.948628
80.397291 74.644465 30.464838
79.223897 58.226543 28.313576
76.868602 3.506533 26.852761
49.994530 87.877275 30.261208
42.387500 77.758359 30.712268
39.114508 80.700169 31.004973
50.836684 20.082798 27.991345
72.745330 61.954262 27.675520
40.333764 63.350558 29.662532
28.310884 11.917030 30.653375
86.581529 73.137909 26.602210
35.251514 23.168257 29.660722
94.460642 7.281400 26.007491
87.639593 59.621239 29.647025
59.898808 28.729666 26.850869
88.270745 96.093168 30.004287
88.289158 74.983178 30.878766
94.043944 63.400843 28.902629
72.770815 75.631638 26.551200
53.554098 64.371625 25.806725
37.717990 94.416540 28.573179
6.419790 20.898955 25.947484
51.547125 41.315664 28.889797
3.660244 73.060059 29.760709
31.716358 43.230883 30.189448
58.739571 15.824296 25.215723
88.212149 37.373279 27.128961
99.647918 69.438154 27.056405
71.487291 33.557135 30.747757
27.981044 22.976840 30.413591
38.872405 90.676299 30.188714
6.701960 56.810184 25.088202
82.428980 49.840332 25.002768
10.941668 60.868260 26.728668
12.067692 48.611478 27.867242
84.857907 80.110972 28.007516
44.712684 12.858656 25.111499
70.001868 56.611373 29.862215
71.450671 16.114835 27.706776
97.400526 80.504922 25.064197
10.838000 4.709070 25.826854
78.888369 47.576823 26.815395
94.545374 26.100567 25.023330
24.680820 92.883899 30.202815
77.258249 13.814072 27.177234
94.648249 93.793643 29.812540
32.574000 27.919395 27.289437
97.313785 53.120466 26.680443
51.298463 63.312103 29.814038
62.052977 23.435829 29.406825
99.230761 56.149009 26.837390
89.625394 80.929436 30.529542
18.228292 23.231294 28.092278
61.344378 91.481428 27.564645
67.884763 95.732730 27.498527
22.986197 16.563885 25.027956
71.533116 66.407736 27.030240
79.614625 88.846575 30.029575
54.251824 9.084100 26.871946
9.809454 38.521585 28.147862
17.621547 70.608170 28.530616
34.200079 90.205735 26.839198
39.356154 56.069269 30.005853
69.375764 48.015533 30.856104
3.988881 90.929326 26.594098
89.432103 67.948065 28.481033
81.401813 98.538104 26.030895