26.230832 49.422061 30.885844
58.467523 69.738298 26.369655
7.952040 43.145260 25.947150
13.020282 0.352669 27.319735
30.736525 90.243046 31.210516
67.831231 60.326754 28.355210
52.285988 13.401660 30.461446
54.127020 4.662383 27.438665
89.811933 78.722071 25.126129
92.093799 77.701538 30.059216
97.881931 57.111315 28.017616
90.727119 14.833583 27.325759
59.421514 5.277102 27.102374
51.771550 12.159346 27.214810
64.911154 82.867017 29.661497
30.513692 45.561551 28.161484
9.355506 45.835967 30.350227
67.319206 37.516924 29.077819
89.798849 63.189219 26.169672
94.950486 92.859403 26.183071
73.575347 41.952402 27.030136
48.906530 28.333824 28.827275
65.513771 60.980575 26.881272
51.209591 36.137458 30.468584
64.692716 83.519186 29.894294
1.740241 21.173419 25.508374
75.652003 58.287607 27.483549
65.602139 31.870316 30.323189
78.028672 73.839824 28.234293
48.637559 44.229131 29.937158
60.757570 8.991595 28.173352
8.386960 23.548282 26.353139
65.437110 12.302202 28.771311
72.324512 28.868878 25.001616
95.412761 39.834134 26.539844
73.935501 93.610519 27.885485
76.614379 44.855964 27.214181
63.443824 43.645979 26.727178
91.739275 6.693944 30.371857
57.273472 25.468750 25.185711
42.720658 2.429820 31.224777
9.514723 84.780640 27.441092
51.497547 62.704288 29.665083
71.914199 46.436887 31.221934
65.472652 91.488756 27.562852
1.859546 47.436248 27.943797
42.001113 52.907661 30.206849
54.823622 34.581760 26.024288
61.523992 42.430248 27.630355
5.449576 45.937725 29.515598
83.868609 75.810714 26.989620
57.146243 37.229612 25.925085
59.082533 13.438008 30.286036
13.399731 33.858442 27.960734
7.947993 88.583600 28.200579
59.427603 95.835500 30.490643
43.624837 75.964822 29.157757
8.686159 19.236733 26.259841
23.496283 7.658212 30.138807
62.343709 38.682144 25.986860
24.960639 59.746793 29.791449
11.925152 64.993455 30.908024
18.008891 19.822462 30.983544
71.936116 55.430049 30.371146
35.615839 41.818401 26.871145
89.120270 51.156094 29.844879
36.128296 34.680032 30.799393
58.394229 89.611313 30.030719
6.259453 31.134161 30.511886
17.074760 33.072450 26.101369
63.177902 11.791370 28.322372
80.502809 98.659461 29.762907
72.386190 52.657337 27.864305
44.439538 46.218559 27.938029
47.700643 90.257399 30.907784
15.582800 12.003892 31.220429
2.049599 53.063859 26.599257
88.375920 70.543184 27.668792
79.184395 44.125435 28.481034
88.529700 39.901953 31.232553
65.712585 41.592113 29.657081
7.494079 71.481386 26.965327
8.851751 65.078378 25.552963
52.785551 17.963858 26.100141
63.194163 64.512704 30.088276
37.406252 82.759258 25.778883
12.374594 81.955236 26.184802
89.940520 1.913042 26.961998
21.517185 37.432539 28.651702
90.441479 21.762439 26.517593
86.343403 1.045786 28.088862
14.427111 57.605251 29.115957
63.350809 76.037404 29.891744
62.173316 66.290338 30.635693
92.152238 69.231518 26.097337
11.944964 95.426360 30.828455
81.507814 7.356681 30.048187
8.831576 21.542319 27.238770
71.834057 20.394433 26.953789
42.435484 93.956543 29.658535
94.774007 53.063743 25.411120
44.368521 51.175874 27.725317
87.262826 89.800037 29.854000
66.191091 86.271390 27.133346
1.414290 31.594033 26.055007
94.595035 11.625374 26.472710
66.795985 51.902686 30.956002
19.118624 1.993419 29.702728
49.939585 89.206652 27.464577
88.911650 67.776581 28.079951
12.549576 64.438778 29.743118
55.952157 52.183120 26.668926
56.269308 87.792857 31.066050
21.071468 29.493107 30.875950
71.421238 17.811125 26.132396
84.256068 26.454972 29.866915
23.068787 11.483422 30.300292
17.210628 54.978106 26.357249
65.361067 17.929437 25.031180
47.988627 20.752833 27.241662
40.862398 22.857107 28.066279
98.817623 54.969702 29.035826
44.609966 84.079462 27.750582
71.997968 47.396689 29.490304
35.260698 44.792860 27.863230
9.730663 80.625707 30.275873
88.783308 15.803329 29.522986
11.470181 52.634491 25.539011
99.987600 96.939358 26.351314
84.762510 51.105912 25.563767
20.807105 78.367822 27.129533
14.665695 77.564808 31.004288
30.474175 10.993913 27.966235
64.833468 50.499490 28.067444
70.906204 35.633013 28.536776
14.746493 97.070932 31.022164
25.163361 39.793379 29.303793
4.947931 25.466223 27.573095
94.382826 28.904948 26.440545
11.705394 17.422106 30.386610
88.216858 73.509931 28.381022
99.198851 32.224916 31.221124
20.105358 53.429224 29.793963
34.152781 2.868017 30.499808
91.338824 92.673218 28.528818
19.934442 87.731940 27.868339
60.649946 26.562503 25.435699
2.074473 98.524382 29.286549
0.855959 22.051373 27.284685
11.309570 75.987376 26.928550
74.389415 73.101652 28.569158
24.197742 8.639614 31.229779
55.686238 12.039632 25.168747
26.569308 36.555417 30.132793
92.007832 95.902090 27.080671
66.773142 30.174734 28.647053
41.326233 22.062237 26.479565
6.103562 34.459568 26.261591
59.846889 54.477213 25.296787
0.869742 75.225948 30.470731
31.590982 33.059183 30.211248
50.498353 50.889215 30.163755
41.963684 21.037734 29.564207
9.295684 79.348999 27.018652
78.045552 68.929675 25.598160
89.265439 48.181538 28.641207
43.643042 40.933591 27.588559
26.148580 59.462860 30.251844
19.868747 46.667039 27.641781
19.968942 2.563156 31.169384
64.256787 20.799169 30.872469
16.700215 75.409810 29.736009
62.495039 74.307819 25.170741
68.197526 85.186230 25.723939
60.464200 75.755875 28.594784
7.606826 72.855851 29.260793
54.755433 82.334779 26.505106
77.755494 36.970420 29.077128
25.400088 15.588877 28.571433
6.057081 21.655681 29.720429
94.779602 20.693022 29.989786
46.675449 9.621515 25.265807
48.826549 12.928616 30.266043
73.758462 58.782570 29.785474
36.768273 56.069070 25.128397
96.230413 89.502412 26.016911
50.859950 47.770818 28.900162
13.555296 86.036614 28.303933
4.659855 34.388507 25.066565
27.412864 70.123449 26.370215
78.433481 89.372739 25.803647
25.401102 44.629096 26.860553
93.619094 34.542819 28.953618
89.180555 44.942505 27.430701
89.247390 91.542068 28.622657
90.229064 26.216200 29.434074
82.598286 86.616248 30.525519
87.594512 89.281895 30.069255
33.617817 38.308183 25.062470
87.158362 25.645652 30.747792
46.858093 83.009502 28.448112
38.196475 20.367756 27.511404
7.607539 83.007446 30.395486
61.791592 81.734299 30.624552
72.999099 68.006194 31.163435
8.252491 95.398012 30.517828
28.596094 6.186119 29.395339
95.010002 22.322257 29.985007
32.981757 41.025582 28.572203
17.724683 61.218561 25.170936
67.889725 77.650724 26.456369
87.310316 84.288708 28.508153
63.931893 8.006463 30.788965
58.132309 41.668574 28.532693
47.874870 68.674259 28.801456
31.933847 44.788764 25.219384
90.213250 25.112600 29.550295
95.386933 52.897362 27.078249
95.342233 76.580000 25.172443
39.227834 48.231677 29.250982
47.204026 59.409915 25.771632
32.207252 60.457202 30.976496
2.995300 85.006491 30.781617
38.996611 90.867780 28.639437
45.887071 38.842620 25.825861
54.399900 51.853547 25.991187
36.307052 97.199202 25.666793
28.091962 29.666920 29.471860
85.888724 99.849233 25.216878
34.507040 80.143846 30.468067
42.572817 44.177760 26.246157
5.493346 43.140317 29.268782
50.342202 57.327597 28.449239
66.965525 76.514640 25.040210
35.330631 44.539941 30.569562
20.549192 74.562354 30.629154
57.503484 91.170441 31.204226
70.594524 20.126333 29.590456
34.111282 93.287892 26.000555
78.660292 4.493306 30.301095
17.797383 49.820973 28.033946
98.144204 73.127344 27.592264
35.136498 19.932300 29.619646
83.824488 59.150062 28.929990
96.687252 78.091628 30.472477
84.718854 80.301066 29.447462
18.088321 11.863506 25.142271
76.433196 90.217794 27.598193
39.126834 57.489872 26.288006
79.974752 14.476234 25.783722
69.375519 92.163662 30.088680
39.669909 86.804981 29.259926
3.019798 9.297813 29.792086
87.206529 29.618522 26.646615
19.938215 29.096420 30.626148
94.963630 87.352826 31.112126
32.338987 94.435740 30.857256
48.615126 66.488329 30.500699
20.340587 65.970407 26.815029
73.098849 54.985493 27.868646
33.213777 87.795547 30.764285
89.471523 53.397077 27.840068
42.179952 76.503526 26.950345
38.834215 1.581400 29.500811
32.015659 38.055788 26.034401
71.185551 97.870374 29.056507
74.194962 28.608382 28.518798
49.806536 52.569999 30.453369
28.123905 56.815793 27.055093
20.844408 60.368012 31.197690
3.021263 87.770921 29.328714
66.065340 20.782826 27.019356
99.533996 92.780762 28.753623
59.595299 4.808132 28.168548
39.449085 59.628126 30.407870
3.533315 63.900055 27.880589
98.580999 1.490602 30.462676
25.561103 77.073146 29.053600
35.943336 88.001871 30.799119
60.448741 69.972369 25.808870
18.681733 3.574571 30.114655
99.346916 13.271538 27.352470
21.943528 22.463064 29.859194
41.211157 11.029588 25.750319
72.852090 24.228231 28.447746
53.771938 18.974598 27.016769
79.212946 95.153872 28.051349
39.104251 79.938472 30.205407
32.819711 12.587398 30.424129
78.396278 78.617185 30.307141
11.960408 10.437439 25.910738
66.274314 79.606198 26.361654
50.044110 12.227196 29.190367
84.456768 54.772122 26.961129
87.857763 30.357113 28.688521
80.463844 48.172972 27.038128
35.278999 20.821065 27.684067
21.643125 82.553577 26.211785
72.054050 24.778479 29.936315
11.993250 57.179994 25.765173