1.539086 6.828903 25.956398
69.065288 65.597475 26.965185
94.805433 6.162863 25.646030
7.916995 99.260535 28.129562
73.604669 37.426241 30.752688
33.825262 44.783222 29.183664
19.098724 33.881848 28.794141
78.265023 10.699422 30.241870
96.372228 46.784706 25.753379
5.237444 75.027734 29.085640
88.103894 35.245350 25.609588
30.736816 12.255128 29.439602
99.998517 75.679922 26.603571
22.270686 63.265443 30.877443
63.981023 71.141165 30.438730
23.819562 13.501790 29.435175
88.437034 47.262003 25.622262
36.539445 86.444021 30.621347
88.884323 71.735517 25.565450
46.673058 27.884887 25.751060
36.586655 40.033471 25.414502
12.542130 42.570029 30.446182
14.422894 63.375525 28.444011
93.604920 91.387901 25.267485
53.355934 58.830660 25.197710
6.627196 88.147182 30.707301
1.679119 45.523819 30.558867
39.387364 59.402984 26.567867
58.231862 63.334854 25.781746
75.720450 99.113389 29.632348
65.936830 93.025438 25.816504
58.705619 23.899019 28.508210
65.689563 26.645122 28.772781
4.098571 65.442296 30.250898
87.578659 29.063756 29.778354
86.076348 50.040859 28.503411
82.874364 72.904462 29.583349
57.787031 22.975104 29.346315
37.099443 0.461886 27.893908
27.746244 59.417400 25.689508
9.259329 57.599383 28.120451
29.738322 38.744944 28.716518
95.550081 86.104685 30.699921
4.064345 61.305063 27.038580
70.272427 61.322061 27.627708
23.310968 5.314474 27.984775
33.543309 69.812002 28.022762
93.477212 47.590885 31.084230
67.066859 28.663595 29.253674
29.013346 66.375776 27.387546
43.161741 41.521359 31.017634
90.001193 0.753478 29.067682
25.173210 93.518846 30.693861
73.785028 37.294794 28.531322
94.871749 33.843184 27.108928
92.322621 82.026755 27.226846
49.760344 23.768807 27.050621
61.355864 85.736857 27.485741
73.082185 91.338593 25.753044
50.621957 85.252575 28.799101
63.153300 90.281091 28.546995
30.350192 54.832549 28.081396
47.277691 50.400524 25.386608
22.239355 86.061187 25.589639
96.017330 21.957934 26.724935
85.632229 61.040426 29.668085
3.714428 58.187631 27.725816
32.955364 3.741308 27.607588
63.866559 40.874489 31.072202
31.348752 82.133456 28.395977
46.306408 50.364909 29.957002
39.269927 62.743249 30.506261
26.605414 30.630863 29.237855
15.276812 9.747699 28.090338
68.118615 0.974746 28.245305
60.052296 49.842414 27.779661
35.147385 19.649709 25.604537
88.981671 54.573047 30.353228
3.509854 99.101798 28.030300
30.020903 47.077078 27.843054
19.811964 53.409649 29.417999
92.236103 86.553722 28.112017
34.935800 66.833289 31.142143
13.292609 4.646274 30.857501
26.891053 93.812964 28.482032
72.238852 77.568953 28.199579
71.076982 76.149989 28.776866
65.551569 17.000702 27.758594
79.113420 18.256710 26.696190
23.593196 93.082458 25.366075
33.217441 97.380313 25.329873
20.671176 38.643396 29.856257
57.012835 37.059412 29.888131
10.775156 42.876186 25.477678
34.938183 19.009877 28.141691
31.292146 41.427648 25.493898
36.521275 53.200900 27.737464
57.409930 76.454019 29.436059
61.573810 26.759375 27.942185
35.501286 22.519261 28.383160
58.102543 92.137846 28.213563
62.196043 61.409992 25.475217
11.600157 9.123092 28.870234
13.091264 49.250819 25.989245
49.715143 62.316603 30.508626
48.938730 92.116840 30.675749
43.390494 35.991565 25.587171
61.806431 19.559490 29.624692
80.406417 13.169803 25.410935
1.012105 41.874652 26.946430
33.198719 63.442164 29.456035
94.103510 17.678642 28.297827
91.066827 86.343065 29.828740
58.424906 38.246264 29.512789
78.261608 91.585663 25.998460
87.945241 78.043725 29.001243
79.402231 26.421147 30.199989
23.250312 20.296294 30.077589
94.383723 75.167187 29.678994
66.320059 17.512316 25.768576
1.188173 99.374302 29.927041
49.714005 93.975310 26.987154
39.278081 16.999908 29.082271
9.836940 21.938168 28.509469
74.218559 73.873241 29.770747
37.923674 92.609685 30.982680
30.892190 22.107863 30.717272
3.221564 18.723504 30.947672
13.318969 88.959357 29.163682
18.940077 72.288285 27.642126
83.246933 58.236175 30.578840
84.795269 13.194981 28.469982
25.848072 34.220424 30.164812
9.685562 87.116314 30.918116
1.679376 24.449488 28.725779
98.417659 24.273623 28.404596
90.584290 37.138986 27.274644
76.364031 17.317285 27.438954
27.408704 62.360126 28.739361
12.380358 54.279645 29.788670
10.263672 34.425599 27.761869
8.355638 92.568012 25.923354
31.481833 54.964519 28.155035
63.971555 25.160275 26.537303
59.244331 11.936657 28.912642
46.152832 8.960046 30.453540
96.762897 29.242200 29.143934
60.264001 80.808348 30.170710
65.851747 37.299906 26.752245
4.445018 91.454699 29.654884
10.809074 2.534089 25.365031
52.422509 11.136771 30.676396
61.216456 82.333832 26.564049
54.688462 3.799561 29.103728
14.482635 0.130538 26.184629
93.045840 23.858319 30.595197
56.223018 99.926463 27.983941
30.369614 25.733854 27.193603
42.367413 31.350165 26.989112
72.463948 2.139064 29.235366
63.224286 36.133978 30.992539
68.953520 67.931394 29.134751
30.837524 25.261227 27.446759
96.352431 85.081705 28.427996
10.355415 23.204357 31.047149
20.182333 81.367623 26.066280
22.921705 2.295552 26.609684
16.154731 75.971350 29.311288
11.867295 75.535456 27.400007
3.932165 8.317821 29.674846
24.737589 97.153278 27.398851
88.882971 3.529145 28.342810
94.220431 52.977503 27.086261
34.280816 94.749673 28.008225
71.596474 64.394235 25.217994
75.304955 13.053565 30.824252
53.143766 84.576487 25.742155
87.320993 5.393733 27.811844
29.754815 3.041183 26.501739
41.151536 67.796797 30.940384
62.815697 2.050935 31.220260
98.761668 61.992461 30.034657
92.672460 42.475515 30.250954
66.487543 82.066276 25.339546
88.487633 3.988642 26.825706
42.996458 83.745076 25.392063
24.304352 1.107192 26.284484
37.121275 81.630463 26.534665
13.617513 23.214273 30.634920
41.782977 38.254465 25.095401
88.244198 30.086304 25.456828
81.490459 62.707614 27.527099
86.917665 92.544061 27.072124
1.828449 51.713773 30.439626
88.967089 7.560285 31.104474
72.070354 38.715710 27.900527
86.186584 39.199433 29.117403
67.068701 25.378532 25.346146
34.227037 20.144395 28.127052
36.290055 49.631556 25.272118
72.777169 57.284724 30.262470
91.981352 36.482650 27.847109
87.597987 58.194221 25.575336
42.133347 86.211705 30.113889
6.883102 56.079155 26.207577
84.796632 57.813590 29.152679
79.756278 23.660102 28.066835
0.051909 57.194159 30.312645
25.287566 50.436022 26.155320
48.951900 92.418605 26.090239
48.083565 10.478148 25.556255
62.251770 65.862889 28.160203
59.193684 39.111545 25.626869
92.969115 42.491861 25.720424
27.781071 29.704887 27.112959
92.657194 34.646771 28.613464
35.432562 38.740101 28.786928
31.189268 13.924173 26.427391
15.097710 81.105512 26.945639
45.375435 36.084598 28.129984
34.111606 79.139697 29.348714
68.002031 72.739449 28.788962
20.638230 85.188427 25.408975
74.856019 9.351302 29.329403
69.314751 17.026738 25.109729
8.417215 38.594202 26.901059
24.694611 69.883766 29.035948
68.572313 46.619691 29.403881
62.275321 91.755062 31.051765
58.036956 44.599293 26.582003
2.107445 4.331893 26.126271
5.762072 70.802833 30.347777
27.664504 51.421497 25.695712
52.635678 42.692336 29.825601
98.700075 94.207456 27.878918
45.060870 17.915333 27.885984
40.994764 46.681501 30.729834
95.908949 7.030922 25.975265
28.908042 76.568914 29.191665
78.091040 72.039727 31.012503
99.609414 37.406711 29.985247
76.794539 93.023313 29.093880
1.479305 26.423486 28.066429
99.956020 19.128662 29.541637
8.792854 49.808944 29.380592
20.642515 25.075389 29.231924
91.492055 85.366828 30.216620
15.642821 19.181875 28.994712
9.325763 27.314123 29.195783
85.171178 50.542617 25.214694
21.614718 66.012818 25.374394
80.706113 91.767431 27.008514
2.969170 89.425414 30.564232
31.776784 44.380555 25.539750
77.342302 67.324922 27.452947
68.102721 97.743310 27.951382
50.399491 96.108947 27.921854
15.132618 99.275075 30.157380
17.843655 64.656321 27.779052
57.116787 39.864505 29.158248
78.007028 22.009153 30.253786
78.085022 91.387728 27.701628
87.780241 81.877914 29.888252
10.121754 55.548252 30.655337
60.691198 80.021151 29.622900
76.235550 53.420428 26.598670
93.496348 45.394846 29.765916
68.865726 25.939244 27.316141
48.581980 16.897444 28.919383
9.038170 84.712836 25.998207
74.903919 31.677376 26.103856
10.462111 61.073562 27.633185
53.355519 53.911709 29.634144
99.914848 62.617823 31.091785
15.696216 17.231262 25.401463
33.447207 59.138553 25.578277
40.474797 48.292460 26.700965
70.160444 66.365665 30.728765
81.975127 88.844746 31.001479
84.727420 12.059762 26.281732
91.158687 54.823161 27.412446
62.573114 70.977301 27.439570
39.211773 97.015321 31.002842
79.460363 84.636269 25.647974
13.872236 51.478351 29.638855
51.339093 14.098819 28.078177
53.973079 12.229497 25.113795
82.361066 44.829024 30.913126
89.602210 68.960193 27.786396
36.742488 86.652246 28.243525
92.263281 86.671465 25.491206
6.364026 40.162368 30.505983
63.607806 15.818461 30.657015
14.116534 38.298181 26.247736
98.653405 84.954915 30.257315
48.038536 5.418903 25.950702
89.055023 24.471360 28.710322
44.610726 25.944074 29.366044
48.976336 24.438905 26.498274
99.055509 78.273758 29.121032