91.720694 45.509034 30.985346
95.518406 69.983673 31.068276
0.786071 32.094057 29.063751
90.252751 87.049721 27.927234
6.017095 92.435574 25.275269
29.336941 94.128285 27.587618
34.319085 32.988672 30.469007
31.386751 55.729495 27.022773
37.007796 12.862272 25.723543
53.086631 5.580271 26.285829
63.356078 95.166767 29.933328
45.827690 42.855718 29.056090
29.659601 71.213523 28.423036
31.649494 0.775621 28.772757
66.788508 20.945060 26.062037
0.808839 87.742886 26.603949
89.897020 43.007595 30.077667
13.468690 7.661856 30.465658
30.324706 91.366408 25.206370
86.281348 55.054406 26.801175
44.368935 71.061306 27.620112
1.156931 9.608232 25.094124
1.083138 9.407250 30.620464
34.752228 35.886552 29.666122
20.364310 15.453621 25.725064
24.384047 95.118159 27.028104
20.396436 48.393564 29.788489
17.051332 22.235581 31.066835
10.584381 69.521939 27.976321
19.187395 0.118372 26.240327
48.357544 30.497901 27.591135
96.222311 28.933707 25.826007
2.895743 95.158261 30.149059
58.695932 25.145635 29.964231
55.206638 39.433630 27.715854
98.874453 30.930740 28.462810
53.602476 50.553916 30.262569
65.751694 31.663053 25.120453
78.911100 64.959396 29.894942
86.732791 41.204390 30.749424
13.009216 1.015700 28.073782
31.207413 13.005128 25.150464
50.776326 72.737478 25.481497
74.795719 98.800331 27.892887
6.345878 91.360058 27.400515
64.908353 67.765301 30.066307
1.071979 33.355388 29.126235
11.860584 13.953776 28.391544
62.216991 86.622730 29.587866
23.668863 89.446497 30.372262
36.307528 33.082212 28.129762
46.657002 89.003190 30.279806
44.593835 54.130384 25.905392
52.733282 0.943533 27.122055
22.754232 40.544299 25.080980
76.832471 62.000781 31.011376
77.186257 3.351509 28.531875
7.249315 41.437415 30.662392
58.389277 30.655850 30.578486
80.701313 89.251619 27.334098
75.572429 34.915541 29.944101
70.928163 73.111714 28.661432
68.452844 94.239606 25.273036
43.152422 8.616687 29.211211
44.661388 45.878129 27.913332
41.749085 80.145595 31.133735
30.816948 2.997426 25.763347
63.528777 10.789529 30.607132
4.152621 27.158562 28.445169
6.094743 67.010467 25.806922
86.691513 84.287911 28.706648
95.625661 96.910660 29.634418
85.190995 61.086725 25.635662
75.273745 96.437191 27.068931
90.081802 48.020179 30.716181
91.919537 72.122672 29.089528
76.283732 5.281780 28.796556
92.735288 71.013185 27.146680
85.775874 11.482744 30.801829
79.053366 24.176560 26.826074
66.070201 13.571769 28.946236
90.323811 79.976036 26.879126
79.340047 20.011482 26.162237
99.449599 75.338513 30.513494
49.443316 66.814650 30.920020
77.881887 32.690981 28.016782
33.045249 81.164705 26.967280
42.575581 46.400674 26.659105
28.940448 4.855155 30.398484
65.021697 7.601165 25.630626
78.292196 11.328238 27.134864
66.129067 14.737585 30.263429
55.727908 78.690152 30.114130
36.827229 30.366577 26.357097
39.904926 75.037232 30.673824
10.294979 87.441583 30.158994
56.581374 95.032846 28.080809
16.067586 51.160672 25.137942
14.156420 86.316696 30.294396
13.319214 90.349647 28.397936
25.923169 77.808397 28.499829
24.140446 22.065778 28.640934
77.033256 46.778266 27.572263
18.288113 91.768896 30.237314
44.205129 79.305364 31.003994
26.846272 33.502995 25.588516
94.468110 5.958399 25.797865
5.891920 40.454523 27.389629
44.805438 1.716307 25.881678
86.563734 46.819001 27.924332
69.678809 26.455770 29.307823
39.227562 42.057395 30.710690
68.749450 62.131268 26.105628
46.414526 50.475134 25.240092
3.666737 10.653040 28.165997
78.892726 63.581359 29.757191
2.131398 33.313264 28.814017
92.831201 32.555778 26.543824
71.721696 3.710452 30.497228
50.313321 90.988944 27.764966
67.705745 99.372417 26.837470
53.957939 76.111491 30.441699
57.571761 47.582248 27.032321
9.046984 5.362105 25.188145
38.490297 46.944414 31.137550
55.951498 70.550037 26.329274
89.752833 73.938860 25.771399
81.617501 31.217012 29.052601
57.231703 61.863085 29.054199
8.073051 41.788942 31.028980
18.875828 16.200311 30.835525
74.298703 67.682035 29.721866
22.607080 99.960768 30.176303
9.263554 77.543488 26.772762
66.246158 80.314460 27.544287
1.561064 17.279543 29.535097
62.756565 25.052294 31.057821
38.805239 40.434872 30.628986
39.236751 91.344410 29.500817
31.301584 17.229642 29.480968
91.126585 92.841453 27.878496
70.315823 48.909723 28.459556
98.242098 90.073232 25.428458
22.798710 77.802009 25.602873
55.121292 37.691612 27.524338
33.534418 82.728092 26.795392
8.546793 30.638879 30.692452
57.771016 3.204390 28.337337
44.360476 35.722674 26.606071
94.667960 42.884709 29.955802
3.844540 97.803663 25.205740
22.553840 7.953099 30.272153
54.023721 71.562351 25.772908
96.424026 53.304430 25.479527
84.751897 6.204291 26.283467
7.382878 43.843758 28.975402
80.058314 47.459231 27.043411
47.393214 80.554782 26.768160
59.113788 6.105995 25.202008
14.636294 27.005639 28.652611
72.252239 1.797026 30.270821
83.566732 82.951249 27.797837
53.661741 82.134672 29.584440
79.618316 9.715248 29.708657
14.763892 23.331326 26.460296
49.279436 53.265078 27.122085
53.522031 43.126031 30.910660
53.851590 5.708288 28.445540
30.595798 19.240113 28.436607
50.482784 38.163037 26.358687
2.260569 79.266071 28.599867
97.408698 47.074353 27.137805
89.174529 1.986302 29.251913
65.588493 45.992563 31.091490
8.547766 73.315629 29.294855
65.286672 25.676822 28.908180
77.338897 60.788819 28.704888
3.538446 56.016580 30.509184
49.667738 61.622244 30.163808
46.302912 36.225186 28.202623
69.740642 69.982226 26.042236
89.204738 66.252200 30.812001
53.466872 43.866944 25.573398
65.938939 29.606792 29.508028
86.668189 99.394358 30.681215
43.258657 88.030228 29.450537
59.825413 96.949301 25.875085
60.505356 76.731402 29.048364
99.726412 85.529397 27.629470
44.012034 26.374958 29.106928
92.653065 24.295925 25.851253
39.039465 33.882743 28.107339
99.147943 18.455016 27.965959
50.962605 65.335597 26.169499
81.640481 3.580607 27.473650
42.509526 63.289037 29.664714
5.655389 22.869987 25.267543
27.300604 3.537100 27.965033
8.988768 31.155606 26.850204
37.128298 40.551290 26.265695
98.285852 59.690721 30.181599
9.760415 34.861663 26.468453
42.734408 71.072742 29.221418
50.872147 89.279944 26.826311
84.228772 92.057821 28.056627
21.780817 28.101264 28.649816
6.091079 96.563364 26.263068
33.473283 46.009692 26.595986
59.813600 99.870402 27.051091
35.715626 50.485510 27.122041
37.151128 86.740954 28.613920
17.017673 56.349433 26.716259
83.828795 71.568396 30.639607
28.384932 58.364767 25.893178
68.530524 60.889856 26.765727
20.521780 10.817984 29.981554
57.347884 58.555795 27.569555
95.325580 39.400598 27.383139
86.180819 10.052249 27.323619
81.783659 86.140297 27.850873
81.452047 25.830136 29.236325
78.950764 0.862139 29.002733
96.209948 85.348002 28.638463
14.186272 63.840761 26.162493
81.715784 2.172168 29.874106
71.756855 39.997107 27.457641
18.915217 21.430442 28.844320
82.840749 61.005699 30.047518
93.486331 21.795631 27.035293
70.811010 52.054534 31.182455
85.110441 39.892876 28.143366
26.903333 18.773756 28.926299
39.920585 46.425677 26.720502
41.516826 0.566783 29.468591
45.035218 69.906451 26.310438
61.539844 96.102372 27.475326
87.757755 5.189696 29.089330
47.464196 57.672710 27.603493
53.412796 92.558850 27.619199
74.207577 10.930136 28.389238
12.525342 77.309959 26.217621
63.874988 65.204540 28.745122
84.004930 31.607153 29.893006
64.796045 56.736019 27.766246
87.085048 74.870264 25.618345
84.013079 24.700590 30.375887
27.898529 9.718247 28.496777
8.840324 68.731625 27.628322
6.296192 21.004609 28.235446
68.388063 71.216718 30.539904
10.076905 70.448643 26.289810
57.862925 33.310392 29.336326
41.217159 99.316869 26.150362
36.061515 77.072456 26.905015
42.141510 49.615749 29.334621
94.526815 36.793871 28.759322
97.704710 98.541001 29.616721
65.695010 52.857091 28.932355
96.389703 53.073274 30.400479
49.154332 33.682426 25.207921
22.446447 90.365484 25.034084
78.812228 20.076234 29.822228
17.349047 89.773651 25.748594
43.767513 21.407228 25.333089
92.567532 88.966873 30.025336
27.190584 10.903853 28.580635
93.306009 13.398184 29.620487
5.006182 80.627946 28.001991
83.657207 16.287522 26.491449
27.179307 7.939074 30.056113
40.916764 62.875893 25.278813
62.379930 25.680193 26.020369
74.495405 48.058819 31.138028
7.354856 69.703452 29.621897
56.060845 78.276655 30.100068
20.238337 91.874290 28.902988
69.462678 95.458512 25.416076
65.821407 58.268973 28.666789
84.719226 57.159962 29.287125
82.853401 30.905215 26.974723
61.397166 24.981490 26.655279
75.783938 83.377841 25.718024
23.902609 90.712699 26.731831
89.969688 8.692017 27.920747
49.238782 14.271834 25.265383
64.995891 75.839524 26.836351
45.300663 99.323275 25.842899
41.406411 77.447177 31.018564
31.951782 1.320512 29.884531
12.800274 0.125817 27.197100
89.016684 89.725762 28.240498
54.275119 95.850598 30.350592
97.127669 2.338823 26.460938
73.486919 51.376691 31.024418
57.083358 35.325140 30.121322
56.664626 87.242511 30.563490
31.701873 52.244212 30.955730
90.428080 18.173156 27.608957
24.786157 77.220348 25.703440
12.637795 20.824740 29.566048