50.108153 85.731658 26.354081
30.075163 3.857100 30.149001
6.387133 15.301165 29.171462
64.850053 8.845385 28.273138
82.449706 98.688967 27.539149
34.250401 93.367194 27.061871
58.482402 99.205991 25.889711
31.081873 16.727642 29.306562
9.008957 99.336219 30.116205
18.281361 1.305244 30.513501
91.393751 58.089654 26.331943
83.657279 37.907211 30.623016
12.551848 80.669821 26.248768
52.210369 23.224589 28.395335
75.972880 1.390438 25.710661
80.496176 54.016936 25.680686
15.842335 17.582857 26.960116
71.500790 61.759860 27.352632
51.923329 69.142382 29.349721
34.396631 61.292891 27.703633
20.485568 5.854958 29.120492
1.780143 81.806671 30.381903
25.002162 1.440930 29.913925
39.791354 86.250405 30.866396
20.477013 84.305366 26.922749
52.912529 87.333680 27.598114
99.433612 19.279256 25.647451
43.203511 94.341903 29.128202
45.548195 86.297911 28.869811
79.989914 69.868423 28.654507
34.081056 30.531677 27.943225
55.761700 95.167118 30.395196
33.474544 32.471637 29.307707
63.237106 72.797968 27.323981
36.134588 33.149371 27.924919
15.820888 37.116147 31.148710
7.039872 69.276289 30.483569
63.387994 56.925688 31.228414
40.758810 0.461826 31.063331
38.720130 30.882797 27.058966
61.571539 74.534980 30.580443
77.358475 6.265706 28.478683
9.505277 29.460769 30.340599
25.382155 25.997160 26.185067
18.649683 15.915474 25.000129
1.333681 42.059323 28.934164
60.901050 54.839024 30.105966
73.584260 49.196842 26.533360
85.854626 80.859547 26.580600
5.420406 96.153316 25.030687
17.193095 56.088659 29.689458
73.575997 78.960687 30.479499
18.530123 75.085452 25.262110
29.296207 14.588336 29.016002
24.925120 63.173163 30.305308
84.925670 0.163168 25.375490
97.677644 73.009487 25.849944
0.421401 32.521025 28.884025
60.061077 20.518420 28.018173
92.113563 80.009199 30.776558
12.940077 32.823180 30.211638
74.364028 58.201739 26.375452
74.762712 67.565234 27.511485
91.073387 57.205220 30.885066
87.907564 5.115672 25.444682
77.264682 35.124333 25.639755
25.775844 67.923776 27.864968
89.600962 63.653743 31.015479
82.159377 90.077826 29.852200
94.281159 93.950882 27.925644
36.817537 63.390648 30.882725
54.061489 84.878554 25.888473
16.763867 10.064688 27.828555
32.348822 56.775125 27.987708
1.550763 5.765286 28.732872
88.190020 51.910705 25.015007
21.563807 39.397446 26.792665
58.082550 35.605361 25.701829
36.883130 70.834246 29.209880
40.991807 63.383399 27.589737
97.808208 73.056303 25.649744
56.932575 47.049240 28.134775
92.691856 79.011233 25.509595
45.103975 34.544883 26.645306
85.021544 79.848080 28.883644
75.364578 17.359173 26.286212
43.314945 99.358953 31.196863
97.966517 82.910925 26.294361
21.417584 17.369031 26.086345
5.052536 74.469289 26.658446
42.462235 76.200846 28.768045
51.115053 84.389401 27.642509
75.981977 24.993868 30.619587
1.531677 88.059014 28.354039
0.943539 47.795333 28.555472
62.514279 3.780875 26.909861
81.468811 48.637553 28.974009
88.839016 61.116643 25.014497
48.205436 36.968596 25.958241
40.717353 44.107306 27.332126
8.334785 50.977689 29.039191
8.023312 1.362279 25.460082
27.482942 75.265497 27.449627
9.077319 20.106038 26.843443
44.710241 88.728985 30.549450
77.325885 15.168646 30.508676
6.075928 42.007210 27.154097
39.091635 3.949903 29.318735
61.559441 91.916872 25.299192
54.409607 50.247430 31.219896
30.477499 73.634332 30.877258
86.667215 82.737128 27.582331
80.062765 62.999965 26.359599
74.276173 4.492451 29.733062
55.149678 94.523264 28.966578
54.094362 63.667530 29.026325
28.797668 87.564719 29.915958
17.490740 98.095442 27.530918
63.978860 71.761909 27.960415
60.953599 31.419858 27.857581
34.052822 23.058499 29.392046
8.672788 36.835400 27.205930
4.542856 96.537604 29.807181
81.686486 85.671045 28.800112
51.920234 50.136974 29.047435
48.227735 55.842605 28.029486
20.449900 44.798691 29.466807
28.762186 65.331197 25.545126
79.851195 98.424484 30.444450
52.473015 66.369920 29.383852
71.622940 1.540672 28.200056
77.744812 23.824348 26.502039
20.764431 4.845114 29.079434
22.267770 43.734626 27.694629
0.036987 71.189003 28.088005
57.764484 23.645384 27.393816
41.226363 51.975502 30.476562
66.917767 41.187005 29.053079
44.204039 70.399997 29.835843
87.210322 46.269956 25.860997
12.862279 62.677335 30.494805
8.796035 97.761295 28.035276
74.390164 78.231774 27.683773
95.359152 68.980800 26.639096
72.093119 99.561721 25.812889
78.211355 19.086649 30.675148
24.768624 22.061922 26.710216
50.919782 82.286410 25.696701
61.035546 47.486597 25.746635
97.753902 65.439422 30.045647
6.176292 28.664953 30.756096
15.246211 11.250318 27.892224
13.789808 32.918174 26.675866
63.645806 19.785720 29.833034
38.992899 83.347050 30.167630
15.522643 98.281770 28.998491
58.128164 32.833953 28.255360
23.957689 53.742542 29.956818
87.917417 16.041503 30.485329
53.803308 74.449847 30.101829
44.453023 98.874331 28.956512
83.629857 76.645561 26.412276
56.435574 86.023962 26.968817
79.353850 92.813440 30.779171
83.195536 42.472723 25.545505
93.264306 28.704991 27.025180
96.447242 23.606226 27.314019
48.508538 23.964698 27.527702
33.828100 75.731265 29.704873
98.432394 66.329415 26.553285
55.200083 12.072546 27.894759
61.598178 19.399520 26.207748
90.234860 51.534741 28.855626
87.345632 29.410715 26.973893
5.922897 42.765640 27.932594
34.400161 59.061758 26.201714
2.601862 70.815990 28.882286
50.672944 36.342207 29.295136
83.641896 50.060957 28.169246
12.310590 67.391558 30.673883
5.610781 35.142250 29.062593
2.009023 59.622539 26.961871
69.548902 15.732410 30.096856
86.513229 13.180201 26.278340
63.272741 75.102420 25.015781
43.309718 52.512991 29.886755
90.987554 19.402582 28.692505
4.949427 46.306634 30.622191
57.312812 6.242534 30.388176
32.802010 98.350845 25.888903
94.928418 75.454477 26.237410
46.559298 32.532272 27.996017
62.598268 74.168132 27.546513
51.187858 77.163781 26.314120
90.094740 18.410856 25.014073
59.368387 25.784349 29.590041
92.960526 3.012585 27.981053
54.041754 32.245498 25.179389
4.468904 76.752727 27.894942
98.121811 41.312723 29.631605
17.054514 24.420556 30.195137
21.076661 3.205113 27.530042
2.406743 41.199999 27.249414
1.295590 61.598739 30.081089
48.015533 48.400564 28.846373
31.531918 2.826992 26.518243
99.225592 57.083785 26.355616
51.711156 55.070695 26.482584
78.566663 89.555104 25.360907
50.994481 10.432289 27.692586
4.383710 14.725466 27.540300
29.113132 49.644739 25.837809
1.998098 1.093559 30.753348
32.757313 82.373811 27.229577
49.985642 97.445654 25.016878
71.399503 87.573985 28.085017
77.020376 32.568086 26.641025
85.257835 53.719755 25.029544
82.113820 21.492598 25.538764
42.036921 25.909517 29.456735
18.321626 14.728998 29.093547
25.543788 98.087392 27.501003
8.798273 68.101345 27.628994
47.830466 18.235568 25.372314
47.811256 54.129621 27.298304
14.802900 52.002238 29.938754
57.622125 43.303557 26.531803
93.135211 87.995469 28.679314
34.600256 66.019071 30.578958
38.302859 6.380299 29.821444
92.644530 71.798812 30.730212
53.270705 20.540587 27.525553
65.760641 55.732999 27.067115
18.246121 56.311216 30.465522
49.809388 69.584352 26.792748
55.730936 18.733036 28.935481
31.054677 90.700447 31.137174
83.310374 13.923018 25.735729
60.153190 28.113496 27.341235
95.349955 12.202137 25.121593
28.498496 96.156760 27.524506
6.573704 1.649697 25.055417
8.094615 27.944950 25.501452
8.808207 57.958001 25.499031
12.716501 59.242561 26.029825
16.280303 17.974486 29.319460
65.634630 87.057955 26.632401
51.529787 81.786622 29.368441
72.921040 68.689198 26.172650
85.216418 41.958996 26.926727
80.250321 76.276908 31.166802
72.476880 45.869666 27.322553
73.736401 94.409905 28.366377
74.599034 86.272671 27.655097
38.731052 85.385300 29.998008
9.089992 89.023805 31.181939
74.536705 12.477054 25.663797
75.315679 38.898272 25.506095
58.285631 63.442009 27.510601
64.194964 60.592024 28.311478
26.911536 41.648757 30.661244
91.265200 69.990866 25.149990
69.324259 25.487217 27.683167
15.498257 24.605950 30.736146
1.603412 16.820432 26.585575
84.371745 75.880167 26.836018
49.337558 11.836376 29.613720
60.278814 85.269547 26.529296
4.387725 9.628144 31.083485
95.084893 49.451643 25.105409
31.545304 0.838804 27.857773
66.585056 53.889901 30.248504
30.099737 8.162243 28.877764
78.803711 90.373486 27.730460
12.154666 60.781177 27.271302
28.984326 90.163448 29.144672
16.969479 41.582619 25.827556
30.830210 5.046150 25.999920
8.730148 17.019206 30.289817
35.974757 88.546408 26.596209
44.216862 84.288090 28.477045
9.682787 37.766871 30.453774
4.000531 72.846360 26.437407
81.807199 62.663990 27.459793
83.197658 77.039062 29.631483
35.495637 12.158738 26.712610
57.812757 35.295620 26.188278
1.901306 80.207756 29.958460
51.560375 65.884003 27.071602
58.389742 18.488482 25.023293
56.984065 0.808181 27.425772
65.377274 86.375941 29.361695
80.718577 4.268042 27.284031
20.802748 40.496039 26.534181
80.873738 10.194223 27.341942
21.483211 66.722157 25.900942
76.475160 36.928703 28.735335
96.141469 76.986755 25.629936
70.226334 97.874467 29.960963
74.173654 0.431824 29.066666