96.320762 71.811439 29.226407
89.780368 25.700067 28.884703
96.343563 43.067236 29.002511
29.295577 0.653891 25.510667
71.550333 60.589986 27.089614
80.082563 87.631277 25.293287
7.602775 63.540468 29.113966
4.035459 68.777960 30.347404
50.320968 98.061866 29.828151
86.364329 76.720242 25.919035
43.585613 88.479663 25.953984
6.772352 91.968612 28.727093
43.990362 96.916632 29.436545
71.216421 36.009318 29.285172
92.627693 65.880202 29.684363
56.390516 5.673955 27.044585
72.452221 32.933896 25.847677
95.335070 27.871640 26.320362
9.981589 66.942404 28.160708
70.449391 66.970314 27.477125
14.374452 68.148407 25.070472
23.235471 59.100536 26.659073
61.947757 23.749222 30.584149
4.818884 89.185369 28.730587
13.913193 59.129846 25.934631
11.166456 73.119161 25.058197
46.135675 35.352169 30.511166
44.784253 47.168564 30.657168
49.879136 67.342016 25.355499
69.797562 90.305615 25.511267
32.974787 31.276011 28.583115
63.193385 26.787620 27.545602
29.411350 31.354248 31.053906
87.517129 5.066121 25.408849
14.109463 34.080029 31.202315
42.314864 61.903963 26.578316
2.443560 94.355024 31.153622
38.422893 9.650134 26.342427
66.397922 58.093008 28.667584
13.948915 4.836040 27.449399
4.085567 68.209831 29.622744
8.086906 44.963136 25.610472
57.007764 48.066726 27.879824
57.047347 77.478168 27.223938
23.816523 12.388150 30.860472
97.678462 24.291979 28.801387
43.875267 75.179572 28.697471
67.041159 43.337291 27.454049
1.002327 70.535201 31.245501
72.017010 31.303902 25.599918
84.634758 69.082558 27.052403
6.422170 18.814883 31.206522
97.707736 80.037172 29.816293
88.819857 3.208376 26.087527
93.039107 68.068029 31.235920
80.246594 75.923147 29.066691
75.164218 9.231214 27.693305
53.806137 86.712716 28.647753
65.672875 52.941067 28.196629
26.622633 57.189294 30.646357
57.059388 92.796693 27.785867
80.387785 34.898124 30.458145
64.793650 66.018091 27.252243
47.808721 50.056062 28.111268
71.481420 52.698218 30.306229
51.079831 59.231229 27.317069
13.468078 16.555842 31.137852
7.372525 77.169290 29.324769
30.753196 16.423789 27.703816
8.993003 92.384097 27.401000
24.795827 0.608752 25.848006
78.832681 62.884901 30.761527
56.075828 63.340277 27.338074
77.306940 64.497465 25.596451
42.541863 19.748354 30.849852
9.812044 59.669460 27.883726
79.928422 56.121486 29.002890
3.892405 38.870201 29.344242
36.227636 33.689113 26.122227
25.963023 90.681333 28.491842
35.147722 12.048101 28.486006
42.417096 60.496496 27.509178
63.371055 57.564431 27.317931
54.810943 61.289878 26.572123
5.635552 70.736171 29.241827
77.876140 96.144609 27.387399
82.065552 49.089483 28.721082
2.381837 13.165435 31.078630
93.152887 44.655680 27.111390
55.945205 77.869248 26.490430
7.422412 95.563315 27.491781
61.136903 63.656355 29.268135
4.624483 36.566304 25.020211
23.975674 64.176055 27.828663
20.429753 99.690019 27.626729
90.870856 36.038551 27.977826
71.887853 51.177397 26.750392
86.095140 6.045846 28.418614
45.032145 87.469637 30.550144
63.014655 92.178219 25.889458
96.915190 49.604606 25.734318
63.997073 28.921843 30.494931
71.319281 5.983223 29.550146
50.455659 89.599091 27.170374
45.872013 10.937435 27.064003
30.939918 4.564024 26.862094
68.809068 16.373164 29.309816
76.532058 86.237580 25.643014
23.665911 43.893730 25.120080
16.146465 19.074465 28.914144
11.940060 21.363129 29.787193
94.351371 48.690007 28.529266
21.468256 2.043856 29.390637
68.267683 4.356242 25.401704
2.521882 70.438759 30.558345
16.052177 96.845004 31.016941
27.597096 28.538645 25.519974
53.772015 40.402262 29.516515
16.084060 48.422081 30.880706
99.693430 68.886079 25.850783
18.314227 66.016267 26.128133
66.606105 47.492401 28.079937
75.904492 93.064984 31.175088
24.485473 28.722401 29.940745
25.061216 76.040289 27.664402
83.983200 34.456577 27.489298
5.246156 44.355533 26.317416
65.124852 12.795204 30.450594
80.153760 93.542669 28.534767
81.751521 77.085511 29.744267
65.012627 70.973488 30.702774
12.053918 93.790107 29.793893
47.204248 99.751472 25.768470
5.477691 64.234739 28.173142
82.607833 41.576465 25.392205
68.232322 85.369066 28.241568
21.038713 39.366355 25.371676
45.539386 53.474799 26.538323
74.359265 69.818530 29.473018
84.902696 89.306602 29.103024
20.632462 18.261648 25.625415
8.457148 17.519667 27.919601
38.330141 73.951821 29.095427
7.357141 46.018075 31.241332
15.334623 59.893186 29.693464
24.127872 61.497012 30.284709
60.055603 4.246784 27.537299
87.364350 33.257285 29.986757
66.882607 97.010449 29.514732
30.772423 40.159187 26.392554
66.172087 54.784446 27.185224
19.304515 90.197641 27.329509
30.590839 6.308823 29.330344
2.683224 54.710225 26.644786
62.064141 93.949704 25.942269
36.382446 74.153908 31.021481
33.477564 86.089963 29.079357
44.224174 85.552899 25.265570
88.533066 87.946758 29.133601
48.937244 75.717517 31.150163
28.240755 57.966275 27.344794
37.186914 84.283935 29.817282
8.227340 48.443844 26.117650
17.290082 74.432522 29.371123
7.479718 17.834794 29.214668
22.007012 71.556558 29.731459
91.691963 98.973380 28.334289
38.032032 39.830671 29.876181
62.821049 50.837589 30.086897
97.575592 67.224550 28.039256
46.288111 4.914322 29.360176
0.416415 49.712203 30.905852
83.189330 40.877974 28.000934
34.739950 4.324088 29.614201
79.280329 60.062771 27.567756
51.105312 72.612206 25.241905
60.591420 37.688375 25.756014
29.450930 75.297645 26.593725
47.742359 50.850811 27.494910
3.771741 88.433128 27.832103
14.422084 31.236546 26.471063
5.802597 53.526901 30.729222
0.171399 66.042379 29.262353
91.750504 41.916046 25.937531
34.445343 49.992571 29.363702
4.614978 6.610506 30.691295
29.746483 74.055336 30.805365
15.466535 42.979483 29.112154
74.056409 35.556205 27.937760
4.299850 78.883123 28.966616
46.193036 41.218880 25.198545
44.645323 77.635238 27.300092
38.085169 85.552621 25.496993
40.550235 92.055504 30.150929
35.647901 68.590077 26.383560
20.686624 56.474183 26.423456
8.084536 15.139689 25.066550
49.430903 2.947506 26.040278
29.799803 5.122588 26.878654
6.399306 47.026923 28.183174
70.524061 73.886357 30.789408
87.521691 23.942348 29.745672
95.791313 0.623380 26.976629
77.038823 82.799395 27.687540
30.712144 34.629211 27.106732
87.942122 10.001429 30.296157
45.546478 43.526825 30.585837
47.787969 11.284568 29.696393
45.548060 81.429433 25.616200
75.094313 69.040801 26.283148
12.250093 25.505193 30.205104
41.126972 8.947090 28.832627
38.247493 73.279394 25.382171
59.332988 97.483841 30.225371
33.399733 49.447756 29.265185
35.969720 63.209054 29.224193
51.264491 74.018820 27.524331
19.586069 89.211648 28.578661
51.355782 99.413295 28.070461
4.262323 22.044228 28.732765
4.759431 67.027633 30.206474
80.639094 78.622776 26.761926
66.166702 86.783803 30.657440
78.045309 34.580012 27.111084
33.701131 98.269406 27.303255
85.777875 80.698759 27.185736
38.311593 95.552897 27.549605
26.979754 79.089316 26.483902
19.762371 37.179526 30.866452
99.132730 63.127945 30.396779
53.180512 96.541627 26.339609
69.522452 68.746600 29.428234
3.369603 61.748366 27.594427
50.653658 82.025704 28.288320
7.521349 11.415368 26.537720
0.602725 55.738177 27.641366
50.522305 13.532751 29.623780
59.585075 62.069432 25.981580
78.772809 84.112019 30.116206
19.072764 81.388010 29.080447
28.481520 59.150013 25.699718
37.153863 78.205836 30.861885
22.541425 11.346575 25.827383
82.161747 94.069462 25.739633
73.400635 37.567983 30.761178
39.323804 61.435039 31.212778
6.606787 11.963584 30.484572
44.771405 90.527221 28.950957
79.188697 5.653343 29.135413
9.780957 27.024124 28.734644
55.546546 26.473243 26.795596
88.472735 86.979839 25.281246
31.285569 84.119188 25.107817
62.970547 30.366715 28.465254
13.931743 85.615727 29.063320
97.174450 9.785419 28.718869
13.516368 29.332775 29.658023
65.922505 25.957749 25.158409
9.212546 40.049712 28.252426
94.145304 80.725202 28.293305
20.901003 80.392668 26.081496
50.258729 68.411088 30.258754
49.032677 34.191682 26.095981
96.770971 96.312758 26.442625
68.622698 85.270805 26.753778
80.257053 13.265765 25.115804
93.174869 85.219307 30.361482
24.141086 15.837709 30.314547
2.687445 18.552304 29.244781
52.227927 98.747705 28.558814
91.065347 1.702393 25.119097
38.409024 32.679902 25.019579
87.438296 1.502856 28.981617
30.888783 94.888592 26.975851
83.968876 31.785590 27.915851
72.168384 94.187120 30.173557
28.700669 12.482130 27.977870
72.392743 55.615863 26.969545
34.870351 24.098380 26.278376
36.607070 15.516688 27.530946
38.870822 79.291694 27.559820
80.276456 62.467013 28.837648
74.546593 89.347808 26.478727
42.290557 73.364797 27.023224
96.992039 42.447456 28.218500
38.443501 15.795103 29.846264
50.218462 92.272453 31.116800
59.311408 39.844195 28.758431
69.877318 98.050889 29.227011
38.264150 87.791963 30.885324
66.498420 65.657757 28.398876
8.130632 8.778019 27.194340
80.288760 39.443427 30.327862
92.499908 8.174493 29.291160
4.904301 38.894455 27.272026
28.652479 21.702294 31.117626
15.325461 14.378380 26.153662
66.321386 77.650523 28.136788
0.247596 73.175850 30.191443
17.368251 96.920900 29.431903
4.729700 98.523963 30.826791
58.198480 5.059322 26.664645
11.549432 87.049451 29.909285
90.044733 70.808415 28.986175
22.268070 80.370920 29.193682
65.222733 39.402819 30.969805
27.693839 20.040215 25.022125
25.416610 20.342912 25.716451
29.222050 4.495869 27.726251
41.409123 3.642081 30.405843
32.620589 49.183381 25.833265
3.140765 42.569992 27.528271
67.469412 55.632609 29.135307
48.108626 82.926857 30.158231
45.765309 20.451085 27.929855
43.282132 23.673073 31.206579
13.573681 68.706485 25.143388
82.984313 3.757637 28.666617
68.813809 69.789276 25.380991
45.279676 73.734164 26.799887
7.197279 14.839164 30.683564
97.420492 59.514954 26.942677
71.015516 40.324143 28.377006
34.989221 0.213175 25.295247
36.125882 73.633767 28.910865
22.765034 93.782462 28.911314
68.923314 46.502719 28.038052
36.257907 2.694880 25.378276
87.337918 17.881529 25.049519
90.469739 30.164670 30.669237
93.638633 41.475741 28.756405
64.347676 71.728750 30.005143
95.909273 88.339990 25.561293
83.621350 31.994344 25.675760
51.440685 51.616484 30.560214
81.499507 38.916449 26.045709
9.749646 31.219082 26.658448
23.459221 98.811742 26.369014
82.399655 39.216308 26.440579
14.787558 82.920158 31.030456
56.088397 5.185809 27.187263
4.682499 60.644604 27.982914
14.521849 96.737410 27.848542
44.036386 59.355304 26.311405
11.917041 49.357476 28.226638
36.439442 6.684010 27.630063
80.742067 41.364914 27.945933
53.489489 36.781108 25.127323
94.839394 23.394947 29.351948
46.942824 94.176675 29.619372