3.916292 84.340679 29.913311
92.541125 97.275146 28.465496
10.615790 1.020370 27.712958
77.627460 91.009219 30.636896
74.634160 25.373175 27.815601
40.584641 18.171895 30.644865
44.454543 24.701035 31.103093
31.463588 73.339586 27.127581
12.834424 40.534954 27.262863
73.460017 44.880855 27.048680
75.936156 20.567702 27.606774
29.607651 81.062364 28.885390
25.197392 62.482670 31.000432
29.945087 15.622131 25.865097
31.709944 29.764803 25.267683
91.631412 86.038377 26.596088
61.480594 28.448823 29.340770
47.947433 11.431892 30.836607
29.643498 97.340043 25.999425
8.466101 32.257717 26.866318
9.775988 31.357026 25.064045
54.617388 99.432833 30.021905
19.286635 66.438390 30.326011
70.202722 98.832498 26.625205
96.406971 69.848657 28.370876
69.368012 60.148361 27.981109
39.402780 67.440719 29.417293
62.723594 92.961014 30.500284
12.971497 30.362698 28.073452
8.522250 79.420685 30.232118
2.268702 47.270895 29.507899
41.113592 77.951248 26.507324
12.045905 19.899734 26.907235
0.630176 22.926575 28.466726
94.600585 37.374942 27.749252
46.821559 55.737447 29.737641
30.570516 17.044752 30.169582
54.711016 71.038420 28.706775
2.754765 79.074708 27.717681
82.544459 56.530064 29.479452
3.942852 75.746509 26.729419
53.465920 41.144707 29.639256
65.493016 16.832838 28.414482
78.716157 1.942633 28.077297
45.951913 2.547018 26.317830
21.175833 10.875948 27.784800
25.864768 76.627837 30.064356
79.570913 18.927102 27.402657
18.443209 82.127914 26.296986
51.137725 17.174293 27.934458
41.991371 24.930686 27.535475
25.875164 38.090331 25.043236
6.362670 64.470964 29.140583
56.245097 2.575652 30.476762
29.153618 67.227534 29.996750
26.507511 70.351734 25.809361
61.456466 92.085426 25.482219
3.457944 30.356844 27.688850
24.913234 29.555997 30.245602
15.109522 91.862391 27.188942
23.193450 29.506261 29.868697
98.993839 32.193152 28.591011
43.558662 65.852107 28.883330
10.140605 13.114660 30.145469
60.656387 92.212145 29.862113
97.206767 12.916542 25.009582
91.429445 62.543964 30.385665
74.889606 36.040993 26.103567
98.833672 30.756882 28.130244
99.387307 23.890490 26.709404
49.259417 5.039381 27.361559
60.156037 38.003603 30.977429
96.411026 88.911914 25.739387
78.779768 97.992232 25.920088
33.197557 27.781813 28.488707
97.578953 68.559581 30.448141
26.088725 93.097029 25.155771
49.460399 49.717088 29.648395
98.775011 1.730871 30.035509
36.184322 27.199568 29.106906
24.969287 64.959864 25.589250
9.925617 33.194071 25.415150
88.760644 47.221601 26.524685
6.532592 92.209771 28.207679
71.648075 43.574741 25.237069
78.529693 82.518286 27.140378
10.031048 94.607495 28.122576
15.087796 33.154986 29.651855
98.301796 17.756987 26.001241
25.554226 48.000388 25.169346
91.200219 43.783414 26.849482
76.466597 85.726771 25.764097
92.651020 29.293424 25.530496
86.360602 10.677632 31.208791
80.455172 31.399955 27.672944
64.213902 69.568646 26.829663
76.834862 92.833692 28.330653
66.721926 11.323047 28.443849
3.045819 24.821176 30.517052
71.780570 32.283316 28.748576
86.531888 44.625341 29.552387
32.772753 87.741643 30.455713
3.383791 52.602735 27.253497
5.998426 21.229208 28.408070
52.754370 59.273090 30.001647
59.938931 41.792435 28.028032
70.068827 18.097046 25.037782
3.710572 95.866076 29.821518
23.773382 33.516909 29.585211
33.113970 80.606483 27.887068
74.658419 47.160543 29.807065
32.985066 15.134351 29.774381
52.328941 62.450463 26.677035
11.037624 40.858678 28.966490
69.772783 27.204245 27.482803
0.335500 78.486395 25.111241
89.769245 29.652800 29.313492
0.649585 48.167401 25.750932
9.669100 34.181504 26.277094
63.834979 17.988171 26.738097
13.052420 4.050364 29.961746
47.076760 83.728889 30.373141
80.642486 15.398991 28.116699
11.921244 93.553898 29.880000
71.609391 91.674190 28.873130
44.915900 25.221563 30.569989
1.056793 74.940410 26.210976
48.414604 5.903943 29.315064
68.826572 38.574440 26.498431
49.963666 27.772498 26.486904
92.837396 3.942390 30.547112
26.701446 71.175223 29.034926
75.910701 26.262363 28.689841
75.011729 17.408764 27.736364
23.029190 33.460021 26.663425
75.525904 85.251778 29.575126
57.412432 42.896289 27.810269
9.144851 74.230563 30.736344
78.245524 40.846018 26.756706
47.873737 68.785010 30.074282
84.180640 90.629157 29.090844
66.826286 19.268671 30.993546
48.813695 24.593742 29.338133
29.322541 4.975526 27.618881
44.737993 82.952485 27.242704
79.024122 76.252812 25.610671
63.623040 68.845177 26.534467
92.297224 33.568864 29.106913
62.845386 46.184190 30.859572
45.370821 33.685573 28.647805
71.020701 25.869483 31.130337
47.832746 71.804403 29.197009
5.895305 76.220626 28.279138
29.412707 69.957676 27.749852
82.205779 13.886162 27.694056
74.768549 90.279385 27.141275
86.862052 63.875636 28.776518
20.750897 78.687973 26.330775
51.331897 60.162875 27.318348
96.935724 20.989217 29.862468
7.825289 20.311807 26.172062
95.758530 56.803477 27.310019
91.528131 94.031943 29.566656
61.462061 99.875143 25.204614
64.942792 76.718168 25.527443
56.981446 90.663891 30.693900
67.466345 34.135908 29.915053
59.730643 74.903446 26.313137
20.043487 66.307192 25.943128
30.062143 54.318466 26.815210
1.979322 7.182117 28.101841
56.562258 83.273334 26.163910
34.901236 54.184611 27.530819
52.507784 24.581217 25.688139
78.273033 23.832707 28.491405
50.205788 67.738966 28.932518
28.659073 55.948616 25.307714
2.170810 8.355180 25.649156
54.431407 43.860579 26.955213
88.537496 55.168693 29.082994
13.670341 32.584707 27.487764
56.457204 0.999954 29.381900
89.586565 25.735290 30.078423
93.861319 41.587574 26.351546
41.629844 13.328526 29.169989
32.002544 3.095602 28.562501
25.776512 97.794799 27.795576
55.040934 82.481858 28.372954
77.611254 57.660553 26.266230
38.968985 97.786339 29.008756
83.078161 78.276674 30.110172
37.184144 17.738541 27.720177
80.384329 71.939225 27.270265
72.712081 71.697929 28.009123
9.852351 78.518121 29.672569
49.564565 87.363468 26.250243
1.780708 76.403661 25.554754
41.428805 38.794597 26.964501
80.216140 3.963713 30.373871
3.200637 73.868011 30.278228
94.124116 20.503171 29.346682
83.110308 69.920851 25.290570
37.254479 81.981489 31.211650
29.590587 0.281695 28.475392
65.378918 42.154423 27.918710
76.623308 80.017395 28.436668
84.025055 15.723399 27.255410
5.133167 93.324171 29.311293
89.332758 2.980533 27.180074
53.019582 4.898464 30.760894
73.876578 67.885547 26.395675
0.276740 4.482827 30.276400
30.015784 93.059668 25.460106
40.095662 43.472258 27.094096
47.266020 7.913293 28.482207
72.063958 82.104317 26.180215
92.900857 11.843545 31.101127
50.644343 28.636817 29.428249
41.752022 70.808282 27.330796
20.578900 96.280858 31.224878
53.276543 46.227967 29.266512
62.566893 53.747478 27.726534
6.590249 70.478183 29.543935
35.234267 55.801135 26.215864
76.704735 40.774803 30.362576
38.603111 45.292915 28.658310
11.860245 86.331706 26.675834
45.396558 4.942105 27.073355
65.121296 95.095360 26.289646
68.292810 21.801028 27.215564
40.421586 81.316810 30.809458
99.392391 19.998247 27.212625
1.258081 54.996725 27.205588
49.945017 84.429673 31.211669
20.465958 84.059860 28.140849
6.240580 40.037381 25.778497
78.517491 73.355945 26.566163
98.904273 74.295520 28.914505
81.402731 11.164163 30.214242
30.036597 10.058338 29.905843
79.493101 75.080690 28.680337
93.315467 99.948241 29.633061
50.550836 24.580475 27.048645
80.958474 64.115516 30.058757
28.229742 93.551482 30.195536
55.027786 4.032691 28.381471
50.559507 26.089884 28.853980
36.565587 91.890453 26.267284
50.295599 90.238128 26.015540
37.959552 24.703865 30.982724
29.038505 77.428510 27.992766
98.412285 13.835101 30.017795
18.950714 10.811272 26.237543
62.155501 48.653538 31.138975
76.230439 85.595976 25.737808
15.177810 18.494442 26.127681
4.581736 37.633456 28.743376
75.624321 33.651986 27.134135
30.328178 24.273262 30.606318
63.959660 69.858302 27.353637
88.885765 38.840395 28.528632
95.608478 49.234300 27.203725
6.010367 10.329551 30.492672
76.343507 66.991580 30.394322
89.276368 21.662331 27.121063
45.902639 57.926888 27.058863
93.273353 30.332097 26.296951
17.615517 54.107127 30.772467
72.090207 50.458438 26.775560
79.428344 63.900790 27.041268
86.766195 85.318030 30.657262
38.285132 17.975849 25.974385
38.874173 43.922252 31.203520
23.951006 95.697777 29.181234
18.597516 45.383171 29.463489
4.822465 87.260216 28.190240
9.442595 70.429503 28.542088
80.447006 99.620642 28.061644
92.384766 57.485409 29.741810
86.313910 83.571472 26.193547
43.859170 52.198069 25.119990
35.312659 43.535324 26.935274
70.689904 46.671689 27.654373
62.902413 51.012542 26.250435
32.401733 70.737095 27.558976
77.450678 40.359279 30.517396
84.080871 88.613918 25.883933
44.501743 31.126288 27.510152
50.567333 58.676993 31.100117
25.367268 99.259231 27.218469
91.325238 0.161359 29.016761
71.468532 65.646981 26.038598
53.178218 11.379609 30.806498
1.267052 33.124089 30.454337
33.340775 6.820478 27.507773
40.871715 83.634647 30.373431
84.405546 17.214707 28.789475
85.798046 0.905446 30.022690
52.127316 8.691703 27.324953
67.359383 19.141817 25.160039
44.019706 17.681705 26.034877
96.484218 27.073521 25.660795
77.278968 44.963149 27.624449
2.355876 38.184569 28.991307
61.556441 88.854301 25.834869
66.695129 97.896722 31.149511
2.383565 61.830162 29.085192
35.118219 71.374910 28.310513
5.414183 13.795646 28.438734
25.347752 91.167238 27.769200
45.585607 18.772744 29.349680
71.597994 4.264786 25.096468
91.992301 22.362052 26.491846
11.534035 56.561292 28.206549
62.328149 20.456289 25.938671
60.469224 79.229311 27.642286
28.225219 52.953171 31.074027
3.038723 60.135604 31.050242
46.683561 42.612666 28.212517
66.621352 48.520834 30.356441
16.680507 59.154267 29.515161
69.419399 21.849122 25.985724
57.717187 47.070355 25.353932
30.514278 73.563792 26.156951
13.232862 26.693980 28.899591
40.270322 69.293436 26.737171
92.549515 84.474587 25.082870
52.088919 29.787622 29.845474
14.339845 11.195261 29.135313
44.087135 30.418602 30.803063
93.109295 69.752864 30.042140
64.345377 29.872719 25.912362
74.897305 94.687428 25.558905
81.456150 9.119320 28.295834
95.461148 83.833394 25.307238
0.517623 97.282401 25.659922
74.480505 0.952222 28.501721
84.688389 29.145280 25.919896
84.190469 81.508190 28.750867
30.924834 92.888444 28.838707
71.975794 66.296754 27.023781
64.596521 24.003624 28.804160
0.628589 63.412436 30.631834
79.220769 46.413355 26.658993
66.758450 73.341436 27.593235
61.600384 37.905192 25.949320
45.770377 6.667008 29.255182
67.958376 50.110528 29.247104
8.500753 16.020085 26.623400
18.822829 97.744416 26.677678