39.515297 11.432033 30.141920
55.166756 57.538567 30.963834
64.443325 92.851703 29.518810
66.098219 91.242668 28.509738
84.119700 49.381513 29.893541
78.509041 30.041993 30.062039
86.640397 97.317989 28.785728
47.112405 89.520348 25.825534
32.176440 66.383664 27.864956
84.480488 3.281940 26.486070
48.042320 81.972884 26.087713
9.039230 89.410139 30.180102
11.022988 68.769525 25.407817
0.852005 71.689217 26.528483
69.640168 1.935974 28.287034
99.593281 90.918345 29.052864
23.200332 31.881647 31.095156
98.509436 8.590088 27.594382
59.293195 57.072154 30.064854
8.189093 35.608812 30.043035
98.330556 55.347108 26.786732
13.736687 77.355775 29.541413
60.193171 23.916222 27.387955
67.699420 54.443801 26.798980
82.950940 49.222803 27.338636
98.398511 74.951539 26.671720
19.745624 85.681008 28.823523
64.992053 8.337617 26.029809
20.869597 29.204283 25.925668
55.021715 79.311928 29.326199
44.524182 82.862158 27.253933
3.857827 60.693355 27.916872
71.112576 59.666988 27.720963
25.285587 56.109892 31.183855
63.766264 31.801322 30.858389
17.265244 28.871186 26.455741
82.753076 58.300282 29.445891
92.506469 76.744871 30.868349
62.950829 31.252036 27.137127
10.615963 21.171549 30.336154
88.437416 84.616070 26.307778
86.554572 92.136888 31.129292
17.305552 33.188074 25.324524
33.590969 25.924959 30.073292
85.059700 34.041500 28.699540
48.486136 44.068722 27.986593
93.142568 4.113278 31.218652
39.881477 16.924666 25.504407
95.921233 49.572258 25.529810
9.496821 1.194398 28.577454
81.295022 34.511324 29.038861
26.217700 25.494350 30.239285
29.428881 61.469076 25.181150
95.049347 19.455901 27.199810
91.502167 37.932764 29.141156
98.721512 63.405603 27.033453
30.626605 11.754991 30.368777
77.254887 93.531061 27.003881
79.007273 84.806302 30.967061
44.075010 49.954733 26.677811
15.679564 46.826236 28.252943
62.246248 77.142952 25.316020
32.673516 43.923483 29.722531
67.673083 42.410367 29.210881
63.507411 75.739228 29.818872
87.620084 98.979978 26.683368
18.735426 98.835573 27.144952
20.070019 45.128779 28.613387
82.921656 37.032304 27.008222
15.772803 83.656801 25.101477
27.541413 62.739551 25.271183
39.242889 88.733871 30.430762
25.852504 98.062675 27.602944
14.936855 54.271997 30.779955
64.672082 45.691257 27.989124
80.777324 31.706932 26.373469
89.596933 80.880892 29.271364
47.071910 54.957659 29.319116
91.143740 42.562184 29.748675
38.013882 30.838057 26.136811
49.588882 59.353544 30.194362
81.787802 9.868768 29.972976
11.365018 77.921588 27.861504
52.159603 53.564263 27.514788
54.079615 18.150781 27.741919
29.223974 42.472555 30.150926
77.174975 87.251280 27.974211
75.948015 76.061847 29.471186
85.953048 18.001347 31.087621
17.768200 34.091813 26.691354
40.527377 73.936378 25.093644
88.724279 44.789716 30.682475
57.790593 46.970642 27.033039
53.261371 90.851829 27.581185
13.596294 22.445447 25.776559
18.899877 5.135917 27.502456
19.529888 54.376428 29.722792
98.962911 64.003313 25.717375
16.585624 19.237566 25.231967
92.700519 47.637682 28.413949
12.825070 15.032213 29.546214
70.469182 60.247348 25.514878
92.075571 61.234662 28.118893
96.201608 0.934902 25.268009
43.630058 56.284153 27.019232
8.617208 5.731282 31.199997
18.243239 66.851477 26.878478
79.866819 41.808296 26.755254
13.288382 66.163066 27.649149
62.603180 69.368503 26.731270
2.348305 0.913926 30.351767
21.378093 69.691808 27.782814
69.938691 28.296772 29.299989
64.303802 90.197134 26.384444
65.676888 11.537548 26.754758
39.827917 52.995626 27.729384
19.431194 36.137055 25.006671
84.879209 77.584772 30.705599
27.040424 52.979380 29.941628
72.070024 50.609059 28.763847
89.125840 5.796195 27.732389
64.885912 0.903774 28.490086
42.955194 78.644223 29.112218
2.976744 43.879697 27.652387
30.544739 71.391675 28.671151
1.833070 66.999269 27.829577
16.167571 86.170691 25.577397
24.738603 91.006309 26.392422
97.013283 19.589517 27.357052
22.508614 57.482846 28.534958
70.763252 67.028081 30.908765
4.421139 96.300125 26.970759
56.104398 43.549792 25.064081
25.013018 52.318034 31.128032
74.693735 45.062503 28.289856
55.455188 85.952330 29.750930
77.387991 61.670386 25.892880
60.574775 91.559801 25.766433
22.325438 10.060815 28.358473
63.661958 0.992563 27.105577
50.349179 41.182899 30.483434
99.474181 16.465551 27.053179
8.531389 71.548637 25.907464
72.021189 71.513058 28.944946
86.820456 90.535623 27.129500
12.370677 18.190194 28.151213
31.172273 52.462218 27.109904
47.293712 27.184812 29.265794
50.592647 32.843596 25.444122
70.006070 57.483833 30.706029
78.536388 22.227565 30.590876
37.070755 68.685694 27.056907
11.548401 7.434678 27.861377
79.698862 54.153658 28.955675
8.139868 14.297951 31.170952
65.088953 97.340067 30.297060
50.234897 50.686258 29.064099
83.211357 1.211983 30.068959
10.852812 93.938787 31.074686
49.303660 42.061710 26.466271
6.442857 38.313947 26.627447
30.317255 84.781753 28.128388
71.117445 37.675725 28.803198
44.882585 17.088686 29.665577
14.234863 96.824603 30.470701
97.830741 23.719020 28.301500
49.908333 22.320821 27.346270
3.747634 26.394517 27.344638
33.035756 25.519818 28.562319
66.953818 63.495114 27.494331
48.555108 14.754649 30.057259
2.387767 44.000680 30.443835
45.870706 88.222020 30.676288
55.106831 79.276747 25.179151
14.307046 60.816329 27.737747
60.275146 5.368549 29.870919
13.643471 3.406514 25.325203
90.314933 8.958953 26.470298
71.906764 69.818847 27.306556
79.733590 96.698863 27.092308
4.773209 40.356110 25.875504
15.379245 73.169075 27.754324
69.448175 74.313222 26.953241
53.425857 50.426316 25.226656
79.063209 48.036546 27.775896
11.697294 26.134509 26.559620
16.532327 7.069782 28.827610
71.494588 77.392015 28.919827
14.127652 56.410245 25.115361
11.586507 67.226510 30.308573
99.509406 9.849293 25.261364
57.941982 2.473534 28.795218
4.087646 45.835798 31.213988
71.242739 88.096225 27.166997
16.443289 26.014887 27.925952
26.974067 38.686928 29.716222
89.239893 1.075549 28.492616
42.939362 79.404019 27.619928
95.464486 32.494930 25.150271
74.573532 47.298789 26.207145
75.319712 55.035318 28.875119
87.668352 45.890852 26.962447
65.720122 92.330372 30.493733
67.234595 95.640848 30.154940
63.279219 57.691087 25.836936
34.853681 48.654766 27.934524
59.938608 9.268185 30.790959
31.503405 96.451225 28.111802
24.050300 60.661210 28.356641
13.335542 37.908891 30.986640
40.095814 23.929628 29.396827
77.999569 90.830691 29.139258
16.107342 82.555782 27.571785
43.424253 55.225806 30.354162
55.413865 3.941426 28.198735
20.503112 13.840170 31.225287
19.045004 59.138005 27.538140
68.134489 55.953418 29.691464
95.461206 45.356644 25.898462
45.039927 51.442348 30.879892
0.917765 32.665498 25.678891
40.418145 58.662583 30.708778
5.999978 67.317299 28.191617
32.387221 39.004457 30.645643
29.514872 46.650926 26.070978
94.109942 28.106677 28.185873
94.232273 25.358002 29.780788
94.055879 23.768915 28.614885
93.194373 1.950399 25.518824
95.933310 63.658279 29.881974
19.727237 34.716085 28.321475
75.409804 9.657633 25.772949
17.832467 87.225703 28.437775
16.684077 67.319357 29.133950
84.259528 78.642011 26.084111
94.325232 60.495047 26.940296
26.261725 49.630133 31.160290
16.704684 59.444962 27.691956
87.689808 15.788053 28.638191
56.195797 43.711657 27.596229
42.502300 60.816135 27.042598
29.631235 42.362274 26.991258
37.631852 80.737969 26.139256
26.500520 18.409720 29.354229
38.652189 62.160003 28.254346
66.725262 85.662109 26.144253
80.026169 79.368084 25.669512
30.043726 7.686161 30.931901
26.408581 45.821925 25.537842
37.823172 50.550028 29.160586
53.753307 22.399878 27.754404
52.063305 25.346995 25.009898
36.469209 47.637234 25.594503
16.070538 62.868847 29.759495
75.470486 49.185782 30.080013
28.226124 41.034510 26.864843
75.435021 35.713238 26.465544
17.073589 50.466242 30.633636
78.689112 17.254030 25.585634
40.786974 15.380553 31.220765
77.308837 28.057700 26.244359
93.932769 30.521236 30.827255
64.658446 9.054246 25.636269
25.100788 23.288538 25.910067
15.343976 22.184923 27.358717
6.107734 40.061693 30.499735
26.468519 42.736492 29.547042
17.702571 95.033643 29.181020
99.407729 45.294179 27.398702
71.592695 51.508068 31.028371
26.429709 85.406468 30.026962
69.913032 56.531132 25.174140
46.101108 37.981617 25.814968
31.047390 20.781183 25.530051
93.120457 70.463357 26.340508
12.323899 80.192179 28.437412
64.974558 89.364529 25.961120
86.484097 3.218408 26.582101
37.272455 0.849510 27.609291
47.794198 74.197937 29.142213
42.376773 72.377683 30.965287
35.465333 44.428945 27.250135
21.158094 66.461989 30.288409
90.430212 10.570748 29.187821
44.772402 39.785169 27.667722
43.445586 75.598361 25.592593
23.089166 36.253313 30.060332
82.104975 12.440765 25.874631
14.833516 17.378512 26.867850
2.077634 44.555734 25.135749
4.762214 84.915499 27.218912
82.592192 40.604355 26.733822
9.365495 59.612095 27.994836
51.506107 69.311147 26.646193
11.283289 41.952872 29.411067
53.117947 4.714197 28.231721
43.750575 95.721608 25.233804
72.157852 58.710709 30.543925
32.352994 13.319107 29.545040
29.712949 56.613672 29.587274
26.949412 26.530268 28.674406
51.537965 56.139334 30.902346
12.465922 50.095101 25.663098
90.333433 96.494020 26.339353
87.983786 91.342538 30.509865
0.997483 14.397963 28.709878
98.509729 20.596855 27.391884
74.973613 10.267363 28.826838
36.069486 16.103264 29.067523
92.317758 65.661946 28.329366
84.453786 46.641312 27.708547
98.873018 60.486403 30.658489
99.378955 43.745777 26.841340
93.575334 23.679422 30.669653
70.082279 96.641781 28.007788
60.982850 67.313192 30.815987
59.027644 54.940935 27.822099
81.115573 74.941405 27.645882
20.040099 81.962776 27.146029
40.998437 95.375129 27.109801
88.129599 65.734062 25.184770
67.129426 63.953413 27.791363
27.579565 10.323286 26.122889
96.838509 91.543965 26.082742
7.930342 78.460224 28.091766
86.327535 86.708974 28.660323
41.241083 64.257238 26.117530
75.586007 42.720649 30.710237
80.174639 23.498936 27.897316
52.635776 9.360918 29.373657
18.621640 81.227375 27.371090
63.184202 40.912252 27.062566
26.036870 88.572782 29.919141
59.558708 51.361419 27.474682
74.420229 73.213415 30.163832
52.309222 73.366298 29.823745
89.605813 1.668672 28.096356
23.796994 99.319142 31.235992
93.273341 81.908120 30.539627
83.976002 69.972832 28.115214
45.286844 62.933609 29.287892
19.845217 87.595333 25.097168
40.436973 11.714441 25.476289
25.201330 91.700706 25.658904
64.089300 37.678660 29.364886
43.803096 77.997823 31.147580
91.123492 71.891561 30.294047
21.323573 97.214330 27.118325
77.153999 24.475823 25.727579
67.847786 82.320408 30.180780