82.274781 7.533369 29.451184
34.427937 84.401653 26.427400
62.935033 48.723141 31.150019
18.100311 77.522930 30.927788
98.878650 14.290456 25.803966
30.270560 63.319719 25.481132
81.573773 18.133799 26.554355
39.615653 94.983962 28.747679
38.307861 87.891194 27.977340
90.996963 78.354917 28.902092
38.027300 52.632432 27.287081
15.822638 52.818792 25.149650
4.010422 44.521733 30.883728
35.890099 1.003650 27.133227
90.907657 99.824497 30.592460
54.278447 54.335341 30.822167
97.575546 23.876058 31.057598
84.533086 12.100863 30.449739
56.967370 14.800610 30.988635
81.521994 79.300392 28.178492
96.181186 37.097487 26.449450
24.115387 47.222071 30.984402
14.425878 31.807541 30.439443
7.099935 89.042231 29.809763
83.640060 43.958233 26.969173
20.573029 43.866666 26.176707
45.139164 38.197001 25.268125
48.899499 55.397898 25.902382
65.408101 27.203389 26.111194
91.393128 64.124653 26.335054
46.164902 13.529832 25.421913
19.478540 62.992942 27.177897
18.883889 76.863726 30.264122
73.449374 75.334303 26.067243
45.180841 71.735467 29.909300
75.358510 13.076739 28.675503
97.997300 66.857799 25.543702
28.419886 50.833347 26.121861
22.613329 18.277181 26.319835
47.725706 74.256925 30.492961
78.168847 63.771953 30.161977
8.480692 20.274271 31.226297
17.825950 39.375364 28.801497
58.226048 43.912988 30.365790
5.433872 15.508507 30.583450
61.319323 60.722885 28.604473
42.945560 69.951918 27.577854
46.460672 21.328302 30.404347
10.323152 19.944873 27.463354
48.086173 42.388461 27.918587
16.681249 32.829974 27.751727
3.401511 33.414600 25.845406
75.518005 94.663992 29.777024
19.855104 13.239833 28.159872
91.475672 88.520987 27.215022
60.078705 1.765726 26.118821
52.415092 73.130449 31.113716
13.664134 64.891645 29.146813
93.632578 53.714595 25.876936
91.702221 37.484906 29.178882
73.935275 50.524248 30.284419
80.564568 0.966003 25.124053
57.118028 9.757559 28.097263
84.410814 58.426831 26.125031
94.159353 41.307217 30.628777
77.472254 13.134215 27.989031
11.819940 75.007167 28.161924
26.071531 2.139840 30.483363
63.407618 97.857712 30.354689
42.423554 76.789381 27.062274
51.633783 61.351860 30.477510
35.461135 50.104225 25.034524
51.238509 87.829237 25.412107
64.550715 67.894707 27.855477
63.373773 1.851483 29.056485
28.771311 36.570558 30.591939
36.838637 20.181968 25.800313
35.754519 15.541565 29.945655
72.600161 79.429964 31.019839
59.713054 55.205614 29.805098
37.410468 50.416352 27.760213
69.780231 49.877918 30.911905
10.420588 64.741162 25.874056
10.190267 98.560185 27.064227
95.530050 95.046189 29.619531
13.406648 7.390696 26.412570
98.093181 25.239380 26.998799
93.293430 5.747768 27.773657
25.057429 89.391082 31.016376
46.566144 27.047727 25.211813
89.808510 44.975884 25.652394
12.470685 80.786533 25.381877
38.050549 86.190805 26.430552
58.677574 73.845692 25.862071
63.747086 78.180119 28.384704
21.767566 85.612608 27.232133
51.906263 44.113104 27.629791
72.386764 41.086870 25.553016
63.888878 48.726787 28.875161
15.250723 91.550148 28.937877
44.812052 67.888208 30.794605
76.377220 37.596523 29.922414
50.328378 3.808628 25.429028
18.619174 16.118992 28.772603
33.940983 25.167569 28.101386
15.212288 9.884813 29.547741
1.917845 41.804883 30.403041
75.685430 61.553919 30.312095
16.424569 59.914375 26.450967
22.759773 91.255768 29.952143
67.641207 54.112656 30.207322
37.599791 83.091137 25.491547
73.471776 44.575339 25.603211
37.825843 88.621715 27.660523
71.653080 15.142579 26.166867
44.377752 86.910448 28.540596
62.041057 78.663133 30.334515
97.320867 82.370440 30.841379
1.074644 50.365818 28.253414
2.892640 65.492159 25.053234
77.637913 98.760279 29.749625
55.480657 52.009900 28.518420
66.674573 60.811111 30.494522
29.801390 45.839282 26.684253
41.493158 12.589692 26.618263
45.798124 90.088462 27.574735
60.246947 32.180460 26.130128
57.943887 7.237169 27.551057
8.424415 2.183909 30.039554
7.297799 66.027888 29.844969
52.045731 93.916945 29.521978
7.570338 22.916770 27.412310
25.996459 31.935817 29.555650
96.326551 40.195324 26.219396
97.812846 18.311365 29.578717
68.789763 29.433990 27.611685
80.412501 3.813953 25.351141
26.217145 44.423441 29.340182
19.887696 6.930000 26.773005
43.652549 64.316769 26.629068
84.978422 95.798048 30.342826
88.101051 81.005372 29.179012
52.671515 17.485136 27.904467
0.373218 8.659776 25.797575
98.524252 31.166937 28.102619
48.490409 96.969023 26.020080
43.334169 29.875683 30.560755
73.081959 17.179027 28.394293
54.608320 14.870652 29.111003
49.868554 69.285079 30.407787
12.930637 65.916255 29.806735
16.232085 43.884470 31.159015
32.364519 63.501098 25.133595
90.808820 98.442508 27.815916
10.705472 76.451262 25.886265
51.863502 33.321146 30.490960
13.654284 73.397674 26.634032
4.733040 66.109708 26.775452
33.910959 67.726044 27.086651
10.791971 5.062076 26.495991
55.419128 62.474623 28.405282
10.104304 25.997986 27.518429
77.119733 37.848730 29.578570
4.053484 7.463974 30.815281
32.303073 27.174740 26.814656
99.964425 46.017271 29.767115
90.072197 73.350551 29.123386
18.399463 73.029262 29.675466
32.805199 3.443325 30.029092
21.115274 96.254763 30.776206
74.932554 15.865625 28.778885
20.065999 3.734811 30.449558
70.190260 58.648252 25.374174
8.354575 46.451398 26.310595
29.802260 56.405083 26.648002
11.066564 21.672143 30.606964
1.191446 39.385356 27.219897
84.958191 7.530751 27.831436
30.160656 38.377487 29.764090
39.644700 24.219415 26.782767
4.230550 11.066120 27.583418
4.212908 20.184202 30.679785
91.042926 36.537080 29.658312
42.577463 34.934024 28.296791
94.501214 37.865926 30.291771
83.473386 21.864933 28.962826
68.121762 94.810450 27.095006
81.271407 41.010595 25.525897
9.328902 48.673454 28.236954
37.802291 82.014427 28.860784
91.512310 18.720277 29.840767
66.613011 97.655832 26.761810
87.713130 96.781177 30.039296
86.965857 1.657005 28.781092
17.652460 70.748174 28.448497
55.482583 12.547076 25.238609
23.141694 21.663089 25.194926
11.274705 86.838961 29.774488
20.086947 65.946163 29.537074
4.351827 25.609462 27.412579
65.931138 4.042048 25.512940
92.274446 49.126863 29.545820
61.846857 99.619686 26.531659
26.957827 90.910920 30.332153
68.904915 46.928558 28.966657
56.060552 78.192863 29.417954
61.921448 98.457118 29.916608
5.369777 5.070121 28.004801
83.999278 66.417975 26.610598
8.358691 42.820500 27.611043
37.200967 99.211770 28.352412
59.799417 64.973374 30.101335
45.528475 58.989051 30.365615
8.074676 63.052798 25.089536
49.169356 92.895246 29.769965
13.221715 8.979428 27.962713
22.358361 64.102418 27.380130
86.061641 75.577707 27.319317
79.444043 70.780688 29.158070
39.565073 33.506228 30.191140
40.903737 82.907837 25.239086
51.969143 34.590810 29.017578
69.717071 74.609751 29.014279
88.240530 27.659886 31.006966
73.575317 98.821442 29.190758
94.768794 20.690192 30.138114
52.483085 45.205565 26.611313
18.082678 85.746865 30.570302
79.217316 24.607466 30.162286
92.855216 47.150155 26.894081
75.923717 95.133808 29.253389
0.620617 85.932812 26.991621
55.513257 28.400135 25.802054
29.938993 93.988257 28.993488
5.300452 59.622051 27.802858
0.439964 96.642661 29.620491
87.458141 46.085341 26.051161
67.392751 95.158170 28.926957
20.937329 75.331524 26.134133
8.554192 41.875030 25.486478
71.673733 22.634603 28.393090
21.829033 14.099560 27.932450
56.257165 97.177857 27.708817
73.167610 47.191958 27.530558
70.888609 60.383409 25.824696
12.379814 51.605324 28.591013
88.745995 28.027830 25.601078
91.578453 82.057883 25.543423
30.781068 32.033056 28.961739
97.970193 51.310592 25.147580
89.966516 26.287276 26.061203
25.652251 87.851781 31.043593
58.270717 86.609731 26.678879
6.252779 4.800323 27.966850
31.253024 63.748100 29.395482
76.172895 79.981505 25.512822
30.480321 91.864732 29.656670
85.764245 96.966915 27.014140
88.211236 98.517383 29.297394
87.162507 90.938535 26.718398
16.904698 53.025472 28.322081
1.530260 6.011866 25.221695
24.410713 7.324920 28.638102
57.835545 62.376715 29.315862
28.117764 68.097436 28.095378
57.619432 65.657558 29.769909
73.407971 7.115398 27.802423
6.199361 97.606589 28.793499
94.547083 26.150122 31.119587
13.467760 93.254319 31.249546
6.780011 40.447064 26.250785
78.968899 89.996003 25.969289
67.800843 90.189916 28.478409
67.213295 52.115851 29.474239
7.539198 18.095043 28.536125
9.616468 74.350513 30.357704
30.774237 25.009854 28.467882
23.217278 10.140498 28.543913
76.442970 35.847391 28.734876
23.972394 1.550683 28.853078
3.028317 13.110866 26.005967
45.085168 13.443849 29.795669
82.991829 57.386560 30.171030
49.168593 39.725977 30.554604
12.850999 30.845076 29.450450
40.364583 12.499537 25.207830
74.927018 4.644423 26.361767
88.224445 47.680438 26.870323
97.745488 3.659921 27.388223
48.487541 3.124049 25.516889
64.308838 6.327853 27.191728
23.874774 49.304803 31.077300
1.828410 37.942861 26.001785
31.216528 2.375688 27.146296
3.381446 71.013101 25.992648
72.440977 90.407547 31.240029
56.987743 46.017471 29.584152
94.772173 90.192492 27.844938
98.027681 97.749188 29.404400
77.542927 35.776783 30.713358
89.574051 95.908804 26.779954
93.728650 7.441955 30.449346
30.536471 2.923360 28.868192
38.082069 16.490669 30.485607
90.122148 7.825524 27.661219
87.466920 75.459211 30.315382
24.708843 8.224002 27.816903
48.930482 47.642267 25.143130
62.277817 99.783547 31.113720
8.665967 1.644895 26.436662
74.477198 79.178711 26.075182
75.469605 39.924423 28.112922
65.938388 5.505712 27.647736
90.216586 57.337143 25.798711
81.608997 3.153028 25.688488
51.488015 16.882861 25.652718
66.346684 35.959185 27.563597
40.286790 25.463539 28.104886
33.960010 80.206117 30.188497
23.978181 76.521976 29.724887
53.918747 1.722508 31.071327
76.035112 75.488692 30.687659
43.825378 23.252955 30.856971
62.464157 39.226333 25.395552
0.262242 37.002071 29.788272
91.223837 66.953465 31.174725
31.810471 70.381593 26.424197
60.074210 72.975862 27.715550
42.838754 18.446788 27.177470
32.111289 10.694020 31.086720
33.628256 30.099551 29.663046
85.492290 17.029473 28.193294
41.099851 89.027970 26.848251
6.025817 92.753108 31.025864
44.784324 26.102875 26.917787
18.282530 49.174893 30.026944
7.890965 69.063786 26.356066
8.318147 22.949113 25.503705
5.827567 92.929164 27.552887
72.650969 88.796867 30.196087
17.187061 77.784353 29.904319
68.559072 43.609481 28.487874
71.921423 35.402400 29.954171
11.214433 32.633042 28.995866
2.423118 44.325406 31.070532
57.464829 50.479092 27.244757
55.710594 84.019624 30.976518
81.347129 56.764294 25.654776
61.182418 20.460946 25.302503
67.997777 51.937953 29.074514