4.924101 97.376810 25.718882
37.741582 39.733972 30.414440
31.250099 96.483935 26.873181
35.574965 73.140479 28.010565
55.476298 75.123902 27.419272
47.481986 25.810665 25.340764
87.135415 65.283238 26.526771
23.295756 34.896318 25.245938
87.123466 96.972493 29.457366
84.689405 63.452021 25.504372
35.164800 75.210092 25.702421
74.118637 34.302501 30.504633
56.422952 64.246914 28.264335
30.685698 98.154076 29.726209
65.490824 81.128648 28.581286
47.632023 25.754534 29.690129
39.857694 68.506139 25.374320
3.290480 39.498061 25.388363
51.693262 68.483299 29.414728
25.834228 4.376282 30.271083
29.272385 43.412919 28.478548
78.653935 82.309264 26.660640
70.137393 46.224608 25.066347
47.968544 43.795693 25.877985
31.470852 70.016115 27.618017
84.479580 33.906030 29.467756
96.897570 60.251671 29.953004
63.116953 45.301214 29.029203
20.711901 90.355032 28.290935
2.217184 7.063607 29.205246
86.422202 26.701276 27.519934
62.406973 50.586384 28.132870
56.796596 61.325868 28.194311
96.572685 46.377011 29.557314
93.983179 78.585819 26.215886
30.868868 93.028755 29.205443
43.485461 15.790247 30.269417
64.881888 56.449271 26.602798
80.758504 15.452928 29.902994
16.116380 96.742463 27.123785
50.708566 92.377774 31.234972
38.388884 95.789190 30.165970
78.954771 75.736708 27.582337
19.560767 20.589901 26.756304
54.262416 96.087852 29.008114
35.819806 36.994426 27.000652
29.282930 62.511203 28.380946
38.516302 15.910103 28.656560
90.984096 98.794022 25.931481
99.119255 79.946821 30.616763
85.388333 90.898314 30.028822
44.698203 38.647936 26.605392
76.050204 2.828942 28.676392
39.937436 83.999998 25.577930
41.075804 62.824240 26.951024
81.616562 6.930630 29.591159
19.851101 63.574053 26.507503
55.174598 20.329550 29.721998
77.827314 43.663410 28.327726
57.259115 23.769334 27.952504
34.947017 94.920611 27.890096
2.720628 22.498560 27.508564
99.738812 50.401151 29.268165
83.094845 18.223511 30.516940
27.605644 30.509429 26.864537
61.533154 11.671517 30.439498
79.966801 26.743006 28.507149
61.385827 50.164397 25.497542
99.483181 24.115792 30.498930
11.868373 4.290152 29.922020
19.074723 68.920393 30.153728
55.062074 0.554038 29.946689
58.799550 40.275622 25.907269
98.899323 52.582856 26.780747
39.015742 57.283471 26.342304
25.612689 91.079563 25.875812
72.759538 22.803525 27.908025
50.248148 3.683160 26.449187
53.309162 75.090892 25.126048
1.316666 61.781312 30.141292
44.149298 37.125685 29.974726
87.625232 94.288660 26.110741
58.367172 44.548574 28.162242
40.598437 31.374704 28.731168
16.618984 62.830092 27.438843
58.745734 78.508516 26.109124
25.830090 34.956008 29.608202
79.138688 83.872259 30.171345
39.093292 48.064877 27.186617
58.524626 84.489883 30.208943
98.055162 9.866170 30.393265
50.956909 10.279990 26.956391
95.803195 4.305255 31.134873
93.584654 44.891912 28.997999
69.488796 26.080198 25.466540
76.499287 37.319254 25.878373
11.633466 99.602159 25.491162
98.317009 32.094922 30.831208
13.372478 66.302682 30.387059
10.686542 56.103705 30.673692
68.177213 41.984600 30.321765
8.926856 13.932967 30.026574
24.398191 20.608567 31.007046
91.378731 67.704898 29.235213
0.153965 15.728727 26.302931
21.508787 32.997230 28.882613
56.468179 72.498043 26.434794
18.505962 67.625226 29.610734
84.203892 83.051527 27.970148
4.149314 4.993608 26.372789
59.306768 16.285173 25.602667
34.419242 82.664391 30.809915
28.405000 69.030169 30.661508
38.279229 14.387783 30.458346
90.019523 65.331388 27.239724
29.550827 56.500810 29.972691
74.029264 0.796747 30.794802
47.505096 85.374044 26.544999
13.596745 70.066322 27.667175
54.968810 6.073878 28.807843
98.458307 68.841898 30.033609
58.474944 64.118146 29.987255
3.038776 60.665811 25.878856
73.536949 25.812268 29.715163
81.493031 96.914138 30.530582
28.174235 47.338563 26.168995
64.297682 43.716092 30.584324
23.175372 30.212113 29.484432
44.865955 50.206335 28.178892
95.695142 87.955283 26.323222
26.162241 14.817505 29.369271
36.272429 8.422575 27.746752
95.621147 68.355055 27.960241
56.435236 86.625272 25.434438
32.388894 88.368621 28.110798
88.719733 64.335149 29.171612
26.983324 90.656310 29.388961
88.007568 95.319086 25.311382
5.690078 29.717260 28.852273
57.089300 46.596823 30.807193
82.942308 70.592535 25.624968
83.820125 57.571291 27.686228
91.396136 92.733980 28.103709
55.975770 96.790123 26.657228
73.412500 55.772257 29.761223
60.226765 13.650918 29.370554
47.403553 5.907707 25.226222
71.121838 77.422060 27.422801
14.907589 53.301536 26.066368
72.554253 49.332015 29.239400
30.701017 37.224226 31.120187
87.708647 29.052493 26.771601
61.261705 27.782021 29.519975
0.876293 80.854244 28.198270
69.853852 91.845578 25.157399
42.451165 32.716175 25.614267
8.828438 6.381770 29.773316
56.837835 5.584721 25.934488
31.628094 21.770831 25.927676
7.440932 68.337670 27.800298
78.373221 26.916139 26.975295
85.760967 84.697490 27.133354
59.260835 34.854168 25.143683
60.243875 98.824755 30.746971
55.566880 60.335372 26.788098
13.826792 11.045129 30.457796
39.921873 80.562168 25.403728
99.561137 62.722859 29.380526
81.496908 58.371303 28.653560
21.482720 51.149272 29.029957
52.817720 34.590055 31.151527
37.071257 35.788517 30.742808
91.615063 3.119545 27.136003
93.066421 60.787038 27.529350
24.801031 65.746586 25.526518
44.072541 5.058714 29.856329
29.826666 92.613360 28.013939
67.522123 82.414277 31.163862
40.380876 72.271504 25.772292
69.791042 43.657006 28.157364
42.989984 47.030537 30.834770
63.654779 47.479364 25.377940
75.191920 98.758108 25.476560
58.615614 38.725161 30.620082
80.848262 89.933537 25.707902
85.715527 47.606132 25.047522
46.102863 91.894941 28.546092
47.574205 95.124926 28.734838
16.232486 88.210537 25.141647
55.934518 11.874034 27.581095
96.603479 71.682225 25.460985
11.510616 87.811418 26.654282
35.718768 64.682920 27.932210
28.584506 26.453853 25.751171
8.214488 41.861181 31.149735
99.565879 74.796342 31.015071
63.633984 36.641723 25.030772
47.683407 61.032871 28.392245
9.583883 41.098393 27.748668
43.658017 21.480959 27.913828
15.152262 22.829019 29.278703
74.059343 79.644704 27.587388
0.059687 3.489240 26.491996
29.072403 78.160335 25.121492
68.171981 46.104853 28.465151
74.345026 47.204549 30.660461
42.846417 97.762088 26.363518
70.690910 65.524533 25.749511
54.652532 16.468392 30.013629
34.569674 38.235600 27.875414
32.716516 81.078396 25.220244
75.690706 35.363388 29.439597
40.599424 97.666071 27.779841
0.801659 56.344819 29.940339
63.126282 92.326021 30.904015
58.761834 86.132370 30.359466
56.660431 70.209225 29.596504
73.895052 37.327618 26.412665
74.623127 45.344017 28.788955
53.345326 77.419870 28.630860
57.862906 63.239052 26.628924
53.795124 72.795405 26.095748
91.342269 61.590993 28.275203
5.193641 38.013078 26.779800
73.306116 94.369210 26.424933
46.961177 72.142131 29.670928
29.421649 13.380125 25.571789
2.996242 27.407227 27.981365
68.868062 38.844863 28.547743
6.891382 94.449235 31.145596
58.002257 90.638720 28.579951
60.420000 69.678026 30.679594
8.127095 38.557506 31.166818
45.247142 23.799009 29.131471
26.408131 2.034306 25.384898
59.389750 57.533474 26.528614
50.569877 83.459359 27.274073
13.154971 47.483193 28.894285
70.465522 28.231456 30.863919
24.457484 36.233537 26.665847
3.445011 19.354835 31.047918
44.505599 58.849397 30.972620
4.533837 49.967453 29.069895
20.275799 3.921919 30.073496
45.544487 3.082693 29.312434
48.934414 87.308156 27.526096
71.689714 89.223558 29.013432
28.920788 67.560379 27.131676
97.798828 1.824742 27.418211
0.233203 80.624198 28.928118
89.781577 16.453614 31.039747
94.619097 40.897296 27.645467
46.569711 13.229206 26.040418
96.132998 60.673609 26.322532
32.275688 90.921170 30.448774
47.160585 4.311827 26.762450
11.961855 78.572162 28.346292
65.988560 17.247593 29.768659
31.444406 75.747498 30.208787
79.150785 96.607926 27.127696
5.816819 26.617212 26.681580
61.841250 66.519851 25.196375
21.960305 98.213209 28.252823
92.567571 4.653701 28.284557
1.383034 6.715446 27.769068
95.911756 8.937532 30.437937
64.771468 97.700213 26.258474
32.601851 69.913500 29.565084
28.492645 21.620718 28.028537
93.855847 8.614035 29.977602
23.549786 90.057458 30.038826
28.970013 32.262369 27.859997
82.749980 14.032304 30.401529
68.398038 17.426940 28.883293
75.203791 78.425969 25.786376
10.228250 32.351144 25.269075
94.038381 91.050969 29.858637
18.775773 21.392687 30.441819
30.151408 22.934073 30.956040
75.749489 51.147685 27.149175
19.526736 26.136411 28.513970
3.759464 98.637630 26.149917
64.594829 17.814665 29.763400
49.501268 25.721776 25.870808
0.879846 15.513458 27.530356
0.900109 63.472991 27.218165
90.172946 37.633292 30.099536
87.221546 24.926642 28.021675
37.823838 33.084530 28.494527
0.302596 32.362252 25.736187
55.970765 8.925362 26.950519
91.682542 28.616923 29.320969
10.297319 68.637641 27.074269
46.888119 24.388161 25.035309
5.635453 39.294619 27.557088
80.095792 66.960272 26.545590
11.008525 22.035234 28.105446
62.855786 66.660919 30.596883
83.229794 90.491307 26.504601
10.694196 4.552464 26.615852
34.432531 19.233548 26.363541
51.769010 32.788951 28.514044
22.294581 1.025717 30.659422
58.552232 98.254152 27.932062
45.765798 57.352511 25.850282
2.647167 6.056827 27.884442
58.362782 33.703519 26.986253
24.689579 26.731567 27.185538
20.426294 32.493236 30.014642
29.321888 55.749547 25.806370
76.094185 89.601658 26.556034
94.946572 67.941363 27.665389
76.445845 68.051976 27.149641
20.015888 93.656931 26.164564
35.438655 24.669970 26.277275
4.246745 68.096262 26.119811
96.259591 46.150427 30.412347
29.814540 16.619844 25.903964
63.056919 77.515642 26.531891
86.914559 84.144459 26.428382
46.318401 12.694316 30.624974
28.589556 30.393035 26.447676
86.281932 16.148859 29.676596
21.827607 36.340652 28.978094
43.864490 13.568456 26.294634
58.719099 73.297210 29.056661
95.358070 50.044009 25.524423
44.499001 49.932720 30.508487
8.366587 11.462444 26.856904
73.010311 2.987863 26.783990
12.012919 47.057563 27.270572
7.506269 64.671427 30.361837
88.050798 69.848925 26.551691
21.300574 6.615868 28.396494
25.433695 4.285138 25.855153
72.669255 83.815018 26.552111
86.763284 44.894248 26.985266
43.140577 1.712165 25.457955
27.845430 2.743910 30.936729
13.796213 16.016546 28.465182
80.113441 95.841952 26.391086
29.491317 9.755471 29.925918
58.778186 25.778688 27.691002
50.542729 12.540017 26.359138
40.845046 91.244621 25.488099
40.891414 27.811439 25.078922
24.755275 56.489131 26.357829
45.225983 36.400685 27.519934
36.243062 7.666136 27.981444
88.095336 79.767023 30.841286