23.247203 66.138817 29.146278
68.040435 80.513954 27.891711
76.648463 83.198739 29.051228
28.250712 6.490734 28.780670
47.402874 25.374521 30.623521
0.184524 37.938009 25.548929
35.297970 31.353453 30.289920
85.269957 68.406860 26.527235
78.490821 83.354969 29.669894
11.821099 56.060031 26.538923
84.787091 73.705611 26.369300
72.989671 53.267783 29.636157
42.718969 78.705036 30.975048
20.453234 86.052816 27.915289
48.123969 38.303579 29.737633
55.048544 68.132002 30.395517
86.271390 66.990324 29.110954
33.403087 51.423308 27.564131
37.355442 37.986901 29.103371
77.488998 54.218863 27.245992
71.834601 65.350532 29.931267
28.243556 17.836304 28.509061
45.518240 62.383682 27.842361
7.920017 13.835044 27.551177
31.413660 17.672473 29.768448
84.855064 12.407027 27.054272
26.567113 93.692871 28.181326
62.834440 80.765689 25.885834
4.583294 90.965341 27.299541
63.553082 4.830514 31.039346
11.811959 20.495656 30.728895
28.863555 49.633518 27.174261
94.011627 37.035088 27.690408
87.188139 42.500614 26.543396
77.636008 37.967846 26.085368
95.476110 19.041382 28.943764
60.261764 16.624520 25.546012
33.417551 91.407560 26.917182
5.918947 15.169913 26.180950
28.750853 13.977949 25.550129
21.743802 78.512272 28.291613
56.506027 33.816140 29.843100
29.306767 9.245338 30.258904
90.145421 64.472992 27.592461
57.190995 32.367441 29.289580
84.926237 87.796510 29.517999
43.107969 25.833961 26.025561
22.191857 72.814225 28.583486
43.609823 0.865719 25.366899
61.607665 95.290521 26.509782
91.368003 63.366488 29.115958
35.979489 4.368035 25.338235
3.842643 60.944721 27.194938
94.815890 69.424869 26.767740
72.152215 83.186770 27.091533
13.351387 45.687012 29.110703
43.096325 44.804992 31.121923
12.783184 58.231917 30.166149
61.475715 99.892524 31.227385
37.566325 10.928926 29.167465
25.318626 14.442130 29.690739
29.175676 94.055444 28.508073
2.371943 98.070578 27.057015
51.144596 44.176383 27.601664
32.899331 14.128660 28.439483
3.077648 42.641751 25.384486
23.087287 93.579057 29.998253
7.410421 12.890607 25.537489
88.781009 70.846845 25.006697
60.295918 70.642004 25.416287
5.354113 17.376732 27.133215
21.671805 25.679623 25.920810
28.347423 76.784086 27.144724
67.433986 62.671051 29.306940
71.338296 92.333947 28.482450
54.683414 55.427856 25.089222
51.162525 24.725168 25.397241
79.603119 51.812990 29.155962
76.964815 37.846739 29.139704
17.723899 52.127415 29.336131
7.533682 17.574565 29.587226
51.577907 8.339568 29.372499
17.363671 71.011484 26.131940
66.057818 45.882651 28.651658
68.669341 76.694715 29.882082
76.460957 19.671898 30.691003
40.646544 19.173913 25.591508
9.151149 89.258062 27.333154
1.691108 77.714677 30.713970
35.943775 78.373385 26.108509
51.700795 67.223440 28.371270
17.855435 97.337659 26.181184
89.432979 6.609688 25.898901
10.000910 45.595183 27.428050
79.484539 34.678392 30.170571
34.802886 26.002690 27.459825
63.463393 94.313820 26.619555
19.458663 56.360004 27.989597
78.002481 62.239960 27.897744
99.284844 58.021584 26.336509
75.416182 41.726874 28.117814
24.410540 78.694249 30.319456
39.676454 93.302820 26.631162
75.676771 69.950386 29.204106
98.555796 40.202314 30.167284
0.302968 42.097905 26.842378
52.550647 60.930089 26.978151
4.657685 27.276610 29.210325
32.895255 8.727583 26.675692
36.423872 14.900889 28.696072
91.366511 16.881441 27.431759
12.441057 48.432117 26.173689
25.773369 64.113232 31.172065
26.599181 80.353345 30.305889
5.487018 83.548860 29.979236
14.825987 16.732416 31.025513
10.598500 69.648643 25.820314
14.747052 89.742440 26.568360
55.306220 22.644418 29.314462
64.728601 70.585538 25.266431
77.883241 23.202521 27.796394
60.437922 11.990278 27.615246
24.199338 79.811048 28.258822
80.489079 92.232267 27.391565
41.280037 40.570087 28.733900
6.505263 91.393585 28.132025
52.995159 73.264083 25.894042
97.395738 18.561791 29.354528
86.765839 27.462890 27.207312
25.267257 19.323771 26.555014
29.671681 52.111463 26.614051
21.769043 34.628641 26.071778
91.485035 10.102184 25.970210
44.935421 79.765430 26.677395
72.260128 57.817192 28.080818
21.477752 9.014459 27.980841
3.743588 5.866394 29.042065
8.570145 6.436461 30.947289
2.570135 51.867755 25.449350
19.953232 39.935955 28.899326
18.478680 95.643810 28.763538
87.095507 73.995840 29.541809
2.215338 80.107305 29.661894
78.443525 32.804633 26.370622
97.044900 56.034367 29.898000
26.933666 37.921056 27.692795
5.453994 51.699948 27.395659
51.980722 84.069113 28.704992
62.554393 45.785472 28.475930
74.665466 99.059326 30.508269
61.329035 69.463340 27.942995
99.455128 97.099169 25.993013
39.825401 52.733560 28.212680
51.377005 16.838815 27.087762
67.014941 85.110700 30.735605
68.927464 12.474097 30.593370
28.388621 7.673754 28.541396
40.249775 88.514609 30.419297
28.275987 97.765460 26.412357
42.714183 90.306019 26.295947
89.890102 77.895319 28.023645
13.263857 38.858283 27.558841
29.529506 23.809698 29.298964
20.296755 56.319836 29.682117
7.664273 1.795930 31.130173
71.255272 66.238967 25.954596
95.284499 37.093442 30.012347
7.394844 51.633718 28.288897
71.495957 54.088671 29.847448
26.410382 52.962009 27.446253
80.070754 46.594783 28.824453
13.005762 46.438483 27.188098
34.871671 69.978402 30.338972
40.606035 92.099129 27.920279
81.413042 70.660375 29.145310
5.125332 48.628633 26.099857
35.931143 18.163310 25.428475
25.365091 94.700422 29.189230
12.987748 1.728265 27.484998
82.704810 93.734249 27.228456
56.035780 67.975522 28.598095
5.510108 76.065575 30.170539
21.227896 56.599709 27.662965
85.800203 9.450446 28.759526
54.722689 36.614757 30.270757
71.944663 27.847570 28.908256
30.094614 12.427539 30.416338
79.178093 82.907996 30.623783
69.403526 89.802873 31.030182
46.706438 12.575849 28.995770
25.691408 57.034835 27.397754
64.336163 80.374160 30.813300
56.568384 95.757348 30.124071
31.160659 7.016510 26.521815
27.368832 67.496365 26.115969
17.998112 39.790421 26.307098
50.404905 23.604742 27.966391
54.514990 79.465511 30.154301
33.363128 22.635450 27.481492
89.717458 59.661004 29.810726
40.615434 15.189923 28.999839
55.608948 97.005513 28.635979
68.134239 24.839443 27.492960
43.830890 39.270135 25.850605
8.443868 76.267898 26.166750
75.526339 73.959524 26.064878
70.917794 57.451746 26.309337
0.707644 86.294329 27.892338
58.736802 44.115515 26.502596
28.591920 4.776682 31.227677
29.238864 22.030139 27.198046
88.426090 83.457577 25.666198
86.739178 97.152026 29.437041
95.286252 31.528602 30.035956
74.649782 75.609271 29.612360
51.921933 85.794012 26.748372
98.834369 17.365574 30.630844
84.913389 93.436256 28.750317
34.964820 52.518296 29.917129
37.589549 42.848438 25.803945
95.609879 55.571982 29.500557
19.661023 94.209171 25.573456
22.832670 88.876788 26.290617
33.596908 70.954760 27.502487
24.200101 40.082782 28.412513
74.553271 69.944184 27.785799
26.284569 49.194707 30.552067
25.900606 12.167521 29.755491
86.571699 34.078264 29.225381
70.686802 33.516873 26.009746
95.884063 82.485868 29.883533
91.006926 62.959214 29.142086
43.657260 91.580366 27.657766
84.381713 86.749294 30.802285
59.596875 71.438790 25.967277
89.600147 35.985692 28.903968
97.972833 15.344543 26.202709
96.234334 36.016285 27.740784
29.318535 32.911290 29.426865
56.296881 23.552096 28.977504
35.861432 89.933367 26.218297
10.958747 52.640786 26.954592
95.063127 16.502811 25.690805
91.064638 61.158149 28.620650
1.804249 84.465640 27.708194
98.527588 70.894932 26.558547
1.318187 31.642146 28.432946
58.913339 23.777008 28.474914
46.454810 92.592567 29.617576
90.724790 39.579335 30.941874
24.009708 74.711004 28.809735
68.232273 38.198363 27.177991
45.470856 69.034157 28.928702
79.842036 30.882720 27.278919
86.410765 37.275925 26.773012
28.763483 48.878855 25.167463
60.059983 2.157127 25.815639
94.045118 99.375174 30.078377
95.337099 84.733132 26.379474
18.111113 56.742218 28.211149
1.291578 88.919474 27.938717
1.403687 72.717443 28.423454
74.978841 93.540181 26.964966
43.585021 28.444624 27.861596
90.424205 46.638365 29.874039
84.394287 8.939207 31.006940
15.778421 37.664704 29.462843
36.926127 53.434529 28.987671
57.697648 73.078349 31.027046
52.508499 44.434158 31.223041
61.354855 81.128136 30.958063
4.329363 55.823596 26.909762
26.080358 93.627687 31.064059
52.649987 60.903755 25.384770
29.696511 59.091455 26.793291
96.609231 69.941208 27.799852
33.291419 67.551441 31.150874
42.892929 16.435235 30.184583
46.481792 23.703854 30.315999
51.909843 16.983271 27.991604
54.446328 70.828206 27.863706
50.915941 11.834261 26.253281
0.603163 45.419896 25.839696
13.372239 35.324014 30.497849
42.298846 26.210157 29.296503
64.912158 38.993848 30.037155
67.523964 91.581304 30.195292
89.747665 78.995219 28.244010
87.160303 16.882796 29.263051
99.240724 20.038736 28.067456
22.523455 66.691981 30.832003
26.269778 96.329361 29.318385
81.128210 32.773331 29.304962
17.337951 26.398514 31.175964
42.183502 54.841034 27.148078
44.705823 19.404369 29.092993
91.037310 18.656392 28.203341
63.305309 55.900052 26.206007
70.210582 5.079001 28.279813
37.727079 54.221950 25.124643
7.126746 81.092812 30.065409
55.132322 86.458572 29.343853
3.983365 6.356116 25.080268
21.180129 52.977661 29.366063
64.111462 7.781548 28.158790
87.503656 97.071886 28.476611
30.123458 12.244249 29.061830
62.571157 23.674141 27.597170
24.530353 15.033888 30.625823
88.586969 86.244124 30.277672
49.089309 75.519885 27.174835
12.583541 12.288179 28.138141
27.682984 22.442235 28.821498
67.593048 55.843230 28.477379
57.373826 36.486328 28.935494
80.669201 9.025362 30.396445
58.543846 22.150008 30.892538
67.646717 21.304654 27.133443
83.627271 49.204449 29.793192
61.637268 85.757149 25.601610
82.958426 7.875834 26.406450
39.541045 98.333170 25.775175
6.003324 48.625562 26.243410
7.070989 39.921084 25.861830
51.758240 20.622790 27.753988
12.655275 10.685584 29.791826
65.256938 98.373773 27.451987
85.173353 63.341800 25.965324
71.640359 4.309622 29.147951
1.951929 48.216799 25.481045
99.582280 37.615545 27.092829
59.551413 0.881422 28.190038
93.606655 67.997442 26.539814
60.818305 52.170615 26.323516
1.576352 11.421960 25.382805
27.093153 75.916249 29.700299
13.830083 76.920113 28.717956
18.816724 51.556639 30.043414
68.237818 80.150209 26.780585
82.338461 97.399407 28.005666
6.950163 76.150223 30.816352
87.753710 50.600268 27.445797
24.755089 43.028010 27.048954
30.096496 13.390565 25.106651
44.740110 40.432489 28.904802
45.036808 50.414196 29.852401
80.255745 14.037467 29.953464
84.650081 79.469896 28.945204
58.457692 11.292803 26.267020
85.821990 1.914383 29.551041