44.898556 31.530398 29.879016
28.226659 7.122932 25.414727
63.616922 12.401319 26.749643
97.724313 24.844645 25.815036
99.607669 82.103073 29.073513
65.980010 50.725627 25.519146
61.125884 88.475154 30.760203
29.744904 43.866259 26.806158
74.783393 25.734302 27.121988
16.405581 92.259226 29.228042
41.692992 10.549660 26.367047
71.512912 42.264324 28.179054
8.570705 70.879526 26.461025
7.001782 99.357010 27.420525
28.412806 45.582628 27.026229
29.414870 7.526960 29.961288
56.695791 36.612454 28.581288
19.660593 12.562486 30.072283
89.490186 54.873696 25.957988
2.692058 41.094993 27.869340
50.363979 84.347965 29.093970
92.177047 86.003834 30.829570
88.946621 4.627150 30.092577
46.932304 5.080437 26.111340
21.582160 52.692412 27.464914
14.097694 78.839627 28.603801
36.270795 98.275931 28.019668
84.612687 14.753594 29.239375
29.475867 6.667516 26.195752
95.068419 90.205320 29.827129
65.513702 24.345271 26.174022
80.773966 54.276257 28.006003
52.389592 33.983372 29.058289
39.292080 61.545318 29.140517
98.646313 62.041048 25.892669
45.231581 32.937119 28.493356
6.175924 98.077821 25.961328
38.845077 68.452714 27.989550
80.430397 40.149865 28.851798
1.028595 34.893962 29.036390
47.084214 89.783987 30.893684
85.023108 68.416834 26.598880
35.399117 75.404558 27.889286
43.321661 27.393513 25.882278
25.235903 15.662640 30.749623
18.837267 50.561088 27.540039
39.169425 1.388355 30.908777
51.270329 23.200094 30.996640
10.603090 13.865987 25.898037
96.153523 81.267277 28.487453
54.160667 73.592842 26.032867
96.964911 55.134544 26.653229
97.423964 99.643374 28.378800
61.806496 52.027449 31.098166
41.936938 12.792671 29.817748
36.333874 25.782080 26.849309
91.011130 73.379917 28.775657
11.112971 54.306046 25.217709
98.722142 18.749531 28.407350
21.320633 11.288343 29.919859
63.728780 43.280261 29.083345
11.079308 6.205791 28.965219
74.215589 61.324061 25.525368
58.946878 69.495627 28.922396
71.976610 38.906097 27.602614
53.797592 57.770055 27.451806
98.120808 53.319779 25.236516
51.368510 88.404080 29.180210
29.006305 22.521871 30.165060
99.321606 16.073146 30.052473
51.349403 45.581196 28.706192
46.962995 8.484855 27.904077
72.827494 14.535020 25.412500
62.244560 27.285404 26.266622
21.548413 72.566154 29.925277
42.497333 54.706663 29.924863
42.650426 38.173884 27.172971
30.093973 46.360204 30.787210
17.184757 99.518149 29.502774
17.768273 93.609473 27.979048
26.830584 38.895080 27.925200
14.663871 48.162201 30.523056
32.749525 4.539488 27.662037
84.897728 72.680028 27.600374
93.432501 99.750072 29.368829
43.857228 82.480449 28.409033
37.253730 93.689719 31.088930
62.095003 90.081316 31.069072
99.303958 34.082021 26.892818
17.374018 49.854128 30.095941
95.400597 22.332464 26.239895
22.880833 75.771968 25.590632
6.820512 72.753995 25.140977
13.037899 12.544564 29.632626
5.062155 74.306925 25.208197
43.778583 56.169449 28.700791
37.285520 50.363377 31.052753
92.659934 72.187873 29.094599
57.057832 71.334705 26.286601
7.973159 26.228619 30.182984
31.200700 34.511759 28.635372
91.075543 82.777808 30.372667
35.429820 37.633777 25.489111
49.742306 20.500321 28.980351
74.806115 34.837477 29.639027
33.614949 11.416540 28.837203
22.303488 9.693057 28.061585
49.247153 24.708044 25.702671
37.289426 85.320521 30.151504
93.291424 31.089069 28.647137
6.937334 25.293441 29.336606
6.693205 58.920420 27.197939
86.989755 92.944406 31.225541
62.076848 62.852503 25.995594
93.227744 12.227118 30.752153
34.514416 56.056868 28.610784
39.610084 72.991660 25.502372
73.534606 68.569994 27.341520
9.451097 82.826177 29.490611
87.508152 10.817359 29.188693
12.379634 79.961452 30.771127
44.512043 35.116098 27.445821
91.873758 36.012840 28.622569
52.509422 32.485857 28.945146
91.667832 6.086733 26.795400
21.263063 73.342885 25.900612
39.135741 28.173455 27.082115
94.858407 41.085560 25.512159
90.893548 66.819051 25.286579
74.211035 47.791355 25.413876
45.398479 3.272653 30.865705
56.083526 96.549550 28.134924
16.009531 62.044981 27.940780
80.496321 86.102972 26.848060
28.466602 99.483689 30.669953
49.163096 75.575343 29.425104
51.123867 60.396835 29.166011
0.527282 76.073527 26.995953
0.978731 81.111379 28.834335
60.401370 3.794674 30.093897
33.572190 11.681329 29.806047
54.434957 62.593745 28.799828
67.636150 14.964077 28.372024
7.261223 65.468474 29.183489
72.479156 66.818111 26.162922
45.489487 79.776754 29.023336
92.432345 80.754195 30.524671
16.572542 13.561820 25.986915
1.607349 50.972889 25.418708
55.281891 8.949511 27.750931
92.266649 16.537030 29.304072
51.918025 82.240240 27.220243
91.447457 90.774561 28.465772
9.239626 90.546978 25.435374
10.633191 67.444601 28.881807
64.121219 86.184610 29.879529
18.026514 4.208805 25.063501
44.033044 69.087633 26.765300
82.994190 66.468334 26.898527
98.487047 64.599935 30.808905
13.526749 2.656312 27.156400
17.923977 56.315419 27.502985
42.186810 59.364787 27.549158
32.822243 35.330666 25.066268
62.573038 75.278818 29.042604
95.835740 13.393217 30.367850
42.586344 72.683968 25.802752
2.157354 41.698352 26.398999
51.028579 61.782734 28.655759
39.344166 15.273261 25.024451
56.799104 77.809968 27.905491
95.610235 23.976910 30.261774
57.025846 58.900270 27.356353
12.942322 58.780837 28.562574
14.271427 32.601448 29.932976
40.021352 48.543793 29.555547
13.128903 2.108666 28.882319
63.066547 57.037659 30.389196
39.265022 29.113514 28.204566
81.877880 11.883228 25.788937
38.176544 86.353536 31.036396
95.649245 10.658482 25.992880
18.980094 70.744977 25.947954
69.502717 0.044885 29.454801
22.479209 34.459210 30.711835
84.694583 3.471282 30.149354
72.983464 36.697262 26.160253
64.557655 45.526239 28.649251
47.093217 83.176134 28.017428
89.173721 63.962405 30.385701
40.164573 87.694614 28.757395
39.558887 4.848680 27.467603
57.895181 60.251070 30.258133
20.540503 22.375267 28.864711
49.559683 89.818809 26.487863
81.439546 99.288976 27.927646
23.301237 13.827622 27.759025
47.927893 42.015653 25.001521
13.807512 22.889307 26.852079
70.129585 53.825937 27.143905
28.042911 46.004747 30.255770
38.773051 77.599892 25.812136
65.211984 28.461109 30.611246
10.043681 65.336064 26.855975
9.334237 33.706506 25.528601
0.043704 41.559123 27.679297
67.720400 8.266515 28.898096
75.385599 55.165918 30.051453
86.062534 86.119739 29.062794
58.187738 29.323886 29.847911
3.783446 80.693931 29.197083
86.460128 52.769997 26.014281
87.860013 53.848880 29.961311
95.504306 63.640303 28.192856
5.104092 83.317045 27.298844
44.316415 82.050033 30.410093
38.033564 48.734028 30.005623
84.091167 94.925100 26.261002
30.163472 33.826267 30.942263
39.760381 65.206488 25.111548
9.942113 97.243516 29.063479
43.555701 69.333647 26.429241
80.569860 61.410308 27.179929
33.675315 0.274191 29.424552
94.625628 73.583157 30.939045
22.998112 69.934561 28.796985
74.948892 13.614824 29.734706
28.630595 43.529030 27.209460
27.722780 92.540402 25.901972
59.088555 37.253542 27.067693
55.872327 38.830831 26.828836
98.596314 96.054511 28.497239
71.316016 84.472142 26.046749
79.563265 57.018713 27.852168
87.484215 78.352261 25.714206
45.747576 88.283989 30.858018
82.726780 60.452816 28.471385
94.716993 66.063040 31.089605
3.221688 25.266459 29.343424
72.348308 99.197266 27.810929
69.376335 27.855270 26.558862
21.646812 48.116464 29.349630
9.190555 40.622620 25.693480
7.324656 16.229020 28.902683
69.925264 71.647239 27.863826
80.501708 60.744687 29.394649
7.247341 14.864117 28.496364
4.168712 53.100754 26.676020
86.931271 33.874915 26.684838
84.106411 63.190180 27.030796
37.741717 67.038899 27.696489
7.609969 9.321171 30.732511
44.173072 16.879523 29.068720
73.475746 13.068639 25.364392
3.776392 37.227201 27.277487
28.216352 12.249891 26.123669
73.067343 10.515098 26.142915
24.035979 16.369530 28.947937
17.999518 62.803989 29.089037
98.101397 90.677863 28.571221
34.477513 10.718972 28.253850
25.515053 32.858213 26.521014
31.922275 34.425131 26.430495
95.042581 54.361956 30.566925
52.664644 74.403907 28.059552
72.719186 8.168223 28.222785
15.862355 47.223894 27.338354
79.270421 3.427769 30.456061
3.864763 15.160062 25.215112
53.926028 35.387807 31.054010
16.010388 40.352408 26.377419
63.723287 83.039721 25.707370
22.039174 95.536979 25.101322
7.410045 89.004154 26.936956
76.082197 52.365159 25.588523
31.836645 89.709289 29.816834
68.135679 86.998878 26.240812
65.033192 57.441581 26.455950
54.465047 59.719413 30.493037
93.337367 1.173820 26.601036
37.066416 46.637894 25.907899
95.893840 15.083639 27.600741
80.383485 4.695076 29.610670
89.895446 39.103097 30.260225
55.521134 90.810745 28.864524
9.317206 35.490262 25.328235
78.104970 85.199899 26.535089
97.002325 91.481887 25.425329
53.179925 47.023499 30.019472
5.287202 4.743079 26.894898
74.499908 7.675780 29.907460
58.478427 52.816049 26.552849
90.577915 82.047335 25.120762
49.750442 66.888005 26.187424
15.062997 68.940710 27.521959
65.625540 91.308504 25.837925
13.596084 13.765623 25.771034
29.284091 8.389295 29.259940
0.569680 99.899851 30.201037
5.093066 13.799596 28.682654
76.984335 23.631761 28.959280
81.868547 83.940062 28.552904
57.136262 29.636924 25.990692
70.696427 58.858190 29.633455
61.349257 96.312490 25.786361
40.362083 27.899393 27.171112
26.706006 29.091020 29.731781
21.744899 40.592910 26.683155
55.955686 82.830409 29.275301
82.207550 16.669014 28.293394
57.124027 14.631309 29.743180
85.270384 49.126813 29.086083
74.426073 76.794767 29.863648
19.240299 11.449402 30.042013
80.059997 32.662184 25.850333
17.060404 27.945303 29.172879
98.184197 45.331297 26.792401
3.574694 12.154859 29.371158
75.233848 91.687343 28.740108
79.216271 28.417074 25.427597
76.832773 6.630445 26.957467
8.064294 51.853734 29.326018
54.831142 17.495048 30.946463
70.777901 80.790498 31.121506
35.674504 95.911192 27.415748
76.021206 13.585677 28.282948
78.212175 94.413780 27.572232
5.422947 56.545754 27.313290
92.311436 64.101623 28.711251
28.011364 25.494608 29.303720
13.746219 73.597757 28.044581
3.250714 0.548795 26.501157
84.064143 95.088541 30.694214
86.665218 48.853011 26.828817
56.788794 75.376291 30.262296
96.149162 92.507813 30.868599
97.714320 63.727833 29.118684
6.606058 10.707194 29.140131
36.439359 20.986988 26.061513
39.672338 69.873272 30.721195
9.666471 12.227087 27.720524
65.446119 75.537639 28.265482
41.682854 13.090524 28.189828
90.892887 43.429109 29.257880
85.782686 24.931269 25.114482
26.971305 37.926183 26.873211
28.313521 74.826433 30.773196
15.033293 2.545262 27.345695
0.958476 70.660945 27.548922
45.326544 71.828151 28.397438