52.363522 68.752705 28.550278
30.486526 18.910005 29.378621
4.312321 78.900235 27.477483
68.036944 25.251344 26.919071
84.766009 0.771853 25.272226
33.536122 84.804649 29.161429
53.718981 87.176816 30.365886
75.394369 35.115860 26.484643
85.713944 86.814189 26.748149
13.836186 12.595606 27.964911
42.421151 57.425630 25.802248
58.182744 75.971179 25.259248
21.752268 66.520636 30.054572
48.141216 50.536537 28.915533
48.021388 24.313859 25.191559
91.002694 79.636122 29.727334
49.389677 90.764301 31.172331
59.168168 57.998527 27.940545
81.711371 71.496202 25.915318
93.803496 23.827736 27.055307
98.297114 48.098118 28.136609
35.168404 38.328895 28.431143
55.395146 5.520855 27.830633
68.424859 36.686541 28.153401
29.460953 6.645791 28.148304
17.837843 3.307661 31.091456
52.055747 5.505787 29.563865
52.194488 4.690172 28.119295
88.657321 77.807027 25.545661
17.693398 97.120024 31.217544
89.653739 41.469905 29.770124
40.389521 27.745229 27.687931
84.859136 84.728793 28.994697
79.402125 51.282680 28.860622
42.016736 96.116468 25.284041
78.594158 74.966157 27.957937
91.902228 1.793736 26.419299
9.360996 58.955845 28.577999
18.349362 99.972981 28.126219
11.607716 89.002102 26.432077
99.380092 17.511778 30.769611
86.004828 19.147183 27.640190
95.125623 36.180285 29.325458
64.071166 39.084045 28.083370
77.349203 33.197246 28.788045
45.988254 95.206396 28.778312
17.498550 98.209310 28.190592
34.454896 82.918476 29.869593
34.285654 31.977036 30.090541
69.065994 12.390789 30.802425
97.698375 28.688828 25.720585
89.560018 75.220857 28.370632
8.083713 9.426428 27.193842
52.123121 16.843381 25.147563
42.999295 7.753958 30.176993
47.370896 90.589006 30.399325
10.271695 65.054806 30.126511
39.446403 35.569486 27.547824
59.917131 50.376958 28.387765
53.070414 38.087918 29.281834
51.054788 85.834641 28.877607
27.673613 30.095967 25.360123
68.833682 6.943040 27.872074
56.998881 82.220140 25.982692
7.940319 68.536620 30.914279
87.100895 19.498018 28.235116
13.937506 40.224357 27.480970
5.945695 86.093478 29.881093
65.772091 82.415002 29.376940
60.480455 0.180614 27.072339
54.976551 33.618711 27.261583
53.256138 11.935287 28.005287
37.658066 77.611460 27.171907
85.201056 85.710980 25.643093
97.336148 74.760939 27.363035
69.652060 10.052164 29.947282
76.672717 74.151322 29.544026
41.637390 56.150300 26.018040
57.748692 5.155408 25.356220
71.741212 61.635552 30.094621
60.860203 4.795739 28.504959
68.619154 91.791153 26.414655
50.577272 86.861682 28.270156
10.546204 97.850632 27.479238
44.242180 76.628200 28.770601
17.688854 86.647271 27.652915
86.941876 1.763661 27.803473
83.058570 13.558164 26.130813
67.964565 64.129803 28.669820
94.803297 25.796925 26.983507
81.163902 79.602059 27.534975
72.531298 24.188610 27.114784
28.283492 67.358280 25.182504
78.634812 91.840344 25.117628
92.916824 42.219027 28.039861
95.478194 74.259068 27.142804
31.559999 54.825199 29.789401
16.587758 52.938317 25.295378
60.301596 21.534150 25.000312
59.515943 44.674806 28.189133
3.828039 44.565590 25.043934
92.569701 61.607221 31.117653
24.768135 29.560976 29.024037
35.424977 26.555799 30.618268
63.799519 43.404341 25.274927
29.659390 47.117422 28.014278
96.194692 31.876325 29.091216
50.065561 22.362606 27.818404
49.914010 88.390221 29.451497
24.760003 41.598872 28.604997
96.634678 64.106413 26.850125
49.755791 68.310283 28.931927
22.337617 50.138056 28.768358
45.788422 60.050213 27.171011
66.457897 13.918005 26.021370
21.036826 49.834552 28.864310
39.582227 94.126321 30.278078
91.482057 36.363690 29.167372
17.769735 13.165233 27.335101
86.044968 8.758344 25.218668
47.569447 7.155481 29.906717
73.753205 90.359122 26.040288
47.333191 24.072392 26.961074
1.097390 55.832357 30.109619
54.149415 68.718509 30.651411
65.008675 10.812129 29.239422
99.055667 11.922692 29.375471
57.826987 38.543799 29.923854
60.776922 30.901131 31.040087
39.380421 39.852132 28.374140
55.645952 23.631385 27.437784
49.468658 83.501875 25.905628
66.055254 86.122933 29.949252
82.183133 86.960311 25.332512
78.291515 9.310933 26.975487
31.596602 72.308914 30.696777
43.476287 45.612537 25.910121
53.720778 53.259696 27.860964
94.273312 62.177354 26.046023
38.215352 29.271048 28.739088
19.422922 43.604515 30.711203
93.605680 24.985128 26.322502
25.610864 43.542653 30.074719
24.059277 7.292000 25.940891
14.922845 12.841225 29.752146
55.705971 28.623625 27.701731
87.146182 31.194390 28.040208
0.677707 68.595999 31.086880
83.257533 27.775921 30.522460
67.646353 40.036774 25.000338
71.006829 99.094109 28.868037
90.654895 24.612445 25.333709
5.362689 62.592868 25.371853
84.132133 90.865504 28.192517
14.188623 35.078723 30.148045
24.489733 79.770239 30.140608
31.582970 33.803855 28.150463
75.656571 80.311554 27.210230
65.889482 92.458405 30.572196
83.167254 6.074138 27.940825
70.813849 97.636416 26.023748
52.713011 70.687972 28.774330
82.214332 6.916108 29.452205
28.616941 92.699310 27.329593
9.907507 2.612792 28.556881
46.765306 77.460992 29.559514
8.376931 5.249121 26.676848
93.132948 77.666785 31.038733
18.041631 11.636789 30.261386
10.343417 66.532486 28.505636
8.734808 0.445953 30.167526
87.519979 29.905879 25.388549
22.071298 24.551374 29.846762
33.547957 33.393468 27.761048
72.365356 92.920872 27.416206
93.413919 77.782617 30.939213
5.962953 29.476760 30.327284
21.554978 11.665304 26.775504
15.217996 33.790305 30.643092
70.904643 97.110702 29.711995
78.615982 15.586296 30.599554
84.543336 36.691995 27.648135
71.237792 73.683935 25.929507
9.530777 39.794646 30.810101
73.999618 56.194766 25.112807
36.460263 16.739310 28.599815
48.200964 74.473161 30.262666
99.690595 40.041108 28.527940
74.088248 54.315534 28.752564
11.394867 38.379078 28.222457
16.915059 75.464780 25.316637
60.670474 29.731040 29.416573
73.642794 85.879600 26.069924
74.328639 73.183891 27.808850
99.132839 18.813552 25.282510
66.162513 74.136435 27.739857
52.234601 72.169669 26.985633
72.561817 93.476534 30.835818
36.814031 67.297714 28.909633
33.825474 89.842328 30.352187
72.370136 16.874408 30.655203
99.665191 28.873963 27.754558
79.477796 79.186672 30.589812
74.244543 55.089378 29.402023
20.765763 47.064721 27.765401
18.102206 25.494468 28.389090
84.836881 66.685510 26.598545
88.031759 53.268471 29.152021
59.679735 15.203602 28.419510
33.520984 22.224765 27.107764
71.805939 80.229215 30.316632
32.087088 61.812065 25.963460
34.911834 53.156914 30.186532
98.855879 44.619126 31.047337
51.115986 88.301013 26.938035
65.645306 40.585226 28.103996
33.637281 31.828459 27.299662
36.431042 32.503734 25.049093
37.046094 92.828084 29.165194
44.651253 64.374958 31.176478
80.068019 4.716830 30.236177
43.022123 27.901053 25.366275
69.951226 62.596016 27.417719
70.773469 80.257388 28.412336
89.425813 76.666436 26.271585
30.092054 83.587773 25.526346
11.175223 78.368252 27.329418
0.933648 40.884688 28.642478
67.770639 2.408616 30.920760
33.228187 42.380655 30.811661
75.422722 29.028382 28.738913
96.960633 52.169941 29.251905
62.004246 93.752412 30.473710
62.185760 64.613302 28.079435
96.553096 45.525268 29.994675
82.660572 71.777229 28.022472
55.214965 6.764491 30.662302
41.925523 34.171506 25.667122
29.520699 16.523823 28.230156
30.912159 86.365514 26.701159
80.962132 86.456411 25.411170
19.438987 13.025876 26.400297
7.174185 36.012359 31.165887
27.541196 37.863162 30.494227
11.280821 74.185519 27.238593
85.252990 84.653950 29.712685
69.518638 77.365174 27.285477
58.450939 94.299716 29.250587
97.573058 62.123944 27.056931
2.366957 36.215925 29.768193
95.993425 15.404063 29.801879
65.344427 43.368530 29.006072
55.407507 74.008113 29.945304
71.672065 26.328038 25.028703
4.836354 53.841290 28.253704
96.349694 54.582244 26.376832
96.648799 25.139852 26.596853
60.791892 10.067166 30.319072
11.254578 39.881424 25.738101
43.992435 17.851694 30.994061
15.399353 1.979491 29.998776
30.629890 75.631120 25.313040
39.049451 75.844049 25.487324
80.977158 58.273529 25.435655
88.104161 15.096794 25.125988
66.825210 50.980118 27.907462
81.830754 65.039993 31.127457
23.206041 10.564359 29.507744
17.653785 25.495997 25.274722
49.213131 41.141102 27.122273
51.568639 50.096591 30.214548
51.893536 96.437929 27.834508
34.004091 21.701066 29.621729
21.591442 84.928551 31.246959
76.371744 94.038842 25.653524
26.549345 79.762239 26.482400
87.549857 75.871232 27.970356
14.577187 29.366677 30.321244
97.655252 43.528814 30.234462
27.333453 86.295159 26.589887
50.446533 87.237026 26.733466
65.096048 11.518538 30.324764
5.727223 21.686881 25.790815
36.265328 22.199922 28.160826
99.129619 55.131703 30.320947
68.323430 11.169808 27.047328
67.986634 93.518796 26.869160
3.268900 69.915107 26.024105
58.791482 53.115804 28.298372
59.566841 98.128148 30.795933
33.999593 17.192911 26.465422
88.667072 12.711632 31.018571
53.017356 74.939300 27.702642
90.679712 3.388912 28.728936
34.227395 97.074990 26.546924
99.967321 26.838150 28.467073
83.880308 1.111744 27.690453
59.559392 27.673482 28.104726
41.130239 56.825158 29.495368
97.755019 96.577058 25.726162
9.730275 17.794751 26.365702
44.895138 74.398540 28.852511
39.347021 53.804407 29.692265
24.212153 17.339221 29.980344
14.648582 69.979570 31.003283
21.241321 20.439949 31.002294
75.912228 46.975305 27.771899
33.618756 18.175287 27.602111
38.467541 52.774787 25.189159
72.106298 78.365792 27.948518
30.025735 75.858646 26.893094
73.735903 78.746392 30.414086
7.823501 26.626287 28.768002
69.797000 16.820402 26.804247
30.677564 97.370169 30.814630
80.286002 41.179594 27.832612
62.373750 20.221540 28.661490
92.119289 67.848704 25.938325
51.305932 34.528903 28.803650
51.845958 68.796856 26.344203
19.377672 37.913252 25.775208
14.411586 98.810569 30.881893
8.103155 91.069685 28.760793
21.093431 19.786153 30.795196
33.644196 41.351757 28.061710
3.993817 39.443695 26.728680
31.379063 99.262267 27.146305
18.021001 97.238163 28.052469
60.643767 76.256138 27.554213
29.890693 9.484020 27.869446
66.330604 28.553599 27.983432
48.814368 72.802876 30.216552
77.541356 15.684063 31.130110
16.381328 69.214099 26.137006
10.177713 92.054206 27.480883
92.884412 11.514115 26.694337
31.976856 44.722322 28.962087
0.059391 68.340458 29.443342
3.185338 35.685621 26.146193
75.154171 0.506889 29.166389
47.933464 39.414454 26.885609
6.712306 58.327418 27.940105
69.486388 81.420603 28.421614
74.493187 64.755772 27.379528
52.720292 75.365845 30.526802
12.346138 67.547342 29.227296
62.641343 64.216553 28.456717
26.679441 26.786363 29.415778
54.895949 51.716725 28.640302
36.022889 89.161052 30.537243
5.459907 29.364980 29.512986
78.251664 21.076810 27.348538
12.897786 88.406587 31.155678
18.786760 34.176799 30.609303
31.970535 18.622241 29.199566
31.663943 90.300199 27.727380
79.529105 56.155062 29.685207
65.017472 48.279547 29.647742
85.904083 45.673449 30.009108
85.610693 44.954694 25.653361
87.388924 11.470924 25.944653
52.678657 85.659200 26.312394
20.458266 98.802046 28.698207
84.443091 2.453795 28.447414
69.757113 13.473239 29.619404
58.713077 65.068697 29.018483
36.960540 45.613757 29.094243
18.814925 16.166729 29.745967
49.569490 74.470964 26.614343
20.124370 14.320294 29.935792
11.732211 32.456608 25.933379
96.389179 60.079620 25.484252
95.644980 46.780086 29.972340
29.463890 49.149362 30.610684
32.612350 95.395362 27.511634
17.053440 45.155288 29.307009
66.172898 38.228287 25.210414
31.762712 1.440681 30.823524
13.238878 80.968043 25.838298
59.819151 33.607610 30.441841
1.052135 36.706504 28.638402
68.177133 0.979324 25.737110
5.850672 87.594199 29.884496
19.677691 65.312111 26.850742
87.222429 16.767264 26.723379
36.804982 75.534794 28.062356
19.366794 17.084650 29.561215
2.322190 99.323572 27.060469
75.970563 74.867174 30.684089
64.305926 56.135058 26.912738
91.546568 61.845383 30.922048
55.117714 85.647458 30.911784
53.688775 66.458847 27.937733
31.024870 50.121493 30.837388
75.406711 52.915777 27.199839
29.616619 5.646385 26.288963
95.721258 46.129865 28.443941
19.860463 83.901960 30.392037
10.693568 21.978624 26.284290
81.757015 20.593134 26.545162