7.816537 29.810170 31.169901
22.231588 69.350279 25.329264
41.399917 26.532142 25.606110
80.061148 55.379912 27.497354
94.765034 72.374082 25.179196
34.387839 32.474732 29.354973
61.954787 37.986891 25.823644
84.085547 29.753783 29.967902
15.023623 72.950516 27.845038
90.264277 73.756923 30.042840
25.761126 43.861844 28.011137
6.695860 52.765915 29.479165
10.011807 86.329563 26.579987
48.970382 13.930363 28.165468
63.306676 17.444594 29.371348
8.355005 58.456349 26.014217
72.801380 86.478828 31.244821
50.610105 71.129412 30.308297
59.303085 53.695169 26.625756
88.039894 68.079782 27.389657
65.800892 46.596546 28.468169
33.247576 22.327100 30.772120
89.820711 23.297098 30.154487
44.742954 72.543323 28.650199
53.356884 88.083376 28.582221
8.267785 0.232750 27.347592
38.165369 56.534399 30.662724
26.335170 25.370390 30.432444
68.270034 50.049790 26.429809
39.705057 3.412414 28.224133
67.687610 58.788567 25.926193
11.425967 9.418704 26.643211
52.708570 55.600348 25.581543
27.453999 3.910821 27.856067
56.329892 55.464780 30.092381
80.310124 0.270664 26.174361
93.679522 37.691405 25.026892
42.248955 90.483449 28.402968
45.060564 5.480984 28.939863
13.997245 42.377777 27.869672
3.049101 36.246975 26.712871
87.671136 47.265092 29.537763
9.538798 88.522162 26.052703
23.565370 92.600628 27.728488
86.461169 15.311848 29.316914
52.173291 29.003206 26.456722
17.020125 12.150119 28.404173
53.908167 79.374308 30.958393
96.247350 50.617589 26.306998
67.344200 98.425323 28.337086
34.522183 17.399029 25.583902
32.300692 69.273592 27.873646
16.476173 46.350567 29.173574
57.564328 65.086400 28.930594
10.842098 43.257124 26.954478
8.188907 17.631548 29.606562
17.178384 24.397021 28.272477
41.276135 64.323305 25.744096
24.209674 53.884676 29.828249
86.769726 72.891666 27.809339
25.960736 29.686861 26.921040
67.250382 94.436595 26.882816
10.269317 2.817555 25.477302
5.785262 47.472263 30.403912
19.390600 80.537543 29.578712
23.276968 52.473194 28.218208
47.366245 18.071991 25.257188
9.733654 92.732461 28.941485
22.855981 20.821350 26.402254
18.993864 2.406279 27.989312
65.295993 26.342257 26.928004
92.105353 19.254146 29.921664
2.041290 78.776685 26.015917
28.575034 15.948727 30.119442
7.369370 85.875521 26.503123
22.784393 26.700492 27.630239
47.058923 16.737005 26.483020
40.048662 48.929319 29.953561
93.884148 37.786721 29.331174
67.177218 10.417742 28.753746
32.034048 99.682014 31.118344
80.590215 62.646713 28.853764
86.855990 39.160549 28.415660
13.256960 34.480766 30.485930
45.886737 81.512903 27.373191
68.890252 97.417157 28.789581
97.380201 53.006445 25.949990
32.282348 50.033850 25.740040
77.694224 84.171248 29.598360
48.134048 78.562904 29.722060
98.818165 29.720716 29.826697
79.042419 59.444133 27.394110
9.218343 64.416214 27.208516
13.229087 89.016600 28.114319
51.449303 26.867307 28.807401
22.210946 81.003762 25.783610
11.084208 92.428150 28.530179
41.367000 17.268018 28.803300
10.267376 43.578971 27.716266
53.291539 26.428708 25.466937
92.278760 86.212084 25.479595
17.494085 57.358392 30.583962
43.613453 91.414084 25.989119
41.392533 56.304467 29.104083
20.873922 59.654430 27.755836
85.326823 40.333557 30.465069
71.022637 77.858156 29.758057
26.555898 48.701290 29.477265
92.319460 40.555046 28.172687
85.428850 11.500253 29.884122
29.880586 25.941308 28.514741
2.784495 69.106727 25.442921
94.525451 16.157933 28.980636
27.689241 27.823451 25.260747
91.593610 65.523294 28.987828
43.053162 29.305829 28.420143
29.731852 34.204910 28.580437
73.534080 40.931842 25.018629
83.690372 67.313090 25.159843
68.464424 87.205268 26.057056
94.575206 86.436642 31.212210
51.921762 4.469147 30.636078
12.780147 44.214431 26.375789
18.646367 29.433407 30.736418
20.355301 17.613348 29.527793
23.917217 41.733386 25.369812
57.900653 52.899534 25.023299
44.882390 87.291377 25.391438
93.410826 14.624793 27.067432
24.544573 95.949770 27.948058
52.832512 55.577221 27.907036
34.591334 75.205033 28.430686
44.411328 33.888844 29.051389
91.807295 56.321368 28.631673
96.708337 83.989029 29.945074
84.449896 88.794030 29.965403
52.201745 54.311016 26.457635
33.441074 38.290062 26.148313
98.273389 86.937573 25.583068
66.533699 41.937390 29.091253
69.770599 49.066545 31.202764
41.008162 32.238035 27.107730
86.639199 41.437307 28.407779
51.879694 98.241558 31.191041
66.845333 17.205957 29.756893
2.267759 29.845423 29.927449
83.269030 83.092468 27.296900
4.982382 94.632797 29.029721
53.671584 91.081437 27.566920
91.917094 17.529463 29.717797
32.765251 78.708888 29.698255
69.151149 19.921649 28.156097
0.722477 82.288620 29.009323
66.248734 78.118685 26.233696
9.795754 25.770926 29.596234
98.238368 69.320833 26.942077
60.067476 29.559487 30.958014
59.453851 48.834936 25.275549
32.633187 48.527443 30.959945
97.481628 97.652899 28.205358
99.643841 27.992101 30.456176
98.833527 69.348424 27.535467
0.905575 66.182225 29.271599
96.093973 79.591154 28.255093
42.842277 75.288940 25.021267
45.368658 61.046512 29.613063
68.979061 35.473950 29.326726
98.060102 24.857047 25.762804
86.690217 74.638642 26.608897
84.851382 71.591879 30.004677
49.845725 58.577052 28.017495
32.942888 67.246586 29.085561
58.734648 81.303262 27.297501
39.612543 59.386820 25.929174
91.853852 1.507418 27.842567
95.828455 79.263402 26.651736
92.888827 99.694400 26.617457
89.624902 27.302138 27.730785
41.170258 74.738211 29.809399
43.736323 54.130852 26.816029
2.956699 68.613717 26.005598
28.979061 5.909027 28.057181
59.661180 18.740113 31.025856
45.714607 50.500443 30.955680
49.671966 94.939503 29.920199
13.206289 59.192927 25.603175
91.822440 30.566518 25.601083
90.785148 84.552204 25.125877
58.698136 50.849963 30.862093
41.942679 89.282488 30.267859
76.702498 24.652566 29.959577
44.128079 33.366393 25.195741
32.606354 15.633932 28.828661
32.738797 97.788051 31.054053
69.569545 23.957915 26.086638
1.860560 17.018180 25.605709
76.106336 39.179657 29.987774
88.045160 3.324200 25.930103
76.836459 44.294261 25.460469
18.981618 35.268898 29.736761
93.747811 23.737569 29.173176
4.211530 3.367289 27.941608
3.725085 34.632026 26.997569
48.743350 2.081106 26.015668
9.768450 92.791155 25.067102
71.961329 89.113301 28.888429
2.960890 44.876195 27.796431
98.032982 0.351561 29.551330
17.310579 95.324899 27.269371
44.670690 44.196728 29.653192
22.981542 42.096081 29.452656
41.330855 8.022024 29.533216
92.759821 23.233026 26.521223
55.261273 93.602755 26.854885
57.185255 33.965397 26.224102
94.970940 84.738818 27.384718
91.953288 88.860236 29.488431
3.430963 39.872985 25.146348
23.256307 3.373794 29.125237
33.710593 74.712938 26.369805
45.887674 94.530863 29.460893
78.412033 2.317414 26.699055
69.293897 8.374141 28.621471
89.700605 90.281780 30.234421
83.081474 11.171631 27.439886
45.572090 6.681805 31.049258
31.237263 6.289160 27.471681
97.440784 22.278535 30.376010
75.478777 9.071213 28.686916
31.031632 10.120626 30.805315
29.372059 57.308566 25.269763
14.904203 14.726945 28.869883
51.081453 73.335434 29.241025
33.245149 45.121116 25.730244
81.046053 33.695694 27.141066
30.457114 1.618163 25.145568
86.172819 93.527611 29.330898
12.550915 46.426922 25.750593
59.575352 19.474665 29.837358
35.303961 55.688312 28.950846
29.157587 24.520385 29.838513
69.529025 82.514550 28.497489
58.080438 23.147458 30.534385
92.148499 13.507572 25.482779
84.033034 19.935044 28.668159
50.382165 72.150249 30.888856
77.428832 26.153000 26.899930
69.534463 10.729507 26.889251
16.450375 47.006563 26.308465
48.026878 37.965656 30.254222
69.059752 20.098095 30.579739
24.895622 62.458964 27.749312
64.104114 84.012588 26.589724
67.427670 88.768781 28.608080
80.844925 91.414094 29.622792
78.404756 2.902451 28.281229
96.190740 90.983837 25.280150
33.660995 32.543175 25.568791
38.896102 27.439414 30.658446
14.008010 58.123938 28.737838
91.719241 72.302759 31.206195
29.691416 70.929716 27.251640
89.280787 85.969446 28.891827
79.362723 70.976757 26.729920
72.418575 68.624449 29.974413
35.737812 5.705574 30.896656
35.579924 5.289719 29.639861
61.779177 42.859549 29.842612
56.067684 11.266685 30.850844
76.995581 18.714609 26.684464
90.207675 91.265476 30.597675
1.659805 4.836696 28.967704
53.411695 22.551225 30.811475
74.470176 69.663057 25.486615
96.658168 80.029304 26.939301
8.841044 11.830367 30.623546
48.072043 78.442799 29.743728
78.754993 55.191871 30.452414
40.696071 63.554897 29.293776
49.147052 8.407305 27.188581
27.381113 41.731143 30.031032
68.930904 32.550234 29.338310
91.786164 60.365382 29.414665
75.153536 33.851628 28.193991
45.262372 14.239773 30.890037
78.969156 72.096425 26.368500
15.802731 21.667450 30.306351
74.799626 92.631718 26.028262
60.370554 21.300866 30.364511
5.968063 94.116186 27.845446
79.335250 44.847262 29.350805
16.510407 0.535203 26.569316
10.355440 69.994185 25.797932
9.502332 48.019230 28.097232
74.771331 29.855777 28.268462
58.975231 44.695675 27.028234
96.567858 48.339324 27.677820
50.293281 97.124106 26.029426
42.774409 77.819413 26.660848
71.284920 42.344362 29.178124
22.325662 44.118881 26.527108
10.142197 96.283856 30.920551
48.447596 94.122712 25.560423
17.246373 24.282082 26.283668
49.795594 97.880549 28.166568
22.009074 16.168309 30.479312
16.871466 98.316200 28.808402
84.674112 9.639839 26.858901
43.682122 73.135484 27.258276
5.660364 50.745451 31.101289
1.837717 76.438033 27.295859
55.401464 29.717616 30.830344
21.481643 46.565220 27.127289
64.361938 68.443557 27.088568
74.433539 3.495009 30.018388
33.956731 41.784174 26.578636
97.643002 34.044287 25.108966
24.663059 90.737849 29.355309
21.031715 18.709126 25.278654
54.528832 93.012989 28.125331
60.066299 10.778636 28.590725
42.461043 59.789892 27.030611
92.228441 8.581769 25.284614
33.467923 38.816465 29.071621
17.084174 44.753742 30.670744
10.282443 67.943987 28.795238
21.910400 46.148879 26.220678
73.831166 73.968695 30.078003
13.794877 96.549492 27.357421
82.071195 95.747022 28.350917
25.850039 84.675846 27.976455
91.392581 70.194402 27.471967
62.011715 30.530563 28.007079
51.587069 37.903233 26.754074
60.961620 92.761342 26.581242
86.071532 70.238384 26.639900
82.986266 5.895524 25.252622
49.005370 94.480100 29.099735
18.009742 80.793539 25.285312
11.638847 33.886023 31.045861
41.084800 65.965525 30.292476
9.701563 4.638128 25.417259
55.042824 47.953032 27.370561
67.550311 82.319097 26.499777
79.962569 0.557541 28.330560
94.259800 51.484937 26.195518
16.263338 30.552899 30.384907
13.976297 90.020131 30.720141
50.616130 32.439702 29.739714
2.866243 43.738187 27.468002
63.830355 48.389438 25.255846
44.943701 80.363267 28.588714
42.824150 38.829578 25.308145
17.785591 50.168966 28.314199
26.415882 72.691661 26.449046
33.381904 71.443374 25.945897
47.663090 88.716390 29.253285
71.450752 48.115068 25.074183
17.393596 55.912297 27.240740
47.471834 21.125904 25.348036
85.402498 84.373001 30.806710
82.771662 47.834077 30.812616
51.742978 90.114956 30.162062
28.801296 94.249566 27.843325
32.881777 24.276016 28.664293
82.465985 91.064191 25.590646
46.187939 61.841289 28.241979
92.478589 87.664789 26.993933
56.299367 3.043255 28.052480
94.506526 72.472629 28.301859
86.567654 29.946250 29.765112
39.036432 40.975363 31.200668
50.787754 37.131774 25.763602
92.251009 71.142776 25.304473
17.688786 19.285353 27.309943
45.675341 2.869804 29.193915
24.801207 63.376046 29.286785
8.078713 92.164018 27.072902
3.476295 47.340083 25.100261
64.025583 34.890634 28.087125
15.149528 47.085428 25.112609
18.515348 86.732271 31.010780
83.557046 11.330843 28.426395
99.763836 36.979089 30.276954
61.051884 64.132828 28.345156
12.617991 17.606507 28.303285
79.348361 81.439895 25.681666
21.207681 18.120481 30.811942
31.895495 39.110394 28.460342
74.391949 23.257617 29.200408
99.285444 3.301264 29.935706
8.809686 6.289722 26.177302
78.925814 28.629359 30.561586
25.130308 92.220757 29.023132
35.889659 52.135280 25.980187
95.419222 92.185224 28.280239
59.050811 81.245662 25.605335
12.485130 11.072466 30.125110
63.150421 59.482525 25.462862
90.173488 52.739067 30.013497