16.016607 81.623838 29.127635
12.157750 66.446601 26.192189
0.945699 55.144383 29.259170
27.036821 80.257688 25.210093
52.051208 41.901210 28.884007
38.312844 31.482685 29.132164
7.657427 20.796007 26.259343
53.592351 18.617488 28.700224
20.725564 90.865469 27.039312
16.849272 76.317088 29.501525
25.324420 24.954986 28.705783
94.570363 37.387909 31.024443
64.063254 27.540973 26.045730
62.015314 8.992162 30.853475
25.675401 92.326912 28.247722
37.797812 63.049245 30.013936
87.107414 50.837705 30.707854
64.398007 16.794800 28.180373
26.301749 58.012533 29.630897
1.848805 78.620731 28.905958
83.260954 78.476783 26.990986
26.862916 40.863235 29.230767
56.000645 35.067591 28.509356
51.830110 65.099566 28.692127
97.366318 70.581867 30.980843
53.043455 20.549428 27.040100
19.767589 93.379662 25.130473
30.607090 32.042753 26.022653
97.931935 99.216309 28.088556
22.618612 89.293526 25.570442
96.794482 73.262816 29.608486
1.676077 48.802446 26.815548
34.774521 36.292084 25.799832
2.359895 76.010772 27.181473
94.882585 94.484432 25.363193
35.503303 36.237750 30.159622
85.447729 80.706886 29.178094
29.502128 87.252137 29.943896
65.064688 67.577943 28.365618
99.308606 11.846349 30.900001
44.854054 74.721993 29.440547
12.787091 91.543105 29.458986
74.204177 96.874184 26.464913
84.229441 85.713204 26.779520
19.042083 15.234150 26.449748
5.915662 9.625322 26.317137
32.682133 38.942143 27.877980
92.150563 27.168835 26.936639
75.491269 65.608354 30.253182
92.851008 30.353943 28.161405
31.356839 35.447336 25.560333
89.397154 95.038934 26.794406
19.497055 73.061089 26.926097
74.203132 13.434943 27.016497
50.525922 44.113105 28.146612
86.581102 28.437636 29.724568
26.161833 85.984473 28.922979
32.756396 90.738169 30.289907
99.269965 72.492918 26.173810
81.381147 35.514578 25.789849
60.606670 46.818925 25.537609
31.024406 24.312568 29.100249
66.592459 83.864502 30.019638
26.587752 1.027427 25.521207
14.389580 42.153216 29.207639
5.222391 27.070563 27.678597
77.594408 25.401930 28.213575
19.824317 69.227843 29.058480
39.044003 39.805344 26.565707
34.981706 4.746530 26.056234
84.442184 66.449225 29.109886
2.192988 85.486878 28.096120
4.714739 27.537118 27.336987
53.611675 81.202580 26.913674
17.458282 24.359964 27.196621
83.893235 27.759893 29.358782
56.236791 46.333858 27.968649
30.941953 6.843601 27.638353
65.107581 61.573940 25.248739
62.779854 73.329897 31.197293
82.902778 23.344787 29.685458
26.126144 99.810862 28.593733
75.001166 26.738241 26.423665
27.889818 65.292170 28.520211
71.329744 27.444322 25.893105
33.666521 31.174060 29.517816
22.795785 91.401266 30.495697
41.734396 38.827685 27.033789
3.699764 53.661523 26.919226
25.141952 9.429427 25.963860
85.212902 88.849803 25.973134
85.049794 22.361323 26.870335
76.431527 42.718214 29.876990
16.050899 34.838844 26.340236
87.772828 38.871913 28.694783
27.754482 51.717666 27.621727
89.566223 98.891186 31.243448
34.917781 72.748288 28.498691
58.880162 72.234017 29.538095
97.318155 16.507178 28.574863
85.971384 36.407120 30.688656
74.723606 35.805798 28.146129
0.804725 58.891068 28.025274
34.809950 37.438522 29.895315
77.765707 95.876528 29.418381
75.722368 19.920842 29.235237
70.968189 92.733185 28.219801
82.936042 32.400256 25.865720
34.552284 9.284521 29.154779
28.276017 41.724462 29.161529
58.979935 24.507548 30.677538
71.933852 33.476817 30.332878
54.471103 10.336695 27.982033
18.032374 23.368650 27.102432
44.504096 62.046542 30.595331
10.853405 32.579384 25.641770
42.449862 71.754066 29.999230
31.536823 31.688622 25.179011
43.622383 32.597605 27.072336
7.292494 58.591911 28.074557
28.635672 70.653212 27.365587
54.367974 48.744712 31.248439
76.302784 60.486899 30.686429
26.671511 58.921751 29.355919
82.628801 11.865402 26.730903
82.234687 12.002482 29.617548
44.954987 42.104098 26.316369
25.848732 86.693575 25.266977
68.434516 87.036115 25.667803
65.064877 57.165048 27.406077
35.685713 51.112728 29.734445
24.850235 21.513379 29.223027
66.623515 97.539412 27.888868
58.678733 29.019275 29.340796
15.072966 58.695369 25.328347
61.236816 31.545289 27.451497
43.361222 21.479038 26.736908
18.941187 62.052653 28.759559
0.485030 65.888124 25.919602
20.333124 96.296751 27.694399
18.245838 1.341972 27.658942
47.902217 73.115619 31.070470
56.701788 3.132476 28.236019
19.060399 27.756074 29.565684
76.547535 38.557329 31.089700
66.954580 91.179675 30.207962
91.202547 62.434505 25.326834
41.227518 51.295024 25.567792
97.370292 56.760418 31.093311
36.014696 32.206780 25.882463
69.342062 79.024992 27.116155
91.332581 11.813073 29.283726
63.512427 25.790231 31.222280
49.618539 45.123818 31.144624
82.771217 63.768316 29.823219
97.585778 72.665535 25.777309
51.905050 17.923174 25.822029
61.181010 61.995706 27.334176
92.151212 15.781410 26.572250
39.936257 57.170282 31.190516
35.919956 97.695031 26.725184
62.178568 5.060646 29.223474
58.891872 69.613893 28.210442
12.269574 62.385252 30.061212
51.926626 26.781029 29.831655
91.061750 17.880038 29.801769
97.211164 80.513775 25.093496
6.467280 57.137025 28.419822
97.593897 13.404222 26.321843
56.162718 41.911007 28.849533
33.784815 86.163088 29.313897
55.904510 72.652954 26.020732
56.020297 74.332750 25.174737
80.585544 4.327830 28.536646
64.041418 49.456235 29.777691
26.288862 84.194451 29.699041
18.647721 55.211485 25.204201
83.716564 51.965428 26.653868
17.648224 31.216184 29.097760
86.265054 84.019836 26.346853
13.285777 71.254860 27.689429
67.220661 98.667462 31.169632
20.506307 0.577583 30.454979
74.483357 66.151014 25.727597
16.580527 30.630030 27.813414
91.166427 41.355364 26.352065
4.598892 61.595451 26.486138
33.207113 67.480368 26.396832
99.633131 24.434128 30.531796
23.960290 24.082132 29.155056
66.889888 47.758886 27.115800
12.594834 17.304490 29.165071
40.611961 57.217575 28.818126
95.442406 4.061247 29.600368
51.096279 69.271734 27.456536
67.813147 16.028550 28.456299
39.914445 41.856675 26.420321
18.221129 71.403643 25.400700
98.435885 61.360346 28.387406
90.709938 29.963397 29.757000
43.039219 46.158601 27.018004
6.514195 13.006521 26.565163
92.689982 70.496298 25.840346
69.305576 1.064554 27.216012
25.979850 62.773759 27.866879
19.776838 43.732505 27.596339
38.763042 30.321001 26.352900
70.077184 93.253437 26.473825
98.222152 7.047914 27.948422
82.538563 35.650133 30.750010
99.737199 54.803440 26.011584
7.819994 43.064840 29.291570
98.031571 32.928692 29.697851
38.244139 43.613973 30.995247
5.216417 40.785538 30.530905
31.831603 16.343198 27.622861
34.929711 72.679977 25.258370
49.769534 25.935335 26.396424
11.754067 98.566338 28.578947
53.991631 36.600099 29.785675
69.656826 8.162413 27.176632
18.116190 4.581237 31.170391
0.961950 28.469753 28.093563
55.840077 38.541510 30.992950
79.391418 49.079604 28.306869
97.114596 31.460852 30.921133
57.463522 99.620568 25.921627
46.688327 97.001756 28.427238
57.681599 96.636269 27.265022
68.462948 46.058731 28.752360
35.553185 59.458262 25.584264
40.429834 9.033771 29.917840
78.849401 49.568803 27.396257
80.296127 45.854801 25.691358
33.894354 59.907532 26.287775
47.425166 91.084696 26.068590
31.158545 49.924799 25.146603
69.170756 15.137556 29.711387
61.225559 10.398554 31.053626
16.769363 95.602385 25.591109
80.502432 32.943505 28.610262
34.068758 69.046282 30.089389
87.072561 9.680420 25.403947
37.658835 25.946297 27.847633
32.808842 30.920195 27.043731
43.834600 93.607140 27.724584
41.575282 89.044072 25.363956
25.734841 8.655638 28.791858
6.549310 33.048118 25.314301
13.899565 79.382779 29.925053
91.567011 33.747843 27.381447
5.905935 5.630938 29.796219
45.297523 43.373111 27.148167
36.168980 5.459689 30.844324
65.204832 63.108465 30.993064
38.375496 43.102433 30.597342
96.370484 43.076500 28.790293
5.940160 34.349109 28.173772
59.584562 70.211681 28.656280
19.077146 32.757625 30.454990
87.332724 82.458649 25.775077
39.435643 60.885176 28.876009
35.181738 38.735040 28.690917
81.749741 50.494140 28.573404
22.036835 58.272627 30.964152
47.295660 98.631709 31.168727
27.345625 89.244656 28.754824
83.136661 36.447529 26.935882
17.864211 37.835496 25.422956
25.251081 13.839164 27.438095
71.946205 46.088796 26.251851
3.527057 49.147118 26.260266
20.855730 5.562454 31.147328
72.541387 64.722622 29.921052
99.739974 72.937312 26.998353
68.118182 93.959517 26.712233
44.616988 34.696090 26.500020
37.802661 21.354964 25.151704
5.461510 61.622682 26.866283
28.140702 70.998260 25.762370
68.376692 56.088015 26.981023
46.292816 21.641957 29.995635
11.383468 45.814716 25.319474
60.189694 81.290508 29.063042
7.908067 54.133584 30.465187
5.004412 85.135200 29.214641
52.959720 71.621506 29.907990
18.982982 74.054853 25.837615
77.034916 1.546185 28.716977
0.706190 53.877605 29.170559
22.170450 16.565106 27.099181
78.241204 86.919588 28.953490
23.349449 81.732376 26.032502
25.160476 5.002490 28.351147
81.820486 33.056986 25.662976
32.266533 63.543832 26.671129
92.134560 81.920847 27.022000
53.543144 39.254611 25.512048
55.013486 73.156350 27.905416
86.582364 82.741321 29.096690
39.753197 62.828682 25.480672
21.841898 61.538741 25.125225
71.097592 45.243199 30.088530
8.507229 16.529393 28.924417
76.806434 47.250318 26.150837
12.178064 87.712624 28.827735
25.768566 63.844737 30.683561
43.360557 27.077342 28.005491
85.368673 99.667037 27.854071
68.772797 10.725567 25.571851
31.704033 46.447853 31.201219
92.096923 21.819120 30.277072
80.409620 14.099467 25.402459
29.161910 55.119806 28.110061
0.433954 10.063142 26.747659
82.691728 78.675786 27.974844
47.759880 62.731662 30.651694
84.573106 96.441639 28.700977
51.226862 11.785451 30.283983
28.846182 42.170848 27.346072
70.064092 73.030620 30.173394
68.438449 92.507633 30.888190
21.823114 17.313147 28.356318
85.684095 96.250976 27.076945
6.662058 48.169849 29.780978
83.066994 88.987164 31.039930
44.691411 60.054624 26.295381
80.376439 4.633609 25.623347
7.047721 60.380135 31.075132
65.069093 54.475432 29.997813
52.347524 92.118798 25.195219
8.748061 36.824880 26.954944
15.575053 31.871487 29.446851
33.364834 88.939141 27.734692
24.508404 76.024554 26.293892
11.202191 43.370937 25.945447
75.767448 24.602249 26.574873
18.810121 81.079604 30.720613
36.505014 40.540174 28.996481
44.767248 18.866529 28.005775
37.919841 25.236423 27.632149
60.971560 69.443811 29.642274
17.629463 8.428049 26.780567
30.484674 37.745694 25.228971
92.378718 89.677919 25.002861
31.690296 23.344361 28.310520
77.696046 60.943698 27.331092
56.781733 77.593753 26.647919
27.306665 12.282953 25.001843
16.303447 68.082033 28.407562
16.000270 74.227106 28.865208
96.904925 80.870070 31.229235
30.783541 90.460078 26.214077
85.225203 91.816355 28.320797
25.040341 61.308435 27.780722
44.551301 97.407186 27.920846
6.494997 89.985820 30.809831
40.906994 65.881422 29.612841
5.792271 35.636031 26.087895
80.530076 30.051244 25.061851
31.839708 77.681968 30.433703
86.139148 82.775497 27.071904
16.775374 73.656918 29.113094
14.055626 81.787525 27.909872
25.995637 6.422537 25.384518
78.719481 28.741005 30.737024
53.247177 46.979919 26.515549
27.036931 40.328799 25.632877
88.233768 91.080654 27.146715
74.389216 75.151093 25.620332
77.665121 93.672634 28.751062
73.175339 53.370428 30.265711
6.023860 48.487638 29.436767
85.866153 58.572844 27.308156
62.070627 81.797913 25.432964
28.823743 79.478283 31.014211
70.948901 4.284006 28.425671
82.178462 71.052042 30.613646
2.926509 46.033774 25.732038
36.722651 31.371480 29.882966
69.675643 66.228121 28.155359
9.657225 80.575044 26.137442
53.313790 92.726663 26.677199
88.120250 86.360131 26.193618
86.099289 88.445651 27.303912
70.963591 21.556954 29.354460
1.378882 18.644739 26.385512
54.836346 14.278494 30.368215
28.937919 28.496913 30.234655
81.581103 0.167555 25.080370
97.372387 21.566619 27.124729
54.084517 43.484315 29.728009
45.142459 61.418911 25.670197
30.579365 22.685479 29.582635
77.088332 59.499497 26.006175
34.672010 68.446467 27.287426
60.067912 31.175752 29.202355
7.696037 27.667513 28.650709
47.084512 90.302956 25.853189
92.206951 85.676998 28.622221