98.818131 4.701927 26.140572
44.605980 23.288029 29.667363
53.787243 10.557831 29.486773
29.992962 35.816235 28.283000
6.096203 29.169362 26.044754
78.079331 83.362328 25.151732
91.199361 37.307135 28.589411
91.616260 60.128280 25.621066
35.933490 77.268659 27.747629
6.261837 11.427967 25.441859
54.921644 98.896404 25.688053
99.938937 5.200956 29.628020
33.097344 71.951890 30.595396
61.834281 70.636716 27.356892
21.818709 20.803557 28.748724
93.447654 43.865247 26.528010
2.702483 24.761336 30.062554
36.497279 72.658363 27.343050
61.892945 17.213627 29.265212
87.155129 39.418116 26.245346
76.119778 72.335949 25.442500
12.055562 49.127471 28.315352
47.863184 50.153141 26.548108
5.391015 64.119845 29.037904
76.403845 13.233910 29.690817
41.459313 52.094834 25.470875
57.921544 37.270941 25.407624
28.089227 91.834657 29.423581
56.786114 29.060477 27.824762
2.356171 0.777524 27.430795
31.734604 22.043122 26.525109
0.056136 17.301718 26.410903
18.501479 70.599530 25.476475
86.673143 67.104879 29.104021
56.379290 76.298228 25.682341
6.354073 45.985954 27.399749
43.184565 70.516379 30.080495
22.699047 80.170624 25.851193
60.579241 32.180137 27.238383
74.011748 38.732357 28.785116
0.321601 61.412870 31.141063
25.296920 86.342951 27.540103
93.341818 86.692228 26.948130
10.055758 38.708927 29.429828
38.128850 59.692701 25.263065
87.677436 95.986255 30.118456
72.833868 12.953285 31.036669
30.780636 17.255050 30.608957
68.724721 61.884681 30.621711
42.293728 45.777159 27.217657
68.514936 1.277972 28.609622
42.063837 45.253019 25.644541
3.393794 38.871088 27.968750
55.849915 17.514331 29.198795
75.736377 44.952278 28.928644
6.543140 3.144278 30.622710
78.663433 3.032188 28.618601
22.459703 20.417982 25.610621
49.619100 28.522639 26.255604
0.561532 4.908492 28.025646
87.010893 16.155308 30.474248
29.842930 46.234312 26.169974
84.259133 29.794555 28.013341
35.455883 96.447545 26.698040
16.708637 51.453402 25.192474
22.393447 81.581698 28.288956
75.836595 41.645785 31.155252
60.608939 63.647085 26.255644
96.386325 40.098900 25.418083
6.514857 68.624284 25.327043
57.036841 55.872387 26.934063
56.232407 17.045675 25.282457
14.347613 80.829180 27.270517
81.308309 45.091287 26.501386
86.472404 88.982959 25.072653
90.131247 40.367464 26.465153
66.734862 27.974236 27.280469
12.890109 35.599842 25.300355
94.754176 42.875293 25.816365
90.802401 20.549780 25.227713
12.869739 77.247787 29.732147
4.847666 30.062089 28.520384
76.291187 77.435535 29.179260
57.546170 90.807049 27.017091
93.837779 99.996221 29.320755
79.823604 10.827604 28.522765
78.232883 31.111115 27.742860
71.117492 67.767936 30.300299
44.964321 87.995983 25.499888
60.869114 62.736427 28.597563
29.678579 15.180690 29.615091
28.887339 99.423291 30.197598
87.740696 50.636406 28.786444
78.876814 61.264976 25.523765
37.858886 96.193486 30.905482
40.383006 91.904390 27.258547
92.544678 57.074084 25.831840
57.229637 26.843813 30.251087
74.558299 17.696043 26.224778
17.210891 61.922688 30.423812
37.986365 86.703096 26.569691
89.629521 94.399852 27.602966
60.836525 91.393223 26.477053
18.656353 70.771300 28.295299
8.739319 45.097134 31.129976
53.897459 89.649722 27.903263
45.813953 29.834490 25.981870
89.515981 75.010192 26.248509
23.952190 24.004740 26.774841
56.024540 2.947000 27.333982
38.545552 43.151068 26.974030
61.053068 71.909649 27.916369
54.076571 84.385309 29.988555
70.462713 98.593490 29.066353
8.895341 55.220086 26.559108
28.613418 25.073125 30.920571
74.773507 88.460666 26.544546
33.325674 8.405117 26.389827
17.004313 26.520903 28.352372
96.567246 99.721579 25.533636
19.727689 45.991615 26.879091
19.435330 59.015359 26.370453
36.619045 83.863913 27.212209
94.971416 53.806417 29.520319
10.785131 32.580085 26.865323
5.332360 79.527536 26.955671
51.767093 81.943187 26.475805
2.206427 91.198971 30.454700
76.585364 36.647957 27.763916
29.750960 87.826366 30.233532
39.392582 51.207981 25.281986
96.094995 73.607487 28.255300
70.144624 27.213877 29.229691
20.273064 67.191359 30.514213
62.008895 5.845273 27.392441
23.306116 4.392080 25.844390
37.451000 31.273173 28.253036
71.806592 86.442964 31.133674
99.818876 50.557731 30.863355
63.093904 40.349806 25.389622
32.300107 13.808797 25.251427
77.400901 9.942793 27.887664
85.867661 2.281490 30.444368
16.326247 22.285678 25.586563
19.120799 13.577958 25.230335
78.964615 76.397307 26.520524
54.522166 96.426033 29.760488
15.929277 38.157215 28.136611
48.520207 79.539111 25.850359
84.286702 28.436667 28.050873
86.161231 24.653801 29.151703
96.380297 15.286220 26.343695
87.566925 50.263742 25.154859
58.239353 17.648378 27.416905
20.105842 53.222082 26.719351
62.438241 27.107124 28.603882
8.524931 96.415532 27.150750
13.557900 62.646584 25.059114
59.049926 65.942621 27.361526
25.829898 56.174564 30.705433
62.111466 10.868536 26.589516
13.070899 29.164581 26.475803
20.084204 54.000323 28.411795
23.161831 32.166374 25.918669
69.028947 62.641520 30.171795
76.453546 59.315333 27.812775
81.808889 32.540685 25.894222
34.734458 20.056220 27.745641
16.319904 29.308037 27.223313
44.782290 35.269370 27.269489
21.210980 30.923999 27.899355
92.994063 76.863559 28.250919
95.282729 56.068358 30.349996
78.528438 82.027019 27.512513
99.487532 54.266546 30.584823
6.221721 31.525693 26.427140
47.872742 70.024498 30.417230
11.252661 67.168067 27.429885
49.184305 64.096226 27.282591
88.046009 11.596199 25.616765
72.031116 29.042193 30.095493
22.711381 9.001339 26.727188
44.808849 72.814895 29.738423
85.772457 8.043522 29.558719
99.708390 30.040057 25.037024
38.724120 3.593724 30.614765
6.005489 56.829363 29.561364
44.383826 71.680511 28.831701
91.979894 57.250507 27.308623
54.223170 87.138865 29.185212
96.979293 53.650002 29.436805
72.318481 70.833240 30.864431
54.562933 41.564536 26.225757
92.805950 97.111095 25.913475
75.771604 63.960170 29.052907
35.169438 53.032715 27.693477
30.677690 65.251932 27.560142
71.515292 96.508878 30.587199
35.964885 35.263732 27.416060
24.118426 22.533287 27.699814
33.185506 29.376579 28.119527
48.346163 90.271297 30.349617
46.417613 10.596492 27.922306
68.850905 82.190436 26.525891
0.674312 20.688004 29.940529
16.283713 75.758276 28.285360
86.668853 43.179152 30.341339
49.357012 72.762761 31.037853
16.389385 1.110520 28.433387
81.447224 81.237807 28.497309
64.702941 16.893487 26.589099
88.977260 50.122992 31.163959
66.296154 49.606998 30.279844
45.288466 53.306050 28.343375
14.910232 29.000294 30.189853
14.894125 40.484945 28.718426
46.623680 70.767572 28.616764
20.467178 71.692569 29.928293
31.936748 88.944996 28.508666
23.550762 34.402883 25.641751
80.484938 29.782128 28.901123
89.465154 95.717680 25.856386
19.437841 60.011863 26.178726
18.833589 72.148874 28.708373
30.430015 73.300057 27.187962
90.155610 50.200898 27.959817
95.006428 5.657985 28.529423
70.048672 41.709499 28.749960
56.066982 59.175258 26.720876
40.107417 9.915789 25.843419
8.810685 66.719858 26.191470
86.738447 82.967572 27.455256
45.825063 21.046070 25.768292
63.832033 88.789707 26.736793
89.521434 10.510142 26.371749
53.028028 92.153508 26.598853
89.359909 41.241652 27.352824
17.297639 50.811287 27.303799
66.016757 59.830724 26.971287
86.359026 17.055386 28.829174
7.334166 77.270789 29.492577
43.063595 20.869749 27.369318
44.095518 39.366141 25.626974
37.489455 23.468989 28.314697
34.806719 43.808299 28.347891
59.769752 71.427065 30.490848
24.432732 75.895343 29.123717
20.929128 91.776267 25.107141
67.932516 93.690853 30.663810
55.036931 8.983512 25.729952
62.454824 75.344038 26.601097
25.886374 92.246273 26.562333
98.376599 86.975669 29.760970
79.204525 80.009073 25.015924
73.137364 57.127762 30.743128
81.250159 21.201466 29.822691
23.225360 44.386827 28.451534
74.425308 39.841930 28.647197
79.594828 50.187484 26.538620
46.406892 23.091181 30.217811
38.577593 8.521063 27.363498
47.476573 82.491893 26.147316
26.972083 94.664632 30.365945
85.540717 41.710952 29.543526
89.705959 57.251629 27.272060
85.058678 35.173802 25.049802
97.636620 1.025402 30.716722
89.683386 86.571199 26.991912
90.715353 52.249804 27.324871
28.876899 94.819773 27.018881
37.455092 79.075698 27.286979
72.282394 0.753995 30.062249
32.689672 12.767118 26.297476
97.718135 71.563425 29.315977
85.830614 80.984895 27.072233
88.477948 33.788771 27.845580
92.097117 29.594030 29.095265
54.391593 93.581949 30.123232
36.982205 70.101834 28.407734
27.858169 30.524748 25.076558
9.828241 34.888584 30.120331
45.522460 92.222950 27.230292
48.534457 54.852496 28.454705
97.553330 60.517319 30.671297
63.604189 24.917267 28.027516
27.005439 89.654096 30.221078
85.162495 68.594529 26.671944
18.096257 21.499636 26.379527
22.249439 15.327919 30.688643
15.658661 51.178717 27.402076
43.680784 71.692519 26.990492
27.284571 93.711780 30.834921
0.048300 38.208987 29.062836
97.791096 30.506787 30.373012
13.210572 88.511183 27.586678
24.775480 61.934099 31.153907
51.256100 90.282211 25.177102
88.600500 86.382256 27.211884
9.348777 40.019978 26.389766
82.896029 67.515385 27.030418
49.821574 61.946356 27.032683
9.331835 15.241221 31.090586
79.448583 50.252113 26.528874
19.096956 76.857073 30.201155
61.488861 66.436402 28.740899
92.057070 64.182648 25.081112
83.615519 71.323291 28.165430
64.213631 55.637977 25.802208
61.858393 47.299865 29.196696
6.284692 25.922147 26.615035
60.836578 61.014093 30.823001
2.065922 81.640591 30.797696
25.624600 56.843671 29.805453
51.927198 84.766047 30.337392
87.887064 49.313144 29.584940
17.058261 42.831168 26.950107
56.258098 69.610057 29.504132
55.550425 95.821181 30.978108
94.474192 9.426179 29.025659
45.740965 77.970178 31.218023
66.773455 63.269961 26.990015
77.491731 23.828709 26.034911
94.506590 25.161255 28.315944
81.270375 14.920488 30.118266
70.700237 86.034211 27.415819
12.882124 92.613845 26.405446
47.801498 53.919259 29.423582
35.246706 45.024290 26.038723
95.231269 33.408932 26.993990
3.785717 1.454095 29.564322
79.211948 19.245930 25.966189
76.773524 1.695297 28.647312
27.008022 26.633848 30.069489
89.149349 90.430203 28.782092
40.474263 32.477949 28.725319
56.980432 0.815422 26.144036
55.766804 57.116706 25.720650
43.665980 21.907888 28.152261
70.546497 97.714146 28.750760
79.877525 17.761890 29.142079
24.915284 58.380152 26.403107
87.991365 87.783762 28.468723
5.075677 57.249619 26.100887
39.902043 62.350091 31.102949
8.903229 60.389887 30.148639
8.183580 78.214904 27.896981
54.512685 69.443026 29.456966
13.807747 97.933212 29.198526
13.950931 5.996055 27.145331
88.710190 54.123338 29.468958
1.625422 5.985218 27.247260
36.222266 74.693686 29.828795
2.352058 5.472733 30.979140
24.652907 2.014094 31.068035
63.190560 27.689839 28.934145
16.099256 37.005826 26.175052
37.155370 54.330302 27.989203
15.850133 94.080747 30.511573
0.408980 74.755639 25.474769
35.397287 57.775347 26.030206
71.579139 65.168867 28.176963
45.145103 82.923060 27.003291
2.895366 45.599585 30.702402
61.159285 20.008799 31.181404
28.655962 55.140197 30.353821
56.637952 21.243111 27.996783
52.184602 5.033201 30.254050
27.139531 90.834653 27.143948
48.633688 70.088060 29.962354
82.569241 9.309403 26.097600
53.228035 62.480441 28.515403
96.991910 22.854979 26.475611
77.214371 21.959455 27.757832
21.434709 33.530159 30.874933
45.828436 97.098407 27.991840
78.436222 9.019335 30.409524
28.896044 92.471079 27.991492
31.460847 7.872812 25.114368
79.392820 10.457703 30.134834
55.415727 5.066641 28.164888
28.540176 38.874331 30.595903
95.564501 91.048490 30.651745
1.400160 53.016991 25.755570
49.868600 83.167348 26.382763
61.869600 68.788013 30.495303
0.802636 11.776903 27.525917
2.729050 18.380829 30.744526
82.059538 31.183672 30.573217
13.741977 17.823679 29.913859
25.628497 88.575735 25.719108
73.352898 82.694925 29.445247
97.970874 10.438481 27.022771
96.987028 36.320055 28.655389
63.978651 23.371479 29.381173
6.538212 3.343019 30.575582
19.681575 7.238442 26.803969
61.099124 83.501504 30.588135
71.433780 50.903275 27.545308
23.330946 38.685256 27.888707
29.719215 46.223996 27.219200