51.062522 11.956312 25.776947
88.607967 30.168140 25.472663
93.073381 70.923455 25.393466
96.648553 38.118547 25.318992
0.474343 98.210252 30.647521
44.638263 11.675964 27.721963
81.209628 49.465467 28.731091
41.797045 39.630383 27.794290
62.467034 31.752364 29.819440
3.192282 59.755987 26.326200
72.149260 12.492516 26.334814
45.659594 72.416177 30.986673
96.034691 10.793297 27.111114
18.844864 49.969230 31.151283
13.343457 90.722391 29.266684
75.527529 67.318135 28.130166
94.003250 32.859263 27.850201
58.429215 0.456456 29.332777
5.732315 22.573158 29.530971
32.469331 11.602625 29.282616
80.278697 39.343873 27.602317
15.054305 83.500352 27.813362
97.848548 68.088634 27.363285
46.501934 4.287860 30.191616
20.643436 4.718006 25.787339
10.810933 77.870470 26.712318
68.677870 33.722129 25.054363
2.292435 73.011393 29.961608
37.589511 58.443421 25.225237
36.480402 19.388007 30.138602
92.695356 45.142315 27.589627
51.350878 17.180989 28.304295
8.750837 67.270702 29.349002
17.384556 26.196586 25.926570
21.459934 38.875572 28.952074
49.241294 36.920135 26.335854
69.918101 44.548221 30.263891
3.604188 34.398328 28.542015
4.252732 92.963221 30.173943
58.244691 38.046635 30.544487
37.332164 65.484059 25.531548
87.255067 12.217040 30.030937
52.231279 77.503364 26.322634
10.130328 37.991203 25.630139
94.417388 93.005864 28.332867
96.370052 70.987647 26.412261
42.907488 5.562261 26.952757
20.334153 93.252040 29.823981
68.310685 4.145088 25.702935
13.026221 79.105937 25.068372
51.775346 89.615751 28.562128
26.455213 2.639026 29.886853
62.483026 76.198388 28.066376
77.604198 65.426961 29.317006
66.772222 14.661270 30.475158
46.407582 56.259070 25.393772
70.283525 13.424809 25.300441
43.140887 28.427962 29.881201
72.740642 23.895132 29.540140
72.477485 51.736573 25.355348
0.494279 95.060024 30.102764
15.805532 8.950606 27.892414
51.830348 88.718942 30.019250
63.232330 32.027868 26.319904
23.029567 34.874782 26.478360
46.107748 13.111000 30.831057
43.460106 82.865377 25.041714
46.846189 91.812915 27.428381
93.929870 92.120854 30.007211
2.616081 94.111487 29.735380
32.590722 76.984923 30.419867
26.339619 88.520830 26.528770
42.875014 92.304065 28.475137
50.771803 68.891982 31.206889
84.000517 53.851959 30.120826
33.269696 25.803929 30.213820
63.941604 49.187639 29.773799
44.628766 20.249491 29.231140
83.373671 57.916639 26.653050
75.365757 20.385339 31.119069
5.061267 80.099141 29.537418
52.084054 82.592434 25.584987
73.590118 56.188380 29.254040
22.578901 38.440340 25.937737
42.426825 88.838328 26.443309
29.721728 76.685505 28.579126
37.372836 81.440837 29.897598
87.177823 17.155837 26.917594
2.287767 68.760890 26.797627
7.375999 72.211813 27.973701
19.461991 10.138011 30.147000
22.401818 38.497235 30.538107
84.544490 25.296706 25.119343
30.788072 69.916185 25.479459
52.366241 10.976729 31.144065
94.849254 42.201110 30.891269
44.800300 47.329462 25.968657
98.601750 53.778386 30.363174
49.089268 32.651311 27.884450
36.792569 71.800751 29.676577
92.835317 22.891543 31.091011
82.327648 67.841056 28.592170
94.045783 66.275787 26.553430
35.809048 91.546670 29.507385
34.216847 71.516699 25.070977
53.538483 20.256907 26.046838
54.968851 24.438867 29.770351
73.868411 89.906941 30.164787
63.147401 79.757986 27.482185
0.587230 65.193201 26.143937
93.286548 2.368294 29.810663
7.522341 94.296124 28.832868
24.746494 72.908824 28.779419
37.972975 43.659190 29.678726
71.595139 36.531979 29.093243
28.978862 88.732347 26.317568
90.915018 47.941414 29.847119
50.629568 14.125031 28.934634
14.594669 95.803592 30.712348
65.434844 99.685425 25.326298
89.184429 96.155800 28.163980
36.467620 20.195795 26.839550
36.193511 47.030314 28.980487
79.042621 3.241094 30.753032
94.825162 21.701813 30.473423
95.412850 77.482193 30.739003
95.833059 29.096300 25.755647
70.063637 14.934332 30.375402
30.095048 72.761183 28.395036
34.334238 63.093535 30.701329
29.529026 22.650058 27.322337
3.915342 28.765177 30.614686
58.256544 22.368796 29.166014
34.345007 67.575455 30.290785
92.165744 97.524708 25.418498
66.581811 33.389115 27.806601
54.563341 83.860271 26.666219
74.089102 69.739419 30.130815
44.019515 40.669830 30.943548
68.031889 3.452413 30.244355
77.574322 85.347563 25.856089
71.839704 29.005795 30.241301
66.320866 89.889697 30.956826
53.329256 30.953719 26.877680
89.258804 31.096666 25.293181
67.348237 14.171604 27.984649
97.771226 28.808100 27.128914
42.508073 15.974354 25.337011
35.293103 6.641198 28.186020
82.009277 95.340439 25.990926
80.169869 52.864778 25.791210
73.464443 65.185262 30.126817
90.405087 55.392756 26.563796
58.092645 25.382147 28.619685
32.782907 6.996374 28.780315
94.659352 23.422307 27.024821
80.639374 0.759416 25.164090
24.501927 71.456921 26.728827
23.742346 10.075001 29.048613
70.110153 84.438815 26.073833
84.284152 4.186482 25.828746
54.080633 68.564756 29.068857
60.254761 44.891143 28.952612
11.960790 54.907416 29.324804
42.398733 24.597231 27.188654
88.468321 25.481469 29.173561
90.089214 16.866912 29.259628
76.216826 97.465262 27.561488
59.315475 89.719662 25.734214
31.355547 9.242555 27.636740
68.843300 76.346072 28.259822
10.163250 30.982734 30.734772
39.029030 49.997594 26.898572
51.295974 14.570030 30.173262
24.819520 11.955226 26.886414
23.380260 12.089385 25.400862
29.278867 49.044117 29.200847
74.948116 65.624965 25.140974
29.759843 47.158477 25.525310
71.014206 73.621128 27.626878
38.561690 91.725796 25.234180
28.843720 20.026545 25.481658
3.881526 79.785132 29.856862
69.241505 57.590522 27.384899
74.867125 21.756721 29.780563
91.513009 62.739162 26.804416
96.122156 7.334574 29.688669
78.424746 61.011267 28.198837
25.397168 11.937689 26.509905
24.565761 88.320817 31.012176
27.860883 82.769853 28.032665
97.683178 89.888200 29.094604
8.328231 67.011994 29.706698
70.293424 91.964749 26.369263
60.015657 56.823255 28.537526
92.186565 60.405823 29.698370
97.754716 26.472498 25.818230
7.093707 69.169712 30.157486
99.225634 49.415906 30.903463
64.461207 78.779569 30.332512
40.748390 68.316520 28.676948
26.117150 78.989080 26.545861
27.790890 26.568844 29.066547
79.551445 18.755471 25.443136
59.149828 18.256655 25.593311
87.879883 57.656307 27.705768
48.124383 91.349329 28.991268
88.089061 22.064044 27.587052
0.375360 13.229400 26.560480
97.640562 19.981866 31.004791
88.338130 62.646548 25.026560
58.707198 84.589799 28.107380
67.777231 20.674456 30.275665
69.098348 30.728025 31.131597
42.050613 67.531361 26.959255
75.862024 5.815121 29.187046
5.690570 63.015765 29.281146
80.582427 46.511411 26.943217
26.155760 74.120690 26.135157
48.645230 82.337148 30.223868
36.115288 65.524511 29.547001
42.641335 8.499793 28.053986
85.996539 14.800309 25.393939
35.475618 36.344600 31.171917
20.172681 52.649543 30.194029
51.442414 45.534563 25.101081
94.049953 78.711643 28.171842
77.514902 82.481035 27.764997
24.262239 53.293104 26.052597
96.234402 64.095586 28.384507
45.777924 53.027056 25.886315
17.470342 10.184236 28.796239
72.707678 14.914586 27.532991
49.021455 85.518346 25.577585
39.592158 12.470496 30.719489
86.368524 49.311292 25.311705
37.813809 3.585037 30.669330
58.079319 40.437265 27.002553
67.394887 35.128880 25.824121
13.797902 29.980054 25.142366
98.979974 25.458683 26.228279
97.278941 0.282180 27.609468
1.222544 55.579454 26.959300
23.349408 47.605772 28.656181
12.367288 61.218819 25.434277
23.951667 97.039297 27.182774
16.386905 42.066932 27.690087
49.564023 88.088157 28.716721
41.918621 49.081215 25.306121
57.249181 34.007907 30.197105
26.271239 80.516807 25.485919
22.855877 28.497422 26.210449
20.958746 84.989510 25.260027
25.154234 37.222729 27.696874
98.330885 2.557382 26.441478
40.076182 88.741960 26.473815
52.456719 73.485364 29.261715
8.117155 0.384118 26.123962
22.124048 88.400442 26.952441
83.936641 86.619210 28.470739
17.491423 27.432206 27.480960
47.729968 34.888376 30.444215
67.644420 49.174401 30.511695
79.490859 92.869315 27.767306
49.352127 76.521172 28.944226
30.590338 25.997929 26.848335
85.746198 45.652295 27.871144
5.477675 88.133264 30.775059
24.098892 23.469796 28.423542
76.698189 16.866741 27.419879
50.687418 22.095784 28.873979
41.366235 96.547130 26.778346
55.612610 38.608160 25.029702
63.301909 99.907184 28.431807
64.491189 59.328528 26.377623
12.396582 36.602873 28.882822
29.666636 99.872327 30.120335
8.377264 67.022896 30.609784
38.054732 61.391469 28.277052
99.317038 39.647681 28.350977
42.932801 17.590002 27.416533
11.509762 78.225393 28.189279
48.130848 88.670753 28.201625
22.062054 78.789356 29.228804
11.610015 19.906855 31.204611
8.438059 95.038108 26.882564
10.620824 62.932960 27.012542
55.745620 95.139088 29.115209
26.580434 15.681425 27.451832
2.187798 34.774049 26.334835
12.257465 59.724874 28.259890
38.011537 85.573535 30.638176
89.994896 60.310101 26.997523
12.355530 45.085759 29.514573
42.914657 78.548590 25.023226
5.578702 89.494935 29.312728
87.187910 12.514114 27.155838
19.675585 50.280877 28.931700
11.696354 8.075594 29.314128
32.738870 65.186242 26.303539
22.057377 13.866030 26.711387
25.364421 62.744569 29.998529
27.916611 86.824023 28.359121
27.380858 66.277202 28.345393
60.131954 9.739087 25.040334
30.481435 40.978105 30.658858
24.072947 1.691936 27.888013
9.887482 86.821710 30.239920
82.989567 69.516523 26.362341
11.263615 50.163085 26.812661
36.258628 60.105191 28.441504
6.384266 85.921536 27.998661
56.464099 36.506053 29.167213
60.765043 94.672096 28.264777
58.989562 36.845000 26.891878
41.900562 22.468417 27.396029
52.013383 67.047395 30.177985
20.078897 95.371113 29.523022
58.969126 26.727927 31.210599
86.329555 87.138321 25.135086
70.312498 68.847763 27.650078
6.851592 0.998203 29.951409
51.080987 65.713162 29.434070
5.636443 51.587685 26.125268
10.829494 43.119599 30.918138
5.086576 18.048139 26.123394
56.785382 2.626611 30.079262
21.326643 29.742247 25.748484
79.700475 75.818712 29.632513
10.143875 45.569359 25.476230
31.115208 41.890288 28.037573
78.045224 97.868861 25.638154
42.728149 20.558197 25.856575
85.375089 17.667644 30.112126
9.098990 54.375089 30.196478
85.266251 93.365273 29.034315
29.432391 41.310667 29.691804
71.978219 0.720924 29.353422
9.285918 42.087759 29.032495
84.655292 7.928634 25.494878
27.231879 87.585145 29.605492
59.429373 77.757870 29.718403
38.638790 16.026301 27.977167
15.426702 96.457238 25.404080
73.618646 82.981921 27.288183
32.087117 76.603571 26.913908
20.979256 22.506747 26.959615
4.810219 58.891106 25.470543
87.030578 2.444626 29.805301
60.172185 47.348666 26.543246
98.596961 44.631622 25.706937
2.167810 8.915746 26.659317
12.887258 59.636360 31.048821
38.406284 6.542825 28.982018
59.672445 84.969534 29.655740
12.252761 91.905408 27.004266
21.817030 58.686032 29.665784
21.848586 75.189426 30.358338
92.734604 24.826054 26.317950
21.661367 95.708149 29.927053
98.705018 17.351200 26.950746
74.310541 18.455191 30.479049
8.093650 80.456491 26.623168
47.874418 69.897821 29.419425
20.831480 50.300237 29.825738
8.606441 5.367732 26.706809
75.080682 56.586637 26.226723
22.208618 49.739578 25.541437
59.591569 92.576461 29.351080
6.860835 39.117477 26.182309
91.763197 59.667523 27.776183
73.686974 54.647450 29.240058
74.871187 98.787814 28.681408
71.771209 90.505170 29.820540
88.506963 11.305292 29.198419
37.468567 98.988961 28.263480
28.459689 10.659149 29.557892
76.427124 73.013248 25.165815
47.221864 68.848597 30.286915
51.343696 11.320147 28.830031
89.086744 10.445135 25.220635
1.144795 35.682177 29.849622
13.894185 9.708949 29.106992
41.465321 84.449852 25.832001
79.536777 19.511312 26.964023
76.835700 58.453825 26.815744
48.686248 70.625437 26.094827
28.808955 66.711238 27.392036
13.408459 70.264215 26.490674
11.647454 78.531782 30.478601
34.098557 92.705676 28.973799
94.810022 26.396014 30.310564
42.358803 44.076667 28.422114
16.076590 3.440895 29.063101
45.948534 85.698821 27.951703
8.755969 44.694037 25.029591
99.149763 75.315900 25.980616
49.487027 68.595179 26.390933
36.325003 90.947273 28.686856
12.185482 96.824232 28.247612