79.148435 4.467595 25.968715
82.309628 6.733703 28.649551
19.266633 58.069074 28.267646
91.567420 6.681836 30.557995
61.232562 1.409587 25.897745
1.595611 59.179365 28.928382
26.839137 96.909286 28.524385
89.747035 30.971453 30.114785
44.041839 26.665033 26.346222
40.650665 85.138323 29.323554
77.428341 59.349502 25.846892
50.549165 60.018574 30.847615
97.253366 87.314829 28.125929
21.107298 42.307371 27.822959
96.008804 85.678668 25.675481
59.772093 34.649703 27.718400
59.208344 24.711323 31.008855
25.454383 5.452100 29.370187
94.959315 44.443211 25.046691
93.878152 43.131903 25.596555
46.082599 19.670998 28.531894
82.077617 54.154925 25.289226
12.864685 46.511785 31.164855
26.356917 78.038661 30.549242
80.097515 85.501030 29.594919
49.009208 17.191068 28.485428
44.457022 37.036677 29.303100
39.968384 18.682310 25.753024
74.052358 45.089182 29.174579
55.065165 94.507727 30.036389
82.799177 66.662274 28.448737
41.652148 17.119533 28.783574
84.480997 37.721948 30.183475
50.445267 50.606501 25.104384
37.045901 61.112277 29.928531
49.779675 47.806758 25.647675
24.057675 54.999555 30.175151
99.860049 50.897452 26.199088
1.014965 24.101573 30.625497
12.103831 22.193485 30.182587
59.442583 34.219485 27.954556
60.478549 92.408169 26.006125
8.037752 28.733598 30.361715
52.026865 64.011845 26.852205
62.754070 66.901357 28.110817
56.304365 89.120487 27.515233
96.600051 25.888997 25.235266
24.456910 24.467618 25.153108
42.904866 82.158348 26.246497
30.803366 49.485714 27.966265
65.063614 89.619119 30.873478
13.623009 51.858069 30.790656
39.526924 56.072758 29.480435
1.722687 32.934954 29.935038
14.223411 63.145779 25.555126
26.746475 52.316271 27.253009
89.256088 68.652083 27.660588
45.900853 25.593319 29.487948
71.923763 87.750518 29.535762
13.234182 31.722513 28.373039
29.611132 88.777143 29.188455
4.278425 33.520483 26.111084
2.754155 63.773973 29.207407
24.375542 57.662607 26.244106
52.575025 30.678588 27.455497
26.714045 36.241452 29.693484
62.460636 86.923064 29.415022
44.248791 82.881784 25.048744
26.782636 3.646307 29.808112
53.504807 49.109368 29.017006
77.987214 0.708497 28.401690
43.701894 42.754985 28.053202
89.095233 50.183308 27.975294
76.817182 40.946274 27.418038
81.048465 18.026992 27.196439
72.550061 52.851819 29.289317
1.438319 42.154854 26.582093
14.229327 14.098594 26.088170
45.344413 22.161689 29.751325
77.703422 82.796748 26.894530
62.977510 61.534360 29.447539
93.095680 31.915482 30.132426
97.691199 65.154473 29.426049
82.211570 13.620585 26.719347
99.069717 62.449892 27.888880
85.930318 54.930496 26.430117
0.656620 30.709292 31.130063
35.429891 49.410252 29.452831
35.169819 68.891203 29.793963
10.074099 81.077769 25.694778
20.690918 59.760838 27.732138
4.425479 8.053853 28.804780
73.779545 15.480362 27.040382
35.439958 55.869995 25.647129
5.195433 4.777323 26.703003
59.565319 80.556705 29.792380
33.426071 55.310397 28.024681
12.086599 79.267870 26.385937
47.049632 35.071925 30.955783
96.188326 8.393019 30.688058
54.156250 95.304186 26.183297
85.303077 84.704547 30.213635
57.171523 82.157341 28.192095
46.236426 64.461888 29.550078
28.109045 11.242991 28.248348
63.828498 43.235147 27.832730
96.701915 62.338874 29.234385
58.731897 76.149053 28.736654
8.038661 9.759561 30.289430
67.847289 67.464276 27.929085
36.141323 46.089138 31.048289
0.206063 78.592267 30.737937
3.324167 41.166939 30.446578
11.182601 31.923302 29.430552
26.780528 94.738538 25.306437
25.702639 27.076636 29.974809
96.950309 75.556416 29.748921
40.169146 14.540352 28.062147
35.210618 19.432268 28.537376
31.498985 75.574459 28.323144
76.732097 9.513441 25.592988
86.562715 94.929844 29.064994
60.531541 10.417221 25.716103
48.061338 98.249821 25.306818
89.548960 24.616222 25.154627
89.306155 47.226823 28.159307
7.489550 38.376103 27.359185
8.264837 19.041724 27.132278
60.946795 64.574530 30.553213
36.366851 92.579243 26.558616
7.751410 46.738536 28.011913
43.706589 52.224692 27.626996
41.773559 18.409012 26.264594
55.256953 7.845559 28.716115
94.883454 82.651706 25.709005
40.742521 24.529230 28.691557
66.013411 68.125020 27.265939
20.135606 56.841837 28.836736
35.394046 30.518553 25.879336
66.230253 58.455488 30.632498
64.737284 24.980384 27.940124
6.388414 87.173144 30.155061
50.641539 19.226237 26.807838
90.817228 18.267848 30.085009
12.948515 17.669278 28.399651
55.345809 10.100939 29.277567
55.616852 94.257046 30.019498
91.229611 52.133522 25.194095
77.632988 32.626681 25.244824
50.655922 37.339381 28.486248
45.410800 2.321956 27.303201
95.032951 59.888629 26.771465
28.536098 41.338601 26.170591
47.968896 81.477263 28.877977
76.015784 41.507354 31.240343
72.011785 80.881765 29.142074
70.742797 92.131705 27.873607
29.832827 37.451455 29.939230
37.085258 72.849904 29.100447
12.434250 57.561993 31.027763
86.218562 20.217018 31.223816
1.932524 96.602488 29.220889
93.999613 75.040824 29.807365
18.897842 55.350306 30.633878
35.907319 17.001544 29.647421
41.058870 28.711241 30.665105
46.692376 27.117945 28.798125
54.944112 85.669284 30.728096
93.929306 42.171719 25.781656
46.489904 40.342196 29.860300
92.550092 86.111782 28.888851
14.554355 28.248227 26.467848
61.010729 59.012096 26.853309
65.951830 50.965615 26.832704
80.928245 97.867952 26.980720
26.530658 38.620436 26.638918
97.599668 78.990694 25.601360
63.002482 39.620173 27.224723
96.436037 34.383231 25.127286
71.373035 45.722596 30.595441
78.097514 10.258754 25.662112
69.787902 94.938584 27.750304
50.592323 23.483159 26.874097
8.114689 41.028588 28.871908
98.097527 92.132906 30.780340
56.904229 22.483654 28.001269
50.496759 21.609596 28.732485
48.798580 39.669979 30.611980
23.954263 99.422805 25.277504
93.339632 2.919023 30.344306
40.008728 21.963258 29.472803
14.280806 69.500463 25.722173
74.133064 69.839644 28.129600
70.402037 71.487911 28.729155
51.775315 28.803136 28.975484
41.265917 98.313112 28.560660
27.065579 31.144254 28.073924
42.261803 56.428511 27.521209
92.198803 60.141195 31.233771
30.533298 30.682482 29.505289
50.823612 47.737379 29.994477
64.852051 65.768422 25.557092
19.406457 45.689602 29.239519
81.286962 27.472622 26.151405
73.833236 1.467546 28.198115
25.379421 53.243408 27.013308
1.815993 24.038951 29.109059
28.802667 35.437077 29.975955
97.903231 10.473047 30.658195
48.196110 99.545414 30.931629
19.185122 17.928449 31.118730
27.772001 2.350260 29.483517
57.891927 52.184445 31.143142
58.270178 39.015940 29.286495
46.214520 86.320188 26.971903
57.869665 59.831640 25.407275
4.961332 48.338185 31.105775
7.806378 10.307906 29.894111
57.013243 76.926267 29.089480
43.981092 72.026449 29.654543
17.672484 17.716931 26.542946
85.010549 25.080195 29.029138
45.861757 62.390082 28.930544
18.576597 44.252673 29.818698
52.633947 8.663499 26.321963
39.599801 98.727954 25.718241
48.867256 18.962844 28.469939
86.582410 52.095172 27.351072
41.418927 6.001166 26.967276
84.308420 89.575060 27.900444
20.379956 71.996175 29.519510
34.317824 33.595162 26.789710
93.692851 40.008122 30.868020
44.977174 63.666341 27.543137
75.307002 30.885197 26.564605
74.315896 66.055243 28.127912
18.468891 37.702134 27.449258
93.943550 10.076296 25.885792
98.181426 63.335442 27.240746
51.554735 27.022366 30.095247
40.865184 76.230670 27.014752
47.611151 14.684899 28.635261
75.648240 56.800806 30.197390
23.050136 70.819015 27.162831
81.510060 55.850836 26.681405
19.648213 13.691003 31.204265
10.009866 40.711689 27.293407
49.271717 20.327538 27.680261
62.818000 3.201674 25.494895
45.906898 3.481582 26.786271
79.448019 52.407877 29.450803
77.985506 74.001376 28.572397
58.591173 8.107694 30.560775
50.036328 11.937597 30.608716
42.010291 98.747472 30.366593
40.379719 68.369610 30.993146
93.320860 67.249306 26.327875
14.498369 57.900634 25.448405
14.058465 5.610912 26.480500
45.681559 17.306178 27.309443
20.183928 56.263961 30.050443
90.887584 48.840621 30.190374
78.359832 1.992379 29.551095
98.267131 78.011191 25.084841
70.675662 94.179844 27.642919
33.984360 8.987169 28.625345
32.166323 48.333613 30.471010
22.739442 45.411657 26.259409
5.965603 40.346166 28.840473
76.337316 34.155355 30.572917
14.381435 74.167008 26.766824
95.533145 13.388140 29.058996
69.598613 23.858684 30.749398
24.027696 40.538638 30.683006
71.393376 0.338118 31.108739
94.801592 19.091129 31.168039
20.573984 26.468126 31.212669
76.057778 84.341303 29.201666
71.040830 99.145146 26.679305
95.134196 72.898082 29.339984
19.497356 21.585211 28.428643
58.207898 88.784436 25.286508
24.746132 99.776559 29.765642
72.150138 69.609968 26.814061
40.806778 59.291675 30.525198
16.218296 16.102316 29.283590
10.204977 22.947981 26.129274
87.298223 78.445050 28.318428
72.236645 98.244848 27.119619
93.298513 13.529642 30.959535
21.560442 29.693506 25.259143
4.087681 78.171630 30.848227
68.642213 0.093972 28.202879
27.928852 70.249353 28.581587
41.158108 79.465178 25.584810
55.218808 24.705588 25.618832
34.880532 50.444803 29.387409
52.127787 45.234644 25.112138
25.067432 26.279041 26.049879
57.688179 32.418191 28.715630
19.334640 23.124683 27.421216
30.662925 36.143703 27.526960
19.936558 47.221452 30.463676
97.240382 20.997154 28.046993
2.995221 60.533259 25.783006
20.580872 59.370098 25.748510
54.315688 98.404331 29.977238
72.633089 65.762691 30.890170
82.747974 75.203793 29.058872
7.497808 18.873377 25.500786
10.738471 25.909005 27.077385
86.831825 82.573705 28.285514
46.914518 88.995648 31.121676
26.425838 18.942869 26.820202
40.948815 68.582103 30.728202
55.347930 55.916440 27.347559
28.849411 59.337105 28.484492
65.480185 75.624967 31.227959
19.610077 11.205100 27.652706
60.869884 9.440321 25.790548
63.372688 3.978728 26.161530
42.116182 90.106356 27.028552
78.535259 74.354805 28.175572
71.289066 69.955250 26.294661
6.994668 77.312428 26.213275
42.571592 3.361662 27.052771
51.890638 56.451442 25.519074
9.562535 12.637086 27.311250
39.258995 15.659290 28.957076
11.026344 98.758036 30.480062
52.320754 73.662526 28.186959
24.403479 59.173893 29.253805
46.502938 34.332767 29.841078
10.001119 83.032656 28.434268
51.998703 94.604105 26.370508
50.999816 37.010888 29.297975
4.366131 32.551104 27.493214
86.859469 58.902836 31.170259
91.689999 99.832019 30.617568
26.701975 3.540542 25.998601
8.360525 71.211511 25.533761
93.964814 75.529174 26.766889
45.753502 95.536786 26.665952
90.214309 75.046346 28.183993
62.320683 75.286533 30.696030
20.497730 60.577526 29.472640
37.449650 73.981051 29.377622
30.201835 15.739112 26.541716
12.069374 24.960619 30.482494
21.059560 46.324842 30.288112
49.738062 94.742535 29.353098
37.434060 43.507002 26.773610
72.532620 12.753473 29.086018
35.445752 68.029540 27.655184
53.600469 5.507350 26.065471
97.489801 17.414296 31.206064
58.604698 30.237219 28.780253
1.527867 22.109180 30.457317
97.471466 68.073413 28.806655
60.127482 88.167500 25.302071
2.476020 3.678820 27.169576
37.494494 27.171266 25.664139
21.865001 88.049781 27.963855
67.262787 8.914508 28.481410
14.962432 46.680009 26.455591
22.829145 4.659954 28.769125
30.202131 42.980965 30.917872
27.348425 68.602302 28.001943
41.831359 71.095349 29.311139
10.538448 1.175484 29.291147
34.379328 39.534110 25.030486
37.330055 90.838811 30.474566
29.020521 93.539014 28.419723
40.487866 21.682313 27.176370
81.698303 21.859028 30.721339
31.824880 27.769233 29.677670
61.035860 99.763335 29.778991
6.838401 19.686754 28.714712
78.523216 10.809709 30.727092
98.515590 79.959914 30.618781
78.807618 95.448080 27.123232
80.960793 47.235793 25.539220
19.238332 97.994395 27.356712
40.365991 10.870033 25.326432
7.683073 43.581085 26.107693
44.600331 89.015138 28.057991
36.149944 31.112712 30.406577
47.420610 82.337313 26.301085
29.261577 45.087400 25.972811
60.933211 66.048837 29.204856
77.913378 80.189977 27.802718
23.476862 71.800191 26.632547
3.813697 79.597191 26.881537
25.294646 5.670789 29.291024
91.444249 32.468571 27.003955
85.576937 99.523805 25.874009
99.351816 26.969381 29.411336
61.168845 15.982426 28.583887
32.065817 56.260168 27.280754
37.553188 18.582022 29.781490