42.720947 82.536289 28.180103
24.871387 82.103681 25.437883
36.619264 80.576904 25.124628
15.867584 20.113373 26.590269
60.167333 38.926080 28.820521
40.495785 13.441635 31.201077
45.461730 70.186043 25.424289
31.078344 17.145148 30.099571
85.911355 11.375234 30.077786
40.773668 23.872591 29.718285
17.271121 74.629719 28.224554
73.599519 99.935059 30.651570
85.785768 50.320835 25.828814
26.591896 9.727871 27.412587
21.788451 8.650814 25.258242
11.506631 86.117020 28.942773
41.513072 45.414959 26.374947
86.118982 65.730400 29.023495
64.233472 81.773179 25.089548
25.083640 29.813549 26.513762
72.461594 0.727760 25.342941
85.932247 28.686142 27.675430
54.172456 20.173296 29.698663
7.757026 41.497835 27.793197
54.874039 97.252133 29.043251
81.019845 67.491896 27.786276
3.706538 1.693200 28.529742
55.831817 38.630360 30.183362
13.038658 96.543501 26.367923
33.474482 94.943528 28.308472
49.743043 3.209120 27.049663
76.225557 57.822487 30.982108
28.857844 70.190773 27.763341
93.882904 74.639190 26.067937
72.684651 82.376341 25.700285
17.538586 15.596807 28.342456
7.185965 48.832071 29.862752
59.237867 35.286364 29.406183
53.403300 23.563661 31.176854
92.378243 78.342752 30.232662
35.915590 18.108400 29.321338
35.255856 30.777436 30.303309
5.455925 64.692245 27.985593
97.043442 73.752551 30.230346
37.982711 16.192161 29.242885
94.400843 67.096670 25.483120
90.221494 6.638575 27.900210
61.066408 91.277933 29.029401
40.728831 34.658187 29.308048
93.082327 9.315420 29.998617
83.824117 63.915996 27.476359
51.154895 34.115905 29.492212
41.474020 76.177919 28.549035
57.632497 49.503046 26.781106
94.118977 47.565879 28.955941
85.886818 10.211365 25.913689
73.206244 87.499937 30.539530
77.510088 92.099880 31.065291
5.636528 40.484311 26.720499
6.225639 72.298069 26.577299
67.729188 12.141731 26.000473
65.635743 12.916926 30.710935
28.524193 89.749856 31.095194
25.111206 10.520890 30.591719
58.833474 27.075201 25.601080
43.032472 36.016552 26.130971
39.044820 96.388979 29.786217
71.965330 92.681168 29.258070
78.167934 68.449429 28.178790
84.830209 1.744783 25.334709
69.631270 11.346486 31.081930
72.297286 57.124108 28.331594
97.900410 87.649457 30.188820
82.005185 63.018736 25.994958
45.380905 23.687148 28.153751
9.764807 49.029269 25.804827
86.874693 18.847877 31.049531
32.056853 79.520710 29.514546
95.540318 1.569777 26.090426
1.770498 8.179890 28.291344
24.074350 13.447020 25.091710
78.059766 87.928636 28.433193
3.395678 89.770892 29.607982
22.226854 38.835626 29.123700
87.699803 24.687078 29.028212
74.652152 98.457328 29.716118
24.604790 48.995263 25.419297
5.756090 65.275310 27.936405
0.108266 65.597569 28.017789
23.461373 77.926959 27.639514
66.681722 52.607777 25.566461
61.400812 97.567512 30.324679
33.829206 23.236002 28.399728
36.959124 3.565982 25.565791
8.312483 36.414670 25.890342
96.168408 12.462550 25.227947
58.447541 97.512345 29.734343
46.837259 84.605613 28.589428
62.328712 58.827986 25.827389
67.926916 33.337320 27.137433
90.026572 15.719361 28.779784
26.181309 26.720909 27.635732
52.662341 29.813253 26.413114
65.886181 8.498581 30.612084
84.147151 76.675471 27.016952
3.827759 21.264332 25.857597
40.594279 32.606074 25.614392
59.528571 51.250641 25.543660
97.588692 55.847924 25.841838
24.705548 82.505396 29.925946
50.955571 14.017420 29.126538
58.635983 89.887707 29.554335
24.675213 85.917717 30.177295
61.059461 88.150583 27.179523
5.665423 34.672346 27.097601
59.548006 27.803443 27.399046
96.839304 95.622289 26.168124
72.633859 54.507679 27.743942
64.692319 53.254778 27.231398
88.739603 62.418370 28.488076
38.671026 14.713317 28.843647
7.810086 82.452613 28.706228
77.750832 32.811542 27.978514
54.148698 79.005712 26.705407
87.182072 1.928854 27.130191
53.486267 50.561633 26.160061
50.280725 50.772370 31.069476
3.265299 69.294554 26.916740
88.014523 89.331900 25.151794
42.190348 64.721161 30.909657
82.553092 13.489571 25.811273
72.602811 29.845578 27.210276
63.254305 47.145003 27.390017
44.582473 39.954998 30.762231
49.836538 3.701947 29.145120
83.846231 11.042820 28.988952
31.733682 52.581404 25.475856
71.765244 95.982043 30.670179
23.914957 35.576530 26.569040
50.737952 83.547466 26.844629
62.674677 20.452481 30.407061
12.359041 7.872759 29.025218
76.800047 95.607731 30.446643
52.237764 28.318151 27.104964
4.353486 28.462171 30.238851
57.332004 51.497546 29.925772
26.525927 46.156904 27.857337
36.351308 43.490329 25.685068
95.914044 29.509008 29.059338
92.222466 58.900991 27.346856
45.974332 37.130691 27.103903
84.215251 92.028962 29.536061
93.627408 25.921479 28.621419
93.175069 7.990671 27.802747
11.922130 72.910041 28.299072
7.110648 73.974780 31.088259
38.406408 86.556416 30.418673
45.436728 45.114399 28.366964
58.275858 42.393281 29.954102
44.254950 54.468503 26.064365
85.949676 33.322985 30.600780
95.048300 94.650230 27.199859
84.243624 1.114429 27.447151
25.945083 72.617976 26.953275
72.615532 32.586873 27.572863
98.962183 68.232881 30.511051
71.455924 35.081842 30.528575
7.732974 4.256513 28.711599
77.113021 25.706745 29.683604
89.047935 37.840738 30.763930
47.162730 17.071210 27.948325
47.208566 6.409263 30.498457
73.337050 58.722552 28.131396
3.730373 54.011845 26.178092
73.200430 71.521885 26.926490
69.038051 15.109137 29.287050
66.227918 9.392447 30.632825
81.642766 47.303527 26.789588
7.572149 64.443289 31.068753
10.962766 43.124341 29.155261
25.979762 38.715709 30.511414
30.898806 67.326003 28.109352
50.290875 13.335219 27.746723
94.295982 8.597971 29.986607
46.085728 13.761210 26.068498
7.785106 6.664721 30.654932
98.355166 10.223682 27.728671
0.394432 66.505209 26.013301
6.633131 68.445547 28.688374
83.576158 3.259454 28.887492
65.532111 93.412910 27.717635
44.618978 20.528903 31.085308
21.133700 77.082574 25.968819
97.299176 66.552965 26.869682
26.032681 10.718218 29.059494
40.908524 40.095284 27.531163
36.599130 43.289345 27.719743
51.456664 1.159671 28.243984
48.848971 74.836702 28.978337
97.450151 8.775547 28.026517
73.003512 57.540579 31.000340
5.769811 44.449912 27.617153
94.668334 62.241547 30.672690
3.066680 68.067866 28.757957
57.923729 20.345435 29.786185
3.731744 72.412381 27.657061
54.621591 36.260040 27.637577
33.018343 55.178231 29.917428
89.608369 93.543915 26.608152
53.044909 89.283360 27.826968
91.446776 36.584699 26.320953
29.572053 62.813049 27.099413
99.243690 50.583003 25.197161
50.845513 22.059396 26.573778
91.358349 12.196994 27.262998
81.665722 71.470055 29.282142
95.295284 77.010257 27.654030
91.373118 8.180073 28.189279
91.358132 18.142993 26.221266
51.259189 44.892765 30.207877
27.895678 6.249402 27.030603
86.152139 3.798288 27.467810
19.797430 70.619010 27.776959
85.682064 47.990820 27.558645
44.745424 37.024053 27.578710
24.431100 46.471841 28.296331
23.654326 83.253954 30.041593
46.906343 82.633525 27.596122
17.058271 45.631206 27.031132
75.047791 27.781092 30.273860
68.690866 40.258622 27.995154
47.441402 46.446032 27.197890
36.037028 70.729613 27.649593
2.058791 58.650857 30.357687
51.638941 99.676261 27.832278
61.965278 2.552362 28.018167
97.072643 75.675994 29.294197
81.075616 67.410500 29.451048
81.376140 73.591329 27.381781
49.318672 10.704653 31.204229
15.616120 69.502186 30.664135
95.372298 34.616332 27.782494
16.702134 21.318318 31.055294
7.442723 22.314897 30.682088
84.489808 87.761695 31.180181
96.853553 50.179276 30.508779
80.730827 97.740710 26.901493
95.673822 58.964083 30.872474
43.851840 45.305358 30.845097
16.521999 4.730446 29.063831
91.549926 64.522349 28.168349
95.289376 49.300192 29.736489
69.163379 86.757333 25.690196
3.568761 35.403238 26.931792
56.016105 50.374788 27.740693
5.221715 3.134784 28.610173
89.696019 46.344332 29.335761
1.963845 24.949223 30.574690
29.808284 21.819687 28.220339
10.769431 31.651633 30.490902
33.194590 43.563115 29.849258
46.476061 4.927059 27.115353
28.450123 39.860533 28.823566
40.777140 49.441614 28.835745
10.533362 1.474808 26.371723
33.185085 91.114166 25.331287
6.142444 29.712805 28.114190
5.241190 21.168070 27.342696
14.982537 81.116488 29.904741
44.731956 49.338240 31.099565
13.123326 79.059685 29.189595
75.147006 0.525964 25.000700
59.338692 26.638791 29.834679
1.753044 71.904244 26.054880
17.289507 14.204967 25.188694
98.874198 32.705720 29.679684
29.311691 63.693011 27.801502
16.548131 66.529205 29.634965
67.712844 44.271411 25.168241
36.918608 49.240869 28.828357
65.243604 60.914136 25.798895
39.707901 12.473214 25.142509
48.014963 41.856233 25.886360
88.382217 49.742981 27.726772
27.322941 51.042531 27.265988
67.393958 70.730680 27.120869
79.068743 77.784715 30.065311
2.442048 22.191583 27.138658
48.180501 64.961143 27.038804
27.369614 49.223537 30.405765
28.141775 59.080464 28.853137
86.461662 13.006526 28.878357
63.216131 90.872282 28.640868
52.952862 22.681795 26.645252
46.578308 87.290906 29.359928
94.717246 3.833646 25.627882
48.152253 51.349146 26.737395
6.606604 45.954219 28.172348
25.803992 72.566717 29.979606
71.572541 42.631251 28.149554
77.354942 10.780372 29.904380
66.624706 1.904738 28.785428
23.925208 55.106399 27.806487
11.523209 5.263220 26.029568
26.233920 82.852970 26.740352
14.879623 87.420386 27.169107
89.038054 37.664540 25.923573
70.121922 11.395145 30.284184
23.718761 81.282003 30.108906
1.128737 6.736578 25.145468
16.568365 56.919267 26.331064
58.357943 82.159923 30.276914
38.814051 39.834292 25.366277
78.434079 0.115392 27.995514
18.895808 10.133375 31.023545
32.512808 78.003563 30.724516
23.721355 93.288130 28.660913
33.691843 38.030432 27.111672
23.868168 61.257907 26.252156
48.778071 48.445959 27.569156
68.802280 12.425089 26.523422
43.534907 96.501309 27.776774
26.611886 73.264048 30.370334
98.737587 33.332226 28.445617
63.095312 85.388496 26.185136
73.565085 80.988034 27.725410
22.353274 18.492544 28.484304
39.212726 47.546451 27.613222
4.606808 19.657322 27.040875
28.776732 33.726883 28.948717
66.137410 27.087349 31.151748
8.984243 31.521683 25.992700
50.991132 82.947976 28.635888
57.979236 57.929721 26.114852
32.505893 68.373365 25.837369
68.922805 4.475692 27.611159
51.080121 77.300656 26.295035
27.821116 73.342825 25.061838
81.385788 48.162362 30.676100
79.684960 39.560845 27.358976
55.146089 25.363962 26.769761
91.830289 40.525555 30.015378
1.135380 68.053633 28.869976
83.054446 15.688170 28.883191
28.279150 7.852513 28.590865
13.729716 19.756306 28.662262
38.943053 76.635324 26.288678
64.483494 12.618419 28.569716
54.582030 52.637285 28.633278
18.153427 44.126463 30.148197
30.253674 1.846017 29.179724
19.530403 47.284257 30.292090
73.520536 28.386803 26.527995
56.842870 15.765526 27.900239
76.954831 18.724025 30.155994
74.100410 63.550878 31.245145
30.312737 5.803325 29.876439
35.459128 16.449303 28.193220
8.588795 7.197001 25.517205
48.736293 98.296343 29.176999
73.043851 32.679783 27.106468
37.872501 92.760411 26.938019
13.117615 14.018393 25.903667
27.798723 46.596721 27.379398
16.529068 96.451396 31.181383
50.493358 23.309210 29.547164
88.879940 89.614807 29.178375
88.042129 73.116536 27.322652
35.603813 11.492016 31.135346
64.006285 95.078342 25.977967
28.798467 86.468395 29.154131
73.835346 76.908907 31.120562
15.871597 51.754104 25.376298
94.169883 88.916539 27.176873
32.354549 28.053815 27.621514
69.421493 65.944474 31.124639
78.263727 55.204704 28.143518
0.818665 12.502574 28.624828
5.762244 72.492711 29.602436
1.485908 78.789373 25.687877
7.758184 30.319127 28.688389
64.744668 54.552937 30.642255
32.316528 17.972892 29.442370
62.560861 84.571230 30.908199
52.634706 31.812248 26.387208
45.523571 11.283929 27.794331
0.312213 43.620988 25.726120
70.579454 42.424447 31.156289
1.534255 89.405112 25.908162
69.029348 88.403700 25.826968
27.874114 41.349815 25.116556
95.883711 35.593448 26.594710
76.607111 24.070449 29.852744
15.362073 7.578919 27.335994
27.605064 48.552390 26.141043
81.901669 39.774022 28.275875
99.538075 6.528075 27.509530
77.798956 30.477662 27.631816
2.052953 84.689814 28.613939
30.173352 47.006342 27.546342