45.558441 90.902336 29.182029
22.210356 42.541152 25.275038
73.776922 42.872566 26.695052
22.872860 85.064875 29.311462
26.346334 13.388478 30.913447
65.865983 68.222683 27.125705
21.746758 18.287769 25.086582
51.331559 62.783619 27.557959
4.787578 85.591802 27.163005
21.365508 63.266202 28.534079
67.154095 7.728799 28.983359
14.716553 33.675764 27.997281
7.315343 63.411417 28.463348
69.006404 42.813732 31.209851
8.428756 9.408976 31.029713
14.598064 96.661363 25.656109
72.272319 48.089120 29.209858
98.125624 84.648183 26.743361
64.945658 27.944190 25.895338
71.915641 6.110934 26.183720
15.727317 74.520556 25.493042
90.781670 3.180300 29.283708
58.067923 45.141702 27.601900
7.466395 19.839448 28.399580
46.449551 69.096586 25.111616
43.508904 54.506151 25.337035
11.895676 18.345460 25.570847
73.897760 25.456742 30.082091
4.310432 20.402287 31.051126
42.608146 38.138525 25.467947
99.553488 91.371941 25.570058
2.916367 49.732327 25.098383
66.548946 88.928175 25.400060
56.700782 8.439575 26.246705
65.222070 80.130715 27.396464
3.800100 76.767681 29.594517
82.899490 76.985069 26.260147
16.790147 41.745574 27.437966
60.769888 83.409657 28.961259
72.568686 6.405089 28.223582
24.997281 47.652003 27.598563
55.709645 26.618539 31.008832
63.051490 74.000728 28.184605
47.230363 1.043189 29.273840
75.389673 84.488903 26.129714
43.902894 5.857134 25.830141
69.353787 23.949916 27.450408
24.095590 86.421682 27.012141
61.564463 64.171578 26.184034
45.801070 2.495066 28.571401
36.857156 88.278468 27.973224
92.900631 6.410763 26.119500
37.895366 32.567206 28.615421
77.067418 30.583706 26.665084
9.759041 56.126181 28.629163
35.817041 98.192870 28.197375
68.985527 10.670121 26.627239
74.753052 80.101047 25.293024
99.029048 15.539025 28.108758
75.549801 97.480194 25.032014
64.320886 14.282582 25.591630
48.708722 34.623556 29.966920
51.400457 89.459145 30.759657
82.609784 93.306829 25.200298
45.153452 57.692471 30.063387
97.673444 0.727949 25.728716
82.869576 97.762809 30.275523
82.163480 56.314207 29.638350
74.684609 57.114038 30.676873
42.785420 2.081443 26.459546
89.966518 2.448344 29.147675
49.119237 93.307201 29.916802
51.486927 6.760446 28.194122
39.289803 90.698548 30.565797
88.887914 49.377879 26.576229
7.902001 37.020431 27.642994
12.389530 71.182657 28.423795
63.162209 56.106594 30.100180
90.862285 78.536436 27.322816
84.274763 34.758683 30.221479
77.960443 71.202952 25.689328
86.360206 85.376607 29.096332
98.720004 83.498072 30.194991
31.313362 12.560523 25.811952
74.668308 52.896896 29.904513
99.803067 71.553295 28.974923
31.172283 23.210700 30.048397
3.795589 57.853559 26.374098
92.658722 58.120122 25.328811
98.911138 64.297608 31.238478
18.343434 84.134725 27.387043
8.468441 36.607067 27.324993
42.401160 48.278785 28.267415
39.867008 65.123426 30.698518
57.362977 2.179095 27.040697
45.078549 13.678056 26.929744
52.915338 39.838281 25.133457
84.228213 33.697252 29.126959
11.564536 64.707996 27.345527
47.068330 55.254170 30.112198
71.537541 63.268148 29.711542
45.065315 64.220427 28.183953
71.793756 92.255083 29.162755
88.042716 56.045090 30.803505
33.197206 0.369540 26.526697
85.101295 26.349466 28.444005
65.296464 47.610419 26.478511
6.609161 94.031794 25.167400
42.467171 39.536766 29.403473
83.851976 58.867395 26.426851
25.533735 98.375255 30.985764
91.360460 91.693029 29.947239
21.337849 40.146431 31.232376
0.332320 96.882545 25.579611
35.551978 5.234529 29.037746
67.358464 29.848020 31.224145
33.773958 72.943594 30.202303
22.377414 50.394420 25.906022
53.348981 40.002980 30.379724
9.251340 52.556002 29.494705
58.944184 71.517243 25.253129
49.852325 54.680418 25.677327
54.277944 4.013927 29.280669
40.909324 95.613247 28.668204
86.204943 48.956240 30.101712
11.914214 37.422450 26.541076
33.221660 66.137363 30.694935
91.560656 83.188950 29.812987
52.408251 68.469358 30.710032
92.189601 60.716253 25.123605
75.260780 81.970562 27.111930
77.403285 57.879773 28.162009
47.298358 92.164622 26.287753
63.729562 58.382316 30.220414
54.011467 42.024842 27.715594
45.085306 75.601982 30.251634
95.541532 12.470020 29.179545
63.868503 73.895425 26.603344
35.493707 58.151517 27.146016
46.100401 45.669554 29.774927
40.137922 18.316424 25.080681
96.043041 44.087876 30.169625
11.565243 44.571147 26.514598
90.958727 51.769236 28.446628
36.614686 45.341345 25.511891
96.754178 34.276792 30.964656
12.365470 41.368927 27.986314
42.739195 42.246683 28.098758
78.070796 28.422317 27.652717
30.827491 49.089240 26.972974
92.347974 50.434764 26.663668
44.714819 54.991012 30.628780
44.054750 19.678733 28.250955
71.992608 75.088628 26.588692
88.508154 72.291011 27.831810
99.444806 0.798606 25.101633
29.329655 17.077278 25.827845
89.051798 90.996857 31.235944
95.393029 20.554185 27.554605
85.792441 14.994497 27.855585
51.604079 69.358215 28.917485
4.493537 39.931465 29.724754
7.358948 49.408072 25.429851
9.825034 64.721703 25.624395
48.125383 88.221298 30.207087
65.663384 27.374140 30.399606
92.562071 46.118033 28.910591
95.562555 65.149014 26.255044
67.055062 40.533325 26.513538
8.550430 8.739334 29.973549
0.046985 73.362743 28.946135
35.419734 76.470517 28.937602
9.863307 4.300504 27.494705
98.857467 79.504318 26.456729
96.415890 96.034616 31.089564
94.681023 38.881498 28.546598
17.758291 88.755099 30.589971
92.164523 10.517373 29.154080
83.491788 21.339650 27.216907
37.341788 44.491866 29.503158
50.482183 41.789061 27.317291
3.471141 15.377435 25.294773
4.810020 68.753823 29.210072
40.769762 64.221034 27.980205
3.059757 51.882378 27.534027
89.637819 97.491330 29.266691
92.466580 74.781731 25.999203
4.853186 4.018717 27.502561
84.895791 61.138909 30.841982
24.703168 28.382924 30.777061
65.377924 97.373489 27.291621
53.398822 82.664702 25.013765
23.848433 84.197010 28.999219
10.642671 3.604544 31.057056
27.783952 27.394202 29.937411
2.496254 43.847035 30.018858
86.169297 3.267580 27.363458
44.133275 92.088162 25.670392
48.223994 20.119470 29.540596
94.779899 75.851152 29.947918
0.929109 33.918407 31.151321
9.196288 47.710247 25.291599
72.012840 74.470557 28.926757
81.852394 33.125463 25.722347
23.222550 38.709376 27.715038
4.507950 51.432710 27.143787
30.706878 97.823290 28.207480
45.156644 41.424584 25.805345
14.040116 96.391310 27.579046
90.301170 87.419107 26.349123
40.568263 78.265060 28.009505
28.298032 77.254754 31.041745
93.403562 36.828136 25.388443
30.074139 73.287590 29.629703
84.501858 77.844659 25.067535
57.937903 36.549121 27.017873
47.576240 65.393098 27.620028
21.354894 52.371298 30.498825
15.875906 90.548571 28.346024
78.040875 71.009737 26.184181
24.702353 76.845564 28.118417
5.837500 58.820984 27.201652
96.481963 70.202170 28.299005
70.817724 68.660870 28.071677
49.211709 24.888075 27.024170
42.096092 19.578494 26.907178
88.366493 84.065537 26.272885
49.919718 7.503825 28.486040
51.608565 78.735752 27.541550
72.923450 84.956270 30.961844
71.417189 4.919055 31.129691
1.024451 38.769758 29.399921
79.302557 96.159954 28.491168
60.671169 56.162327 27.443873
5.836912 19.518312 29.503592
61.762930 37.209065 29.472978
97.511594 64.273447 27.469812
48.859352 56.792611 26.012645
81.207456 91.810153 25.127861
37.479837 70.432746 25.869494
18.192108 51.324037 28.082188
21.336008 27.300204 29.196845
51.964213 67.579206 29.234692
83.064399 76.558092 28.126566
0.062353 83.241444 26.084607
68.900795 6.438018 29.466836
19.363350 23.342051 26.221356
47.005317 46.918173 29.382604
42.916487 40.166961 27.839532
15.568734 23.192954 25.639578
86.404768 82.117348 25.194831
18.730936 16.414862 30.373331
30.881221 67.561332 26.318169
20.392736 26.383580 26.187963
10.912838 44.392978 25.109321
45.611103 57.096092 28.816050
60.562618 39.757585 29.891026
74.672266 47.306122 30.879023
28.056305 89.726571 28.900522
4.667752 80.879472 29.970866
10.513394 48.512121 25.339964
64.073523 70.339329 29.964906
9.294031 51.610800 31.114100
87.097912 68.950315 26.929849
84.379618 49.909697 26.103153
7.739754 35.961149 28.967823
85.150581 66.421465 27.221663
63.154359 86.377792 27.896839
50.725704 47.304654 26.305074
57.676726 92.282485 26.827891
72.769203 39.927155 30.006467
88.588810 17.331528 29.940940
92.458875 82.227332 28.660181
16.101132 39.512690 31.060163
64.589891 48.812155 27.284611
65.258414 99.592232 30.932451
27.293034 52.829447 28.031162
22.728318 29.659468 29.525832
76.413174 25.653919 29.778262
82.844334 63.155303 28.126225
21.526182 30.019833 29.399014
54.152937 51.114516 28.529465
39.554322 50.251688 30.808574
8.092361 34.407931 29.817520
0.122442 7.079724 25.984178
91.621672 33.807491 27.937719
67.427648 16.127776 26.399655
97.148852 96.078197 30.234186
15.240631 39.500971 27.905433
66.919440 40.102462 31.117190
47.598850 6.456587 25.278185
72.958053 26.701535 28.416572
47.263096 19.240595 29.184095
10.490663 70.657489 26.032181
51.121066 50.958651 30.785229
49.399856 46.774855 29.008546
15.611034 74.068697 27.638093
4.334013 5.548054 30.140195
33.196137 73.490764 29.388539
63.522168 34.852392 25.853295
5.577905 95.235902 28.340783
82.627883 29.903656 30.868179
75.243674 76.422893 29.061983
51.622817 89.395421 30.314289
0.532500 9.693319 25.920369
37.427418 79.231846 25.294221
37.272701 13.363166 25.440057
68.767549 38.030523 25.543375
40.421824 79.531666 26.148660
35.962910 42.096823 25.957340
2.058812 57.205183 30.685911
72.336759 5.062036 26.828347
67.700913 52.810096 26.572353
79.135963 4.431668 27.938367
80.741205 74.207732 30.772729
2.227087 76.982452 25.124235
82.897227 12.975132 31.205528
18.641154 56.858046 27.139341
8.796401 36.055120 28.895565
61.260503 14.678545 29.015401
38.395957 88.395723 30.472744
11.655616 74.086393 29.166723
69.428171 24.919054 30.438498
37.143010 45.885838 29.206953
58.856890 81.754783 27.741971
54.829164 51.116625 28.251179
2.158913 87.777411 26.481958
98.608070 24.037339 28.539875
68.417118 26.801773 29.545659
43.142184 11.657260 25.972076
32.086313 13.923295 25.125074
53.969443 33.735931 25.088404
57.942587 81.943752 30.436410
22.749405 96.123921 31.147300
59.099302 0.165095 25.620395
27.521500 79.871705 30.491804
22.288017 52.457285 26.979139
62.732817 81.661285 28.090287
96.041049 46.362801 29.128946
9.151024 34.063947 26.510468
81.303614 43.201370 25.700831
96.775096 87.507847 28.528250
0.984655 12.171180 29.914554
80.724643 19.884178 27.721206
60.685306 99.163054 27.319507
40.364515 65.110772 28.059097
16.575184 35.719426 29.547385
41.504840 14.297118 30.645121
66.377893 43.343628 26.032656
11.296253 26.920704 27.164328
83.920176 84.673507 27.120306
46.245840 44.085381 29.240184
20.085595 23.685749 28.583812
28.927997 13.924896 28.895220
66.235155 49.061936 25.410402
31.073197 44.813317 30.354199
51.329945 2.186289 29.426804
74.900689 25.959386 26.244260
63.775317 46.821347 26.873674
95.809323 35.877563 27.499534
69.930821 52.339306 25.055342
31.445328 53.544149 28.148877
98.339445 18.319325 25.396669
25.292153 3.404855 30.419058
11.550801 83.929016 25.856381
98.896829 24.735593 28.039582
24.920572 83.219084 29.424538
99.005654 79.351028 26.098398
97.973328 44.487369 26.152781
78.325077 24.378329 27.585481
21.962176 84.416631 30.388806
60.439123 55.909599 26.835999
90.739872 36.644323 27.471496
65.147231 72.017959 26.322310
79.373575 89.487121 25.421305
36.352248 67.216129 25.501874
97.190321 60.323816 29.275287
33.642144 5.339409 28.098222
25.768580 25.479178 26.191476
4.804879 96.638071 26.834196
36.895835 48.515258 30.483873
77.118780 93.437006 26.599838
27.197975 63.373275 25.345753
58.703397 98.336326 27.300147
37.982563 42.472576 30.729457
15.892662 91.886763 30.997917
61.376529 88.228879 29.672537
4.749151 62.556426 26.655440
29.732161 77.649386 25.449049
6.930734 60.731214 27.248403
93.922268 85.656041 26.218837
72.298145 47.551913 25.220935
21.433293 9.847366 30.793552
77.615808 75.771222 30.531751
43.141891 8.313117 29.440718
39.485236 95.521969 27.211966
77.842282 73.487197 27.695159
37.575750 30.937971 29.985663
94.504513 41.369567 29.382657
78.116313 65.899813 26.505238