70.566209 2.070739 29.088315
44.339236 86.112569 27.661209
80.859277 48.274450 30.659625
65.481679 68.167802 31.208640
86.295757 2.619514 26.700495
70.949424 99.604532 26.243674
79.861524 42.828580 25.746551
36.465934 61.813748 30.902088
12.923855 65.509698 25.321799
25.518360 71.010561 30.789676
0.360853 59.782822 29.358982
29.643904 11.502443 31.170020
9.686372 30.889940 27.351342
10.494808 2.141537 28.766180
7.378968 2.139349 27.696306
3.177162 45.263153 29.290059
82.768523 27.404600 27.644060
57.888702 63.728740 26.105578
22.583574 12.153267 31.079525
64.084745 81.557221 28.429756
75.399694 20.999216 28.366968
75.120939 18.721866 27.475971
65.855735 21.022205 28.785921
13.011131 21.465705 30.551130
58.782968 35.468412 26.359943
95.393366 62.152332 26.638946
32.564101 6.010397 27.155860
73.161238 86.154068 25.940690
39.674279 6.204845 25.130953
74.701812 27.221011 30.743140
75.764181 51.210070 26.584546
89.199067 44.472366 25.146259
22.623599 63.894195 25.245249
32.927525 72.242328 30.620218
11.532998 69.722015 26.463270
35.974290 16.332353 28.562659
29.276308 17.715727 30.535591
63.707611 14.618886 29.443312
76.330850 75.886996 25.646607
26.765749 61.999130 29.477010
59.125706 2.335574 26.601105
86.736931 60.401581 27.915872
60.511137 41.869844 26.058637
92.072440 86.473159 31.227113
37.729549 34.397912 31.026435
3.367902 76.615683 30.585900
94.207982 59.897884 27.372686
31.531868 58.239865 29.291536
69.133386 65.321439 29.747665
3.359974 63.061028 29.215939
97.708553 43.011533 26.121683
56.703908 13.293559 26.747531
72.867438 68.687479 29.944741
28.228157 78.549000 27.381676
34.406485 53.197380 26.525448
25.659189 1.147634 25.917461
20.193811 88.500174 27.339439
71.556970 25.498364 28.917067
64.102967 65.168288 30.274506
46.382219 33.933809 26.702668
67.870604 84.253038 31.115057
95.208285 62.321966 31.124881
42.571154 11.686272 27.388184
0.619264 62.792783 28.522796
26.905871 96.937984 26.743524
9.592615 74.029709 27.615771
73.307276 7.921736 29.463227
87.857965 28.227057 27.042943
71.948720 63.497162 27.269797
3.405213 37.724603 26.834689
40.177639 81.588288 27.278928
92.887351 71.581457 31.047623
31.841537 25.536644 30.017261
17.038658 51.887610 27.981038
73.842443 20.614883 28.945447
89.063450 49.400687 27.414489
47.886117 85.934893 29.220203
63.996295 69.349592 29.776282
97.576911 44.078002 26.835777
30.374597 56.744555 30.261080
21.677961 39.804075 25.684581
61.584074 5.714393 26.631149
94.153009 73.470937 27.176922
68.219351 50.487990 27.144231
20.454055 90.675160 26.892696
33.955878 48.620090 25.565789
72.173723 46.498314 28.404708
86.154742 54.440706 27.058366
8.164859 46.655636 26.831229
62.905006 34.943600 25.780183
85.912976 32.523202 25.969746
89.136003 60.198980 27.677806
57.428597 25.423766 27.937133
68.483159 66.433616 29.561001
35.669508 71.452457 27.329322
9.013593 1.134656 27.590417
31.497798 97.831749 30.469018
8.549388 64.676420 28.365104
72.659211 94.015760 31.224821
43.043243 0.365424 30.545433
4.781193 1.204690 25.344131
84.438312 77.803445 25.183640
3.161618 81.984219 25.881213
88.259475 56.484312 27.128011
1.291533 17.996179 29.443312
37.739969 15.094940 29.212619
78.313128 6.251024 31.190747
27.554585 53.251700 29.917137
97.318871 30.022827 29.859187
68.229121 37.173898 25.630482
18.626863 11.977987 29.641347
36.079569 68.306211 27.292650
33.367205 41.526784 28.935254
93.126534 36.250957 30.262456
82.781357 25.091994 30.868170
7.422164 36.596702 30.448620
57.863323 68.418327 26.737720
88.741025 38.185395 30.669153
52.890885 63.950379 26.947994
20.925720 6.549282 28.021999
25.304936 91.438193 28.933202
18.357669 47.426083 25.573010
17.251292 31.941954 27.930434
61.680925 17.354656 26.130666
15.584077 22.398180 26.418939
37.831444 83.434306 28.594716
95.037247 65.681672 30.464252
2.016547 80.038939 27.421585
17.532785 26.883210 29.018814
20.023698 32.253611 31.078774
71.243825 26.508937 30.519122
84.762397 78.328869 26.173398
10.871837 38.705733 26.751661
0.167303 50.524413 26.852480
35.801042 17.423499 26.510738
82.013849 27.509413 27.244937
17.464187 69.758341 26.480413
81.857186 84.257201 30.253596
3.146333 82.489214 25.421754
1.535084 70.031894 27.129032
91.865782 86.566643 29.929398
81.821215 78.570758 31.013419
28.615994 28.930453 26.647940
20.620624 97.989397 29.819947
30.115036 23.511478 30.779003
84.231968 74.280881 30.626685
25.922470 21.176606 26.800935
46.744518 88.514221 28.832749
47.515665 59.937935 26.048834
38.014795 74.137930 26.884818
40.599975 66.913993 29.152537
3.626283 25.496765 30.031642
36.316842 58.891760 27.141949
30.340023 87.700761 26.275217
4.108776 20.108263 25.653780
14.280917 2.002532 28.353218
2.826911 94.719736 26.596730
35.703091 46.505059 28.498467
48.204717 30.043022 28.011125
32.927978 54.202498 25.531450
59.898954 47.597158 30.311222
34.288158 61.511446 25.673760
83.378174 75.565725 27.112858
63.636552 10.710498 30.853486
88.567513 44.614788 31.140929
25.511069 15.623828 27.571982
59.858601 68.333658 29.853652
17.515036 55.115395 31.088224
84.419835 26.374144 28.451586
23.198734 96.270857 26.807538
23.225984 5.133922 29.712187
82.797277 29.743316 30.635004
43.193752 11.465681 30.468736
51.225951 93.296856 26.204241
15.922573 98.373944 28.815823
0.159769 17.175049 25.496017
66.097542 96.984108 25.256849
28.661965 72.168100 28.802748
29.991934 20.603024 28.362412
61.803156 26.092877 29.180917
30.100105 11.988224 30.845267
90.125943 99.754852 28.974268
29.734929 91.308650 26.807313
61.341295 1.982900 29.544934
42.185167 57.172586 25.073546
4.718595 80.946066 29.516253
8.238020 23.842451 27.419389
18.483414 37.479048 30.082610
4.591391 92.800573 27.757913
72.521533 76.043023 25.211505
84.003251 10.402069 26.440488
77.815991 41.216845 30.176801
35.835975 78.499881 25.790036
84.032007 13.474465 28.836449
97.175119 52.042185 25.447871
65.014230 60.940618 26.459904
25.780550 70.504098 30.897035
42.231674 99.222247 29.490077
81.800815 36.192480 29.316791
40.697190 2.131180 29.200638
43.210229 66.596415 30.601970
47.277351 26.156026 29.400454
0.087804 71.287936 29.228809
12.123959 67.428632 28.938696
62.284791 47.621049 28.408196
79.455732 22.552685 30.464228
37.436797 6.434565 29.294907
9.920832 55.846575 26.638520
25.382909 62.551224 28.067490
50.611960 51.974416 26.910613
35.911893 21.689155 25.846147
94.368234 59.817747 30.441149
8.055967 26.393749 28.218403
19.152977 98.256325 29.727137
34.833663 91.649311 26.940686
8.409342 29.280443 30.330619
0.975363 88.317086 26.453690
23.905630 20.007169 27.225644
74.128310 88.158981 25.509803
73.178931 51.109424 26.310313
68.351115 26.597917 29.658601
62.870679 20.597838 31.024012
38.418323 45.705484 30.589250
55.807957 30.912559 27.238047
31.936461 98.497417 28.561305
39.904328 88.321129 28.897277
60.693973 57.990293 31.218315
72.344074 78.357639 30.458190
18.836514 77.277459 29.345164
76.552791 78.354114 25.741336
23.868389 2.680826 26.253111
72.082045 95.635055 30.026375
76.702753 26.790198 28.524889
49.296693 43.464403 26.847733
35.404627 4.761286 25.957452
44.659238 62.935099 30.276856
35.488265 67.636435 28.566080
11.811395 54.256859 30.083185
30.718917 12.815730 25.497127
16.436611 32.063185 26.706272
76.778341 5.197926 29.128293
66.200119 7.015574 25.869946
83.801867 2.922592 30.258756
41.901323 3.368934 27.536310
33.148712 16.825908 25.132666
92.764569 79.679452 28.671607
90.927773 87.301044 25.296800
32.109658 18.785921 26.752736
86.018291 69.940759 26.731146
86.667160 85.533528 28.391862
15.526637 73.377558 27.752266
17.019296 77.056720 29.006409
30.625774 58.121657 25.092452
22.720498 20.224871 28.719372
75.817012 28.236418 30.061543
3.849251 15.056971 27.183669
37.985685 24.081090 29.526383
89.920726 63.696597 28.348537
31.937222 63.585440 27.132136
31.900884 62.061702 27.329059
70.024464 77.513232 30.040712
52.263195 84.581583 30.980141
69.119441 61.211906 30.845757
87.505616 23.556095 27.044778
84.933603 98.685882 26.012769
59.083143 41.353688 31.017441
92.810600 97.331168 30.291023
51.453860 71.544057 27.231319
30.457803 98.621133 27.439373
62.464712 56.999299 30.439969
70.893395 69.641142 27.771733
26.915381 97.998456 27.274448
36.940652 9.001953 29.483578
20.373053 55.136881 26.350892
61.584939 87.708714 29.293633
8.093069 93.975836 27.416946
18.274991 43.232159 26.367839
82.233800 22.316629 28.011432
10.996733 23.426782 28.269367
65.679150 35.774525 28.239066
54.107101 13.689835 27.244637
4.962040 80.001877 25.735508
35.231974 89.013790 28.475901
36.525994 70.815240 25.885069
44.926342 40.653570 27.514696
87.465288 22.286244 27.042359
59.539789 65.966725 26.777541
28.112437 37.747142 28.005049
27.111618 63.559615 27.112164
12.930350 46.888374 29.071947
14.773590 3.759331 30.117762
46.485526 20.035995 25.430370
0.853975 72.804198 26.629785
9.131011 88.803924 28.518950
40.745037 20.328620 29.852987
93.516224 38.581498 29.333567
65.247527 89.360606 25.003414
29.696738 79.891128 25.336183
59.707592 2.914871 29.508459
3.919749 21.437424 27.229786
74.336617 39.513909 27.594089
11.561170 71.685170 29.935874
53.795325 84.277665 27.983550
7.873772 36.231112 30.778298
39.617828 58.168270 25.277848
33.341665 54.963606 28.294727
49.996422 0.838417 29.301320
5.179225 93.162971 28.010375
44.223189 6.897904 25.425422
49.374470 12.780105 26.662583
86.704181 45.287423 29.200932
5.573881 1.608312 29.268853
66.445725 56.413844 28.640232
4.782988 37.799263 29.675562
71.700925 48.661770 30.912759
44.667380 3.807812 26.673907
78.862793 24.167165 30.083737
58.476782 85.740952 25.021173
94.526715 80.237719 30.805743
3.187368 35.347230 28.700979
25.290292 17.874582 25.678835
27.151674 83.888479 26.020211
41.630083 2.692742 25.323578
63.914341 10.978683 26.593527
80.617954 95.085946 30.393785
75.180618 90.542741 28.298408
82.646294 93.841408 28.917290
90.859067 1.417061 26.810933
0.662667 93.115927 28.924949
99.475831 2.255818 27.343603
21.526855 48.893204 28.086890
62.690962 12.365377 30.234613
75.198512 80.792513 26.049425
11.200962 80.387055 29.057754
58.428711 52.718526 30.034235
0.909671 16.926525 28.006655
51.175317 96.130261 28.470191
85.024688 72.002326 25.574802
82.237837 89.578949 31.170227
58.871801 19.034180 28.249206
16.633802 47.900256 28.743493
94.189479 43.656105 28.706025
12.892066 25.336611 30.208773
64.258895 28.479656 28.224298
76.257203 27.920724 25.157671
21.843883 21.344356 30.269389
33.744773 88.640276 30.815663
69.635789 37.834119 31.119664
43.651343 5.067104 28.681266
89.048041 74.546995 25.702532
25.800768 34.035624 25.307072
83.373743 95.740239 25.166361
93.908008 73.124896 30.355737
13.626944 6.392181 28.422454
74.385103 37.186742 27.614436
59.011712 60.873569 29.890881
55.409678 63.564177 28.240096
61.703958 27.664544 25.051217
7.062548 8.052394 27.659329
8.996026 74.882299 25.568684
93.140865 67.995641 25.575811
0.107036 21.043831 27.920261
79.200978 27.621870 29.179805
60.936004 22.248343 30.303132
50.656613 55.791799 29.651827
65.993551 56.265528 28.626027
70.772063 99.311676 25.329199
24.706443 33.369270 30.628681
47.485376 37.660229 31.090944
14.773118 1.967399 25.989374
66.349962 81.456270 26.605827
28.941467 74.434497 26.404077
57.402668 85.553719 27.619238
83.652705 95.228986 28.897006
38.784208 8.977709 25.488685
31.039332 21.038578 25.488029
78.558361 59.379054 28.083778
39.837948 32.761139 28.033942
50.590937 55.126577 27.905935
19.088165 57.529591 28.784738
90.653208 59.359642 28.175678
87.680273 78.941706 30.154373
27.281102 81.131974 26.721091
29.417112 22.968782 26.722548
89.008085 41.882423 29.341917
67.705798 63.719114 26.504243
86.720209 97.584090 28.000640
24.723906 2.278975 30.893402
5.398904 91.635206 28.467451
88.758763 18.246318 30.300450
66.411223 58.458865 27.637608
99.341015 71.051468 27.012535
58.069542 50.716950 27.023139
61.665819 63.239187 28.346154
51.032302 44.195909 27.722098
23.572415 72.384068 29.335721
95.236289 13.925412 30.838160
57.932354 15.472597 29.260144
60.864644 14.411685 31.231924
83.879469 77.104647 30.998448