88.529759 22.360211 30.572511
11.780020 58.240145 28.686642
56.908491 73.850464 30.342017
89.132415 5.921707 27.382754
8.224637 77.774059 28.832104
34.072370 77.267456 27.827873
79.150940 58.277199 29.654345
59.006757 27.411694 28.379525
96.301130 77.624197 25.155569
27.081587 70.754254 25.434962
89.688032 44.357382 29.271042
38.386177 72.830931 25.056980
23.352084 87.969496 26.660236
23.957828 24.296155 30.914533
89.788880 9.551170 29.664352
3.309860 63.892678 28.244357
92.560752 47.579087 30.574844
73.522146 33.988780 27.257047
34.626964 8.394050 28.267727
17.254150 47.068448 28.617492
3.868598 23.936264 26.878660
19.258790 55.695574 25.343021
90.226632 78.417194 29.794526
7.544409 51.693198 29.002309
32.902497 98.979209 27.717752
91.436449 23.842049 31.168669
54.724416 31.600039 28.251202
32.982143 73.157761 25.228916
89.664736 51.515739 27.675959
34.684915 61.433741 30.932058
94.034539 79.572882 30.496114
62.692642 39.242068 26.233871
3.589960 43.592856 27.927838
3.878038 78.093981 26.897117
65.957228 60.812114 25.452713
79.411304 83.908032 30.227855
74.888023 73.017216 26.927111
65.115590 16.426380 27.670911
70.501039 64.069124 26.961784
43.310154 46.586473 30.524016
99.488996 54.288602 30.078450
34.687140 48.841150 26.470903
66.349639 48.771733 27.440569
23.113746 37.927158 27.981820
59.404599 89.829735 30.109402
59.626047 32.761529 26.339619
83.103123 48.068430 28.091882
45.922105 21.834598 30.899482
82.255155 54.475015 30.641213
90.220571 23.986823 27.887021
77.177839 16.767516 25.365712
92.395458 61.323345 26.008449
80.708810 12.966069 28.847953
29.747235 12.074257 30.826441
64.102299 65.957736 25.259738
58.980160 61.299916 30.495298
71.594247 31.722246 30.524160
60.255356 41.660212 25.812709
97.833448 71.644619 27.026252
58.408924 0.187810 28.811459
16.921155 84.986332 28.915275
32.591893 71.282553 29.785853
23.154458 0.147967 30.574078
79.598153 59.182067 31.238903
18.894882 4.674417 28.916378
99.536538 4.584977 26.698775
16.549165 66.389259 25.663958
47.690930 81.406058 27.896656
41.565216 14.735723 28.181476
92.670155 80.711120 27.345984
25.027863 17.278312 27.674893
74.871418 2.302725 26.600873
83.627169 44.771640 31.018649
99.221574 79.831537 28.447063
94.626992 13.319789 30.546037
97.568426 44.824384 29.167902
59.098654 59.911639 30.373679
10.876486 73.414360 29.965695
92.407821 91.769324 31.072579
97.512496 90.203294 30.045557
65.768476 29.100714 30.518402
56.586264 51.354289 27.723728
63.152554 70.784680 26.152138
42.900478 19.095082 31.198824
92.250519 69.545555 29.732257
50.646234 1.390270 29.036112
95.286000 24.470106 26.198513
40.728191 27.655791 26.723971
65.280458 39.430803 28.895892
83.445059 36.786412 25.494741
71.844280 76.550365 29.344608
12.609108 23.062466 28.392272
77.844316 64.269820 26.761993
98.959522 15.190890 26.661880
27.213996 86.560100 29.178476
89.446598 55.240133 27.948637
14.551541 37.658562 27.204178
22.188285 56.929211 30.929474
23.731381 46.986411 27.050846
11.717113 17.357672 29.676128
44.759122 26.348819 28.149196
30.220372 77.287455 29.508419
95.078074 71.368537 30.469749
91.762499 97.751429 29.988031
42.792978 48.952128 25.017297
55.942544 35.544425 27.980005
6.207257 8.570175 25.611102
53.041926 7.872493 25.370121
51.676273 1.095257 27.906918
90.024752 86.126114 26.426808
61.002187 96.444155 26.449793
79.609550 68.897532 30.678103
48.301776 18.723490 25.508163
82.029817 36.788636 26.965221
1.225636 40.468534 25.169912
46.125891 17.266482 28.365195
75.354356 46.485873 26.600396
40.315744 65.079190 27.155034
54.783764 77.702151 26.571299
87.539808 33.554843 30.966456
6.718104 54.496855 26.656910
1.688426 33.682364 26.301111
48.157102 47.963840 29.803800
78.262456 79.575466 27.940862
72.598634 76.916336 26.446139
2.551736 23.747986 26.704975
43.344186 98.897186 28.187571
0.448371 86.037581 28.923699
9.246968 32.692755 28.495591
14.824533 50.439785 30.841487
34.127135 62.745090 27.657725
14.856701 34.863142 31.185862
95.961788 11.332368 27.111069
96.224561 37.138263 26.295772
54.497557 9.607363 28.018535
90.833666 49.661914 25.602845
13.292760 53.803399 26.104862
80.848798 37.829268 30.394741
24.335655 84.795295 30.702510
89.068442 33.329651 25.202754
83.803009 48.256189 29.221858
70.183490 47.876740 28.129543
91.506170 53.588522 28.903219
82.447484 27.526684 25.767625
76.369175 62.051050 26.657819
90.322394 95.894715 30.737808
24.479342 26.095770 30.699974
99.170263 79.865052 29.896203
6.643514 37.170769 29.738409
28.740950 29.281586 26.049993
21.370301 24.049605 29.030910
2.062819 68.450858 25.833585
3.737580 47.005207 30.799907
70.329875 18.231354 26.977683
25.945056 14.606877 25.200909
50.407649 1.482664 26.504680
59.942097 48.690707 28.886247
71.064683 29.116988 27.808367
59.325819 19.968668 27.167643
26.035769 10.936668 30.305559
1.334857 50.658544 27.326991
93.945049 47.776547 27.104678
31.250853 8.647129 26.152581
59.373437 74.323563 27.652912
49.798758 99.160720 27.105269
47.405578 28.338755 26.746022
24.343824 65.213948 27.102053
18.248617 53.386029 29.377705
54.786667 94.390848 30.024413
93.176116 73.823057 27.804199
86.088226 75.867901 28.558889
42.771478 54.363029 25.326948
98.739591 10.412337 27.772517
90.510154 72.953225 29.896353
66.215711 22.336318 30.810432
89.946012 18.978023 29.800377
6.773378 37.139379 30.933112
70.578010 3.844154 27.495353
33.143159 74.228305 27.215010
16.920619 84.713105 26.863725
9.740723 20.296337 29.320683
69.695673 82.716438 29.600574
62.033910 22.326671 26.407516
85.005266 29.237341 27.055542
87.526950 4.328453 25.972493
15.430901 29.360860 31.081157
62.335930 47.483848 27.532237
6.760129 0.555014 27.340703
3.493936 84.709636 29.649539
10.054274 44.200369 29.482113
20.212697 4.428674 27.839105
99.744104 34.831490 29.315363
65.663004 29.429530 30.331563
87.817600 65.742186 31.172109
3.675332 18.319862 29.157929
65.395131 9.485709 30.805265
38.003550 7.540094 26.625926
15.873845 21.777506 29.590271
12.239915 28.683217 25.147345
42.645416 8.402068 30.109933
16.222021 44.893639 31.057090
46.683491 16.218625 26.084775
21.403829 22.408958 26.454397
74.748685 45.139499 30.436967
16.323897 64.366725 29.831887
98.021800 43.350876 25.860106
62.708079 73.420421 29.479125
93.810596 39.054598 26.902036
42.420184 64.377686 30.276693
22.975366 20.252935 25.604950
54.299552 30.568947 27.140451
54.900725 88.470602 27.248742
62.768241 3.977187 28.241724
5.469069 77.813606 28.491272
35.974403 64.347826 27.423878
72.219734 21.383096 26.514098
26.840238 65.574937 28.737611
67.942928 14.719994 29.447034
97.007405 14.027918 30.637783
38.592378 18.851020 31.131582
93.474901 84.249424 29.813928
41.637907 96.922080 28.344314
55.663211 0.923804 25.247289
84.727787 94.476059 26.550964
52.739117 41.893612 28.947714
64.023186 72.425656 25.175659
0.492293 54.016656 29.886024
64.635927 28.802589 28.823475
79.703545 78.044353 31.178256
99.583148 0.358130 27.483931
99.643966 10.594922 25.661041
98.756280 83.705290 27.279137
14.910045 15.800159 28.845503
79.078285 13.568541 27.637355
69.957865 66.797725 29.804321
13.611293 70.332834 29.636938
3.096766 58.829382 26.220649
41.521986 6.420398 29.756282
8.503873 97.043925 27.082614
80.257942 51.467742 29.691941
80.469362 4.378851 30.324263
43.410044 62.558146 29.904760
16.967090 42.551764 29.416575
33.393614 33.761553 25.561760
51.649481 80.735944 26.621899
81.006990 48.333486 26.469693
54.570802 75.348317 27.228190
98.821916 62.191851 28.380883
12.321447 27.550486 25.057502
4.615770 11.452054 29.368449
51.484974 83.133716 28.803084
80.740284 60.397293 29.893421
70.682822 10.980869 28.120980
27.068256 11.116114 26.486703
41.345950 83.389067 30.092507
61.476887 36.772471 26.895695
95.406584 62.234835 26.541578
19.370189 16.173739 25.739476
44.874161 56.733128 29.027305
55.057499 51.097931 26.363832
16.469815 34.535955 29.099625
63.615274 97.865155 30.972211
58.323198 91.327989 25.107935
30.613093 91.724213 27.241097
5.104011 43.082902 25.738456
94.334885 89.322582 27.149989
46.509114 39.267033 28.094228
65.475894 16.144808 26.004251
28.644981 13.489463 26.183777
13.090174 27.181486 28.416461
87.773151 43.695051 29.589472
81.590791 85.034385 29.060777
31.306053 73.909981 28.463162
69.109005 43.846746 29.239537
53.096857 92.505979 26.349083
3.297234 31.960413 29.122398
9.976456 52.934944 28.079405
53.675479 1.293768 26.870345
17.596934 79.981345 28.818796
82.815388 0.507768 25.647449
23.351108 95.160016 26.303841
69.878093 58.540969 26.844050
35.229033 87.244472 30.035587
54.967875 88.836293 26.445393
28.846859 47.079630 26.101488
74.155800 74.428541 27.768803
7.737734 25.924631 30.928028
64.610228 80.695630 26.035970
72.563593 74.528621 28.330691
82.892381 16.496827 28.375715
96.399910 51.105990 27.777106
40.700388 4.716440 27.499564
89.651738 97.638517 26.105643
81.903179 23.986515 25.066764
72.612565 36.095482 27.135212
1.035244 71.668030 27.048665
5.634316 75.166290 27.741136
57.923549 4.423817 25.229109
25.681218 18.259363 25.937174
79.537656 37.680257 30.694128
57.061996 84.869365 29.258412
33.747039 57.546763 28.665179
90.926127 90.757972 30.085673
82.332167 94.557921 29.385524
53.113229 17.345501 27.301015
11.996381 97.975634 25.863143
6.573452 50.267415 26.199902
81.728568 95.097211 26.339260
81.318676 92.480730 26.769148
90.929250 8.796184 29.455789
16.681604 68.168128 28.862023
77.047744 66.359511 26.007257
80.019727 90.070489 29.790814
46.959242 38.291022 28.487000
19.172915 79.538744 29.002252
48.473360 20.087544 27.346582
95.222790 49.469792 25.113299
75.880664 42.612462 26.998568
89.465697 57.213819 27.495929
39.332345 68.927032 27.795479
18.099252 21.844954 26.747228
8.952222 10.828989 27.986400
47.226188 15.117262 25.145748
84.590123 62.860596 28.963884
15.064800 66.025192 29.768998
37.927859 39.801993 29.985942
21.177445 33.772013 25.151741
75.687216 97.049051 30.813750
42.377747 69.044552 27.257490
52.214648 30.061164 25.632213
74.928115 93.507181 27.764114
88.021838 31.789190 31.091278
66.436011 97.153605 27.507088
61.216567 28.016675 29.114234
9.245507 63.803568 29.515133
69.254969 15.153784 28.911353
84.869682 9.053381 27.266432
99.079479 64.708281 29.347017
91.627208 22.128845 30.778382
11.370359 23.569664 29.037086
41.461474 36.462178 30.206863
68.901456 51.890124 27.619701
44.597742 17.776426 25.628385
51.457010 31.866456 26.767252
99.060647 71.202441 29.828949
46.493254 61.702792 30.458182
98.963339 6.724505 26.663959
49.265557 96.771715 26.827139
58.344213 16.265625 28.963089
62.898586 75.031878 30.580936
14.124164 12.959533 30.526747
84.174802 98.726648 25.324551
47.752708 20.204435 29.440942
49.425301 23.111342 28.078982
31.880888 77.221442 29.916903
84.194789 56.519379 26.498609
84.723379 61.760068 27.027260
16.164232 41.836915 25.916931
32.555360 47.985576 27.421350
23.682145 56.673966 28.774997
2.854927 21.218003 27.041602
48.078188 10.592732 27.972351
7.521543 27.116862 27.226951
90.764042 33.420745 28.631326
75.119333 24.123636 26.288136
0.786737 4.930750 30.930952
27.939020 62.711230 30.584874
15.390298 5.067426 27.911730
3.598270 73.050676 28.539889
10.873318 27.419681 30.239316
57.566893 16.934056 29.477562
79.523006 46.315964 26.106312
74.326722 31.661937 28.538841
92.370674 79.263447 30.988109
97.179738 5.847611 25.481793
72.182547 55.377826 26.105665
49.441827 83.477162 26.810364
63.110317 85.801288 30.971833
62.621343 77.595224 27.114629
57.016745 48.760922 27.980239
47.123682 85.215986 26.656845
29.499906 19.708384 25.959726
91.906871 28.278882 30.985990
33.226167 67.243571 26.463449
20.143123 69.800489 30.720580
8.566609 53.073458 30.958287
9.193481 97.399000 28.796350
1.118204 71.755330 26.752442
48.574685 66.969200 25.084403
71.449838 48.344127 28.439853
15.084397 11.378463 29.447714
37.856163 39.431385 29.245865
12.276713 87.826391 31.004840
31.984168 55.902240 30.982013
89.795146 99.686822 28.510035
83.146547 74.294293 29.358010
84.046412 67.135303 25.308080
82.506365 83.583464 25.588473
63.606827 44.249427 27.047852
32.717324 42.959295 28.239064