9.393221 85.544540 27.067626
38.792248 66.120169 27.105855
35.508167 39.945860 26.213649
96.922758 33.592660 28.797298
4.273540 16.016623 29.875791
9.662872 52.249823 27.242578
40.637659 21.950484 31.102716
41.159214 43.361584 27.301217
35.091576 75.635805 28.208158
22.717833 64.119386 26.711944
4.487405 90.472692 29.647095
96.269719 0.705485 30.326197
84.001298 2.273600 26.470591
21.866177 99.459703 29.884146
45.589753 54.557270 27.031564
69.906617 31.764221 28.792996
38.701776 21.242178 30.462274
26.923049 84.455065 25.955908
24.166357 8.148659 25.658554
4.578304 63.264291 30.420029
39.480475 61.596463 26.183841
39.262332 29.127785 27.191314
9.331272 41.833403 26.824528
89.154860 78.675584 29.744801
87.979535 60.950673 28.733029
80.669739 76.041073 26.480680
97.270339 86.550253 28.056358
55.617882 55.231465 28.624697
61.123812 92.131448 26.203061
34.524341 26.095757 27.912819
71.380074 89.728574 30.952157
24.097361 43.235885 26.000887
59.752156 21.598550 26.190499
54.571270 21.586582 30.057837
50.742482 80.662475 29.881242
34.876963 31.698008 27.377915
71.172690 99.726717 29.906692
10.772205 21.748691 27.368993
4.538190 82.161034 29.269349
72.080844 59.275720 26.002507
81.852095 6.462959 26.268387
95.298362 28.164299 26.504574
36.712406 36.436079 30.585391
29.003927 74.364401 30.445684
18.557113 79.638144 30.684722
45.996585 52.048528 30.328690
90.162460 98.119608 27.462461
86.588572 49.709296 29.320070
49.467589 4.958538 27.494611
21.341527 82.831801 29.469497
79.599854 22.452066 27.654431
24.275057 82.150354 27.244434
8.753496 66.539019 25.533098
95.172464 91.514319 25.464193
79.249092 71.436481 28.163960
43.893720 46.883867 27.206402
24.223870 1.923962 27.154343
66.650120 2.124375 27.007776
57.415982 53.225814 27.446291
84.542213 71.634106 30.776402
7.982014 93.664090 26.595559
8.208335 55.558236 30.873096
37.309475 62.627326 27.975278
41.135465 38.283160 27.869245
72.772662 5.157619 30.324799
62.571536 1.690651 27.198196
21.932109 91.622613 27.374912
31.494871 18.754386 26.925530
66.150312 82.033099 26.533615
81.402878 38.841546 30.664670
92.739065 73.534623 27.537528
82.194880 94.990739 26.169802
26.487142 59.273316 30.565074
90.559788 49.129202 27.730598
88.737101 59.129711 27.036670
52.273683 95.995183 25.842582
4.231242 8.268082 27.224703
49.258885 83.553343 28.003261
76.727002 23.555348 30.358624
39.354000 35.590139 29.193572
46.189581 24.537099 28.911937
38.973871 57.328434 27.132840
74.825807 93.707166 28.680848
31.056140 4.022467 25.265716
62.483510 20.219129 28.333404
63.302142 89.863857 30.645516
91.843992 66.287109 30.273242
97.537372 5.065036 26.764187
74.419374 61.663492 26.355467
5.592298 36.794126 30.058275
28.929267 79.109391 30.923289
86.984722 21.771588 29.856309
56.128691 65.848045 25.605577
39.944867 94.031168 29.831358
27.237469 33.828882 26.288887
28.506450 19.009214 28.771996
71.762773 66.620335 30.478496
36.167795 27.502004 27.788264
96.166775 43.425737 25.224114
57.681954 10.030061 30.397961
69.252835 12.000585 31.031541
69.791333 16.754153 26.764553
58.005498 6.021473 29.633527
76.477288 40.758041 31.017720
87.481496 5.676200 25.723823
78.386192 11.773955 27.112347
37.281055 40.737171 31.192514
66.169764 0.543959 30.687912
91.412569 28.443481 30.245991
62.985919 5.443130 26.332549
83.693152 54.011462 26.592250
49.546914 13.000753 29.692526
43.195290 78.589350 25.221966
7.793235 37.703514 31.179760
92.383603 44.416751 28.914737
70.384486 29.150962 26.447966
62.699024 85.096080 25.856174
35.715829 64.308648 25.477271
7.111371 48.287011 27.415799
76.736664 54.074325 30.998791
83.579319 3.798153 30.660125
53.070961 79.882015 29.511924
11.223948 42.740688 30.009274
64.166374 75.090643 27.617644
51.423616 15.672330 27.972811
8.900858 82.859560 29.234622
51.684861 78.368872 26.160097
38.673463 22.713062 27.446286
15.588367 94.171465 27.079867
92.555990 98.663493 25.306232
64.216697 93.084028 27.817089
59.346101 74.011941 30.897168
20.152231 79.320009 28.192408
92.778275 61.466251 29.226131
83.349162 47.070633 29.880945
16.612585 31.077416 28.819795
88.795816 16.462579 28.802121
46.863274 80.374717 28.657399
23.817559 95.873694 27.055138
96.401730 15.246335 28.170220
34.890461 63.812375 29.788625
77.782718 64.832530 26.314198
11.151129 39.955468 29.294158
77.599986 5.947311 28.807119
42.125737 74.946907 30.192800
84.454942 34.541216 28.697106
26.869979 83.748678 30.446556
57.975633 46.200031 28.526400
75.531445 91.070261 27.872662
5.309832 27.189359 26.738040
11.793880 88.345968 25.468146
78.250646 42.830644 30.041596
58.054910 84.354292 25.043184
87.773982 32.461578 25.172849
37.879900 2.115475 26.764112
38.055555 60.600449 30.804065
67.880764 15.544230 25.583107
92.846343 0.081861 26.155925
50.149299 7.955526 25.869043
84.532891 22.000462 26.919130
78.682696 30.850976 29.884090
98.784272 62.230274 29.629891
75.259043 42.295462 28.398197
59.148187 60.341168 26.095506
29.908587 89.064428 29.261199
4.455942 36.354524 30.634766
41.328234 50.775495 28.002669
99.011588 1.841243 25.095753
22.804020 86.798032 30.828167
23.645666 41.913552 30.535247
96.016997 25.862276 26.557791
26.233623 47.947273 30.642842
42.825393 98.788041 26.021381
72.073199 26.986587 31.162571
44.842169 64.167603 27.960007
38.624484 66.708432 27.117406
12.607665 33.857944 27.369377
8.827636 32.083565 26.256645
57.696386 18.536330 29.089301
22.254363 67.328677 29.755727
40.482471 7.311650 30.371559
72.380504 92.925690 29.209709
28.099255 30.250461 31.163077
80.051385 49.143076 30.922990
53.238975 21.805459 25.665596
7.037166 75.531878 30.812567
77.126742 38.561733 29.446082
46.585764 84.121555 27.587553
68.536484 82.075718 28.731201
12.750750 39.929165 29.328896
27.085290 66.547731 25.068058
14.145624 74.732864 27.861088
69.143650 76.318905 25.824024
10.751134 50.727072 31.145682
87.601111 13.840364 26.738964
43.525575 62.592996 29.288851
24.674890 4.819280 31.028620
1.860109 65.029108 27.463176
10.532802 96.015992 25.947377
28.412925 7.694398 27.565396
34.739148 57.944721 25.535549
52.308956 30.373753 31.139736
21.941359 28.941301 28.073356
62.873203 92.462793 27.907343
5.859377 54.307916 26.656186
80.335812 44.416785 26.282438
34.302997 47.608127 27.573777
67.103362 63.209653 30.029620
95.740853 56.762136 28.474952
46.561557 34.848537 28.791384
58.302224 58.101493 27.140662
87.360536 64.083267 28.367211
51.720735 42.415808 30.454186
11.043784 80.022215 30.571221
59.935903 84.119275 30.552963
28.375332 20.196301 25.534070
7.697066 76.240771 27.409102
85.786008 71.419501 26.130387
97.371794 94.641936 25.131047
62.246437 29.100665 28.571264
63.831306 74.258292 29.963344
41.285846 65.577726 25.918546
91.338335 81.450688 30.088925
38.252418 48.056060 26.980934
68.142462 83.762726 26.181421
23.507348 28.840979 26.869136
8.691845 85.718046 30.918318
97.157895 10.031941 25.618299
53.054864 25.031349 27.653559
6.729982 68.171939 28.711966
51.881392 48.145544 27.751675
72.462403 10.347867 26.676344
25.652946 64.454446 30.552887
34.385627 98.749812 28.345492
90.171246 1.274961 31.225949
2.442515 33.700174 28.554526
48.752412 9.947254 29.875659
71.032183 31.095223 25.832989
92.083117 9.351585 26.681446
83.147019 50.088304 29.340587
23.555386 73.339694 31.208037
66.125961 65.953465 29.771479
82.657348 43.003028 31.066542
94.040606 52.190648 30.421792
57.123748 76.135283 27.619340
11.599645 85.426288 28.401250
32.954144 96.194213 26.595189
9.516248 22.371709 30.989743
93.882394 74.072834 30.437972
6.728494 66.540289 25.716876
60.134557 88.260044 28.322416
33.647129 83.481446 29.541262
44.729288 22.573951 28.974364
8.466960 83.934531 30.742392
62.464503 70.475816 29.840471
38.511162 6.074965 30.832933
69.285335 70.954159 27.177805
48.848368 48.120703 26.540743
6.521540 48.003132 31.059838
28.722635 77.725107 25.008001
55.561561 30.297020 25.352072
72.644781 50.303236 29.502406
53.307830 0.526109 28.914648
89.069162 28.738082 27.074454
73.059271 64.860575 27.655590
3.195841 12.487359 27.960589
2.447622 95.786037 27.821361
18.457148 10.767041 28.524825
64.546553 25.845211 26.995740
23.893614 22.289545 26.057981
11.143356 29.093940 27.780563
45.313360 44.639166 25.621247
20.573561 16.929180 30.435691
16.331850 79.225693 29.587472
62.776876 83.190533 29.468156
28.599877 72.554365 28.540095
96.269860 64.527980 30.991476
56.364966 57.753019 30.834390
57.936067 79.127099 31.190134
59.128932 2.404313 26.838441
10.455012 10.390542 29.518192
14.903862 1.803253 27.197072
23.111699 78.235896 30.144503
18.863603 14.227778 26.757335
93.348010 16.545650 30.279112
86.603557 24.606211 30.444153
35.775912 64.551994 25.156283
97.354141 38.158158 26.966929
5.825633 89.615610 29.359283
84.460443 12.355962 28.266490
10.583458 25.273484 25.045008
4.889864 45.188464 27.973822
22.380052 84.947110 29.584983
13.543468 66.239360 25.280459
16.755763 3.341635 26.299691
38.541617 97.097039 26.042020
30.112798 13.109626 25.403635
57.967377 50.385260 26.854067
18.452053 69.240842 28.681577
63.724051 2.835963 30.468206
76.451324 51.321541 28.063688
48.700311 0.778280 27.106391
30.455452 22.470558 29.891948
39.899039 85.292645 26.176090
83.024811 56.476883 25.671901
34.018701 80.601547 26.790612
60.785341 30.920397 25.810435
74.456996 26.083862 26.870848
61.173625 82.667875 25.117439
64.038059 44.995640 28.936505
7.543681 87.765511 29.643777
53.908320 29.776552 29.708358
13.548104 45.931093 25.674851
8.759318 6.391371 26.310022
10.821286 38.727088 30.809513
11.437827 17.685270 28.512112
15.307544 95.995641 25.900977
73.417019 46.800796 28.270274
11.902308 47.395863 28.918758
14.456616 1.435879 27.566093
48.873357 7.303808 26.891541
19.091463 60.667789 30.252172
5.438719 27.804862 28.409064
5.715962 34.301668 30.330689
56.295246 78.877552 28.627161
66.415514 47.983654 26.609166
85.199764 20.788140 25.818608
67.729460 90.284160 28.520037
46.815669 21.815733 26.706922
62.629016 43.944964 27.141489
70.113961 43.694240 28.175149
71.380222 49.948864 30.226844
19.335167 3.344723 28.833052
72.390661 58.539043 28.212531
34.628974 79.310333 30.318339
83.502187 98.860953 28.618145
69.547718 96.874523 26.902609
42.546908 99.140541 26.662675
62.963497 31.462434 28.546838
80.239343 18.530605 28.332087
90.944406 26.307681 26.139988
58.264794 97.753459 30.070739
9.451208 30.869328 26.104414
85.723223 74.934226 26.488451
31.070508 84.788705 31.000449
77.030751 62.956617 26.869938
33.934985 13.916240 28.984098
77.323429 59.414355 27.512526
40.617350 38.321618 29.581846
88.125858 63.574979 29.236878
55.025684 94.375205 30.714859
99.509139 84.660609 30.687645
78.789572 30.153078 26.430435
2.758854 66.979591 28.712108
32.250917 53.618012 27.591649
54.709161 58.237759 29.523697
95.592197 28.472602 30.084766
99.867686 15.138300 28.513489
98.186465 35.617891 25.374476
23.542792 60.902689 25.655565
13.196697 62.561926 25.278578
92.164342 76.717494 30.332478
89.703135 4.381826 29.824814
68.743047 78.540172 30.779031
25.378100 10.200271 27.058547
95.732983 55.908768 28.722829
34.368185 95.367800 26.197918
61.545301 30.492680 28.772714
60.927473 23.343948 25.962976
83.419746 58.882619 28.000393
71.017389 10.547414 26.394653
52.686385 45.120806 25.997077
99.133613 14.200257 28.254297
21.716007 63.855037 26.118167
33.268776 11.140975 28.246109
87.760927 41.596980 26.434292
16.629882 55.048006 30.790862
95.856322 39.138123 30.507208
11.869230 71.710198 29.074673
16.278422 46.224430 31.175007
39.167228 2.499958 26.414567
2.346587 5.728387 25.792983
12.091223 9.007472 27.883832
37.741951 60.276163 28.182682
41.452538 78.821891 30.815499
98.881473 27.056411 26.115768
94.611259 97.608663 25.174844
31.929312 24.973015 28.123336
43.116496 20.395161 26.668580
41.697486 31.638793 27.975186
67.122265 7.415675 26.416721
25.587311 48.020312 29.795785
17.663264 93.258810 25.079395
38.287188 45.026742 30.433897
62.776613 45.737791 27.803401
73.140440 33.530020 28.065029
26.883025 73.120120 27.451589
65.663976 75.619840 30.196026
57.446627 88.906540 27.023637
87.581212 63.667957 29.270942