18.627234 74.171763 16.034351
97.260274 86.265283 16.375010
91.175659 40.296154 15.691494
26.598746 0.435974 17.628530
98.611684 65.891749 16.772759
38.387948 81.429911 17.470716
27.958212 36.643984 15.674154
51.214325 48.928378 17.147780
68.598757 45.614240 18.449026
95.171033 91.231958 15.835947
48.789612 89.630633 16.942166
6.617489 8.034571 16.192004
57.475054 72.930355 17.339463
27.859690 15.524043 15.857380
77.155621 38.641073 18.244811
82.854742 89.378486 18.136180
78.998010 89.841594 16.983817
67.775494 50.191168 17.615234
31.976780 4.494572 16.269789
19.135127 10.226133 15.594954
69.665918 65.300816 18.604549
53.659679 44.957809 18.107601
58.959006 84.507376 18.520112
93.817469 97.199661 15.026022
44.118767 55.223358 17.399496
48.236422 15.060253 18.467307
11.127638 25.923839 18.366904
86.433636 13.436923 17.772659
74.005577 59.098135 15.296937
7.401073 55.505578 18.026885
76.043737 27.672027 16.310254
20.602226 7.778954 15.470137
50.795250 35.815222 17.836618
75.658265 5.046001 18.653086
26.685386 23.247919 18.018330
80.505056 18.645581 15.563389
92.429907 87.813237 18.646470
4.754360 99.720432 15.939058
8.665434 46.196614 18.640479
1.832714 61.599919 17.785748
82.306434 50.968244 15.002979
53.284215 66.524645 17.010082
10.649330 51.823053 16.106095
34.178830 8.870420 18.566788
75.709826 57.174931 16.006610
18.745388 51.368957 16.383536
7.082773 22.437339 16.151018
42.127395 15.662766 17.944502
75.021949 17.645305 18.326187
88.429700 70.363434 17.495644
17.602829 49.811555 18.474349
44.036843 88.354993 17.940135
4.079789 87.288710 16.345105
68.244617 84.252463 17.339880
64.070735 34.034152 16.975932
0.826793 74.556955 16.470686
55.285842 38.680688 15.122617
3.297168 33.101257 16.354447
67.684861 1.792026 17.908355
38.844025 1.375575 17.087133
94.738096 65.858482 17.198229
53.393054 75.072439 15.817418
44.677907 32.833861 15.118877
1.212394 53.988393 18.395736
16.454532 66.380995 16.548707
31.031951 96.429921 15.405851
55.973781 72.292275 15.851707
19.964203 51.965467 17.743702
66.360934 62.291745 15.066671
9.094485 19.860984 16.162190
94.530163 64.107106 17.509669
54.035545 90.962664 17.524610
26.090324 10.161156 16.777658
77.550996 84.837527 17.433360
37.723805 66.759503 17.933692
56.302804 32.957089 15.836354
83.817335 16.106817 18.333370
40.891092 93.433426 15.305515
47.707971 4.182806 18.502124
34.291084 80.517185 17.802466
49.031964 5.137072 15.775930
13.047195 56.792061 16.605327
78.282250 8.547057 15.563482
79.392446 75.489115 16.397296
14.890365 99.033813 16.289208
63.047723 35.887041 17.347441
7.674660 69.892324 16.337626
12.453130 50.242075 17.887214
16.609081 77.478855 17.067651
80.736330 70.979119 15.146021
15.193348 66.910066 15.489544
86.462115 24.918586 15.691078
81.400664 10.946613 15.693809
42.277890 90.258523 15.758240
14.678688 98.951742 15.342463
68.884004 86.952332 17.734504
73.716831 0.341619 18.151515
50.171663 82.272741 17.179440
67.056073 29.413711 17.528221
10.482204 21.316076 16.775014