13.698958 88.477426 17.829159
20.793811 60.881115 16.116389
84.688019 6.981465 17.309249
68.006250 22.390533 16.918045
15.626584 46.749350 17.922133
16.095434 6.658068 18.571366
16.806139 78.818406 15.183267
18.792045 5.929567 18.539924
96.125980 2.504340 16.055030
39.119093 60.028006 18.639151
12.794643 72.826229 18.690304
16.067972 8.412010 16.194020
38.532173 4.139838 18.542556
64.863002 55.207862 17.087516
24.123827 58.913650 16.695589
1.017013 29.183831 15.225942
31.180962 62.990478 17.781478
86.072605 60.850818 17.271721
1.456201 12.796252 15.378145
13.329895 34.724837 17.280401
98.878412 71.237552 17.325982
43.156960 94.428895 15.557494
8.508516 61.058998 16.700830
4.416633 10.080747 18.137337
27.211901 63.881234 15.566897
75.774207 13.975619 18.079987
38.320163 19.342167 17.326501
87.302487 8.154275 16.548797
72.753422 24.146895 17.265867
31.603766 82.483032 16.298132
58.756885 32.142813 15.060211
1.592011 51.485617 17.912933
89.878328 90.113258 16.061837
67.377337 4.540677 17.559272
65.468284 85.736215 17.752760
53.235348 86.940830 15.241784
68.114316 62.557713 17.560634
74.445778 26.210818 17.594941
13.438989 81.653568 17.591541
1.893496 87.419988 18.388899
71.825490 29.196764 15.739782
24.446251 5.214221 16.647466
79.185267 71.816852 15.279146
88.294389 36.413846 17.991612
88.400949 76.262591 16.497850
2.692521 30.954431 17.935534
95.909396 5.444496 15.307514
1.129505 44.505013 16.264664
97.287057 3.686424 17.880223
37.422810 12.133942 16.545478
48.908746 63.415676 15.215065
34.861545 86.632684 17.999252
20.784614 10.839454 16.494744
12.717384 67.994780 17.660292
2.502177 84.696716 17.519670
74.974589 47.747220 16.180466
66.926644 42.361438 15.511289
94.840903 38.334220 17.171915
54.227385 88.463765 16.518685
84.929136 58.948423 18.505596
42.767658 55.467022 18.306694
28.001971 13.529968 15.568256
96.222047 85.626067 17.505182
33.764755 39.796267 18.517563
79.825982 54.598426 16.933064
60.512164 5.607962 15.652301
46.591232 54.155122 17.057823
82.366417 62.099983 17.176231
41.969779 27.413802 16.385414
40.742424 21.565013 16.393413
17.333614 55.539921 18.433926
36.175376 0.687021 16.095757
87.279547 98.748745 18.617672
82.483096 50.025181 16.814343
53.462698 31.690061 18.418874
4.942674 79.813500 18.155017
3.836526 13.582365 15.417865
86.026061 77.525393 16.796715
22.116080 6.823077 18.449466
96.176501 50.058920 16.356993
60.711885 42.080916 16.678422
16.904146 86.327717 17.798098
71.163746 44.952830 16.641651
64.391860 5.394242 17.953681
89.276556 7.013715 17.087572
97.833647 7.902459 17.532285
0.108365 60.933331 15.258087
47.327125 21.861049 18.692313
79.123989 47.075748 17.193011
28.350701 99.892635 17.153026
16.268154 21.157531 17.137838
17.923697 97.907854 16.860310
41.681285 15.361982 18.416289
68.747063 23.558309 16.275611
8.886534 95.524266 16.565145
31.400341 18.419596 16.683269
39.756546 16.050596 16.256411
96.251587 76.810707 15.130041
97.741721 68.377883 17.490764
45.170508 14.309451 16.468755