85.067292 88.949537 16.837574
41.514741 47.069136 17.977160
11.784191 42.677535 15.244412
4.836444 34.965282 15.216963
9.808593 26.425160 16.533172
41.153995 7.603124 17.072556
36.789975 47.751455 15.914157
86.763530 12.908393 17.930701
82.789710 93.994790 15.709662
78.370113 68.025127 16.931737
94.919555 55.457122 16.318928
53.425242 5.437347 18.703090
82.408789 6.888906 17.753514
54.594460 3.390475 15.765767
70.772854 73.042763 15.053909
35.092192 47.950864 17.855431
10.201790 90.783919 15.857550
74.630410 25.856371 17.529200
68.946907 31.880066 17.188441
64.991779 82.591612 15.395056
0.349941 42.599253 16.247217
29.088874 80.048674 16.851815
17.043110 17.806409 15.658836
54.664674 91.981294 17.687673
2.420162 76.920667 18.340750
37.395799 62.113890 16.200038
0.673332 97.980297 16.222744
52.102189 18.405855 18.290633
20.878109 41.918869 15.122863
69.281311 22.529266 15.913529
74.996344 21.082329 17.066155
34.779299 97.974635 17.914539
16.088661 25.611316 17.987716
72.221598 91.825415 16.492300
28.713022 19.068968 16.711912
40.414365 13.821947 15.485801
15.731482 68.334045 18.705492
52.128010 97.986730 17.405768
54.160613 32.951628 16.778325
99.438601 47.635037 15.661357
54.410277 19.946216 15.637059
52.090293 0.615586 15.535817
26.671995 57.473356 15.264985
38.114339 10.513966 17.910219
30.614236 75.231762 18.509643
64.540435 87.979024 16.626067
78.137884 33.095524 18.134586
41.295327 8.020230 16.416777
11.336730 37.433943 15.595379
92.950528 9.207903 16.501926
56.506236 82.444164 17.995564
68.421488 76.875780 18.604441
68.354142 60.899542 18.189204
35.948562 29.558577 15.136114
84.954112 92.377347 18.600202
1.436676 67.019342 17.527765
59.944695 30.742166 18.293716
5.977668 49.084960 15.484145
16.790687 17.249070 15.462701
7.065834 56.418524 17.805048
45.248447 54.747312 18.162625
86.965334 70.247971 16.753294
57.572671 86.548715 16.581047
30.845136 15.705702 17.889772
33.458619 21.148849 16.594671
97.498627 86.683308 16.710072
63.058564 50.866084 16.429442
33.693657 82.060463 18.689707
5.883453 36.070469 16.213826
10.941890 79.742393 17.590506
14.613548 7.917648 15.503644
1.883326 12.603079 16.218256
5.262546 98.662514 17.812164
86.343002 40.145601 15.693611
34.650318 99.229248 15.772305
42.013880 18.492659 16.815545
48.724721 18.807478 16.343348
26.598454 59.691311 16.934715
61.202691 60.900950 15.564388
50.242783 75.511729 17.715043
44.944158 73.696090 16.535937
76.505719 74.741589 16.434001
75.406761 89.103553 15.524969
28.344669 0.755350 15.583284
46.413822 43.667021 18.394775
52.601868 47.300857 15.451094
17.998056 86.815959 16.702596
10.525717 89.979722 15.766145
6.704490 45.557982 15.054897
3.153264 2.915807 16.830594
23.714189 11.512011 17.512222
94.207728 19.349821 17.641217
97.882446 0.762774 17.420492
27.331614 71.325283 17.917786
93.874462 48.178597 16.917265
92.685499 78.734695 16.926862
45.925839 27.798757 16.829534
10.180695 44.163550 17.299110
27.634070 2.636843 18.632374
14.695061 84.428065 15.324247