3.850820 94.742980 18.203211
31.529324 28.826039 17.624366
76.459176 62.899800 15.447181
11.947278 37.920549 17.180099
0.155210 87.339702 17.925523
48.455125 10.217370 17.154211
83.528563 52.016609 15.220242
23.778979 97.462020 17.864037
83.444348 74.497942 17.144066
35.879810 33.726293 15.555387
84.912444 41.790884 17.957483
81.609052 0.379252 16.734556
16.772607 12.549465 16.504293
80.266887 75.577608 15.398287
76.023437 81.016904 16.135191
6.581618 87.161027 16.053985
92.418229 14.675059 15.433162
96.996284 58.513480 16.196289
1.339366 79.472785 15.839861
82.233981 32.706842 18.522938
42.013568 80.488340 15.674954
39.539951 70.099001 17.588575
59.808816 31.265705 15.322416
15.872569 96.220437 18.394797
87.685901 29.329078 16.421991
14.517622 75.432117 16.107219
99.813440 28.173544 15.780755
60.618056 80.285594 17.148508
64.664307 9.642120 15.849035
22.539394 69.912049 18.440588
85.801926 68.209944 16.605777
43.857517 29.489105 17.635879
50.725827 74.891970 15.275863
35.730339 70.567069 17.719126
87.668920 18.932335 17.557748
25.607855 26.864331 17.933810
15.165639 38.058248 16.460777
21.129429 47.699252 17.820751
77.421809 8.462521 16.043436
99.803354 58.389228 16.944666
19.889480 67.268305 15.631922
5.632989 57.231945 15.692266
68.479887 51.661774 17.751607
30.537401 18.097852 17.235006
33.871780 85.528903 18.736351
79.166470 8.868741 18.741035
14.450666 42.420339 16.401356
66.447641 58.421866 18.453824
47.612584 2.636824 17.515135
57.029510 25.340202 18.686619
97.210351 64.433961 16.262345
46.856438 23.457851 17.284589
73.482446 44.959570 15.610370
12.436164 61.112781 17.417990
21.405415 32.708048 16.358700
59.208093 88.522889 16.244313
55.658342 57.951882 15.089209
46.001434 97.088310 18.241941
95.911355 63.299659 18.232694
94.605020 81.670306 15.496732
33.877257 38.850194 18.636937
9.237000 0.156033 15.536103
23.018744 70.890351 16.366856
93.452852 68.930816 17.467199
36.314723 16.497276 15.998042
98.092236 26.235566 16.753428
90.756258 68.471359 17.354608
3.886876 12.634800 17.167037
26.844398 21.041601 15.005765
72.520113 35.716967 15.081928
38.169655 61.715320 18.633422
93.130809 68.108759 15.588992
26.733458 94.530686 16.069628
48.576815 7.464604 15.659555
25.678750 57.899417 17.934367
20.616457 19.786029 16.410696
29.454975 71.506236 17.046371
70.323264 11.384513 16.465083
57.728007 82.101776 18.678697
46.235969 25.533435 17.158575
98.394594 75.966712 16.374521
76.718806 56.663859 15.329885
20.468479 73.526919 17.228904
28.742874 91.240495 18.211627
87.890612 36.224193 17.188133
43.485740 31.907765 16.407087
20.551684 64.670244 15.363478
77.556484 22.658860 17.735518
73.439014 62.854926 18.089965
38.123623 80.252290 17.705173
90.905222 80.000122 16.501096
9.419929 47.664183 17.241404
95.690768 82.400226 17.632313
99.661558 61.805645 18.702509
90.512311 4.699730 17.854159
58.013043 80.317049 18.188637
20.504204 31.077735 16.378030
80.992598 79.484860 15.930597
45.171554 44.850418 16.956502
97.841039 29.518920 18.512728