90.625133 70.565435 15.094770
72.672539 50.357994 16.900357
67.681746 24.414712 15.490647
58.670095 77.920491 15.684681
61.946906 6.369519 17.053510
51.027146 69.212776 17.029227
1.793328 75.129021 15.724103
60.630291 38.177080 15.385350
2.431981 47.130158 17.622825
71.885113 98.338636 17.147239
32.119789 52.553359 15.135963
96.858564 98.588325 15.089258
6.072348 4.911714 16.063348
91.370718 93.531902 17.164618
13.543013 59.550077 16.550670
10.655690 17.020258 15.199893
32.009393 81.165150 15.705586
37.643027 98.441586 16.366588
94.805476 31.574073 17.154302
96.937719 21.406099 15.781679
29.341353 61.236012 17.822767
15.390000 64.773500 18.238868
91.596605 84.495352 17.077722
66.688973 22.059058 16.834350
87.596881 63.303599 17.500896
0.596157 54.039923 15.338077
62.112687 44.064481 17.121708
56.490179 90.627102 15.531373
7.201606 82.839660 17.643515
3.782621 4.651179 17.881467
54.340049 56.176697 17.623909
13.086785 46.601842 15.213274
48.941858 12.899528 17.666231
24.881132 50.770442 16.009216
98.929213 1.756190 15.708773
90.646126 49.176328 15.503538
11.699353 23.535102 17.947236
35.105195 27.256620 16.453511
36.397905 39.850969 16.038002
51.353063 30.404851 17.687318
86.201625 45.548291 16.234331
57.438136 3.576482 17.434243
19.222028 2.965288 16.329038
27.731386 86.811384 18.252420
22.760358 69.954851 17.253365
87.735545 38.199938 17.110333
46.726921 68.168617 16.426788
23.551127 80.100586 15.479596
64.520260 29.883927 18.405108
11.550539 14.908332 17.826287
7.196092 19.392878 18.701448
77.226065 73.127869 16.376114
74.334053 0.869314 15.770794
40.740733 95.253390 16.925025
31.508875 73.882611 18.541755
82.982014 67.318929 17.991397
2.853042 88.205507 15.773176
24.291877 93.795104 17.008914
65.399147 94.234350 16.500832
47.419805 23.684835 15.908848
63.932867 4.720010 18.079200
66.778340 58.412122 16.838308
47.736893 44.799562 15.850567
53.403775 80.384302 16.589921
14.494493 1.833788 17.971555
95.152412 90.699402 17.932661
89.383478 55.064760 15.006769
50.974739 0.267957 16.706308
39.849466 6.033035 15.436696
21.798459 73.528192 16.840070
33.465546 87.435479 17.710446
32.578040 56.288834 16.493861
43.986482 60.360725 15.035409
30.406363 77.031303 18.700262
16.577840 35.351335 17.877617
0.507824 52.285352 15.683805
62.918739 13.749508 18.211045
18.610082 66.679097 16.820120
85.261628 40.174725 16.008617
58.933609 78.620334 15.301413
93.133556 49.550365 17.538491
30.124233 50.416283 17.888974
21.242044 29.759813 15.046249
72.118889 11.011300 15.766259
95.509152 50.657170 17.742629
11.642145 97.751345 17.863262
22.168548 19.642411 15.771919
6.527947 45.357599 16.734780
14.265052 17.409197 15.571889
83.924075 4.251036 17.564189
60.855015 68.368153 18.049559
97.084938 58.997277 17.361707
3.783460 13.269942 16.946064
58.716398 42.820845 17.623522
97.541699 19.700595 15.126363
63.429956 30.514320 17.508886
70.923464 93.880016 18.530835
78.196859 74.012632 17.834130
26.152084 8.682694 17.600230
67.118901 73.982181 16.612480