32.902021 98.939879 18.671007
63.574257 46.919355 18.193109
26.826558 70.328099 16.721691
63.016014 53.950434 18.700436
41.795539 47.153324 17.023882
92.455821 8.438540 15.151717
56.776582 97.693863 15.420296
91.463568 82.758965 17.055797
19.610368 84.892258 15.620669
89.619467 80.219658 17.859067
54.165318 28.333282 16.689652
5.557880 77.317199 17.116797
9.698172 53.572390 17.727026
77.357555 33.169083 16.644295
31.852156 25.346234 18.208939
94.888735 3.137779 15.453294
86.776763 96.457690 16.655208
51.229070 90.204884 16.876977
80.035255 28.508504 15.088238
52.102143 6.923162 18.500220
75.316222 45.186483 16.331895
32.568998 57.165169 17.362780
71.481767 83.266006 16.430928
28.595032 86.783825 15.441721
15.069818 99.227531 16.200669
71.996350 3.920459 15.114738
47.877392 14.247367 18.147922
25.027346 49.604733 17.733886
58.742810 37.449760 16.588026
79.325483 18.282154 16.677665
60.427321 6.177051 16.069449
41.099872 72.087334 17.375992
89.933705 64.935824 18.073934
31.622712 14.899459 17.899762
95.547545 11.954508 18.494558
65.871142 43.101191 18.517249
36.393125 34.642834 15.192117
83.575357 65.825319 17.459622
96.414052 15.655383 18.668431
14.496559 98.657573 16.201346
67.920393 80.590957 18.208770
41.289029 27.687159 15.114239
4.085318 48.164452 17.331355
58.474844 60.223954 17.934421
70.416503 75.550610 15.673365
24.226823 25.750439 16.576774
79.601208 36.326616 15.050996
19.182896 72.865319 17.138852
62.143445 89.791375 17.196590
84.762772 10.005116 16.688824
29.729146 49.672293 15.986443
4.779676 29.261076 16.050984
99.977711 45.402302 16.434548
85.108392 25.504076 18.480029
71.069604 6.151557 15.954329
56.336989 22.592232 15.252917
3.398494 53.034434 16.006949
48.309759 26.554266 15.935827
16.510835 96.328132 18.175771
86.154975 22.727398 18.233415
87.059858 55.552567 15.436166
54.912841 98.690150 15.830335
37.162454 87.526773 18.387685
98.797888 76.209486 18.276516
98.104965 7.607699 16.683576
87.020870 9.726359 17.217518
22.147219 39.880929 15.984307
3.507217 88.416965 16.917692
53.931206 55.264465 15.606932
66.252707 30.450029 15.052016
22.197034 13.783105 18.273717
15.681383 22.198077 17.897809
28.094785 64.082919 16.774977
11.399821 59.133639 17.193405
91.806131 96.000564 15.993442
35.479073 84.479533 16.972221
93.970262 57.043959 16.697903
58.388355 47.478305 18.564707
58.857774 92.081488 18.735752
82.605811 98.488120 16.670453
20.695940 8.243079 17.078684
21.830279 71.197802 18.209575
94.188441 4.600292 18.437289
48.284987 90.844114 15.494810
17.529696 45.380090 15.977095
26.860092 11.746209 18.103846
43.242303 8.277224 16.111859
28.078603 27.651322 17.519479
89.660366 12.192680 17.660068
40.358949 70.254809 18.266715
47.416607 30.559896 17.865030
43.153992 10.776204 16.730442
46.622957 26.507239 18.549164
46.099587 89.546424 16.300968
12.197503 93.082812 18.412055
56.618061 61.081818 16.018818
46.181614 94.828851 16.277127
14.169881 64.204035 15.025603
57.578635 85.378014 16.508410
65.103333 2.123311 17.229927