24.465714 86.599573 15.358223
42.170286 56.995707 15.263093
82.117596 19.246037 15.798214
42.443610 57.442868 18.483413
47.871224 77.076042 16.045242
38.797051 16.757328 15.226917
64.755532 47.823833 18.636668
28.444596 5.990111 16.554626
24.116062 31.369691 15.563450
15.365027 38.511410 17.569355
36.475830 96.209422 15.823009
84.454257 94.877495 17.880397
11.849393 14.882390 15.750848
26.936898 46.938731 16.945890
35.583421 65.616640 16.648942
94.596726 31.818120 16.654349
65.529837 60.850229 17.984283
58.655523 51.487317 15.998264
65.322185 32.366285 15.152670
52.319322 31.255674 18.441491
68.989152 27.805053 16.711535
44.745103 83.335091 17.677218
11.853434 28.306647 17.018893
13.330737 33.645776 16.033954
41.314251 98.485248 16.892737
26.172835 41.220393 16.446119
18.701780 32.930173 16.745995
96.445083 22.300410 18.019174
43.812062 25.986579 18.121349
34.746982 66.740218 16.675759
87.190614 6.346525 15.974456
62.737354 4.760448 16.856910
63.334680 92.097557 16.269072
8.827831 54.685221 17.002718
35.974478 8.886992 16.538891
99.253191 14.358939 16.714364
65.270450 4.636521 18.672387
76.996999 5.076549 18.174203
10.919323 82.335434 18.052798
73.811541 67.954950 18.379198
1.906767 7.178507 17.090814
96.514503 1.534191 17.967688
44.395468 11.008381 17.711591
35.120075 81.107715 15.887360
10.962261 18.941199 16.132147
85.905021 53.559645 16.595868
37.265699 87.399888 18.393725
88.846220 67.477679 16.825533
87.997167 31.673501 15.714223
9.463899 29.761642 15.850152
37.165159 63.709055 17.742714
92.327805 81.557313 16.303316
26.830474 55.951759 18.054429
0.085155 19.869353 16.256554
16.672730 59.092827 17.645228
18.937831 93.900783 17.843576
32.588601 71.293510 15.700546
35.058776 4.802214 18.114282
75.544433 75.532106 18.094239
90.115839 16.168929 16.019964
5.062812 90.881325 17.295013
6.513745 38.050318 17.034407
63.520510 66.140332 16.140407
78.845248 49.848880 16.419603
0.458520 73.371723 16.908475
61.700685 45.016082 16.770660
67.894679 7.474175 18.157765
57.365669 82.504010 15.661003
33.310218 68.230327 17.519516
27.928242 51.463610 18.023677
92.706435 77.836717 15.500355
51.277477 93.688373 15.250193
44.565877 73.720494 18.196633
97.216555 64.275197 16.678993
59.341790 16.384171 15.408984
27.397548 92.285239 16.577436
38.607655 75.819758 16.374567
8.901643 74.695620 15.925734
71.093418 65.472875 17.580488
55.218535 71.324063 17.015724
94.686467 81.819890 15.412425
84.888025 56.903196 16.147318
35.449052 21.503587 18.430472
39.264601 85.281816 16.175129
24.831825 21.897412 17.459603
39.717325 64.896062 17.160213
6.356986 87.326438 17.943024
26.966429 50.096244 16.900894
54.761483 18.984899 16.696923
2.523793 28.941472 17.216773
21.618863 87.904333 17.631614
36.944313 16.920667 18.314499
1.136557 92.554522 16.927789
23.356685 41.769853 16.934475
61.663789 89.354281 16.105797
13.136262 55.986413 18.397290
20.769441 44.771240 17.007410
20.093333 50.166108 16.118766
4.719101 38.001761 15.179771
64.181179 54.539730 15.714204