86.811779 62.274631 18.413192
4.287654 91.423922 16.944658
70.520022 94.130240 17.455811
70.700144 33.097897 18.703123
42.712202 47.305540 17.765006
37.617652 45.832306 16.658742
52.445858 33.606250 18.493619
19.802217 10.855060 17.473272
78.615252 93.227977 18.735904
82.130155 43.702505 18.723042
52.940026 20.307031 17.959738
3.298853 28.635386 15.220284
29.888129 31.114894 17.443486
14.761214 11.936070 16.681530
85.374578 84.002267 17.227195
22.487577 85.712931 18.722491
96.321357 11.174373 18.630469
69.247813 13.093544 15.873295
13.991650 30.294670 17.401132
42.907063 9.212036 17.966502
98.394226 20.513959 16.339508
41.089574 20.812929 18.076221
49.554271 51.502685 15.138142
22.528286 79.034745 16.021812
17.928058 35.503513 18.628888
92.069006 76.471816 17.675391
49.729674 18.622023 17.898492
89.781202 32.643705 16.853188
0.840517 33.603802 18.686265
13.379274 44.339537 16.464028
97.916969 44.786784 17.040231
49.975918 1.047485 17.556499
78.564733 39.718397 15.572613
6.745769 99.574821 16.472079
89.641997 20.242139 16.359984
67.492038 23.674578 17.042876
82.689125 2.830581 15.300396
20.573816 30.027608 17.456593
25.539070 99.249128 16.422911
55.179367 19.897022 15.844602
46.509975 13.413915 15.186856
94.270627 7.636348 15.361612
93.156641 62.989857 17.329686
32.872091 0.282928 15.988319
92.397381 25.636721 16.180015
52.658163 27.540042 15.577358
47.271025 10.793405 17.130000
87.764916 36.117732 15.405671
68.497336 81.097052 16.240806
56.322408 11.987154 17.546834
13.644179 28.175811 18.264068
91.027913 71.580773 18.481960
65.200371 31.514257 15.538842
27.732926 15.605392 17.478796
84.288735 2.803541 15.715163
32.014747 13.238925 18.318773
75.146737 2.401695 16.627360
94.489143 80.234220 16.414739
46.779635 67.126025 17.791391
29.972083 72.729371 16.085153
12.996932 66.231744 17.184281
28.306496 83.710641 15.472863
67.146146 37.617736 16.755308
21.766630 7.795316 17.986703
57.834012 66.840468 15.833074
95.827116 33.548799 16.665465
63.972936 85.920483 18.633952
40.682195 33.758412 17.680584
53.936743 11.518160 16.755881
38.953221 83.940780 17.125506
43.726121 47.984627 16.985808
80.375353 51.241765 16.567871
59.627786 1.360691 15.950374
90.207031 2.185663 17.084724
18.876264 38.248451 15.016864
44.931418 17.230102 16.011436
74.062525 91.996035 15.995045
86.184893 66.543189 15.438298
66.014061 34.255590 15.839463
92.969254 80.019398 17.327647
28.222842 60.889486 15.142120
40.712400 56.513856 17.499393
20.144529 69.409101 16.494755
70.308105 96.057668 18.566757
80.810132 20.608166 17.958268
64.917799 36.332570 16.019015
82.728704 21.500426 17.113806
17.880182 57.262434 15.880213
71.617690 17.199526 16.311037
9.893713 82.259157 15.057980
14.722105 54.965584 18.586617
1.424315 51.932211 15.944008
3.212397 0.621214 16.588548
65.932946 57.029670 17.039522
33.081443 81.252195 18.481834
79.187849 46.367378 16.050781
63.867350 83.969765 17.757074
83.169647 16.785853 16.818755
63.520727 74.701868 18.000372
11.136291 67.138397 18.140295