29.935401 64.488245 15.049573
46.074487 88.404273 17.533099
82.205090 31.365184 16.141646
97.022147 15.964336 15.630559
35.070522 49.835172 15.957953
95.466283 77.461020 16.306924
15.695215 10.209054 18.224874
23.422658 72.491287 15.702352
26.660197 54.451717 15.782187
14.220205 89.569601 16.237037
11.328484 45.851051 16.783993
42.418440 99.105117 17.961674
35.502162 26.418079 18.262634
38.798584 94.413029 18.265468
14.039176 91.429583 15.674578
91.693125 14.099975 16.951485
38.484748 81.285320 16.728496
70.349927 3.399953 16.118292
90.837192 21.547563 17.280044
72.031646 21.822397 18.459167
62.641771 29.606616 15.380436
42.622152 30.226501 16.507320
8.571458 27.762857 16.742286
57.181441 22.814279 16.074562
65.182952 99.186990 16.589151
92.024253 52.526766 18.657379
57.064103 48.061923 15.946027
89.084901 67.691526 16.956803
14.380185 90.181519 15.429775
59.048612 16.843686 18.460914
37.239196 92.058546 15.385923
57.540741 63.311291 17.353021
96.050427 12.764899 17.844586
95.324163 82.263684 17.624217
26.389565 4.878024 17.824959
77.267327 56.033127 15.871821
11.962963 92.033495 18.269235
37.250102 26.317619 17.407489
89.284709 48.573131 16.976380
87.133652 54.557639 18.253648
20.648557 67.633613 18.727483
37.898032 3.405999 18.235835
14.155126 65.277363 16.355965
11.299218 13.994771 18.171457
37.078988 34.412667 16.932620
18.944164 8.262299 15.426704
52.686367 56.908383 15.580503
66.633298 15.989499 15.771049
2.231916 84.422815 16.132095
92.744112 7.521201 17.977328
1.187482 90.666773 16.119337
44.501607 94.482403 16.838605
85.121550 98.883147 16.405561
39.445817 88.747889 15.505999
52.813413 0.595358 18.453033
21.817988 88.523711 15.316985
29.779380 94.285047 16.066087
59.772502 50.586696 15.916501
56.602631 99.360290 16.832577
98.053103 16.003383 17.804440
1.543418 95.966969 15.464901
85.276535 79.394739 18.545357
45.372113 0.142772 15.111002
75.199632 98.098023 17.598234
69.528446 16.032855 17.222106
18.295570 91.997281 15.072961
46.832557 81.181191 15.384154
86.889686 60.297512 16.239462
49.136859 85.018055 17.887636
40.488279 19.703250 17.836224
14.641922 2.178173 16.221624
98.453315 55.143710 18.746650
10.484791 2.992087 17.180585
77.724907 99.627938 17.958031
65.535509 42.387408 17.034008
24.508396 93.006394 18.546461
88.610655 69.832116 18.342379
64.521972 75.141834 18.073339
51.987634 90.915232 17.729172
74.595198 82.253231 17.618739
87.990088 20.206422 18.623862
78.560536 99.351155 16.687243
84.752689 36.737343 16.556655
78.703245 96.309152 18.139805
5.767319 42.385375 17.757343
81.344835 31.801065 18.736144
52.513647 57.845380 15.354075
65.722811 39.564058 16.599441
27.213217 10.426568 16.130346
28.550680 75.734281 18.691337
98.009364 48.191659 15.446292
21.774069 73.824065 16.605563
4.085707 97.181662 16.060170
89.535753 25.659420 17.693559
11.004100 12.108018 16.005244
20.430391 19.858231 16.632398
63.453969 57.533331 16.107588
9.681015 94.225650 17.228939
92.462498 98.040773 18.336740
99.820967 71.627971 18.136860