43.731160 52.429632 16.689587
92.914905 97.577892 17.465618
93.867031 6.880350 16.248321
53.388932 64.105408 16.450704
6.913874 6.455675 15.941099
75.325886 99.830305 15.854019
33.018446 60.263450 16.103972
90.682680 81.124311 15.494825
48.994729 80.987376 18.254619
80.197491 85.578421 17.248596
10.239889 31.122054 16.834823
42.250682 90.018258 17.988021
34.169255 93.588058 15.676807
43.803277 64.521408 18.104812
90.378323 77.481824 15.266033
81.598639 15.761379 16.532263
36.271301 11.921075 15.923828
76.004978 53.702932 18.208050
41.947917 7.388284 18.164512
34.194096 93.972277 18.747063
95.077637 44.988414 17.227453
14.844771 47.480006 17.243039
36.496253 87.997006 17.717469
5.949221 41.430222 16.507255
44.501309 43.432703 16.835125
4.370306 29.095375 18.668064
30.766634 7.821363 17.287047
68.030551 86.988163 16.851847
75.466866 96.505197 16.362182
89.554518 93.969236 16.985124
37.205828 20.885490 16.263789
41.857640 89.602408 16.679501
93.110098 92.011190 17.996013
51.741163 45.626498 18.720345
43.612314 44.007630 18.640694
4.872296 38.419661 18.343689
54.566001 42.213781 16.907106
59.632445 31.802146 17.343141
58.286734 17.451252 16.453617
86.829470 45.722159 17.319718
20.822063 77.453709 17.645513
44.040059 52.787947 17.975683
41.580322 28.132496 15.863861
53.170892 68.013563 16.783104
70.915154 43.382228 15.347593
70.288086 81.794092 15.972519
98.055219 59.991430 15.563812
16.400378 24.328794 17.436641
54.941087 51.163397 18.235338
59.537683 33.192241 16.641482
28.029122 26.080294 15.185886
24.550396 67.808126 15.302307
75.757968 65.158210 17.210224
85.374336 71.420926 17.559475
38.343724 6.999063 16.190660
13.676766 40.931435 16.921702
91.283293 38.123898 18.132519
32.507651 87.406592 15.819427
28.099984 79.623631 15.826933
52.558936 22.211471 16.900393
93.154494 99.492154 18.645308
5.939562 93.729756 15.638165
51.025288 44.176581 17.708969
1.225381 26.799050 16.917175
34.397020 7.154774 18.478811
97.654626 48.830716 15.530248
54.881161 75.539028 16.052672
9.853219 25.908562 18.561145
53.601379 67.042636 17.136656
77.712405 47.465305 16.151581
13.329721 62.429796 15.035360
85.777854 5.255031 18.674365
82.204550 13.123925 15.121811
4.627042 91.129926 17.762814
16.665245 67.850372 17.874530
16.880437 47.827433 16.484357
7.142292 54.007335 15.660637
18.326831 5.508425 15.172102
34.252967 75.062823 16.908035
94.517609 29.968895 16.284351
99.123579 15.406862 16.724773
90.947224 64.376309 16.339789
9.546848 86.726759 18.529307
70.495171 73.788457 17.129934
70.095653 96.528935 17.229389
52.524934 22.344502 15.433563
20.134181 79.168416 15.983374
69.404787 8.205187 16.775740
67.481071 68.838274 18.471244
83.418479 89.388607 16.803226
18.993751 64.735994 17.633687
45.020515 54.250623 15.932168
7.621656 13.399183 15.574938
17.466059 23.954166 15.345069
27.359540 47.423375 16.338115
63.798079 18.146077 17.992847
23.211165 96.283521 16.773797
49.511985 80.434704 17.860577
40.383477 24.681098 17.029912
99.207721 93.779652 16.870184