28.221017 21.184488 16.870110
16.644695 30.569485 18.654216
50.169552 56.686007 18.362295
92.418827 86.453881 16.735885
18.659480 78.041749 18.477566
29.476943 90.618190 17.215109
24.514738 86.548582 15.380531
23.251816 35.551219 17.936895
29.233079 38.752271 17.686494
10.003912 45.951651 16.602075
12.796093 54.288927 16.096485
39.989816 44.453361 17.286149
9.949092 75.470571 15.940716
27.003810 36.974236 15.681604
44.137047 22.737656 15.954435
30.046470 50.588247 17.497551
2.301855 66.318012 17.858358
35.568495 47.999183 16.868380
52.172223 84.766748 15.551296
73.793034 52.553305 16.512356
1.016656 45.430504 18.481449
51.057813 55.069144 15.335740
58.801379 22.487287 18.335658
12.149886 24.189955 16.419723
60.370124 10.271334 16.809812
44.662668 78.974168 17.687774
87.662846 84.393955 16.306108
94.149296 16.396848 18.649306
43.437523 96.224868 16.813705
33.432483 15.560245 16.661941
45.242286 49.380227 18.295949
58.613427 20.565927 17.060811
6.865008 66.423624 16.393173
40.083669 0.603787 16.229253
33.744076 69.401018 16.300175
31.942796 65.660115 15.253940
62.253247 40.097020 15.697877
40.975673 21.214103 15.646376
22.518089 23.845142 18.589674
13.179176 87.700600 16.515057
84.402174 2.841718 16.221651
12.071527 26.551768 15.617130
7.017877 82.812756 17.059292
31.741022 92.716860 16.642489
53.346162 48.097246 18.700278
75.898374 32.178736 16.059739
75.942690 63.039442 17.384482
60.282451 93.625994 17.325534
83.672568 74.894248 16.249989
69.074359 42.566978 15.909445
37.769305 99.093308 17.989086
1.969749 38.355300 15.188375
25.340622 28.374522 18.461647
76.714451 2.984698 18.047477
13.034133 16.343020 15.262883
66.451542 13.615785 16.433952
81.932222 34.551457 18.460870
12.479680 61.460335 15.357154
5.058082 15.650817 16.635919
87.297951 93.364399 15.922812
88.946792 90.352866 17.374787
2.421158 63.730333 17.361750
5.518406 51.213166 16.207342
1.797677 71.654950 15.410733
69.047136 8.858378 18.713867
16.636571 8.137687 15.324113
45.736811 4.975611 18.621699
52.759410 3.010414 15.630669
97.746302 56.145809 15.732744
68.453251 92.376948 18.394360
92.427832 81.955278 18.074310
19.945019 40.201289 16.799539
3.524301 15.838224 15.048616
59.699172 26.040270 18.464348
73.488882 19.555032 15.204903
73.057258 13.790136 15.576651
0.148095 26.735329 18.596640
32.320870 59.916073 17.900305
22.939908 62.499252 17.248706
46.617462 85.061117 18.122904
27.138588 82.857510 15.571337
27.367619 57.130330 16.261130
87.774070 51.800069 16.947698
79.958052 26.499354 15.096828
76.579200 2.411715 18.049525
67.605765 16.123456 15.663894
81.135165 73.744942 18.610017
33.454553 61.490052 16.035510
76.869103 71.667857 16.495991
92.403139 19.012242 16.071283
13.507154 88.349654 15.067288
50.948817 23.213904 17.487112
32.982141 61.736045 15.095547
70.038097 9.193208 15.229395
73.640621 72.465685 17.632766
88.198685 51.441054 17.152807
7.175981 75.775087 18.748954
45.765275 68.390798 15.207333
11.931147 89.836155 18.631068
16.162750 15.489558 18.067911