68.425278 41.182564 17.695348
32.940014 34.258213 18.129346
98.252278 14.492747 16.126196
82.576297 89.663659 15.589218
3.509053 82.209214 18.437655
51.720768 97.653401 15.269946
35.257496 18.797482 17.357653
2.961302 62.750186 18.027164
51.823509 45.621740 18.423920
33.146500 53.829761 17.999374
19.569787 82.174594 16.656397
52.883071 99.975927 16.812420
10.589835 85.634004 18.146873
33.315142 80.989192 15.476744
34.390986 74.504028 16.169917
52.038641 55.423191 16.173205
54.575938 26.791354 17.559995
33.900912 99.209359 18.276566
48.265767 36.269035 17.591497
39.536324 66.588355 18.384870
18.099793 76.919085 16.729737
62.702252 76.739344 15.865516
29.515990 93.415956 15.796860
29.621097 18.423184 15.984143
43.246309 0.333987 16.630747
82.200062 20.607782 17.288466
56.400368 38.776078 17.467151
33.029037 35.198694 15.413432
49.054352 8.092808 16.038599
68.384050 2.531089 16.753855
8.697748 72.995942 15.806727
47.641871 81.559915 15.402171
9.849093 28.480401 15.668202
74.905408 8.308347 16.187780
8.184228 11.416944 18.636868
4.432551 6.924702 18.032071
23.553743 41.538974 18.426461
41.150077 85.840608 15.683305
38.096514 15.396403 17.662567
76.836758 38.535893 18.667557
23.290075 38.654071 17.316294
92.618963 12.756871 16.714538
18.306260 18.891135 17.854922
56.672198 87.997199 15.959578
81.748579 42.102417 16.357504
37.988979 46.720769 18.063570
69.121461 50.052520 18.706490
58.647865 7.555184 16.938048
57.871969 94.593066 18.590944
67.707233 92.646264 16.666500
83.034841 87.668523 16.876582
67.807171 15.910946 17.476302
66.003074 13.599920 15.285097
59.917680 95.600204 17.524031
24.543928 31.809350 17.373837
59.500649 94.957887 16.073039
18.940813 4.805401 15.001265
16.399194 66.643122 17.074218
60.893475 29.773300 17.343268
33.943494 13.539952 17.634931
46.914894 66.275550 17.967871
68.390267 67.260345 17.354248
66.083413 55.093949 15.817139
65.675016 61.949991 18.573589
19.888013 40.720019 16.275904
49.249441 17.774905 17.560086
15.919486 2.780911 15.534474
91.745502 16.274765 17.697284
39.992199 66.895843 17.242854
33.499957 45.032546 17.557096
67.844603 17.832204 18.710944
17.416181 35.992839 16.590204
28.240429 81.873114 15.997350
16.647689 76.729732 16.526399
43.969510 8.309123 17.745005
93.210143 19.250480 16.620665
7.493856 89.299083 18.348164
41.666406 18.828044 17.616236
97.984261 39.553411 15.694529
47.999125 15.798063 15.974157
82.466776 30.300152 16.942376
88.605289 16.854070 15.468261
85.300800 53.434523 17.983388
29.887454 14.213806 17.635032
97.017936 51.712038 16.992223
99.788018 67.665495 18.147993
27.796489 78.738476 16.983546
72.854789 68.614711 16.248703
35.521596 24.205490 17.909197
7.314902 39.006626 18.665227
36.797172 42.414932 16.029124
58.162681 84.273467 15.089655
91.055434 7.005360 15.777624
72.186216 6.696254 18.413289
1.452007 10.339939 17.504823
70.672256 28.784318 15.176452
24.667402 91.945362 15.991136
74.611153 1.986299 17.142890
65.028372 38.303148 16.387978
68.914118 96.163301 18.619590