3.762721 55.686716 15.045410
85.796473 51.313116 18.016499
20.583609 71.948128 17.805262
49.726651 51.847992 17.911624
49.439688 2.329871 15.331776
5.169048 48.601084 16.436244
9.967390 46.670432 17.664291
71.754189 53.103967 15.361341
60.861543 55.886349 16.804563
51.719819 35.675466 17.659103
83.528871 75.215580 15.327016
21.687283 36.265718 17.552300
32.905367 52.529189 17.370406
49.723830 70.599995 16.959430
91.943443 76.156352 16.257760
74.338135 18.883579 16.795717
17.196983 35.666010 15.074157
57.152390 72.665893 17.844212
96.965250 67.266647 17.883457
66.302306 74.877110 16.709051
65.669342 4.488346 16.516536
46.582878 77.523225 16.893332
95.218297 43.270150 16.608016
67.932514 85.517304 18.118317
93.947551 88.283754 17.046100
17.685748 25.437248 15.015931
5.842966 47.850674 17.318815
80.134217 18.798434 16.487473
53.984283 21.313605 18.522489
65.909073 9.840470 15.227008
79.593074 40.831534 17.863197
77.680445 56.250172 18.491587
45.071625 82.258029 15.169619
88.326182 10.801159 17.808048
57.433675 41.809728 16.010134
67.940528 16.252223 18.700760
47.470610 95.942935 16.052067
14.866232 44.850857 16.544738
37.304266 28.747790 15.064062
18.700352 55.165510 17.910440
15.311042 74.878940 17.418160
16.515173 85.806122 18.360165
85.384377 58.998325 15.071887
4.284369 54.852470 17.274711
48.741945 84.121890 15.434754
31.781701 61.200284 15.179028
84.283197 69.233198 18.327528
83.312948 46.377829 15.351945
8.313804 31.235226 17.410650
32.533310 80.845797 16.691136
41.800990 17.797623 17.610261
40.110973 4.018025 18.108180
6.598933 54.133895 18.272010
83.916634 56.704029 17.411461
68.844617 54.584616 17.845844
23.059145 89.188123 16.100264
86.135507 73.787917 17.080181
11.084927 25.394364 17.212990
20.632148 25.783752 15.745878
45.778336 9.318815 15.575482
1.857096 57.303169 16.351809
87.222884 65.936181 18.519931
78.280651 23.201710 15.454513
79.085062 86.915803 15.512223
80.746322 70.539089 18.341351
5.544260 88.706115 17.765259
56.788229 22.241349 15.546645
37.977075 25.230793 15.688252
99.762543 46.334215 16.207767
99.744746 21.500660 18.019545
35.562887 68.203002 18.313080
92.932386 26.529915 18.089946
16.673330 19.118417 16.870083
78.181207 46.289345 16.856015
72.541185 58.520157 15.228109
92.455854 88.219821 18.406104
45.707169 77.077052 16.972041
95.862219 18.419584 15.228555
57.621213 94.263111 15.976687
89.106254 88.728240 18.382463
91.119897 60.156662 15.026796
60.100670 8.623280 17.058907
18.435565 8.170051 18.302989
49.082795 75.162296 15.098581
93.651410 49.678082 17.573560
23.362696 11.814126 17.435656
12.006313 94.707547 17.925591
49.623667 64.830249 18.743623
47.062497 95.215093 16.506492
78.337296 76.597097 16.307897
21.870395 74.743253 18.486003
68.149885 47.157074 17.777747
70.458545 45.700292 15.521233
94.704167 68.873906 15.443874
45.362854 14.858202 16.398501
23.028299 75.587572 16.343401
78.177973 22.663323 18.328798
96.388211 96.998591 16.870724
63.450240 70.320041 18.748573
75.983148 68.051579 16.402029