84.376324 86.867503 18.398575
0.900165 88.660179 16.623928
30.070607 77.704756 17.974812
38.026814 32.942146 17.445468
8.900983 84.287306 15.579872
81.860038 65.131473 16.214837
83.194967 53.943073 15.685768
55.990832 75.980068 16.032719
81.143375 35.396891 15.446591
36.430614 30.793632 15.236203
62.649600 6.188479 16.024913
5.841077 64.888822 18.069726
50.825342 12.382690 17.262252
21.933298 82.168098 17.587754
7.949164 48.144140 17.253622
39.674860 40.578188 16.955905
77.228693 46.714565 15.138001
66.332649 83.440064 16.623654
58.850399 91.477121 16.587095
78.883548 90.828051 15.990073
60.037962 73.829712 18.705733
91.304241 60.843603 17.196497
23.226934 30.444484 16.980340
29.404112 54.818735 15.593574
17.952786 35.728468 16.572417
50.098416 12.842430 17.795878
92.540647 51.784852 18.019613
2.525274 61.836673 15.098758
30.902548 64.738360 18.025781
12.466464 16.751902 17.534799
69.129933 89.901992 15.596164
85.199765 8.548738 17.703968
71.278893 41.530348 15.579884
71.750373 45.633392 15.146732
45.261487 97.439662 15.176828
35.581308 50.678465 15.918635
61.057135 38.307192 15.181877
68.066188 82.841349 17.450560
21.342821 21.593078 15.085903
4.599046 15.275581 17.433364
66.235435 14.619707 15.473395
27.563131 47.692567 15.583701
16.392499 69.001653 18.282158
8.087932 82.984228 15.392730
15.781656 31.792690 18.534396
31.906643 73.308326 15.816591
43.195861 61.156404 17.848668
70.573519 8.002427 16.368699
53.899805 65.838818 17.788816
21.376147 20.519257 17.287351
24.877911 83.778107 16.549634
10.527059 42.344757 15.537626
17.327784 4.001620 16.139443
78.660501 59.514607 18.282255
46.306475 77.508135 15.048277
48.691431 44.620784 15.450141
93.523478 44.249177 15.131123
6.900222 80.327802 17.607091
96.168239 65.725505 16.618806
29.430602 94.033298 18.452621
17.617215 90.978196 15.261677
77.697447 16.160734 18.094568
24.306701 20.501047 18.327993
33.122985 20.034137 15.941425
5.675498 50.378761 18.119463
26.277416 54.894662 15.784210
76.253008 29.620878 16.978274
74.702032 78.281752 15.311502
1.307344 8.938047 16.653660
72.177746 27.351138 17.292306
31.370866 96.833540 16.108143
26.921371 19.481812 15.609091
53.932897 39.779021 17.420529
75.436282 36.352905 15.240234
69.403327 75.780623 18.648646
17.168748 25.379545 15.365880
78.446963 28.024693 16.521497
75.999778 76.342448 18.472649
87.681931 70.831021 15.420602
43.080904 76.691845 17.547079
50.132073 59.197415 15.350095
73.901797 27.580293 16.590442
26.386896 5.611418 17.425607
5.384858 3.386224 15.759261
25.756380 80.171766 18.269740
46.483880 45.200632 16.312769
10.656700 70.256664 16.293194
9.799977 55.825014 17.607937
37.103419 36.527264 17.427615
92.690983 88.530433 17.924613
59.646795 94.704107 17.904741
17.382508 83.552352 15.925979
72.927447 50.249645 16.424609
16.360113 9.913586 18.054580
99.158867 80.943312 16.736877
98.726289 75.503952 15.615401
8.594052 70.778132 16.342123
67.792556 10.069151 16.563806
28.575892 53.697958 16.138812
33.377488 99.509777 16.567634