15.993161 62.061827 18.263312
15.208792 29.038147 16.619207
12.406707 29.497912 15.500781
35.202520 2.965195 15.690332
11.529415 26.830283 18.500255
69.516566 64.321938 17.953034
99.386068 19.301123 18.641215
79.616318 10.708790 18.003112
56.021040 3.891591 18.533118
81.946681 97.513063 15.435571
57.252464 1.247926 17.502006
6.732994 9.852568 15.625893
62.110036 87.492005 17.246597
8.609304 92.024387 16.555709
47.748616 12.402108 15.671441
80.753477 26.163180 16.236171
0.273483 21.127916 16.571783
31.105324 31.400461 15.166935
40.265882 13.304410 16.155257
5.415374 4.650458 18.350015
87.316828 37.172038 16.402359
61.399782 44.667418 16.777594
17.721851 43.627667 17.423379
64.404899 55.958863 18.510478
74.860024 38.177835 16.329527
59.895659 91.436413 17.490662
57.052597 15.489113 18.004290
1.192208 12.262728 16.017910
22.969865 62.377690 17.449332
7.266454 60.424383 18.703381
66.270432 8.159723 15.114952
83.384558 56.912050 17.324577
22.575197 49.465298 17.588560
87.482938 11.983749 16.002472
38.537099 64.944366 16.670921
68.797845 85.185281 17.422108
65.082666 92.126515 15.386314
22.780997 26.716754 17.012747
68.711010 4.427029 18.557456
18.453249 84.851299 17.973425
82.666452 59.149466 15.905937
6.268107 75.076578 16.308356
13.436180 20.505892 15.235915
96.891777 15.278179 15.331923
39.577501 94.456671 17.603105
19.210189 3.500008 15.104363
14.556888 93.967317 18.451164
6.991471 38.224706 17.486381
43.270364 52.547275 17.045125
97.173543 0.246325 16.330064
31.811703 41.127643 15.123496
69.977446 78.040110 15.095496
12.937317 1.599313 16.582028
0.130234 63.558440 17.836078
4.206209 10.657120 15.782707
60.798998 60.715856 16.473975
93.827610 90.107642 18.513271
62.667191 25.379507 17.584031
6.018459 66.371885 17.217686
15.951964 96.009021 17.769356
50.127260 47.501636 18.443347
75.568787 25.406532 16.974632
47.810497 77.503970 18.738777
34.664454 18.747985 15.701938
59.391188 81.275061 18.453321
27.175182 79.001613 15.843052
48.821145 26.084631 17.618849
2.097365 31.542082 17.109281
66.486023 70.765902 18.589461
36.162225 55.478303 16.982935
93.773868 48.744681 18.369557
93.815830 75.161926 17.133734
43.282558 79.454357 17.832463
0.943175 98.472675 17.131201
63.650269 30.636796 15.220324
10.919942 31.515593 17.070372
21.743072 44.999367 17.525518
78.832884 70.867580 16.456722
29.649260 57.762400 16.164030
72.497883 72.655490 16.384854
12.926611 69.371890 17.777447
94.334658 36.516302 16.475614
13.592920 12.139666 15.688031
45.135314 3.066001 16.711688
4.436717 5.936392 16.463508
58.452514 62.592400 17.565453
25.739672 50.307605 17.342833
99.548261 75.090948 17.684150
63.479222 30.458873 17.078081
82.387416 63.640809 16.681814
82.292717 65.012245 16.043606
52.571027 42.066263 16.515774
91.482806 62.566349 18.431619
54.183174 42.286216 15.780432
10.224527 18.261703 18.035445
21.511715 59.836474 18.082706
45.193715 13.105042 16.626010
44.965799 74.183182 16.666959
14.238002 10.938671 18.032108
28.878382 19.381354 16.333558