31.184264 1.667111 15.294031
22.396048 10.507393 16.573976
92.100078 42.726299 16.944895
68.802990 73.280485 17.206479
71.802846 83.683638 16.917140
64.732406 22.798413 16.735948
58.279871 1.902973 18.207352
95.008478 2.778646 16.642828
52.097013 56.584995 15.626207
41.706478 4.165803 18.179374
3.047773 81.696579 17.885479
13.179115 30.912676 15.637138
11.362755 38.418342 15.542097
92.428164 90.260851 17.375117
39.104993 98.808007 17.684824
0.920112 44.429168 15.779846
23.965174 71.750481 17.584095
38.192987 56.900963 17.601052
32.062826 4.427893 18.111509
57.537313 21.847834 18.551128
96.647788 38.700900 17.762866
51.410075 41.190828 18.064995
51.234712 10.556129 15.155203
69.360586 23.884989 17.884535
54.077200 79.787305 18.108428
98.078668 20.922894 18.129499
36.698155 20.248806 17.097755
90.358165 41.232128 15.358656
74.351288 80.993333 17.590987
83.680080 51.901536 15.188184
66.747569 52.990481 15.149561
3.960982 39.363118 16.859058
57.512493 19.573778 18.295661
40.310436 89.755411 16.700625
91.644818 17.666569 16.070049
94.571881 87.145413 15.200713
57.378304 44.879994 16.053712
3.005647 99.075442 15.164286
33.585863 62.335749 16.130627
69.153803 86.204274 18.032616
44.303276 67.192394 15.364414
88.635216 81.445294 16.241786
61.604759 81.840424 16.348220
16.192917 83.247986 17.040642
92.922596 73.299572 16.909243
24.691743 7.913137 15.881762
51.573895 16.057639 17.386237
17.553586 98.781559 16.202810
42.508047 80.989880 18.468782
35.582413 52.178776 17.767499
21.811326 30.730549 16.318057
57.817919 88.341490 17.585072
55.558291 36.909868 15.857066
40.261109 85.277709 17.512019
20.325351 48.892156 16.565488
98.124841 25.725835 15.392690
31.470333 68.431046 15.944377
20.070731 4.615461 15.618058
30.594704 79.354253 15.628680
41.591472 48.406878 16.983445
6.026326 50.832843 17.681696
4.513372 51.633064 15.935555
99.055682 57.113408 18.154604
61.159367 93.178713 18.389285
26.880062 44.319858 18.129354
25.941168 57.979334 16.972078
9.699740 67.637394 16.711962
17.484099 59.637161 16.134337
90.002825 29.577466 15.388300
35.658077 45.270029 16.478446
70.765521 81.940796 17.242534
3.854809 48.431124 16.816958
56.575307 92.135068 17.104091
60.784486 93.887296 16.200655
95.367210 13.529392 16.779705
52.097852 23.201620 17.403421
95.081784 94.670160 17.019247
68.788175 50.047195 16.125759
90.081716 15.291737 17.069619
17.024285 56.325716 17.235386
51.090590 22.768739 15.729228
47.445917 68.933495 17.382135
22.028467 43.668364 18.008321
97.037408 43.624237 16.380482
13.152226 99.259362 15.963602
57.070961 25.546448 17.558598
13.551973 36.828717 17.543956
73.157119 85.837971 15.001796
36.135325 38.234743 18.513651
0.963390 73.723897 17.563776
60.059218 1.324925 18.067683
72.316337 72.591934 17.642823
72.286005 31.105762 16.828126
63.727011 24.184419 17.365048
52.055033 47.900504 15.386007
39.946571 92.336320 15.232605
35.410509 20.907569 15.815207
47.884206 58.861456 15.192587
76.166275 85.790368 15.014406
71.599548 60.753454 17.476734