43.876184 86.037404 15.813410
42.459947 26.303062 16.699302
11.011056 20.990944 16.290463
73.886062 6.458936 17.917083
67.527298 12.014481 16.264073
26.144785 11.229805 17.370828
22.698657 52.019567 15.358344
66.428764 43.027302 17.189891
73.737709 16.729452 16.734149
17.406578 96.217647 16.316055
76.164376 88.450763 18.708929
47.700447 47.630327 15.539848
76.209991 79.032051 15.915334
1.044793 50.849515 18.749790
35.770893 61.820092 16.749667
19.682961 86.498627 17.124340
10.712776 15.381855 18.613448
9.148472 49.821626 18.442123
23.060793 9.314764 18.360718
30.642731 71.028219 16.088520
26.110151 72.173163 15.614994
53.491190 93.714486 15.459695
84.971300 96.191737 16.757028
66.317773 49.766083 16.513161
49.533778 94.115157 16.616151
68.632468 14.294598 18.543457
45.977018 45.695977 18.525676
11.367018 66.031863 16.489488
85.726733 40.927914 15.079529
13.299743 72.173304 15.302304
17.989778 41.752337 15.256799
87.039337 3.283181 16.361939
52.478173 60.877153 16.481314
0.617839 10.572326 17.327698
95.279764 40.088932 16.506708
81.686744 27.869050 18.155715
90.032087 37.659269 17.425325
6.251696 29.991839 15.724013
67.130708 50.742531 16.662207
42.185859 48.469869 16.980587
29.908024 43.420043 16.236765
52.341476 94.262170 16.139209
54.511567 41.823552 18.687808
41.958077 78.621775 18.713483
37.088235 10.978805 15.729072
67.251165 55.080278 17.601394
10.055633 78.263826 15.548317
58.653047 32.126055 16.592354
80.662570 82.532244 15.221562
44.142700 3.428018 16.677930
97.942771 21.388003 16.141238
25.679806 4.933575 17.363667
95.049823 97.057379 16.385694
64.070020 49.420434 18.053079
4.102182 69.773139 18.109894
22.170611 69.787458 17.155770
71.264808 38.159416 16.140391
85.063275 97.131181 17.162429
38.374801 69.581900 16.618543
11.619600 9.108967 17.529372
69.669804 73.996321 18.123731
40.450703 47.279945 17.310482
54.121262 31.248022 15.549280
16.788937 19.012147 16.092175
40.823309 62.754947 16.924170
71.613923 70.055321 15.813040
29.466936 71.805366 16.026829
84.304622 75.989369 18.533501
97.545257 53.223977 16.989611
57.797908 85.005893 16.309452
19.652683 45.572782 18.098319
30.986260 76.822027 16.230887
37.019076 92.767398 15.148464
35.968209 36.953452 16.770329
93.946104 10.090627 16.552911
7.486841 21.566686 17.035423
39.889257 94.770604 17.618999
14.906494 70.249648 15.637322
28.379988 9.315643 16.540207
63.204857 40.789025 18.697857
21.463841 5.670808 17.558251
38.748597 15.883752 17.890797
60.500699 14.703782 17.680593
30.170237 52.906348 18.610145
91.516912 37.550243 16.169491
16.057271 64.772481 17.810216
32.790556 5.141578 18.040413
86.449916 52.221023 15.639066
88.881547 58.221164 16.688905
13.059379 51.882943 18.376599
3.877642 93.371181 15.382522
43.919316 99.943435 17.814978
27.906547 37.464447 17.324075
67.173458 61.135711 18.700140
95.137038 42.028266 17.738318
16.021279 73.728171 16.784464
52.892641 46.773845 17.771897
86.019499 49.802485 18.374151
12.375817 0.645650 15.686940
56.659664 14.076752 16.881923
80.561406 46.991786 15.874576
40.159108 44.355702 16.496135
71.497962 37.024298 16.937631
72.882001 39.575624 18.661045
97.707312 92.152106 16.166045
83.740054 19.375893 18.494002
60.956614 9.984552 17.409559
75.250084 67.611597 17.716941
99.729550 58.090065 18.708771
10.863125 79.122029 17.005777
64.728899 18.814968 17.577317
39.653046 11.088566 18.524116
32.524969 36.900668 16.126469
43.372876 56.469498 17.717785
96.148987 98.686855 18.622368
24.988508 96.477724 15.560443
50.366220 3.877743 17.377733
59.565956 49.026509 17.127263
83.454925 29.602316 17.849805
34.678012 67.376590 15.998503
85.839052 24.734583 18.398966
61.257338 81.936257 16.334350
45.704583 71.812588 17.353997
32.773927 26.470705 16.023088
27.547098 60.351745 16.585376
92.401019 40.988051 17.635366
77.914168 12.917000 17.344878
19.500889 67.358034 15.657298
16.881852 76.963653 16.305480
58.578147 6.729712 16.511728
12.664381 23.322303 15.338358
10.008229 57.737851 17.174938
2.146233 99.541334 18.539987
20.238077 38.482781 17.145112
33.526098 23.122645 18.306681
66.875862 42.358707 15.553133
32.841641 30.206898 16.646708
89.555556 89.308912 15.150054
10.323219 86.113508 16.506481
23.826187 15.738194 17.786204
25.096117 73.363798 18.106207
80.401762 33.506632 17.063908
49.441525 64.745236 18.534572
11.174416 12.005048 18.476827
19.568087 30.612444 15.258881
92.831385 75.862632 15.153528
67.785774 58.839293 16.994474
53.851086 30.581142 16.885061
53.384992 91.580513 18.038999
36.983534 32.138472 15.912841