62.782988 7.242030 15.219185
34.416280 93.978263 15.641111
2.936687 39.930926 18.050474
29.884235 53.678063 18.152115
80.114057 28.270588 17.701666
48.555930 26.744630 16.281870
42.167683 41.179999 15.119174
49.992299 6.592299 17.772092
99.412795 72.293281 17.514277
74.305791 1.238977 16.438934
51.805593 58.413278 16.051032
26.182068 32.593724 17.140490
26.713769 71.130739 17.932629
60.736512 26.938643 15.773620
14.052723 86.397735 18.284445
95.069360 42.678246 17.607310
4.405505 37.666560 17.606462
74.097635 62.126458 15.663044
67.131308 99.659433 17.909723
79.551442 81.223137 18.523781
41.809275 2.638122 17.855328
0.254080 74.028428 17.954695
67.577743 82.077296 15.354763
27.256408 69.117313 15.824452
88.048273 45.894902 15.874624
44.984257 69.377652 15.817187
15.400430 17.956014 16.140074
86.888509 36.846638 15.270097
43.594547 71.767353 17.685949
56.165455 7.766850 15.630895
58.186078 68.628465 16.841358
55.250361 81.946161 18.229257
59.381957 50.752397 17.129171
15.824248 62.406800 17.057471
70.030285 26.117656 17.342065
17.125982 40.319652 15.522857
81.363673 10.843702 15.495908
64.514148 88.903587 16.632572
92.210344 91.620241 16.202217
38.592266 95.614063 18.050177
22.715487 3.434121 15.258976
2.799175 13.010916 16.528005
1.436067 17.139182 15.267775
58.720596 93.910474 15.844880
23.630568 11.425782 16.023562
66.889348 55.738089 17.447687
24.289712 68.915386 16.055740
31.348693 88.855804 18.222287
83.142196 92.993276 15.569226
86.172460 58.718614 16.068308
65.811107 41.526460 18.050461
16.176169 45.082893 17.721878
87.256256 8.843907 16.635757
10.595528 48.676421 15.261060
25.757593 36.895672 17.612361
96.735644 95.752045 17.725268
96.626057 87.345273 16.197298
7.171537 70.381238 18.294428
37.444795 1.784835 17.591368
1.507188 6.604577 17.860635
97.970959 30.645084 16.949255
10.435904 56.044681 17.724891
10.640723 99.481287 18.482940
24.995036 54.015777 18.314099
2.437155 6.258582 15.636933
95.876804 32.616519 18.026494
16.423860 83.871030 17.942244
82.591313 10.430167 17.822407
50.621875 1.967741 17.348314
63.050283 0.261931 18.647387
60.525353 49.579172 17.333854
33.831650 85.550140 17.770606
64.576844 22.469483 15.525605
32.060026 96.763348 18.731027
47.753104 50.107684 17.946424
32.692030 66.437200 16.012706
39.701609 66.462707 15.953679
33.084518 82.573442 15.999323
58.165793 87.779186 16.140026
24.910097 26.121808 15.692281
78.564193 34.842726 17.916205
36.677905 56.550712 16.717470
8.284821 50.246699 15.878601
73.399413 59.857490 15.837386
69.223761 45.353547 15.481017
58.516339 40.537649 16.217671
67.792707 57.726352 18.238543
23.135858 83.741159 18.222446
29.964266 18.428967 15.254179
45.356194 44.016952 17.813798
95.353885 34.663676 17.990227
30.509926 36.993954 16.074978
37.231349 68.004711 16.917772
11.206164 91.719384 15.713313
47.764544 50.607953 15.219226
17.633904 43.219524 15.395418
92.482633 83.671933 15.674160
65.725919 63.660143 16.294929
44.605623 32.286002 17.400847
63.185441 28.205785 16.243414
43.129043 81.297724 15.488914
10.665466 25.510443 15.816463
24.787404 5.096072 15.916023
91.731483 50.814191 15.164742
45.841790 28.643390 15.577220
73.536964 57.411044 15.676703
38.604503 30.121967 16.526907
97.265437 19.811677 16.213002
91.594105 26.226346 17.086392
76.815424 41.887736 17.160107
0.911656 78.000412 18.412648
30.966674 95.873446 17.144924
15.345837 98.785066 15.478177
20.655812 46.417622 18.306661
80.099626 61.907817 17.461898
21.090808 29.799143 18.009051
74.824832 98.832626 16.520423
77.107827 98.245681 16.673258
24.066934 89.889787 16.297710
49.982388 77.323843 18.536282
55.293946 33.872452 17.966164
65.303792 97.720751 18.503023
73.694910 44.551925 15.428937
68.697134 65.751452 16.487464
35.190211 5.733514 17.418212
17.161854 15.155938 16.260521
38.209033 60.632956 16.346549
48.386419 33.124057 16.822516
35.694633 35.997502 16.871407
36.529354 69.710633 15.995716
10.693782 33.257621 17.453594
10.929739 31.490934 15.920709
31.575109 52.929944 16.384243
90.784705 84.751895 18.432919
67.989722 88.764991 17.535751
38.548377 81.309725 16.777321
57.812083 52.822007 17.220036
79.773638 81.371521 18.483180
32.897837 92.915712 17.066155
51.782745 96.963825 18.562039
89.307955 3.425023 18.705785
12.372843 72.069778 16.558253
12.512900 10.222771 18.702689
81.877163 5.514419 16.768786
59.840282 23.684771 18.415022
28.977830 62.425839 15.578780
11.824093 56.987068 15.661302
32.071205 94.570601 17.852736
15.394871 11.103428 15.138943
8.627079 3.282241 15.184335