92.816968 18.901488 17.946626
92.827008 86.079982 17.115193
38.380775 51.512730 17.963360
27.551161 52.044406 16.859530
88.548976 37.541642 15.390701
78.765213 95.026398 16.708560
73.373016 81.942449 17.101662
94.902153 8.263494 17.856374
76.817009 38.382685 16.074914
90.629580 89.313363 17.218350
52.779170 23.981439 16.262163
75.104518 39.430360 17.383110
31.444679 82.377273 16.441522
40.902023 48.137216 18.105926
74.155700 52.910927 15.807425
58.696404 35.882120 18.308097
92.039912 86.486227 15.542818
88.547140 65.478791 15.955371
96.303215 76.592379 17.482537
11.730555 71.412339 16.977272
20.561077 87.221135 17.247380
91.010035 4.319985 17.795707
80.748794 44.383106 17.853357
68.503537 6.326747 16.815116
30.564174 63.053930 15.175245
49.585098 15.011969 18.162516
51.470731 76.341311 15.534067
81.021218 33.266990 16.592527
20.084404 23.469474 17.728323
59.201202 6.699348 16.530120
75.673744 89.774205 18.432858
32.167366 54.572020 15.295538
67.237466 55.581016 16.216880
69.005941 32.302500 18.594973
58.321792 25.413553 15.342671
83.233827 70.077617 16.492035
71.769512 72.069365 15.132271
92.823022 4.390874 18.420421
31.117317 4.727526 16.972036
54.628825 86.073761 16.125792
36.100741 30.533272 17.672927
66.569985 84.694575 18.544569
14.662685 31.579300 17.245575
16.398268 72.512594 16.679856
57.964467 51.367919 17.506083
80.843468 38.635875 16.240546
30.072485 44.183585 15.757317
76.442492 88.094636 16.756312
53.427568 44.335954 15.605837
22.977049 78.305754 15.580842
29.827897 89.004654 16.909095
97.088930 62.562719 17.690036
33.046111 68.721068 16.554403
26.207412 12.616892 16.681487
2.601160 39.320389 17.820288
55.366934 19.476917 17.823850
3.163006 86.403311 15.470621
70.529097 80.177418 15.823859
82.407697 32.076017 18.046698
84.457222 87.228491 16.813048
83.818523 4.533994 16.692742
99.238300 90.931852 15.975375
25.978900 13.157253 15.034342
48.303225 6.334386 17.979072
10.524344 3.550842 16.534780
56.110089 96.868832 18.573177
24.105027 99.851325 16.110069
36.661413 17.125776 17.014064
53.873466 47.122221 17.630274
97.027796 59.016610 18.162608
16.257505 11.341472 17.699931
27.947147 58.147694 15.198892
58.785792 4.850551 16.889970
10.456233 26.834186 16.954323
34.087606 59.481823 18.266772
45.858418 98.936447 15.417096
84.889112 97.651583 16.538822
38.227378 73.803806 15.239866
83.076670 92.258543 15.946724
68.267741 92.975287 18.400346
44.900911 31.961223 18.046426
86.167400 13.926160 18.338999
11.498379 56.354215 18.353055
81.071511 73.337733 15.470835
91.289899 65.415768 16.460412
33.733161 76.513006 16.090249
13.533166 13.211972 17.956852
48.323712 11.735556 15.087948
11.474049 81.818434 16.617483
34.623348 26.104080 18.371675
52.329489 36.091787 15.530223
21.580645 45.397359 15.220495
23.104302 59.057195 17.302259
3.102129 84.673769 17.382549
10.771426 17.062868 17.181748
65.274035 69.679990 16.384321
76.034858 11.341615 15.969805
55.770787 34.069482 18.574828
81.677044 62.538306 17.197431
65.343396 48.961214 16.430365
32.210463 50.283140 17.469199
86.714368 0.466177 16.796113
12.132426 92.495014 17.802677
20.443487 30.186998 18.042473
89.560242 50.336054 15.656209
50.330328 28.047196 18.516809
18.191331 44.397614 15.051671
69.928200 13.335862 18.506349
76.166324 76.777033 16.492754
10.592390 39.969460 15.175883
95.940590 52.673149 17.699288
37.863305 11.756881 15.712961
85.675859 47.057431 16.010662
50.427222 71.913598 18.159910
53.965878 0.389209 17.317380
29.655863 17.374178 17.405031
14.128884 31.943782 18.050910
32.897044 7.469514 15.923657
18.424469 16.102717 15.522761
16.979720 99.741200 17.588281
82.899279 65.579889 17.755065
14.154906 46.476848 16.134415
97.392032 61.357825 15.167301
57.057643 51.114470 16.235805
0.622297 21.386624 17.142115
64.729011 36.097326 15.223402
92.251796 98.283733 16.339001
21.641955 56.490213 17.519298
34.015454 47.734417 15.887254
32.086052 97.155174 15.389308
24.084266 89.346972 17.915010
84.729724 96.222676 18.467584
61.008599 4.170479 15.094677
60.641420 73.703680 17.681415
66.274283 10.999823 16.745317
96.269003 24.489999 16.176881
9.430080 40.887664 17.277299
45.519926 39.777016 17.074150
91.272079 60.435343 17.734395
34.346493 25.892564 15.797836
74.158847 89.982835 17.955889
26.193401 2.732570 16.900674
3.830060 87.126307 16.076752
68.751077 17.890561 15.044748
94.737208 99.493168 15.416976
91.063010 0.367460 15.087004
41.718272 58.327685 18.029189
86.063490 78.399709 17.519817
51.816441 62.215164 15.969853
39.467795 99.038413 16.992149