15.355718 20.527314 15.038387
4.270565 22.820647 15.495506
49.787301 6.895415 15.895297
71.387223 69.651732 16.270779
12.869415 72.440256 17.386762
43.731787 6.747778 16.280477
30.340598 24.138594 15.347917
65.528352 99.409041 15.071486
16.739855 34.590912 18.509332
19.998603 77.729468 17.971005
48.453019 60.102954 18.054322
14.371862 32.644589 18.148948
54.870092 46.734631 15.546465
59.431866 21.253515 17.498126
77.001520 36.392028 15.945992
82.306776 85.606857 16.592966
14.712397 58.586572 16.316526
80.620611 67.133533 17.099289
56.919874 82.936455 18.493008
60.076193 15.465473 16.410566
3.595024 85.495559 18.423378
22.275363 51.292135 15.394861
90.231039 53.415124 17.600749
93.994094 83.460837 15.903916
98.104104 45.786876 15.654370
50.025723 45.727662 16.714164
60.423813 31.589539 15.865328
49.468707 89.824328 17.151647
12.452494 19.338596 18.306113
71.543808 32.809752 18.342694
56.834605 46.212460 16.728610
36.888502 26.163403 18.034660
4.320306 12.124348 16.070127
68.187919 16.233619 16.318828
21.575774 82.683606 17.660270
1.148626 1.689458 16.278397
50.495050 25.721138 17.320698
60.851070 9.107831 17.292481
45.357724 7.716211 18.357744
1.914107 5.136828 15.176246
77.187184 71.002812 16.891582
20.902954 35.227291 18.539684
28.644366 0.207121 16.275519
40.308775 8.842317 15.796562
50.442695 36.176902 15.510447
75.243578 41.047810 16.044159
64.624395 41.984854 18.180360
23.202873 29.172574 16.399342
44.347516 6.893945 18.684568
83.125467 19.868430 15.633024
58.346818 59.654790 16.924987
11.554074 17.425719 16.277804
96.388709 48.690598 15.285013
74.729919 42.529018 17.249344
91.576663 99.640882 15.136995
53.742034 8.863489 16.476788
1.601840 3.199093 15.147065
66.627081 31.149364 17.800835
78.983258 97.309959 18.615066
29.131299 45.949919 17.090475
41.666239 76.785969 16.105019
28.654183 91.047276 16.168152
73.865520 34.903015 15.766530
43.510897 48.102496 18.101354
9.758667 7.377624 15.035098
42.661183 41.046858 15.941711
9.484585 46.041125 15.693015
16.835112 49.801351 16.889134
26.493723 56.489990 18.710399
97.375669 84.479103 18.133330
25.764178 57.887887 16.053963
85.094606 82.403301 16.530347
30.924808 40.776995 17.685889
72.503680 26.710659 17.646239
14.701120 96.191453 15.196475
71.234735 42.838688 17.796352
85.626077 61.764459 15.831889
52.222966 90.899454 17.199079
98.330981 10.253368 17.835017
28.748186 71.747914 16.726598
88.317258 23.296962 18.496862
2.734035 3.350635 18.613977
29.209701 52.630708 16.509477
15.889304 80.882421 18.058684
63.507372 3.289161 17.018053
93.220916 3.997933 16.748700
90.824785 90.618752 15.303654
95.246743 51.089461 16.863372
53.220168 86.996619 15.929184
6.328794 52.894495 15.078593
77.267615 54.410309 17.543210
13.006590 53.354586 16.917899
86.961226 90.778509 17.262434
15.134512 24.679900 18.696473
33.042745 38.781025 16.630757
58.903114 70.138875 17.355218
39.148164 52.125615 15.383696
2.896543 68.559061 15.978324
63.446694 36.734369 15.799190
29.233960 69.043588 17.475119
19.462860 22.311485 17.834335
67.488702 4.819531 16.931127
56.561656 10.549197 18.262706
6.616014 79.651140 17.849271
40.129646 74.918179 16.834353
11.591465 72.595439 17.502681
35.866233 9.291340 15.401652
47.916102 33.586743 18.374894
6.198087 37.350630 16.937713
79.361604 6.861782 18.241700
31.005738 59.774293 17.725765
59.013242 99.667282 15.564911
57.252253 57.638887 18.475429
2.325562 34.309861 16.049978
87.080158 19.981010 16.272799
78.463075 34.127175 18.704415
63.666316 54.056989 17.300319
92.700298 22.838341 16.613225
18.268623 90.352054 17.080257
99.483646 91.883843 17.260983
46.312516 23.306006 17.328210
44.059065 0.199741 18.240271
74.177596 26.077594 18.517784
26.947102 29.392729 16.100861
27.246860 28.070707 15.315430
98.239232 44.919712 18.212239
43.287822 27.113548 16.285302
51.622706 98.365416 16.911205
95.353142 92.418149 16.845967
81.476364 81.539576 15.661642
40.590656 40.080281 17.157027
93.363254 15.810264 15.840748
91.972581 97.683549 17.296580
37.177032 92.591747 18.725351
73.100667 89.396026 16.286215
8.477420 7.301956 16.098860
40.103228 19.597664 15.889105
29.671421 83.607631 16.046410
10.191104 34.734448 17.254981
10.703705 0.554914 17.848175
89.830297 57.972635 18.178327
36.622180 40.110828 17.777003
77.509432 99.500931 15.428132
85.918923 14.566723 16.640689
66.726744 16.370226 15.740804
41.725143 63.502767 17.446573
30.637070 57.043326 16.468200
40.968188 51.337497 17.055142
55.853818 20.456857 15.619177
93.856797 62.483249 17.156005