35.049111 97.556133 15.960702
52.192576 85.755539 16.195975
38.344047 21.448302 16.577190
98.235255 35.217422 16.432089
24.923031 17.697978 17.044026
83.932780 16.151585 15.719080
83.049950 92.082903 18.450457
52.067138 13.081824 16.661994
35.040582 73.666753 16.588501
96.490319 57.340906 17.286281
34.613491 20.443850 17.182136
91.881014 71.040319 17.860713
22.180800 31.145465 16.885650
3.662839 83.666489 16.087974
4.281901 93.628946 17.628354
38.814259 17.536337 16.194516
31.483651 13.772978 16.231103
98.463384 5.656835 17.485515
76.975765 35.114808 17.960077
62.524248 20.699470 16.246577
80.034478 73.489863 17.285379
51.324617 15.773150 16.448136
46.673778 11.305428 17.758475
11.559989 0.597681 18.481799
66.313681 77.404969 16.427755
82.752720 13.150021 16.781189
99.205813 90.797323 18.622515
23.944314 40.121494 16.760041
35.384125 96.250138 18.282180
74.267743 5.194956 16.373452
1.915132 19.857513 18.597416
17.117070 48.604388 16.753596
80.509425 16.401099 15.862959
78.986955 35.283181 17.406339
63.870145 85.645717 16.406099
57.933304 39.837358 16.046952
28.645392 11.668375 17.630929
13.707059 51.243777 15.149777
68.036471 35.588871 18.401641
79.269324 28.952534 16.090594
48.280248 3.236930 16.205645
0.056518 51.708613 16.872254
29.623472 91.049631 18.439454
17.167695 67.418186 16.092009
65.174509 41.693388 15.587526
2.891773 9.274195 18.330997
63.561286 96.156691 18.593910
12.039394 44.261391 15.697532
85.895028 13.069024 16.134670
97.077081 20.754282 16.744178
2.246815 72.828495 17.720191
14.012865 94.832581 16.692811
91.862810 91.689561 15.533359
76.081675 10.828764 15.003038
64.075746 28.146385 15.315545
0.672480 8.616210 15.605414
27.050841 45.095363 18.294215
86.372581 37.228762 16.728964
66.981031 73.677814 18.297012
88.463442 51.949041 15.586734
61.314095 94.502414 15.802028
79.774683 5.218745 15.582274
52.517621 69.909263 16.637005
14.359063 70.246819 17.673728
85.604859 58.931010 15.304431
99.892694 74.578948 17.905528
61.658367 53.060307 15.904154
27.462645 73.729839 17.253916
96.718389 71.818786 18.633035
1.335673 7.828443 16.910288
42.661721 13.650473 15.351548
95.929871 8.495073 15.758538
31.602890 23.334363 18.229794
15.355417 56.226722 15.712990
30.460719 76.011371 17.034162
41.618846 84.525496 16.059256
91.898118 36.395952 17.558571
89.874129 67.201591 18.601461
57.145752 50.378580 16.983736
74.410457 24.159349 16.276312
47.126476 45.241443 17.817766
75.923720 35.636535 17.148715
81.106950 70.119905 16.767639
69.943893 70.520590 17.839692
46.944801 19.044233 15.515385
15.354462 28.833906 15.979015
71.010157 88.937083 18.343623
42.978472 70.682803 18.202625
53.587893 36.211875 15.486852
77.218460 32.809323 17.682804
49.120799 26.722740 17.162668
35.081328 4.780297 15.577405
10.006458 39.949323 16.783675
9.159036 23.228247 16.539557
68.466300 94.264979 15.246372
93.436949 41.627210 15.535382
15.244181 0.436591 16.916623
31.604655 64.048193 16.018911
16.689733 44.606430 17.702614
35.415301 57.955754 15.715254
87.078258 31.108049 18.538700
62.173464 10.950579 16.113643
7.247273 85.083125 15.656994
27.906394 58.545062 15.874150
2.718036 32.747255 16.637121
61.259165 6.479894 15.108392
35.685111 88.871805 16.283805
71.774016 76.360179 16.370211
38.164843 16.415620 17.331273
46.765140 60.851810 16.014837
17.698770 2.955219 15.005834
90.963505 90.229795 17.526063
89.459573 46.115402 17.880379
61.985146 76.589654 16.636356
36.228536 8.067127 17.719591
28.388330 41.283432 16.382135
48.497613 21.520988 17.707993
65.183048 6.300063 18.045896
40.548874 9.732183 15.271311
53.351843 94.885946 16.619273
90.216194 83.682635 16.244220
77.429515 69.468898 17.981822
38.090052 78.996229 18.289784
29.096746 13.300119 18.745726
28.241516 94.348833 15.973349
38.246411 14.237829 16.552526
89.114794 40.177226 15.142629
12.861501 9.420710 16.898219
51.551714 9.889996 16.371359
77.741785 96.435553 16.949958
0.164606 15.568873 16.117030
3.148072 49.041566 18.255995
56.621465 84.759349 15.471330
67.965437 42.074737 16.231753
33.717226 79.257695 17.807030
38.707956 0.181528 18.410624
44.853705 95.514819 18.060704
20.531035 18.059784 17.250882
90.620941 94.662120 16.726701
25.683318 45.744779 18.241681
88.617143 58.276513 17.292895
35.694419 23.867739 16.556675
33.007871 16.369967 18.193331
89.059654 23.221203 16.423102
22.805762 25.633478 16.706387
83.156888 17.316519 16.795713
11.656687 82.798041 16.363754
72.449523 16.009961 17.196447
47.644782 87.198508 15.855058
58.222565 2.753884 15.514570