92.476363 41.440913 15.551594
15.082795 10.857178 16.026697
33.046380 57.330959 17.035453
97.970693 40.046444 15.310699
43.444178 81.723479 16.173055
16.553936 67.304985 15.384093
68.495961 69.472510 15.869864
46.847133 89.864783 15.500383
36.440105 13.245426 17.217242
27.621066 91.628720 17.575949
98.613083 86.084950 18.381384
25.072879 81.176025 15.136943
52.245816 95.679061 17.073155
12.693292 98.210002 18.474006
17.820000 5.143119 18.515212
18.531118 92.825172 15.710750
40.515718 59.944581 17.434209
84.423284 16.979338 18.234276
95.991986 83.045976 15.905646
9.800520 43.029351 16.536135
30.017020 68.614878 15.902180
28.033250 76.561620 17.020485
80.504558 28.650892 16.644896
18.088880 69.772548 16.713148
51.316518 30.837399 15.630278
85.907303 77.149326 16.641895
47.182392 8.899042 16.887919
29.745348 47.738826 16.922817
85.106996 30.484879 15.828674
11.153370 15.875244 15.815470
67.011766 93.919771 17.952915
3.241363 6.046883 16.521733
39.667900 2.930889 16.928670
49.139390 53.203909 18.267757
12.177650 44.115040 16.442904
13.418182 25.207692 17.572283
93.219235 8.066998 16.787435
12.396318 19.944566 16.870407
2.683128 88.267767 16.808463
74.027585 43.018405 18.313448
93.847321 24.166374 16.806777
64.269184 27.376069 17.810210
13.815136 45.787063 18.081134
5.470027 10.477601 15.802981
56.482947 97.012139 15.044717
14.349949 47.482358 15.908215
18.738157 79.008552 17.679207
94.554477 96.050166 18.289789
93.007906 7.975512 17.672583
92.694629 7.564953 17.411145
53.200873 22.805154 17.177027
97.474410 15.521665 17.549008
0.898360 61.325279 16.081333
56.654563 61.428521 15.849933
42.882540 81.373087 18.748157
15.143881 76.637754 18.500998
3.734840 35.475451 18.511322
71.304033 25.435839 15.390319
80.147397 6.777535 15.340547
13.000626 70.432575 18.547445
42.143294 53.403632 17.272067
58.124818 54.204966 18.260625
6.912408 10.222784 17.702520
71.005270 87.837637 17.318853
29.755545 96.238210 18.702552
4.956422 49.646159 18.416349
94.956140 11.331127 17.029041
11.108655 13.710559 16.457733
26.921741 52.958455 16.543522
17.258219 56.251946 16.923622
0.944921 55.499021 16.336141
29.018459 76.439489 17.658827
91.348497 76.165099 17.037573
29.234098 79.410414 15.425684
24.628494 59.037117 16.547523
45.558741 77.172120 17.548338
77.139894 40.565241 17.829929
92.198865 45.903608 17.663197
65.523481 7.382261 15.100256
54.588544 11.384784 15.107798
89.489274 20.684359 18.460287
43.864509 86.493336 15.198426
79.961289 87.452682 18.552549
70.425717 90.696225 18.741906
57.735827 13.072767 16.939565
26.587593 57.771196 16.259059
11.708464 57.962816 18.719493
6.975399 62.665923 18.468705
37.934975 20.358777 17.609480
70.916482 50.080308 15.284896
54.672764 37.208012 17.259258
2.351735 1.626995 17.293041
44.612763 20.761584 17.899566
4.733399 25.362026 18.580151
83.391215 65.604652 18.131122
61.410563 51.427470 18.125680
92.933077 27.184433 16.841258
69.084857 17.728350 17.454118
48.416105 13.896517 18.577340
75.110875 24.597711 18.638861
4.734226 27.671040 17.215227
32.393398 33.566130 18.141126
43.488219 83.233564 17.856217
76.269819 24.923959 15.408607
51.272708 48.301338 16.060742
94.518300 67.192446 16.616551
43.624601 0.816733 15.777015
2.359248 96.139005 16.822980
13.030494 36.932796 16.215432
24.029179 30.954784 16.564533
14.031000 37.888374 17.368150
93.461932 97.286413 15.796287
84.242906 9.482832 15.527361
56.099206 77.818725 15.513956
37.817886 37.364913 17.981052
34.954151 41.872132 16.226092
74.391717 60.252820 15.977534
11.584785 41.422568 15.349644
51.852820 83.484923 15.326498
87.563977 65.400756 15.737799
82.864591 0.416448 16.545042
74.975769 5.128503 16.475568
66.178790 3.260049 15.826701
16.879015 22.841835 17.757131
69.952327 30.984526 18.661587
96.253982 69.901189 15.056944
67.052095 21.572960 18.698260
1.142489 9.127636 17.260778
12.237165 15.480189 17.634635
15.963596 48.400546 16.280778
2.420939 31.362742 17.520752
91.790465 89.003992 16.706895
82.157095 29.444601 16.894970
91.555609 76.607806 18.714129
11.876663 46.771839 16.538571
41.334068 78.615197 17.960299
16.512173 78.739653 16.439327
27.837951 51.461324 17.732241
89.326935 13.258554 17.343769
41.349111 81.162150 16.541272
83.240173 60.898643 16.479802
20.662871 3.737266 16.107623
27.124537 7.580742 18.159195
18.440539 38.023388 18.480034
33.370243 87.743582 15.876256
53.257320 58.276911 17.492883
73.842493 2.598393 16.563949
42.910610 61.146391 15.511735
87.457140 48.523007 16.177269
81.826553 56.161585 17.582879