63.430994 15.240548 16.637418
36.154442 28.051828 16.456670
85.369254 77.765009 18.386833
12.125494 93.908810 17.966493
50.715684 6.121168 15.778639
88.937591 69.260056 17.518701
64.622672 67.833075 18.636385
71.363819 40.185496 15.578157
57.257114 30.738017 15.430134
26.486332 82.730596 17.745104
70.266443 27.576156 17.466400
35.008119 87.727380 17.582620
4.512475 60.386419 15.786927
98.050805 87.899146 18.166245
18.085318 94.276801 18.737601
40.207993 92.491316 17.632909
43.617809 24.384071 18.696367
86.042828 78.689487 15.733022
22.591045 14.551353 16.355418
95.160885 77.304746 15.295344
23.677199 63.279041 16.707134
74.201221 45.970311 17.676302
94.616399 80.464326 17.497656
39.051843 91.533433 16.148844
9.221700 44.668910 17.562873
40.383806 20.477317 17.402431
12.633607 37.636081 18.687065
10.544597 76.315113 16.783029
17.398151 60.033334 16.826256
4.686088 43.683335 16.429855
44.315675 35.746923 17.679545
67.187321 62.181753 15.142581
0.240111 69.905887 18.114080
39.484068 18.971244 18.079084
15.571728 22.094079 18.040039
43.680779 50.809891 17.961584
66.683807 24.154137 18.490672
55.677052 60.212081 17.782594
87.087068 6.465585 15.680196
8.983976 27.202169 16.981785
80.839726 38.562084 17.650490
44.751200 55.360226 15.800249
93.451755 15.018336 17.956778
37.094489 78.636474 16.997009
70.551906 32.439010 15.637778
59.068123 91.714593 16.831723
61.913633 46.167586 18.113786
94.022302 41.328065 17.577182
91.345413 2.099421 15.685012
29.691847 21.167243 16.897502
44.467412 77.557293 15.318452
36.251181 76.640224 16.378694
64.467741 88.219687 17.939109
50.051232 64.698233 16.116797
52.850531 78.934818 18.088902
16.987099 20.407231 16.065044
0.501530 61.205226 15.830012
86.809342 47.839458 15.268759
93.242358 38.151626 17.393751
1.397619 90.424663 16.605070
15.421504 53.396275 17.457844
77.004975 92.678793 17.641908
79.580446 12.591460 15.312391
34.025218 94.217876 17.778814
40.946169 93.996725 17.632735
12.755228 76.865305 17.198535
58.593880 50.049090 16.797091
75.352993 62.074845 17.726417
21.580688 75.611874 16.294170
20.254762 47.004472 17.027447
64.385679 52.608848 15.574454
73.093543 74.066377 17.880583
21.324146 45.348792 18.587539
27.063716 37.896021 15.149966
58.396801 13.777148 17.319999
61.764593 23.286584 15.777701
3.487548 99.881093 17.949755
65.417522 66.471959 16.031568
50.166325 53.606742 16.945137
11.811708 25.191894 18.023249
39.873622 98.415788 18.189756
43.825757 35.634859 18.006493
89.667614 13.703736 16.227247
16.948785 3.241757 18.459956
29.567102 46.044467 18.357130
33.845836 54.155865 15.432968
3.355312 19.233876 18.699475
97.837167 7.216285 18.201090
44.516213 66.280250 17.820270
55.374049 33.433908 15.853903
64.489249 46.224525 16.130197
85.969356 13.682424 15.318265
8.411308 64.413785 15.998582
5.894964 31.164384 15.672338
55.291402 5.884357 18.589499
36.928689 30.301501 17.509469
86.569578 41.400348 16.056810
95.408343 59.945983 17.636022
65.818738 65.394325 16.347376
48.326375 33.802202 16.374716
84.964888 54.508180 16.215846
72.413944 11.314453 15.026786
94.709185 93.454337 15.456070
7.186315 33.431512 17.969436
50.980407 60.682502 16.606137
11.190349 29.606287 16.209502
39.697421 67.619183 15.058811
80.897316 80.394843 18.603279
81.462983 97.898900 15.508189
97.591709 84.809570 16.922972
72.242560 97.459177 18.606058
4.162140 67.916908 15.265666
12.425671 8.861447 15.304629
50.384431 22.761247 15.619423
16.012427 42.602752 18.516841
60.490651 24.873338 17.224830
85.573323 10.623812 15.178851
51.047202 72.309589 17.645432
20.431570 39.588027 17.299813
88.581612 50.766496 16.976055
60.447259 82.328616 17.247976
89.693270 66.562535 18.365615
33.191108 38.846355 15.030001
75.987830 37.698118 17.784751
39.624333 87.339505 16.104738
55.590346 15.209376 17.272195
81.300325 16.043657 15.174150
36.482366 25.031312 16.089851
82.176774 77.738689 17.336191
91.116810 32.111289 15.854671
41.497255 7.002830 15.125720
58.412839 91.590443 18.381743
58.003491 96.010070 18.681434
17.193137 59.928290 18.011927
83.736226 70.998256 17.651655
3.177619 16.317868 17.882985
10.247427 99.752907 16.324823
1.006047 24.320730 15.216074
72.186253 34.339042 17.782007
48.519462 11.591623 16.192761
89.879504 42.634094 16.454261
40.359413 65.959651 16.245962
2.343403 29.967670 15.184452
19.714162 19.306166 18.311802
23.888294 36.029079 17.355182
45.272715 16.044839 16.420166
66.668889 8.355838 16.092060
7.883473 16.309313 18.087759
42.768387 10.568680 17.167425
20.820891 41.530689 17.131312