81.398278 48.205855 17.454139
68.461376 71.005977 18.538379
45.310077 7.940327 17.159134
90.122130 17.209686 16.756817
96.328991 7.076584 17.260137
46.247450 36.235052 15.254504
58.772216 69.269056 16.686291
68.272302 56.269468 15.072418
45.558030 99.830266 18.001727
9.140951 21.035340 15.272865
36.535044 35.967535 16.642291
48.471444 38.661430 15.820545
21.079958 84.969759 18.515644
71.884259 13.890306 18.565401
93.689244 84.693782 17.424848
20.839052 19.157473 17.073254
58.779175 31.565455 17.110253
9.010757 76.654796 16.421812
0.389713 15.370614 15.205592
97.806374 31.784061 16.755705
34.226210 50.218771 16.425835
72.843641 85.613589 17.562398
48.945953 80.975864 15.181944
2.801260 49.524115 18.489734
51.079566 58.758011 18.522903
22.011543 78.811720 17.156728
58.612061 70.966716 17.626863
65.665381 16.252678 15.185979
94.987161 7.277389 18.093212
99.561594 78.584158 16.148077
20.766660 70.087690 18.099431
54.180387 25.302698 17.152947
40.324711 21.703804 15.600024
10.571770 35.095012 15.780589
28.672395 15.599059 17.494928
55.760083 27.437539 16.210489
93.938137 7.662282 17.949441
54.078692 58.193475 17.079271
53.509798 24.385044 16.935003
47.846401 98.828699 17.110045
88.205881 94.642953 16.667868
33.418784 84.255530 16.879790
73.023457 9.428325 16.265169
58.931820 83.940914 15.613725
0.531012 88.920353 16.152050
37.472325 97.907224 16.641833
98.480224 18.228613 15.937022
2.411909 21.760282 17.986970
39.124293 41.059668 16.724558
1.719939 87.433868 17.090594
42.248566 62.398746 18.301762
94.425367 88.564408 17.970710
12.702745 74.534744 18.701261
77.985753 94.882652 18.080916
54.413885 49.272018 17.698309
54.786702 80.527120 18.199357
63.988369 17.393221 17.752279
91.031188 12.369174 16.271114
67.993256 24.031991 18.128993
68.007627 95.680788 16.785241
45.393822 18.276199 15.559224
82.147080 9.133642 17.015093
80.851715 82.469191 18.636126
32.823568 57.347291 16.606122
99.511635 37.761967 16.062990
75.466092 75.680295 15.263219
29.641885 73.863051 17.037017
21.068382 36.333530 16.195710
88.983758 78.569385 17.367001
69.602216 90.928710 17.962067
4.180672 18.808058 18.256065
62.409707 84.461940 18.692565
2.761969 5.719277 17.468756
7.088736 11.903098 17.634825
82.101297 43.989694 16.300387
51.555404 29.228935 15.640693
37.779772 85.362322 18.161065
29.939924 61.698951 18.274842
53.375575 15.718998 17.966416
13.969606 27.113180 16.741241
30.485638 48.816104 16.833805
28.691674 0.768954 15.339277
64.301613 45.386188 17.568574
60.863967 61.958921 15.727088
18.060058 54.705914 16.128674
26.874038 36.719399 18.420296
83.088412 32.258184 16.672092
13.446065 54.711193 16.213139
44.014714 23.979552 15.936843
91.198085 87.182992 15.328939
42.360291 80.782851 16.810656
32.843359 62.096220 18.283326
53.994266 78.201710 16.517416
33.068879 88.865535 16.691023
46.395512 1.968195 15.898602
75.641797 4.320061 15.117040
46.818239 12.888679 17.471358
19.237818 71.530287 16.806403
85.644437 75.366109 18.565452
69.149472 38.634815 16.910844
54.256838 14.806639 18.081965
55.894916 60.470062 15.082416
81.932449 76.180755 16.727294
14.982131 86.855355 18.179408
22.225646 83.454086 15.332120
61.788877 60.443823 15.102329
79.958001 51.885086 15.945556
49.471294 81.256669 16.717460
50.736893 57.667149 16.815308
82.930721 92.845033 18.051774
56.725904 84.304378 16.631713
0.582581 32.210764 16.604026
64.884776 64.138532 18.144538
60.029069 90.601972 15.901750
27.159870 72.504827 15.557628
68.523727 69.778485 15.334349
61.166926 97.263551 17.378614
2.830843 12.969084 15.653495
91.105424 49.413731 18.604757
24.150041 9.657335 18.240431
42.303657 60.569300 18.249326
64.223992 58.792527 17.309457
24.142790 15.682193 16.722985
96.279770 36.125039 16.669202
86.469196 82.085590 17.407617
39.613947 37.493651 18.321950
91.540608 17.521698 17.821072
72.920546 87.523717 16.831841
2.448389 96.660035 16.346262
39.133226 60.517023 16.474840
31.705843 5.403380 15.113017
92.962861 14.146638 15.370015
53.416118 68.550905 15.587478
21.173402 30.516265 17.474172
24.240706 10.402899 16.795105
73.401619 10.868691 17.983843
35.782889 46.531425 16.821101
49.643328 53.869481 17.482681
78.676746 15.067861 17.080236
7.579824 54.435346 16.296182
22.957938 36.012113 15.167137
68.533254 72.718833 17.081830
90.100730 52.788049 15.477555
1.231520 18.212754 15.787584
95.219520 2.407300 16.863172
32.033199 4.892874 16.555959
37.359729 96.156534 16.753861
69.838165 75.496023 18.429108
45.464453 22.499708 18.171991
7.443776 86.931185 15.631616