74.340649 90.949225 15.931201
79.175046 69.264953 18.003530
85.106992 17.248049 15.700113
39.116792 11.303027 17.685902
27.240846 10.353799 15.547533
31.558689 71.031150 17.963393
31.099262 4.729721 18.674405
53.796187 96.600045 16.568783
20.649943 11.949908 17.432123
80.335704 59.893328 16.234902
95.760636 48.875801 16.499410
15.740359 7.393571 18.003390
46.537976 8.370768 15.091569
42.583563 44.519957 16.074244
93.991762 77.797979 18.122574
22.895657 10.114427 18.538954
33.785784 63.142651 16.869307
85.249714 69.055588 18.746222
95.123135 82.541744 17.931620
73.662861 39.833019 15.263588
7.849466 18.298903 15.130728
40.402523 7.789167 15.716616
31.041648 64.774439 16.319065
84.987197 57.110408 15.391914
91.569456 55.834747 17.503557
25.584085 61.304392 18.518257
23.893038 64.889836 18.717832
88.094324 96.649187 18.190951
53.256741 67.389446 18.256122
99.969507 58.369132 17.630458
92.752525 6.720221 15.094570
88.895277 84.336310 15.306545
67.162235 7.553111 18.095728
71.100505 73.112188 17.699508
42.809310 7.833663 15.516325
80.152456 67.395017 15.936158
95.351914 69.681992 15.466393
7.717348 42.155968 16.506339
28.244316 77.354703 16.203585
25.137228 13.431822 17.413385
84.243262 69.007789 18.019393
69.704894 56.217382 15.399104
38.112709 34.218052 18.133384
71.983408 24.376549 16.474182
57.776788 11.393533 15.238092
97.379023 62.108580 18.674778
22.701888 26.876539 16.913176
3.617422 42.472434 15.283417
87.600686 78.219363 15.846340
47.325516 80.214282 17.607181
54.458928 75.283280 17.937133
56.291357 57.066438 18.220294
14.161560 97.366064 17.401285
77.364356 77.542679 17.328632
28.867456 89.587196 16.623704
83.924581 63.057544 16.604201
63.021338 81.965393 16.532495
38.457866 48.386756 17.390326
33.538177 53.779903 17.369603
21.515113 15.986923 16.832521
84.706421 11.989361 16.227535
56.788052 81.349430 18.108369
3.320876 25.969558 18.223380
78.358837 92.141805 18.062119
79.896924 32.766316 17.472737
87.015719 83.184098 15.873410
79.802910 1.593224 17.906095
11.356991 90.878598 18.233317
76.884985 6.725205 17.320842
79.229952 32.224830 17.686318
72.638836 76.917443 18.333601
96.818995 43.732462 15.469788
48.610467 29.991905 17.844651
61.944662 54.450147 16.830490
15.826450 33.376572 16.166573
14.402154 9.465669 17.422128
6.018398 8.016174 17.488315
48.205537 59.741034 15.653372
29.849381 28.750160 16.371466
92.869295 72.864384 17.053357
74.131441 78.694967 15.701129
92.962949 25.809824 17.176042
6.517762 18.541523 16.894317
86.432825 6.315762 16.337314
70.001996 98.816480 15.541382
61.982535 95.084979 16.356088
94.252864 21.653577 17.378492
6.136469 48.503526 15.986013
85.585322 98.672506 17.094538
12.631359 25.519554 17.873693
8.582025 51.767688 16.940523
63.464666 19.162634 17.842712
8.539373 0.962683 16.389841
13.429054 15.498455 15.125033
98.840356 91.074761 15.052077
16.281812 89.468557 17.623329
99.356065 7.044949 15.747514
95.901535 9.824153 16.666231
81.893872 36.883731 17.784932
30.388588 79.686149 17.007592
69.651189 3.538831 17.911395
64.852697 84.098777 15.550547
47.682135 62.076434 18.101560
89.286177 52.369925 17.654443
74.556824 97.090145 15.135929
83.687165 47.927822 16.699593
39.247774 56.537346 18.498166
1.213433 70.008398 18.558957
59.186545 81.824540 17.180399
50.915048 77.693008 16.883232
65.858352 12.588986 15.334434
2.177308 96.473975 15.064492
96.898687 0.126363 18.637864
94.862883 73.610623 17.371466
42.337063 28.650678 18.258130
82.595221 44.000575 17.997695
42.450071 38.004831 17.471463
21.361590 59.752722 15.034161
75.999340 14.163020 16.727331
18.558186 63.182477 16.018740
82.395566 54.466525 17.528469
99.841271 33.181793 15.354391
53.251208 56.527425 16.788748
68.660432 85.745439 18.015272
17.027695 94.204574 16.283114
76.260523 46.155233 16.363790
67.288755 6.003619 17.839147
33.156986 28.932811 16.683025
2.107176 1.655826 17.613320
3.585195 38.086183 15.737129
55.783116 63.973155 18.294226
83.453091 15.718840 15.147344
73.265153 33.051700 18.236307
28.874584 21.226206 17.673302
21.124075 70.542147 17.335245
9.201600 15.665067 15.557260
10.296813 54.749682 18.029546
37.135542 90.123598 15.752629
55.424041 93.648754 15.841363
86.374009 9.515803 17.950523
89.784654 7.119450 18.661250
79.899894 65.515155 16.510805
7.649261 31.623732 17.943992
67.186092 38.159657 17.672340
71.611392 34.631867 17.194321
22.514068 27.005375 15.258824
51.808177 57.421146 16.409662
33.818734 49.361315 17.898236
89.646675 66.531704 16.034674
55.993217 32.515213 16.958640