70.200498 27.128252 16.386085
85.820298 81.669730 15.544625
17.089911 60.246482 17.653857
80.281563 46.756589 16.935999
61.030243 22.993544 18.172744
44.275497 82.487581 16.434577
77.293496 1.969250 16.284905
33.780585 37.702498 15.795532
24.425776 91.230334 15.564772
68.216039 20.883597 15.106596
90.711207 39.378826 18.442439
43.047732 43.928606 17.791321
63.549123 74.595010 16.249872
32.145317 21.400972 16.750668
8.285976 73.541342 17.441828
42.507115 79.166864 18.073907
49.310491 94.029425 15.207458
41.076617 43.809980 17.129342
66.926067 58.492587 16.364202
53.658885 13.512618 15.272438
57.793494 45.581409 16.384354
92.757154 49.521462 18.188010
72.891169 20.296658 15.545584
69.352370 82.794553 15.537493
19.309848 17.052674 17.014374
69.910835 92.759179 15.983998
65.065941 15.387231 17.457526
36.642995 41.115803 15.080101
46.192138 51.843191 18.045321
1.208864 43.117413 15.682099
70.792483 6.116478 15.843727
1.731746 10.034921 16.486004
93.832174 63.174154 15.743938
7.154235 71.635439 16.200078
59.829186 92.010997 16.348176
86.786816 39.575471 16.923406
54.908399 51.588268 15.082929
14.458314 75.475599 18.380865
86.774621 86.663608 16.970639
3.227118 22.669658 16.056517
49.478971 0.187986 17.252795
46.562619 9.243988 15.048488
98.999738 64.225563 16.092595
98.171501 95.105406 17.269666
14.025716 41.825987 17.802368
94.606534 9.685125 15.023073
2.648166 3.068461 15.087400
25.624881 55.409215 15.660665
41.218867 53.100513 18.005578
86.897841 47.311970 16.619585
32.624837 58.857664 17.159781
19.200292 52.282382 17.402788
31.980900 42.073219 15.684352
36.099179 64.471877 16.174313
14.464543 1.608892 18.193226
82.959584 63.776196 18.346479
38.949591 5.799188 17.098137
91.408439 76.374489 17.393332
72.916459 28.264442 16.594548
68.599048 90.635816 17.093564
45.064043 25.769415 17.506834
14.236400 82.881438 15.951738
9.446452 59.664240 15.843570
28.923477 43.850970 18.474815
54.058899 46.791174 15.727482
75.857703 25.240469 16.936411
87.910780 66.287118 16.662741
7.500279 93.017544 18.455201
8.953951 61.335499 15.994785
52.335806 58.067588 17.749645
35.687242 83.084718 17.724282
64.445166 22.363004 17.910779
44.717277 9.238517 16.315236
86.743738 86.759761 15.593085
59.646091 6.223816 17.150563
39.677379 70.635552 17.308914
27.427632 12.959566 15.148876
67.350318 18.375513 15.193811
13.139552 87.574875 17.650352
28.387723 79.039841 18.216446
66.747124 76.731250 15.801806
9.762280 32.084291 15.216716
11.990391 60.717714 17.465748
38.406832 52.687562 15.221044
6.033707 3.060842 17.457994
95.480910 0.780094 18.380395
39.676840 62.230801 17.986652
28.367126 18.467827 18.355566
31.030282 10.482964 15.114555
94.259192 55.866611 18.734417
21.652349 92.057834 17.240643
41.302327 63.979977 16.669558
53.183408 42.845328 17.982777
11.923237 76.875419 15.785027
90.814779 89.408748 17.377767
66.703147 26.431629 15.043789
34.619640 21.686319 15.289506
29.360397 95.708043 16.746268
93.391067 34.544615 15.598815
93.088440 87.638831 15.071254
62.544993 75.646669 17.096960
32.611618 23.940423 15.675222
45.559787 88.048213 18.053063
91.437986 86.231148 17.746018
61.650593 2.137800 18.209789
82.424589 13.827202 17.162512
20.541914 0.300252 15.619717
15.979073 95.943922 16.693992
28.806220 54.743770 18.373430
32.498654 13.262382 18.394957
36.047267 71.625268 17.214380
34.254166 60.227535 17.540570
18.162113 3.938722 16.164287
26.251077 91.362527 16.338015
75.705487 79.567982 18.276287
24.816369 71.049920 17.785745
70.341001 59.726578 15.292504
31.194771 2.789513 16.939614
2.490678 41.390437 17.484393
68.094738 77.038991 15.336074
72.852205 5.524802 15.710836
93.747687 82.667567 17.732637
79.723623 6.061804 18.439570
38.400839 4.337846 15.916816
51.585163 86.700528 15.934977
75.325446 46.976271 15.407734
25.998544 99.975510 18.063961
99.864694 9.322648 16.332301
69.826592 22.003895 16.475029
99.453473 28.885360 15.521483
49.350446 59.581684 17.012125
60.196354 44.210795 16.044519
76.032532 8.891518 16.390603
41.460963 9.057131 16.446338
43.328019 92.833627 16.596306
87.328543 13.639115 15.633142
23.763615 88.770395 15.106121
44.271616 6.645234 15.896348
48.391271 48.386797 17.578082
49.628571 37.320767 17.091418
40.381015 40.379973 16.298827
50.369233 97.189883 18.318507
31.588984 37.039885 15.467955
80.698664 27.522914 15.938350
90.233551 70.609266 15.477603
22.717804 3.389782 17.928658
1.816380 36.966606 17.434830
20.282105 68.306650 17.063280
60.587303 77.088326 15.074034
52.167131 26.421486 15.113448