12.276023 4.800377 17.064427
34.722214 4.868910 16.955950
56.571958 32.457461 16.472345
17.307122 89.660203 15.266261
43.868895 31.490017 17.183182
15.093077 7.227478 18.414727
99.631485 35.196480 16.471967
21.485691 65.915220 17.368259
45.328510 22.839203 16.178588
0.702533 86.555366 16.433609
69.738170 12.120305 18.632258
65.457232 22.663837 16.335017
82.556164 90.824971 17.009510
4.393287 95.334542 18.350896
9.813550 83.774718 17.036719
96.992900 87.451900 16.650704
5.535219 50.969897 17.590979
71.306061 94.049069 15.534495
25.351498 25.385336 18.357968
50.968652 56.323661 16.607408
21.908015 47.411306 16.573555
96.820665 89.562405 17.150632
75.446803 19.143361 18.533047
78.116031 80.574201 16.120368
6.051171 62.199074 16.361943
61.936420 32.275589 15.285869
97.761818 53.424045 15.676748
57.940841 34.240864 18.475425
89.792923 68.429131 17.663947
7.695504 66.562496 17.329292
16.855168 55.268820 15.798664
30.003776 49.819209 18.701778
78.851523 29.521089 18.600830
29.944486 44.042080 15.019296
40.544645 54.448203 18.508156
68.969734 40.196360 16.651076
37.211166 67.583792 18.212751
81.660673 77.831332 17.878600
65.630043 4.125337 18.562492
41.897742 95.049848 15.210018
22.512040 40.235872 16.896559
88.469931 96.406924 17.005878
60.159874 65.967053 16.299056
70.402909 47.181513 17.948520
10.826020 61.049155 16.101579
50.184303 33.868197 15.551778
13.644721 25.232229 16.230399
74.821294 99.221723 16.961724
78.477113 28.748653 18.282255
42.455277 32.228075 17.031809
40.874450 30.115978 16.250519
65.800712 54.359002 16.905734
89.627734 65.505018 16.082460
96.382450 65.332270 17.390755
84.159293 90.355513 18.565845
21.583069 64.482859 17.938878
54.298391 41.328803 17.184245
10.096474 9.562513 15.790987
45.042626 58.834794 16.888346
9.764453 32.407947 15.107819
92.821824 37.256695 17.110193
49.868151 37.593742 15.704361
70.829615 57.124162 18.575636
86.684072 63.300965 18.478232
74.371216 8.262710 15.036995
99.993177 11.827673 16.274298
72.626364 89.581941 16.519805
49.305790 82.153352 17.295553
64.083519 57.123190 17.131539
27.031421 21.361257 16.798169
37.560951 65.276215 18.274214
59.392096 99.452577 16.860245
80.796545 12.111405 16.082163
11.353797 46.694307 18.207371
96.750685 33.341172 15.669406
26.420332 36.909721 17.615569
64.503306 76.495350 16.355694
15.683122 47.999539 17.709855
74.578432 41.019040 17.620958
47.627291 44.444416 16.641645
29.599474 38.041552 17.337066
16.531486 87.225304 17.244375
4.306913 17.250296 16.510837
41.677983 33.412675 15.715133
37.735420 96.499122 18.628907
58.098035 4.954321 18.539496
24.335765 24.173876 18.277274
83.860672 60.233447 17.652778
97.917686 82.491109 15.455581
38.445575 70.258515 15.062065
32.023781 2.440724 16.752921
10.923453 59.218056 18.086371
22.479079 51.092521 16.451409
72.710471 63.089246 16.470917
33.958629 19.484063 16.931800
29.771878 15.623099 18.103100
80.519378 17.993431 18.650538
67.653210 83.383700 16.819679
99.420477 34.133542 15.061572
29.827607 18.709251 17.388614
33.347385 4.198446 17.566251
76.343648 13.640149 15.481903
62.639630 43.053215 18.650977
73.062319 61.934510 16.161637
66.125012 76.700184 17.863797
37.343327 5.791369 18.282049
80.252052 83.418511 15.999300
31.102083 56.582546 15.455333
69.338028 81.762044 16.127488
5.865455 29.962207 17.054904
54.713922 51.639547 16.538680
12.057254 12.077513 16.264321
58.953153 18.790657 17.134994
61.927395 76.559082 15.191378
55.648219 26.310533 17.567019
52.561462 10.140191 18.285747
85.234825 16.417832 18.745108
64.778328 17.141497 16.884156
10.276191 15.659736 18.340696
20.568089 32.946087 15.800300
30.674809 55.290328 15.779566
74.479708 56.301718 15.429985
66.569104 85.076747 15.448259
19.337855 79.033059 16.231201
61.008403 86.625243 15.027970
53.783790 74.270065 16.563611
80.256216 83.984277 15.669072
2.978425 2.112286 17.142816
44.096444 86.369999 16.359972
0.481760 37.396431 16.843065
88.256666 27.982960 17.514527
58.298050 49.771150 18.214573
79.993164 79.729478 18.336786
22.343892 80.455738 15.970350
62.974112 54.729112 16.017440
60.955289 13.878339 18.337087
32.609253 68.376356 16.388983
41.188007 82.466064 15.323040
66.154135 37.313970 15.035902
20.247065 73.088140 15.575662
38.488091 6.127754 17.796769
34.187636 88.099761 15.762378
6.574073 8.569021 17.253818
0.803959 35.668607 17.129308
75.867052 33.491706 17.324541
66.325782 96.362326 18.082742
33.973749 57.970624 18.584658
69.286583 79.784451 17.961691
13.575537 85.686642 16.077437
73.413914 43.223216 15.257898