49.678359 4.786324 17.373942
80.215058 83.136515 16.133608
19.796437 83.006238 15.159863
27.739532 98.381457 17.073291
91.624172 73.302427 15.891721
8.963475 84.832264 18.397458
38.398793 37.861111 16.806219
80.659408 80.578752 18.303032
4.027542 99.717736 17.799122
54.352479 36.715462 16.463556
90.837002 26.923717 15.576930
52.463404 84.459555 15.710309
50.538461 41.500599 17.751497
74.820953 0.369815 15.214464
26.785192 28.269423 16.143984
58.582681 78.929496 15.914372
32.166607 43.630011 15.622209
23.704343 97.904264 15.951623
81.245998 2.170639 15.299508
17.852749 59.424457 17.372601
73.122023 51.706723 17.935788
37.466743 74.792684 15.488965
18.599567 46.862847 16.766511
96.828235 25.347999 18.547184
44.583853 97.136682 15.018524
76.589102 80.229604 15.313306
28.312781 19.855790 17.516307
36.236173 72.095665 16.978210
31.059509 43.758621 16.428448
0.794985 43.065016 18.523295
9.940464 76.267178 17.301911
1.009140 58.646900 18.416127
73.580069 54.071681 16.533340
58.616283 41.604407 15.448394
95.153900 89.789635 18.569373
67.997532 62.493137 18.649654
45.089555 30.042707 18.725304
83.065238 10.719449 16.370928
5.621691 65.351241 15.584312
19.102397 47.628031 18.562919
70.683909 25.532173 18.088334
10.146255 24.044468 18.428651
46.898690 53.911387 16.476765
30.333593 48.968634 15.341899
95.745234 20.140252 16.550514
68.798439 6.130336 16.894065
45.110860 59.685903 15.194833
9.793104 5.010455 17.657821
91.312969 38.779724 18.304933
67.928153 87.121248 16.986399
89.702501 53.672380 15.065771
90.649878 41.583312 17.709495
73.482619 84.474827 18.486486
44.352777 28.709276 18.442304
92.895892 67.993972 18.211744
45.188523 63.406787 15.485987
53.778499 71.050043 18.254025
58.623353 53.035312 17.133744
27.930778 31.162378 16.967521
80.894680 19.857991 15.365118
89.638050 13.211658 17.388363
83.842551 64.416957 17.263663
53.101641 59.460006 16.706912
8.905153 61.156748 17.066753
62.918464 81.438915 18.350195
47.051430 45.288547 15.854456
37.730864 43.660462 18.061469
69.495526 74.790730 17.769542
71.158568 78.918389 17.434096
66.055872 38.728967 17.232767
10.344328 99.984916 16.531769
66.927707 5.362241 18.093052
12.955266 0.342260 16.664276
66.851508 57.577245 17.222223
13.313815 23.784171 16.226611
2.290495 51.113695 15.438208
31.949220 95.332518 15.595902
90.032603 63.922270 17.901855
81.352119 95.641482 18.712303
99.622137 81.339106 18.015303
14.080426 75.413561 17.716020
70.620920 54.477683 16.749928
86.791902 79.674975 15.648663
84.938935 78.100354 16.996169
3.929026 6.668576 16.746289
43.841073 29.739898 15.439773
43.105455 26.508685 15.522569
90.879377 64.873646 16.469735
13.254231 65.541801 16.963402
73.731691 97.053093 15.640900
20.712174 88.630737 18.747092
7.757018 32.287379 18.718196
64.607470 61.261659 15.051761
16.797308 54.221072 16.819230
29.882517 58.547367 15.586988
58.584978 48.984315 16.277637
31.133145 88.560570 16.636787
37.549141 44.676330 15.233281
19.275623 99.208353 17.864543
89.613607 96.909618 17.284284
24.600928 15.251216 15.127779
68.207662 53.293222 15.931554
18.290870 11.363922 17.373957
73.040183 5.531078 16.502849
81.575847 61.234029 16.528691
36.040578 8.465902 18.065956
70.822947 34.313778 15.583589
33.957422 69.061234 16.919286
51.305756 71.408510 15.360687
51.946419 37.860723 18.099542
72.711038 23.307141 15.708547
93.674451 62.149488 16.765251
84.553429 7.272999 17.171030
27.260812 78.102431 17.528222
80.613111 9.801187 16.765146
4.340601 6.598551 16.131471
51.370134 2.701407 15.953102
1.440732 76.493824 15.961975
9.430761 67.513139 15.789309
43.353925 55.626553 18.726465
10.526992 73.972394 18.703720
53.315279 44.766478 17.871234
87.455513 78.520897 17.758823
47.172995 45.680668 15.687809
98.921250 64.773403 15.777498
31.026063 88.014648 18.120241
66.196821 44.615186 17.912513
23.154998 81.179987 17.306597
61.031039 72.418068 18.119394
22.151021 67.958529 15.884479
22.155604 70.538211 18.104966
0.363944 59.804497 16.904765
42.344674 99.331656 17.712948
94.490783 89.488793 18.020783
20.387158 19.779018 17.654614
54.467772 79.617590 17.876777
93.197887 95.167158 18.065746
72.699012 29.461336 15.300070
63.392724 77.753851 15.247727
22.713923 18.024731 17.359835
18.495222 57.879433 18.595915
79.168224 39.480773 15.197905
50.170293 61.038388 15.476330
61.058116 30.662296 18.496355
70.251776 59.619879 15.408171
64.291872 67.794030 18.374906
5.050177 85.719712 15.290652
83.754039 44.366710 18.267569
98.063765 99.275802 16.883358
62.254495 96.039419 17.460813
66.747853 4.955353 15.419478
2.294081 48.285233 16.191920
4.311755 13.161230 16.178518
9.704985 61.524962 15.542724
91.540087 2.403931 16.630783
57.616424 59.615138 17.728748
51.067754 87.125940 16.441537
68.382133 59.246826 15.747739
63.876903 95.273675 16.003344
24.707031 68.756754 15.578619
0.216488 16.267038 18.230455
82.564373 42.859215 17.798023
16.621730 26.982924 18.492270
28.628476 18.408649 15.241156
73.279027 28.706547 16.736947
82.664371 83.104170 17.455730
10.571686 64.172937 16.109851
53.740962 19.468932 18.301783
66.048725 46.576862 17.979271
17.569837 44.512447 15.990305
55.326140 72.465828 17.778962
58.233795 95.333606 17.003785
51.180776 4.032491 16.679534
13.479925 39.381270 18.121105
73.917714 52.113229 18.084578
59.816195 41.747835 15.501986
81.525592 71.900339 15.605138
98.389952 73.313084 15.061751
29.211719 56.900233 18.286990
42.767634 26.956686 17.335224
16.373347 79.271249 16.967125
48.515955 28.147064 17.721532
76.568757 63.607369 17.990450
69.967687 10.890463 15.548698
51.405156 40.495111 15.662689
56.027146 29.018718 16.492404
15.806740 59.383087 18.090891
76.345801 35.915710 15.051042
76.081381 47.051537 16.603377
11.903371 96.781841 18.262609
45.364458 77.512603 15.709346
58.052232 48.697860 18.579073
43.855765 37.185018 15.603715
38.017148 64.061718 16.049967
56.818815 90.200559 15.029461
0.529776 90.002076 17.663254
97.875874 92.566391 17.846293
17.066418 57.192075 15.325577
60.730584 13.860254 17.236239
10.413803 37.268958 18.635270