77.167788 57.967161 15.483089
69.755044 94.210307 16.144579
56.031586 43.291828 17.904441
42.801118 6.220357 16.841735
7.083730 70.689733 17.791355
17.143828 27.075385 17.778262
27.549836 45.374873 18.145820
72.523276 57.545744 15.805991
65.251671 6.510499 16.723355
2.206756 51.918094 16.050176
74.670932 46.492950 17.714184
8.254942 91.163855 18.063864
38.141124 64.531352 18.000095
10.913222 29.867352 17.215207
18.196669 38.529352 15.626177
81.395100 27.521609 15.211107
38.959954 5.079800 17.934436
28.433548 66.948927 17.666005
81.175972 71.551098 17.641225
21.448150 27.885719 17.549902
32.848928 3.033019 16.565075
57.780887 20.227089 15.485355
55.010644 41.911178 16.769008
98.757946 35.779070 17.775372
24.545014 24.428735 18.124526
91.074767 52.779480 18.144522
72.252695 4.429756 15.320668
63.013001 79.487660 17.599293
81.861894 30.387631 16.398257
37.590050 0.100826 15.051552
10.746309 5.114424 16.833125
88.775922 51.811793 18.313079
77.879788 93.614401 18.140166
83.802320 34.826127 15.731265
86.390160 5.990579 17.676276
65.471331 26.835526 16.210720
79.393723 67.582687 16.669136
30.085284 61.199920 18.554906
88.819566 71.775754 16.302309
60.951926 3.925950 15.287732
58.415263 11.008859 16.108278
62.115919 58.710612 16.226959
75.985959 33.014954 18.350016
41.160469 97.264329 17.010713
88.422908 54.205631 17.316325
36.481238 10.422701 16.042429
85.603700 11.846386 17.114441
90.181570 14.133400 18.686466
67.784028 34.836864 18.002580
48.255834 25.152590 18.636872
57.730604 63.996531 16.398283
63.562800 54.590491 15.583515
39.933205 72.001795 15.065931
64.370614 81.079721 16.106540
22.982267 88.917113 18.326745
21.976551 69.253410 17.705220
90.690001 65.272498 16.428455
16.979644 19.230615 15.777941
57.407624 62.860960 17.283904
45.207886 87.771694 18.205088
80.572676 19.051755 17.067089
66.233601 57.240739 15.188475
19.710036 1.720032 18.452876
11.147253 24.715262 16.492886
75.844583 37.295267 16.342238
19.048189 58.080425 18.621960
18.999703 59.802039 18.170257
12.394625 10.230877 15.105396
52.112369 59.869733 17.855768
25.475102 51.282998 18.350390
35.880169 63.178151 15.399235
74.666557 81.393550 18.205713
47.429554 92.905362 18.723819
86.081611 85.893709 15.303454
0.772858 95.271314 15.761977
70.271764 55.489404 15.016727
76.106610 28.866393 18.216063
25.633292 8.601360 16.754422
97.812656 56.630037 15.717717
39.834163 51.109123 17.388436
29.061030 35.470313 17.853235
29.873610 8.108912 18.591112
26.446491 18.343698 17.781575
86.780848 33.690775 17.539279
16.854305 3.345502 16.522775
81.351748 13.702994 15.023032
46.713491 11.850779 15.329354
40.662455 90.442160 15.786094
31.240177 4.356514 16.119938
3.779556 92.709870 16.649904
2.286343 53.875289 17.966916
0.179180 53.538135 16.077043
68.631208 77.539419 18.643938
29.665244 26.120153 16.099353
20.367653 5.331841 16.889826
0.883445 27.313283 16.203091
8.187710 48.712784 17.586608
35.001548 22.561837 16.580570
60.287085 51.612489 16.621954
38.293724 7.816109 15.443022
40.521184 18.402301 16.679536
74.658804 56.931500 18.475087
5.445940 11.465914 16.813326
51.054291 73.242901 15.473996
81.225636 48.815724 16.271606
84.598925 55.092170 15.822839
1.878622 71.879299 16.590406
78.766354 88.478891 17.315977
68.879193 27.033624 18.124229
91.077780 33.678854 17.739304
80.213928 42.220536 17.616841
54.320482 8.055316 18.723711
19.687676 41.497086 17.365781
96.139873 21.084732 15.930729
74.888242 43.158605 16.641470
1.326995 8.095866 15.774637
28.704841 8.382821 17.846397
61.291734 90.056047 16.003856
44.217405 32.568613 16.068530
4.973374 81.035930 16.829045
42.797517 30.900316 15.664974
43.731690 44.432051 16.054972
94.270739 4.378461 15.001716
13.779199 28.499544 18.062655
55.675595 48.895483 15.656844
25.081613 91.875483 15.178017
72.239286 6.941718 17.977395
47.396191 39.332526 18.225369
92.572906 50.333000 15.469861
90.480411 60.570821 15.527466
99.575079 72.993854 15.985689
9.713194 22.055191 16.259201
39.425567 63.117172 17.767622
39.087882 70.720237 16.103362
90.145092 57.862997 17.396791
27.539986 46.985800 15.620861
46.167765 71.014822 16.207252
59.857731 2.229914 17.316851
80.762821 75.071756 15.203632
95.518641 72.144969 18.127688
69.988562 80.375878 18.699832
60.278456 80.129984 16.932665
35.819268 17.123306 16.767984
96.076873 9.873072 16.340900
80.675960 0.178655 15.828035
11.981831 61.701313 17.688058
29.137543 18.557856 15.441182
29.147223 70.881505 16.885933
57.346211 6.779136 17.468689
47.979762 1.070076 15.619152
82.010158 15.117478 15.754969
72.436514 81.419851 16.045557
37.789522 4.636606 18.686257
3.170147 54.414361 17.973393
66.061281 64.245113 17.843726
24.141945 8.097531 18.277342
82.928744 95.793957 18.103168
51.893202 70.575081 17.020870
50.595111 46.665428 17.554794
28.760321 83.122383 17.086477
83.731416 48.409329 17.803275
96.836698 89.518236 15.193557
8.710173 99.317318 15.944718
62.014620 63.538382 18.451105
41.056624 67.417717 17.178605
69.163165 76.312575 17.123597
50.171089 84.083922 17.233184
48.183856 66.997757 17.250143
54.224969 89.780414 15.660641
4.755812 99.163092 16.490263
32.099730 54.746871 17.099765
53.032337 24.338334 16.184172
27.941738 92.235400 17.739935
8.356644 45.925090 18.143932
21.644553 67.563749 17.817913
11.300810 22.807532 17.459599
73.066785 74.171428 16.906308
60.162835 12.279391 17.547238
96.377040 65.954810 16.470268
31.773986 63.867616 17.043319
61.417506 79.450678 17.980510
21.576548 27.018187 17.626806
48.733128 87.247621 17.563586
94.958589 44.583864 17.718338
62.994578 0.753289 18.118995
89.260793 4.343999 16.952284
61.629251 41.173869 15.355045
60.821341 13.703519 18.136041
8.925332 45.550507 17.534787
92.310887 70.140365 16.730904
1.395223 62.949135 17.349228
0.980881 23.237597 16.420334
55.099216 11.493039 18.275333
65.416099 44.089525 16.183308
79.613565 58.768526 17.609030
59.640704 35.777748 18.247848
13.597343 71.767273 17.378850
54.460131 44.000779 15.310669
96.238707 15.855761 16.186245
24.887678 54.931043 16.705725