97.046887 70.904039 17.397880
76.531682 40.615751 15.071738
8.663182 31.694010 17.427424
19.799993 8.688728 15.112357
89.427796 30.986113 17.164548
39.742708 36.862558 17.007269
47.237298 80.769302 17.487627
28.863371 12.225061 18.440040
13.586290 26.881808 15.842929
72.806695 82.494151 16.899148
58.253294 40.228930 16.201827
31.588023 25.449307 15.786598
3.553241 86.382015 15.164725
99.663453 68.240610 17.161601
49.038272 36.780292 15.260352
37.664200 59.994199 16.884524
35.638066 34.825972 16.794243
8.715004 58.780539 17.617110
57.290787 44.640967 15.434082
3.759969 26.047023 17.850024
24.650250 47.870228 15.482978
23.507385 61.595638 18.653716
92.542908 20.585907 16.771585
34.536920 72.429139 17.896107
85.581742 8.380378 16.909983
60.579060 63.968885 15.956199
69.506677 88.860147 17.716498
64.996928 13.613802 17.180655
29.016494 14.336926 16.527194
65.692047 16.736006 17.720658
29.178265 66.315590 15.626756
87.787782 64.860738 16.709301
75.174348 22.927905 18.354824
72.558370 89.169904 18.351401
82.790313 29.766405 18.276791
62.100810 67.863592 16.554392
78.366364 63.424608 18.356609
38.466966 60.916150 17.098215
41.603495 70.381498 15.978473
63.067151 10.478287 15.437303
15.006489 17.758465 15.975577
71.621625 58.716231 15.925322
34.411259 84.865815 18.599071
48.439694 70.633031 16.264239
41.923552 34.328439 15.139662
12.448520 87.270560 15.791004
5.204699 66.365106 15.789616
41.936549 16.200214 17.953977
82.585791 80.923430 17.436381
92.736661 97.847212 17.343673
34.855081 97.877581 15.082028
1.942480 57.332346 18.363394
32.235034 55.732742 15.763709
48.933675 67.113960 17.658896
45.885796 48.982875 15.006973
1.467337 38.800710 18.678255
50.893412 94.891700 17.619215
74.266684 81.897501 15.339077
8.340662 46.915763 18.496880
69.869475 62.222780 17.030186
73.480275 50.312352 15.276984
83.404773 68.111710 16.997821
15.497662 3.941303 16.442220
50.030478 55.200823 18.256276
9.795793 86.156588 16.041122
65.696347 73.222837 16.156399
84.143072 41.820944 17.095933
97.112785 36.997987 16.345243
58.140109 76.712886 17.543057
37.969538 9.729300 16.607669
19.308999 67.106006 18.044073
1.408392 41.056425 18.207001
53.033364 39.565037 15.546199
66.884804 74.263073 16.737959
93.551104 27.430142 15.502814
87.622364 74.039836 16.714819
78.244433 21.975985 16.752291
10.483666 35.661679 18.669410
67.834993 1.971453 17.535734
69.767436 41.647690 16.623414
36.437458 16.020513 17.344681
59.763621 89.992442 16.161630
7.401207 61.044930 17.360156
9.851994 40.357661 15.888812
47.844914 94.107253 17.302124
35.557469 84.188610 15.516655
19.156976 14.691277 17.903934
28.495772 6.418630 15.417337
49.728374 71.313122 15.490225
70.936919 80.028553 18.105165
38.326871 15.768593 17.178422
17.560174 40.964831 15.880993
85.577574 3.947816 17.911949
29.023941 74.324480 18.446325
35.126738 75.137169 15.026770
98.163884 75.988432 17.095058
84.303089 10.603173 16.996344
77.195815 47.515933 15.858197
46.363940 54.089308 18.533600
18.709962 93.779933 17.314410
78.634773 77.192261 17.701803
43.380525 54.890462 15.357210
42.683184 90.307591 18.019253
23.918877 4.664422 15.593214
44.811521 75.618956 15.600670
67.897952 25.501099 16.271652
71.306244 42.505771 16.263915
29.143253 54.462208 18.200352
9.220115 81.512274 17.248489
83.953095 30.452282 16.810917
2.131937 50.227408 17.199720
1.796139 15.557395 16.731204
78.390699 36.853337 18.079712
6.041672 50.803409 16.050513
10.529269 87.613895 17.604555
79.936913 34.168715 15.286943
83.175467 32.424217 16.914447
91.460819 42.185020 17.126703
8.569273 24.084510 16.905363
24.375424 57.638014 16.119537
10.269226 6.382842 18.690353
20.418257 83.131218 15.191726
40.585213 11.227146 16.838972
25.415672 44.068977 15.874976
32.468210 7.525491 16.649507
64.166291 47.810388 17.150364
64.907002 20.900615 17.856696
62.214775 86.167461 15.190290
89.905016 82.133246 16.505035
69.986740 85.932040 15.134707
35.390019 99.439579 16.462909
5.462837 4.844209 15.552312
66.203693 31.549273 16.829616
98.016813 2.211226 16.031172
12.373906 50.766633 15.978652
13.206548 83.356381 16.520729
64.573913 26.692515 15.702859
50.722564 91.746075 17.291368
48.709246 71.074959 16.439679
27.172521 17.195477 17.085270
23.802195 71.820538 16.323623
30.580756 58.304204 18.096942
30.738959 57.733768 16.424842
47.287146 52.177065 16.632809
92.995387 33.150917 18.533025
88.502811 16.347714 17.239213
13.529741 38.102505 15.686792
24.142311 93.665447 15.042975
27.598747 23.097684 17.357797
36.955739 59.531562 17.112268
2.201194 1.117567 15.883874
65.463031 9.658056 15.496370
41.795225 26.936405 17.675638
93.440062 26.354312 15.437991
17.911864 24.423381 15.581587
34.046852 58.560848 18.629510
64.228337 68.027382 17.640490
6.263941 14.604327 16.119731
43.271615 46.557132 16.847215
95.410528 3.733907 15.341841
90.326998 43.053629 18.265920
68.371442 1.174630 16.954931
79.273568 5.761489 17.333681
26.239099 7.300819 17.811477
49.613821 36.602957 15.784411
60.571915 75.926266 16.708801
5.580341 89.770066 18.355717
67.434435 89.393887 15.003190
37.557269 31.768276 16.286919
8.326763 61.014110 17.497877
32.497078 12.246097 16.202249
10.558457 82.824384 16.376836
0.394622 55.137173 16.064736
81.342968 64.669180 15.897720
52.479667 52.293677 16.147632
3.513745 19.937186 17.996490
44.114087 80.908481 15.613945
77.883925 3.896637 16.840718
57.344570 61.039622 15.440907
94.159640 90.498041 17.847071
92.794881 66.249433 16.072661
27.043138 82.607336 17.598762
67.854854 61.388299 16.795218
57.173547 96.560547 15.634482
78.082332 0.463808 17.363953
48.038352 84.390201 17.690775
71.709438 52.008435 15.305558
33.556496 47.660172 16.519373
16.727191 6.515687 18.455672
38.841608 16.096086 15.599213
46.687819 28.634909 18.273947
41.113734 87.396626 18.675634
33.676431 28.874739 18.530620
70.923213 60.091735 17.051521
0.678309 74.450895 17.002819
78.389493 74.641597 17.018339
15.651695 83.274464 16.230598
32.727460 28.957183 17.778618
41.646975 44.032877 17.067317
62.844291 37.910988 17.164483