24.880533 17.675345 16.907281
32.360143 98.728522 17.181010
84.032625 69.311408 17.092795
63.168255 6.521478 17.121766
85.994030 54.241653 15.215237
80.853697 70.529810 15.889243
60.346865 16.748051 18.350059
17.860247 4.673931 16.045364
13.377204 97.571820 17.809418
41.185434 10.545668 15.878205
34.609650 74.782673 15.198511
38.908867 44.658504 17.047141
4.848910 6.492642 18.452177
9.604685 14.790820 16.349539
21.194592 79.765783 15.416368
86.990102 29.893392 16.364408
66.559313 8.374592 17.078292
60.516170 29.553079 15.284905
46.137203 15.217427 18.320134
73.461910 21.296221 17.433816
8.716223 59.293728 15.434197
72.024632 32.725351 16.072428
63.431216 93.845766 16.752546
8.458341 45.127978 18.325599
12.636275 1.209849 17.063859
25.991338 25.385021 16.717394
24.705496 20.151846 15.233871
53.067826 32.979373 17.370901
12.076697 75.974641 15.425454
89.166165 84.394229 15.579124
14.031646 62.401407 16.291204
6.435739 42.443409 18.745689
80.525443 64.406058 17.521723
76.748336 64.425083 17.160383
7.426966 58.287853 16.505280
53.106726 2.775350 16.676568
97.208278 50.132925 18.151329
11.085601 11.098392 17.071492
98.180295 74.490716 16.408444
27.728304 77.146186 18.461648
31.422486 85.659484 18.501618
18.084365 49.806124 15.075573
54.836208 58.454679 15.075802
48.744203 79.746866 18.453867
56.414583 67.538567 16.946721
96.463599 26.757439 16.223839
15.406819 71.608000 18.188509
58.907121 45.063097 16.756676
54.173764 91.454513 18.748747
24.135127 99.041719 17.838551
73.032383 55.298517 16.886722
74.301002 38.244067 15.619168
34.207386 89.479027 15.662301
54.250413 95.043974 17.245791
17.765591 17.838152 18.274645
19.802579 51.094230 16.563786
41.796359 97.892731 16.296280
0.401890 73.697246 18.285650
72.019498 49.750521 17.395904
79.238364 37.647717 17.707169
74.817918 50.909624 15.940121
21.619213 33.854272 18.197986
34.768279 49.907063 18.074475
29.975024 14.835285 17.274562
10.070784 35.189629 16.840557
99.689183 39.054399 18.718057
21.935633 41.337683 16.736149
49.910414 86.618422 17.838691
12.688584 47.843679 18.746355
32.202323 47.883644 18.037823
65.133036 83.054565 18.739844
89.161474 36.352943 15.216864
69.331138 12.169547 15.263995
21.404620 52.704472 15.383225
86.102201 57.847956 15.871070
94.552523 90.654283 16.468197
70.948531 67.139894 15.730159
36.769455 23.056033 15.426350
89.715030 98.518811 16.354573
90.672527 26.384947 16.495910
36.966880 95.538769 17.584068
94.423412 85.377052 16.612867
33.561673 55.191988 15.118495
66.310649 8.480110 16.835244
64.965267 58.637431 17.046289
82.188680 89.143899 15.584557
15.586300 5.537721 16.164302
85.222502 12.430521 16.726363
77.235631 43.619329 16.082573
21.335376 43.713990 15.943939
29.755666 72.938679 15.989825
95.452009 35.564688 17.390402
4.415318 42.718531 16.158728
46.016036 79.230846 15.811953
28.823369 1.649614 18.631380
17.641222 91.855092 18.217569
17.829467 10.875003 15.264200
76.708045 7.910768 15.744912
86.312422 38.154737 15.783171
85.761940 99.720199 15.895779
21.679663 95.554461 15.909375
49.515749 47.937172 17.136851
23.348238 40.340557 15.100862
38.281616 0.996199 18.589481
71.982926 59.549491 16.146020
92.618644 75.078017 16.031086
10.218090 87.160671 18.073650
8.310664 80.804435 15.185240
0.791461 80.887799 15.649494
27.855267 60.339519 15.124134
61.460530 57.460530 16.773871
87.814256 74.741202 17.504691
54.451339 69.449424 16.088935
29.140392 73.029513 18.276315
37.010102 99.310615 18.662621
91.770945 14.335852 18.239803
14.613724 42.865796 16.703252
89.506288 27.463969 18.402936
20.439188 71.425793 15.100084
21.432857 39.843127 17.165765
15.536645 39.047237 15.456359
65.166947 90.720999 15.558283
29.342219 75.420417 17.831159
5.582955 9.812275 15.543995
58.062241 52.140020 18.435840
18.226204 96.879899 17.897330
36.059971 21.300874 17.200029
19.770318 9.532106 15.252933
6.809553 92.045199 17.290298
8.202752 61.816465 17.852989
69.588951 8.681359 15.036886
30.584298 57.438109 18.658272
50.881649 28.860869 17.489097
76.655164 98.366531 16.842573
7.027017 45.270105 15.611307
66.169981 20.519936 15.803948
90.666169 20.421410 15.279114
22.095121 43.269724 15.293310
0.221241 96.538802 17.851056
75.018303 62.874533 15.174713
51.832829 93.913873 16.803819
3.559436 61.925488 18.252294
44.956565 31.618435 15.244234
29.452652 26.787056 17.273114
12.199280 49.671233 18.168737
46.842329 34.149530 18.023109
92.170846 98.476746 16.379968
70.034299 88.011040 16.046843
65.186615 78.458859 15.105105
95.833410 6.725621 15.485116
81.091687 8.081344 15.494932
96.781918 62.326806 16.209047
50.255360 81.541592 17.709533
30.586604 23.156882 18.604272
65.876617 90.849661 15.766302
88.744479 40.165922 15.277105
13.831009 82.770746 18.521875
19.194008 90.993092 16.236811
83.824536 18.287071 17.654366
1.358370 8.557051 17.975796
15.625986 25.534786 16.180505
87.400514 29.746844 16.256458
32.638802 57.304816 15.241112
43.901070 63.182467 17.960082
52.389592 87.008935 15.038628
32.526403 42.360507 16.481719
55.430267 91.443733 18.355105
50.798703 64.965053 15.467169
76.844407 54.608515 15.849723
92.609619 45.473424 18.028143
11.584411 0.786413 15.319407
82.123108 80.895404 16.786355
87.404482 43.349140 15.551031
50.863308 43.946276 15.951403
29.769009 16.922717 17.657758
43.588581 49.470292 17.774631
80.006073 86.704992 16.499952
34.979096 73.319894 15.726522
97.328830 1.356753 15.797628
50.300934 53.131869 17.511578
15.437989 62.212479 18.079543
24.955469 19.198831 16.161786
61.602804 27.756057 18.539878
22.763417 20.637875 18.737798
50.029328 32.424194 16.543708
40.350258 84.988136 18.372269
69.104239 22.748779 16.836133
74.832894 5.771592 16.240028
93.942229 67.321987 17.027651
27.804942 48.645464 15.806739
31.789991 33.818225 18.517183
0.069814 48.978833 17.170780
72.748457 35.558660 16.624853
63.721372 11.291080 15.707349
91.974705 6.482429 15.095185
54.654805 89.152361 16.679434
36.235033 2.405385 15.172226
89.151847 84.956668 15.093318
61.448485 42.291455 18.187245
79.729602 11.834494 16.614184