69.405751 89.549901 17.449068
78.719563 81.210141 17.031925
29.488489 90.642040 16.054273
16.949631 28.757844 15.986693
68.379288 93.298473 16.123162
27.320724 26.230733 15.489448
69.913039 36.145978 15.599449
50.981955 99.847553 17.197783
45.209767 61.163328 16.281026
17.208419 59.007871 18.085918
88.760735 10.840692 15.701895
33.678187 69.306101 18.248917
21.040771 95.379895 17.480604
37.728929 99.555081 15.654510
43.716355 76.298417 18.595317
53.418084 17.574654 15.344260
59.060981 43.348373 17.709311
74.805673 43.943954 18.642874
14.491416 41.311112 15.039705
9.094333 10.742144 15.768497
91.152564 23.417595 15.321041
5.232707 57.420015 16.933139
19.320590 65.816640 15.926417
50.239464 99.949003 16.680031
20.290798 44.001014 17.530685
52.202283 63.164734 16.366691
5.247242 37.116786 16.123825
90.354413 65.217722 16.308926
53.537096 95.610994 17.420606
81.353022 65.294812 15.029015
89.844553 11.733613 15.615256
45.447819 85.127069 17.735664
2.313725 76.862732 16.838462
20.346711 58.497905 15.229163
5.804888 87.105260 16.318597
8.066740 27.292812 16.311643
52.468018 63.043565 16.790683
53.157153 35.446937 15.944786
79.240220 38.026248 15.247323
44.543326 70.121761 15.258378
9.092536 56.418332 16.446418
27.434778 66.397706 16.389965
39.979639 19.994790 15.890425
81.676940 72.826015 17.608153
59.776540 72.629235 16.785581
68.056392 88.586201 17.267315
85.642549 87.184053 16.504283
4.903334 40.028643 16.229715
27.879697 69.160566 17.147998
10.589894 20.869625 17.886805
37.328924 28.804631 15.824133
81.923652 77.080796 16.578052
7.042220 3.586355 17.883252
44.494053 21.069241 18.240425
35.426487 19.446660 17.541645
40.187925 25.893639 17.159695
77.552363 56.552886 17.194888
28.611313 62.264781 15.904001
8.912785 20.548844 15.212940
71.914438 52.484129 15.691756
90.759068 17.760595 15.391997
69.920994 13.396876 18.718386
86.680087 97.815890 15.579624
45.144759 26.360247 16.263561
5.911480 91.015492 16.508654
18.699886 55.537342 18.334524
88.385460 59.000882 16.693936
21.357531 38.553111 16.845332
39.613612 29.466696 16.129224
16.089171 66.802835 15.300199
41.253144 65.957788 18.631214
17.956676 57.635324 15.845137
33.504180 21.176296 18.240294
97.586136 0.897508 18.632638
83.774855 37.977476 17.235217
97.090238 58.941479 16.520170
3.552589 91.230004 17.062438
31.812980 66.754822 18.184921
10.680004 16.590767 18.164791
39.028222 33.855376 18.405819
81.206326 44.746459 18.679879
81.434798 24.452765 15.196808
66.765325 66.175486 15.511676
5.872311 86.130366 15.162492
97.279583 44.675623 16.249073
0.971607 3.459018 17.000942
72.176447 43.320228 17.739474
62.386615 42.783739 18.309669
34.810767 85.432458 18.049155
33.460623 56.100575 16.066349
49.409737 7.002112 16.683071
53.775698 65.332336 18.123317
8.595281 72.877125 16.427831
42.425626 30.639599 17.610301
82.324016 92.129869 15.182849
74.639066 53.800727 18.171655
66.431620 21.633435 18.608234
81.147582 39.654119 16.664652
78.490256 20.646229 18.394793
10.980958 95.696028 15.351714
75.624014 85.213488 15.739511
79.992424 90.327660 15.470353
54.074388 2.048288 16.145524
48.400900 9.697264 15.700638
59.909467 34.834815 15.307052
78.810056 25.911082 15.860712
39.426311 12.113932 17.843386
0.292485 63.307549 15.309452
48.739921 58.230637 17.943259
94.608010 65.925568 17.921409
29.620021 96.691951 17.886242
73.538721 53.606112 16.641297
78.831596 58.088062 18.428813
52.982916 32.987863 15.673368
49.577043 2.743149 17.474877
61.950738 28.494328 17.795774
69.572999 79.174679 16.425149
47.597617 97.748475 15.376020
26.306406 73.239631 16.716840
16.188349 72.143903 16.098617
9.889269 86.181236 17.793213
44.849244 47.206800 16.997696
19.148679 13.492082 18.051414
46.508342 24.137795 16.788551
7.126306 47.486953 16.526441
47.565658 30.968969 15.817586
6.508326 86.713943 18.380695
4.164169 24.325860 17.483339
57.048755 89.221853 18.411342
62.888396 42.575993 16.874178
42.103395 45.399431 18.616852
14.014260 66.453261 15.382497
79.120291 84.189561 16.986866
42.632150 68.049065 15.806449
74.079161 28.835985 15.307631
61.432885 76.052130 16.097766
86.693186 53.020197 16.566350
6.653495 30.106682 15.529266
44.926446 66.033770 15.718753
61.270473 49.859417 16.856936
18.943701 22.149309 15.587849
81.296634 33.371681 17.902620
72.122768 21.099613 17.653648
60.673760 45.809625 16.556534
61.234399 11.861069 15.174302
82.061363 74.238063 15.389562
77.096624 39.281229 16.933564
37.899846 14.473068 16.425910
33.160574 44.761277 16.682767
86.428836 70.091665 18.480021
45.355630 98.407931 17.273761
97.601609 65.878414 17.144966
3.720610 46.133975 18.274522
9.440594 35.225104 18.620803
35.555418 80.273042 18.273921
93.755850 49.150773 17.173680
86.828472 95.568091 16.810452
2.518436 35.539016 16.945353
38.727204 52.193035 18.120994
56.466921 75.680953 15.856785
52.925274 66.091163 15.899125
62.582118 73.707507 15.525154
52.609152 51.109892 15.128656
88.484555 95.635313 18.411683
74.004088 65.488453 16.437521
16.132393 93.042429 17.628755
79.554048 17.360406 16.407452
97.709522 50.194067 16.610130
21.573843 85.494668 16.307482
18.928944 10.910469 16.610140
51.525406 67.280371 17.520458
11.515869 9.737149 18.174836
97.098018 91.520651 17.373311
14.383517 31.327184 18.647125
57.914567 9.449032 17.767366
36.638111 82.610898 18.177715
59.468762 36.779366 15.880321
81.537547 76.047778 15.196147
45.206881 28.188555 17.213275
57.781378 3.088005 16.761043
78.779291 74.176529 17.468006
64.612047 70.851434 18.053454
28.329295 42.464561 17.568063
70.731054 34.795692 17.587479
93.050730 92.158079 15.648817
10.446224 17.687189 16.839843
54.305072 10.502721 18.661122
47.259257 2.597230 17.123120
29.061372 39.638922 16.565712
4.147521 58.501973 17.463417
18.464769 33.778865 17.336572
20.146018 81.712710 15.928138
62.622681 82.209893 16.476611
4.189153 92.470617 16.221781
92.242269 3.977632 17.691126
86.179448 71.502051 15.667261
73.221012 19.276310 16.946169
11.772023 83.987362 17.007839
26.443675 64.976836 17.483079
70.399309 93.651179 15.763700