20.465573 88.244688 18.358100
20.734224 69.570629 18.142221
73.283380 99.722875 16.470580
18.761231 28.402496 16.062140
27.007203 75.888627 17.709503
17.491594 20.920694 16.626155
1.644471 75.105841 16.644131
49.289075 91.016485 15.309895
9.006110 98.677684 15.875097
67.076428 81.040292 15.522659
2.135172 65.447372 16.050817
92.626977 34.937632 17.555156
37.298007 90.011808 15.693620
78.004335 89.053743 18.203804
79.789763 71.152139 15.710903
21.712960 49.991739 15.813253
44.277920 94.455268 17.218328
98.531624 16.075585 16.014127
33.356774 36.398642 17.833274
61.326005 17.146000 16.771647
25.761978 65.179425 15.335910
64.279147 82.293082 17.708509
75.145522 94.402876 18.129945
60.070204 42.488034 16.977807
88.259127 50.417097 15.430230
59.121451 4.998204 16.870238
34.199916 69.187800 15.652999
26.962425 82.043089 17.166999
86.553017 35.354408 17.708836
46.055307 12.984233 16.343081
85.335026 27.499343 17.432332
88.651438 67.093521 16.937912
60.411056 16.387191 15.254887
23.123414 45.729211 17.398804
79.067520 85.015208 15.445511
47.164936 65.539179 16.739705
97.871263 40.815608 15.417099
57.291635 99.434050 15.913037
60.820372 57.899352 17.616226
69.759476 47.796300 16.906775
36.706315 56.705619 16.743088
98.887129 10.048576 15.768908
9.079963 93.030781 16.653739
74.511423 21.228918 16.560416
49.798582 94.115050 18.028779
41.983740 37.157124 17.450532
20.514609 23.142399 17.967151
38.038695 83.924391 15.576889
15.347484 90.749011 18.447897
58.837895 7.100322 16.227547
56.313965 58.579604 16.156473
67.526882 68.092688 16.435299
77.998299 38.524754 15.294105
31.718346 42.442336 18.220128
98.516939 5.152403 18.115568
13.738390 11.495289 15.078386
0.330401 15.724923 18.084412
8.622174 5.130860 17.682050
36.775529 26.027558 16.918809
78.202872 87.038498 18.040993
56.394267 61.164879 16.042185
40.651486 0.878757 15.090414
91.653922 41.137892 17.082134
60.709284 35.497925 16.315180
36.666807 43.909532 18.285537
69.681272 12.845805 16.280434
87.534533 40.748790 17.131131
66.132907 29.588007 17.023181
57.633059 11.318130 18.000886
11.804226 55.772071 15.112719
98.896587 44.714784 15.660367
77.217426 84.871708 17.705413
3.509615 59.492070 18.702409
48.824027 41.568743 18.193469
45.479508 18.983403 16.985053
47.051770 7.496432 16.786039
69.537744 69.051169 17.381693
84.369355 6.652105 18.437938
2.599119 79.978802 18.152900
77.180795 89.380925 16.745738
57.177653 99.506720 18.049253
55.778214 79.863575 17.498510
41.471811 46.915746 17.005344
14.668364 92.535137 15.776506
60.844273 34.068611 17.711049
25.563904 93.463554 16.882844
17.044879 69.309313 18.672219
28.248104 14.104071 18.474810
77.940459 68.600154 17.310245
26.649124 86.916947 16.350044
22.828484 84.174020 15.205278
61.058604 68.276637 16.394903
70.833104 82.764596 15.361356
83.307775 39.854569 15.945001
18.486037 83.791625 17.053668
98.190340 98.653323 17.293779
35.768981 90.119424 17.902593
22.957672 9.174567 17.660857
27.918806 26.091579 17.126086
8.543006 8.196044 17.298840
48.413111 71.453746 16.044117
74.344637 84.148846 15.007242
92.246488 5.087044 16.272641
31.264072 49.127694 16.392776
69.823644 1.250420 18.004233
1.513319 36.632363 17.909348
15.536555 3.508265 15.599787
77.957551 60.930068 16.025031
6.495276 0.314024 17.611577
1.509945 58.947192 15.255591
31.240794 5.638419 18.749138
55.908950 41.503070 17.151704
74.171176 14.215625 17.938100
34.279527 24.335521 17.698421
28.528034 59.259999 17.991395
79.898428 78.194445 16.884922
0.113183 22.472942 17.512432
64.590757 2.888819 15.929635
99.686062 80.977953 15.729371
76.829130 95.411478 18.455916
85.586772 66.635226 16.840359
21.592695 21.938111 17.561526
62.706942 51.906651 18.584443
14.191784 41.541972 18.171785
62.336150 18.819398 16.819321
19.648841 10.645914 16.499499
36.116845 15.391091 18.626944
31.365942 15.826601 16.467883
99.203253 91.831144 17.788296
40.383227 53.504836 15.434492
85.586417 21.421662 17.438535
8.839726 61.573516 16.238426
4.333756 63.271357 15.464055
42.270846 59.184322 16.609007
61.488443 49.909541 15.144702
44.487181 34.809837 15.454744
22.270288 38.861003 16.642405
40.122286 68.757280 17.587366
62.380667 47.159131 15.360615
55.351181 9.661134 15.508831
70.934826 15.273638 16.191958
11.449823 21.348510 18.387855
20.746180 32.695892 18.510288
86.990194 83.957353 16.658506
98.403884 18.668071 15.230268
60.448524 37.231950 17.548463
66.717526 46.878001 16.070336
21.327099 13.873443 18.434504
68.334240 60.859263 16.569907
63.815978 18.643900 16.503678
97.923625 26.104111 17.997276
37.734373 64.123208 18.100409
52.781119 56.891596 17.722191
91.263509 52.788104 16.557222
61.480041 64.510894 18.261261
11.892797 27.667824 15.238412
75.721292 5.723699 17.660012
27.532924 55.436418 16.769890
16.694717 23.464557 18.441406
69.149666 74.528471 18.166904
86.675521 9.491614 18.079403
63.664530 4.465249 18.170081
84.381879 59.251188 16.142689
4.421903 47.590585 17.698798
28.910748 52.233827 18.721768
43.563786 81.893582 15.955788
8.233145 45.857571 15.879978
90.085092 52.260304 18.082794
23.133157 25.675204 15.754260
66.191167 2.287229 15.163993
90.630038 29.475862 16.038076
30.293987 73.855269 18.018101
30.171375 28.999398 18.599865
40.988809 2.098846 16.660057
30.079600 48.774636 17.013918
61.738141 58.161553 15.192635
64.580643 64.796791 17.705609
5.455201 98.012547 17.073451
73.682618 78.540131 17.700592
25.393171 21.700544 15.871233
64.874219 34.747238 16.424789
99.403365 26.947309 16.250636
15.584733 84.609282 17.290163
85.135780 46.443874 16.390635
67.020861 19.176665 16.189248
19.333853 74.811017 16.674356
85.855153 45.388339 17.646186
37.420495 85.277227 17.695343
62.115816 18.962462 16.066313
1.890189 47.322185 17.174069
74.238311 79.700168 16.954349
29.915060 13.634844 16.164286
46.526792 73.360515 15.025643
90.552714 94.419542 17.186284
12.458193 44.170804 18.465282
47.537963 22.304419 18.013085
12.633156 83.921950 17.639033
54.846768 5.258859 16.676135
40.630658 30.432557 17.470271
79.596808 13.154884 17.135297