84.305040 12.554735 16.405173
18.348642 38.309834 16.160587
0.031824 14.913034 18.730613
61.568232 88.350510 18.143163
90.536825 42.744986 18.102016
81.103345 65.676411 15.088887
70.347053 1.646876 16.705784
41.495358 35.262385 18.156848
20.010612 48.314836 18.395869
9.061178 50.298519 17.921899
39.073278 26.856732 17.575390
59.005095 4.471451 16.624386
90.266898 96.479831 17.234569
86.444109 65.063177 18.297904
56.742184 95.572072 16.229560
99.138693 11.869498 17.991166
77.128155 90.024669 15.272241
47.006733 24.834102 16.492060
52.918649 49.887531 15.102957
60.588381 49.250233 15.013402
22.338027 22.517222 15.897386
48.031788 87.184542 18.738711
0.773115 31.385374 16.280270
9.605881 0.659425 15.145690
93.804672 92.518018 16.316348
50.396235 90.604562 15.261665
38.312486 17.816661 16.707660
56.458696 13.531580 15.337421
62.136563 61.955573 17.891157
98.429581 27.978735 16.729515
17.473602 42.441583 16.369460
8.104748 25.643715 17.574590
2.342563 62.891179 17.529471
32.294054 64.758509 18.351190
98.042855 57.036849 18.048461
1.967002 51.491919 15.476188
96.217725 35.427830 18.079064
19.294116 37.464683 15.026930
91.944177 57.948736 15.580871
97.649524 52.985277 15.799346
29.927822 57.345186 17.132159
56.658555 4.081795 18.147893
35.507234 28.792082 15.716311
10.911678 30.183032 16.234684
41.825200 65.916901 17.249728
19.510760 51.132526 18.104826
75.762097 52.060136 18.406837
2.424540 61.900063 15.538188
80.041775 6.973420 18.420796
79.656626 70.495469 16.880013
8.580799 42.034113 17.355175
82.905444 62.204948 16.372218
74.268955 70.736284 15.585852
69.374516 47.850903 17.130677
6.615673 41.018674 15.585952
25.442256 2.565199 16.176755
69.675494 0.325028 16.062539
1.167871 56.810554 15.797144
68.099317 71.876911 17.318668
6.502148 5.101351 16.951918
77.751014 57.423183 17.436256
46.653492 89.772593 17.351754
70.839460 78.461013 16.405924
19.447223 24.118392 15.974879
63.665707 33.885943 17.743073
54.646299 84.818523 16.457257
0.264195 70.020830 18.164308
90.643325 37.506427 18.014028
63.200331 32.603975 16.904162
60.111706 43.296107 16.726872
97.883191 32.764264 15.135592
41.257872 90.122607 18.473870
59.605928 37.723847 18.627022
0.757529 91.004879 18.251593
31.052877 96.776852 16.901270
6.307252 65.185438 17.859084
29.700456 90.214766 17.156374
65.957872 59.217552 15.784004
57.134982 75.894825 15.359527
45.889023 57.211128 17.538167
33.321634 7.280319 15.949295
40.266708 53.728379 15.212656
96.610115 15.352474 18.492107
72.655170 25.100144 17.294766
99.097068 86.069397 15.921681
91.807047 72.305297 17.414532
37.606962 76.178437 16.826975
37.802512 88.123393 15.712546
35.937057 65.900914 18.483556
24.585509 20.522770 16.969402
71.456164 97.439078 17.099002
66.773622 98.966163 16.648734
61.629805 31.856174 16.887558
53.480839 12.322869 17.657882
50.391533 58.133975 17.122014
94.587787 35.244669 18.746540
94.431174 56.082908 16.621101
6.957471 40.763047 18.544692
60.287919 14.615056 16.104427
57.459261 18.852520 15.010941
50.461529 57.215664 16.594505
39.498973 81.665511 15.854570
35.427272 72.962144 18.404924
21.547278 22.261148 16.474789
52.354558 6.762366 15.392968
45.410362 13.434448 18.552117
96.514777 12.186806 16.994609
85.613094 2.223699 15.773100
6.456647 22.688914 15.823717
88.853285 74.150792 16.380367
0.744097 49.303885 15.627565
36.822532 11.522798 18.090936
90.910162 94.936568 15.678950
62.187065 50.124513 16.047247
56.078578 70.664143 17.062335
86.927942 55.344166 18.271681
62.695000 31.188161 15.372829
11.728691 55.448410 18.311955
79.791529 81.241324 15.127546
70.757497 98.068537 16.220303
92.627942 40.162494 16.796519
93.442075 30.129846 15.843214
25.689631 88.222003 15.041454
62.707725 13.523901 18.426162
79.924838 9.890404 15.684619
93.027961 8.732994 15.082022
21.883304 39.078980 18.123946
3.331084 48.077617 17.614907
92.874410 14.340247 17.243604
64.040137 30.149721 15.624984
67.936856 82.525387 16.389941
30.873216 49.716141 17.159825
36.629949 93.006881 17.405219
65.770849 69.677815 16.662930
60.143620 18.847300 17.392622
47.370124 91.678231 18.590296
12.056764 52.981159 16.228274
66.267558 3.722299 15.644990
12.346811 98.872279 15.700179
8.022025 2.790896 15.508965
36.456468 72.047298 15.029602
50.828201 14.877977 15.286879
87.058225 96.991578 18.585826
80.560578 80.626618 16.283195
61.726570 93.437953 16.924554
62.770533 79.622986 18.337103
34.744515 21.325300 18.010416
47.090677 84.497547 16.242276
67.705533 43.000732 18.141327
21.496046 80.637536 17.885775
82.545039 84.436844 17.857725
50.605177 56.663487 16.426565
49.851470 11.404350 18.726073
39.029416 37.601180 17.404541
84.602717 70.367529 15.881999
34.539606 8.674158 17.815439
92.245627 54.963026 16.827234
17.735753 13.007824 18.367532
87.845485 63.608101 18.588894
71.338268 20.127365 17.169501
57.842962 43.806162 18.634853
62.881104 82.750679 16.882854
38.298964 6.486012 15.447852
74.145971 27.812461 18.598271
18.630316 91.781882 16.928727
59.304253 99.802317 15.614887
94.381139 10.708454 15.713140
18.141393 48.348839 18.070895
52.599685 17.175332 16.150738
17.683256 38.950545 17.053303
78.580754 92.984246 15.747664
91.543281 85.591306 15.832442
96.145021 9.225579 18.312448
68.992468 51.890738 16.180488
9.055983 40.158798 16.586182
4.048744 91.399945 17.949123
41.537929 48.575420 18.093846
91.668718 11.725507 15.317765
97.849803 99.346745 17.109272
54.612280 2.669117 16.849399
73.300570 45.231103 16.892868
66.447784 3.877674 17.008885
66.645185 75.026970 16.084283
76.860958 24.163386 16.079693
44.288225 87.059188 17.452542
74.519271 54.275951 15.393126
43.388763 41.453616 15.072156
30.798877 54.486930 17.821100
27.119235 78.916994 15.741815
31.162662 14.866630 18.747456
72.723260 87.156082 18.491024
69.971208 62.359163 15.579016
60.920491 82.210689 17.091872
45.189287 61.706105 16.077400
34.047285 8.882117 17.110720
55.207314 64.250348 17.382526
5.854947 42.874862 17.232983
79.869056 61.267417 17.204042
31.330636 84.697032 15.088994
0.435779 94.335866 18.412789