42.154614 71.857756 18.585496
53.665244 1.976029 16.921289
83.166847 86.774998 15.084148
7.083344 94.560287 15.020583
97.359291 2.549242 18.584478
98.299480 11.997969 18.593297
99.575614 91.747876 15.381681
18.281844 73.739777 15.913757
92.622559 54.252870 15.559601
22.629894 99.039999 18.393999
20.490027 42.271855 16.232870
71.554110 35.924764 16.719510
73.432439 27.949061 16.932357
93.447246 58.442146 18.470719
76.801915 96.711934 17.247436
8.733056 18.470839 17.471398
68.084097 18.202353 16.574720
75.628146 35.387012 16.791248
69.506664 86.767510 18.289001
47.446376 23.396644 17.589822
51.592917 82.508368 17.742712
3.766211 4.270037 16.586546
75.637685 28.165510 17.168114
6.363662 82.496906 16.617456
77.932126 32.291768 17.340376
46.722931 53.375462 16.604581
84.894498 13.124817 16.999930
99.793313 16.020412 18.525167
17.449208 14.754685 15.184243
22.318938 47.942541 16.421176
8.053488 2.393664 16.823412
40.405246 7.357917 18.044124
97.261489 51.625063 16.334282
52.120443 43.557627 17.544667
76.890669 28.725443 17.205555
5.703616 28.555726 16.188073
36.930116 38.911489 17.656098
83.491887 77.859707 17.396335
71.228521 0.517899 17.958503
68.387466 54.015114 15.784906
6.862743 18.371338 17.465830
92.776422 73.574986 17.431241
85.979356 87.984863 18.341888
57.730157 52.491424 17.634932
55.569297 73.593695 16.845407
87.484891 30.212293 17.884529
88.745155 39.095692 18.132589
95.709443 95.602557 15.072575
62.939623 7.228662 16.402035
89.138322 88.267760 17.852819
59.652703 20.676004 18.695558
7.460219 50.938080 16.195742
95.988371 96.655228 17.437497
81.615222 30.971502 17.146151
43.917458 56.176276 17.633781
7.246563 41.766192 17.064616
29.432315 69.391078 16.979842
54.122367 46.861857 18.250902
24.510156 13.924199 17.711629
34.903832 60.969493 18.429618
95.941725 97.883118 16.175741
66.458667 85.222158 17.340321
35.893534 23.566889 16.059018
69.278856 68.942969 17.233763
44.040901 32.990180 17.413820
3.457670 97.749094 17.684078
45.508179 76.766399 17.359003
66.983514 68.699191 18.494014
49.710064 27.139197 17.303876
30.869365 14.019985 15.896964
5.208601 45.841076 16.014156
48.032426 91.344055 16.355785
46.007273 27.064621 16.234168
33.294619 42.312479 17.703941
82.130966 96.268314 15.588222
21.672553 7.830504 18.558534
28.945140 45.113994 15.630049
97.809158 30.706705 15.430336
74.275868 36.162776 15.283614
80.810972 25.947352 17.390601
96.737056 43.230555 16.208872
91.676016 10.054465 17.896693
29.147121 12.949017 16.923248
42.858394 16.242471 18.451849
56.080431 71.053485 15.386466
25.344044 91.508760 17.301483
74.144939 9.998710 17.682477
35.882632 56.287468 17.887632
12.411445 47.481035 15.113295
27.030860 59.098218 16.538899
21.808883 91.799493 15.817124
97.419523 19.712801 18.604115
49.705466 83.669809 16.621189
48.651747 17.966007 15.975273
94.192044 77.310661 17.212529
5.781042 80.094377 15.078108
5.215189 81.449204 15.317401
34.804125 63.268133 17.203334
74.661496 40.910309 17.512543
94.070866 53.848619 17.350029
71.463960 21.677651 16.481974
48.892785 26.862185 17.594808
99.080838 19.001498 16.355422
43.484766 64.224308 16.734694
86.373308 28.359821 17.671115
91.647156 15.602195 15.397868
63.893165 1.404294 16.804581
22.021071 41.977978 17.975486
67.986267 62.377089 15.236085
47.104498 34.463009 18.069470
18.353600 94.914759 15.789107
24.316376 51.096461 16.943182
75.865395 6.976061 17.132126
37.577185 95.945763 15.362892
34.671165 77.355773 17.999009
27.919539 15.990420 16.351345
36.916295 72.133553 16.534459
21.453691 52.565571 18.554825
35.658125 11.790081 16.531122
55.423892 76.706596 15.480713
54.283673 34.326463 15.920857
93.834616 10.038829 16.030229
51.809266 53.038840 15.992219
57.717549 74.710871 17.609024
45.838655 39.109541 17.079481
11.822395 87.591780 18.186043
80.327221 57.155673 16.629638
8.374417 88.091206 15.104692
27.517149 93.802433 17.337265
63.241014 50.956019 15.948845
94.903252 85.235536 17.117463
40.743717 27.332189 17.777398
42.965441 83.914723 16.852907
83.417614 39.430973 16.310227
4.155697 88.633593 17.203820
11.606057 35.013600 16.820314
43.037267 79.437653 16.610333
95.885758 75.086196 16.349103
23.608963 84.692280 18.288359
66.957279 76.743211 16.005067
75.334296 62.682772 17.473569
90.223065 45.606355 18.139287
11.148246 68.609362 17.318189
78.485118 13.193438 16.958256
54.239402 74.513779 15.758064
55.177465 45.625519 16.171871
83.318705 45.457459 18.611589
73.263162 15.073805 17.983741
99.471139 87.454607 18.735851
66.876687 2.785945 17.025787
21.708824 94.370332 17.944877
47.591910 42.520388 16.897781
12.250908 37.216726 17.265990
20.576391 37.324932 18.491160
0.522359 34.437448 18.452750
15.310602 30.471572 17.429237
54.947049 22.942331 17.939649
71.311322 61.601457 15.823449
66.495389 16.472458 16.669049
58.365420 37.781856 17.321040
27.950164 68.196721 18.116961
52.248681 79.054720 18.427238
82.211142 20.468630 18.003533
1.571958 19.829289 15.276504
64.527472 61.068453 17.455766
56.921096 60.746272 18.333996
51.279177 71.035359 18.088246
84.924230 69.748325 16.257039
40.774427 5.130731 17.745020
89.161547 33.686773 15.439103
7.386002 20.362649 16.561058
36.015024 55.827261 15.841733
24.591060 13.246469 15.784308
63.295629 99.866367 17.392473
14.398357 81.704595 17.376272
61.935662 61.071230 16.099080
64.301748 6.287674 15.418955
32.268428 78.705489 17.636201
97.352429 95.985839 17.344366
82.823418 92.289179 18.329694
2.373005 29.910690 15.398507
88.592959 76.247569 15.239547
27.553746 36.883839 15.591570
56.112237 78.543081 16.322816
33.135840 84.185982 17.299057
70.293343 34.475991 17.643907
10.160326 55.945482 17.771718
79.628367 95.003649 18.600634
93.362219 43.346133 18.559577
57.375373 72.607498 18.156289
57.233424 22.808375 18.438288
36.326061 25.703962 16.929392
77.815666 45.273269 15.694220
22.272154 89.788356 17.812935
83.699651 86.034470 16.698169
40.504079 20.013995 17.424158
7.220666 95.136114 16.217200
83.144233 36.075551 15.430239
69.484736 72.543917 18.022612
49.706011 23.496066 18.482517