24.885776 40.153064 16.058292
67.806836 13.759139 17.312656
3.500164 81.131489 17.547111
44.645390 7.147367 15.423228
27.505799 83.396815 17.521475
53.823701 96.206853 16.212189
61.493702 10.013065 17.686766
30.822489 9.065494 17.936164
28.388577 52.238238 16.266728
54.782896 0.121579 18.005786
39.456072 34.134067 15.813532
50.420081 88.925303 15.959535
66.404043 36.351085 18.422349
12.112994 33.311587 18.476331
51.688798 11.786601 17.684022
13.129763 89.704332 17.757067
96.462728 34.728790 15.963467
32.497672 54.206091 15.476925
68.263114 45.866130 15.186520
52.930152 25.802200 17.014700
19.345126 61.060471 16.171923
10.148018 86.307435 16.791371
87.967789 14.591163 17.576078
32.053767 58.552372 17.721690
5.457879 76.145619 16.721422
64.470657 6.173909 16.248429
5.272777 16.688360 17.854923
60.313501 53.227440 15.895892
65.902071 37.210182 16.847247
70.975659 21.230019 17.117402
41.147558 46.152257 18.061559
40.201833 11.794382 15.213178
77.684108 44.672395 17.828494
28.317459 48.620807 15.420343
61.559706 93.156528 18.635700
14.083849 43.954982 17.277748
19.325263 79.162776 15.160894
47.344937 84.407425 15.851129
70.481338 23.560400 16.486047
23.056018 15.796515 17.870042
2.924420 3.063493 17.338156
77.354173 31.557334 16.641388
57.561152 27.581786 17.031235
30.454276 86.669498 17.121262
3.964385 38.292504 16.793614
92.462950 58.064658 15.973527
95.367673 80.214613 15.517465
98.937130 50.925074 17.762293
31.911680 64.990249 17.525116
30.777077 34.449408 16.721651
26.993781 37.245588 15.023017
37.633817 90.833742 15.569460
64.191647 49.539951 15.261040
73.839955 85.804902 18.517837
88.866428 88.485661 15.367846
8.917601 62.570956 17.570292
77.097847 19.903554 18.237212
41.622114 93.082470 15.083017
43.452546 77.320474 17.333079
74.680129 89.160379 17.255716
1.743463 12.493894 17.608955
18.637141 39.796679 17.412071
88.052699 68.401256 15.693671
72.147764 96.079896 15.363240
29.415475 43.660117 15.998345
53.654173 36.455623 15.638679
34.164866 34.285685 15.176216
41.800681 61.713148 17.973923
7.331422 64.659779 16.999543
38.537479 12.676510 16.997566
19.761106 39.569498 16.040125
1.357910 92.631255 15.634834
56.823573 41.639860 15.888313
12.824854 72.818592 15.432713
10.186494 58.391324 18.548769
82.529493 99.767453 15.586318
14.921263 65.576800 15.289246
95.904885 50.871184 17.638571
99.377917 27.901893 18.148168
48.014542 13.227706 17.312122
9.437095 11.621928 15.362404
8.204986 48.102631 18.189768
12.077514 90.488820 15.589076
41.160966 17.961947 15.671245
25.721923 12.946806 18.289576
43.513700 16.045435 16.763204
66.828911 29.542265 17.401919
50.617785 56.169402 16.963724
55.107046 31.469093 18.225079
45.154610 61.277289 15.524755
69.929001 35.236281 17.805365
80.703443 85.747175 16.224805
60.857747 4.445880 17.402357
45.032715 74.065218 15.082353
53.321089 46.181506 15.235167
66.166268 26.489504 16.866998
9.046809 82.178843 18.047429
19.516516 0.080601 17.243008
60.585716 96.763918 18.388519
58.458785 6.984288 15.998098
39.010977 51.220260 15.510941
50.563237 60.901177 18.364447
59.237511 41.302099 15.318199
92.554164 28.612059 18.032008
97.282402 5.266042 16.995781
47.873905 73.048721 18.289352
58.126339 9.513219 15.491728
52.281230 7.693557 15.352633
46.044511 51.671073 16.213674
65.449980 72.223152 16.333917
40.458137 16.619521 16.020693
27.346609 29.114812 16.407597
40.293023 95.084244 16.196636
67.365429 6.671938 17.459798
86.770769 25.298146 16.611850
40.105050 36.139888 17.245974
94.762166 64.866583 15.521639
80.414712 30.042004 15.970659
55.057515 35.009859 15.656244
24.472607 35.396115 15.605648
36.764944 97.417181 18.682907
57.450830 56.744250 18.105484
37.828873 83.627696 17.852134
97.154769 49.230870 16.955944
16.500017 10.821102 18.437196
96.579025 47.659741 18.583510
54.986848 49.756259 16.670841
76.951150 46.096920 16.117805
16.524903 42.387194 18.139869
91.917812 43.353561 18.639096
4.101636 67.252834 15.745560
31.485151 32.636625 18.386791
97.357929 22.259917 15.839955
59.191380 72.199105 17.340329
37.093700 95.001057 18.193495
99.382999 6.321022 18.639075
53.020915 89.861770 16.597283
86.532149 61.217064 18.395494
12.875522 45.920152 15.304751
24.997798 43.257264 17.026987
11.052731 69.878259 16.955675
98.353278 36.936079 17.734391
39.548408 89.138707 15.676188
82.471392 48.956347 15.238509
58.253596 59.787172 15.380837
9.737057 55.971982 15.975676
26.905024 64.092010 16.657426
82.662191 4.165952 17.426530
84.642810 99.809494 15.825762
95.207208 3.238013 17.595222
73.744881 1.630322 16.995481
45.020996 45.527912 16.950740
58.174086 69.424703 15.094638
86.594316 3.465986 15.414309
38.644407 95.944024 18.033283
1.109321 85.391422 16.607244
96.835959 81.172992 17.240333
44.987086 97.120869 17.604760
85.550838 44.658774 17.752803
0.427384 89.464721 15.365740
82.289458 23.219605 16.097702
30.852162 96.637936 18.341900
41.021231 81.045387 16.365172
18.722800 18.998112 15.924066
58.835622 73.080208 15.250773
96.915029 21.582598 17.849735
3.446024 14.047787 17.707716
70.728506 86.258755 18.484706
27.217308 64.128683 16.792780
41.897446 21.003031 18.096268
36.518808 98.706710 17.291013
31.762654 72.782394 16.025462
32.797197 48.511640 17.670067
12.218481 34.072646 16.153084
83.218637 19.935169 18.138032
53.759658 0.770597 17.054381
41.066032 65.037959 17.422693
13.666524 30.168744 18.423527
27.544928 40.032824 18.744738
33.436736 3.527789 17.510046
31.921045 5.020228 16.321068
0.193005 6.885154 17.253492
86.878659 37.656865 15.434716
99.682089 24.076542 15.512538
87.216498 79.681158 18.362596
52.547265 23.487602 18.374833
19.448259 45.752740 16.995526
12.771667 29.916033 18.667760
31.292184 99.126751 18.413523
38.168775 19.764146 17.680862
95.064244 69.582820 15.415370
55.902428 36.073747 17.969471
28.711908 51.263920 16.661712
8.270416 47.539058 18.460669
33.128373 12.002089 15.182756
0.145612 39.125123 16.423344
88.322551 2.438272 17.070308
36.085121 20.546790 15.901263
6.359345 80.799956 16.208222
84.928168 32.651162 16.703537
4.588795 41.542035 18.728667
41.998462 96.817714 15.827366
80.916781 57.991620 18.263164
84.575528 41.483320 16.760461
87.965140 33.254107 18.716038
89.838272 49.843012 16.884412
65.447392 64.171924 15.592234
65.552023 42.683403 16.035466
55.814477 63.135687 15.085897
3.827352 84.573476 15.344769
86.881533 57.080736 15.633345
72.802281 99.074385 18.466190
97.844609 38.638923 15.953233
57.549202 69.597608 15.964130
73.384115 78.280870 15.937295
30.208346 75.220354 17.238365
11.218863 40.908028 15.278313
86.874381 41.603713 17.437629
36.785237 43.009865 18.559752
40.034593 22.933769 16.274406
0.240202 93.038293 17.519800
58.199349 66.925132 16.394907
9.877688 57.406418 15.215175
92.954449 75.722403 16.679279
14.139133 69.351502 18.599627
76.103325 1.168559 17.917773
21.122755 50.938277 15.843398
93.770590 36.548730 17.918557
15.884626 82.257324 15.353436
77.756123 52.249363 16.087735
69.339952 29.510233 17.545728
75.636654 27.048945 17.103329
30.682884 65.271699 15.383386
60.663100 55.394370 17.774689
40.716142 71.383874 16.362735
9.647282 55.726371 15.336107
83.114297 93.197919 15.264739
28.467729 15.722419 17.113827
71.868760 69.498140 18.317981
93.751264 95.178219 16.529743
69.087599 66.659614 15.311370
8.576337 62.947758 16.089035
91.009379 73.927008 17.871643
70.649486 34.874305 16.284980
53.560744 56.329871 17.446731
26.435242 75.787088 18.371928
53.425277 98.960032 18.217778
83.424218 18.759572 18.036799
65.400438 26.567672 18.057797
50.682295 95.638924 17.738595