21.024564 57.079862 18.590209
68.632234 60.177582 18.021278
36.749666 23.776985 16.531619
3.217190 92.265202 17.168599
77.654735 98.399860 15.249397
22.086620 66.278713 17.898333
88.895991 1.959185 18.196722
46.527831 31.467194 15.867807
43.590087 74.173763 17.467775
92.962186 74.442992 18.345045
38.589449 81.412858 15.688834
86.620334 28.951112 15.456420
40.977957 34.380998 17.560182
72.791055 58.853977 15.092141
17.237383 92.443884 18.101564
71.753284 92.766755 17.415524
17.283990 37.106554 15.566766
21.949976 83.454697 18.424997
36.138721 26.938132 18.031395
5.622936 76.906930 15.451232
97.218462 13.718374 17.280290
94.502104 25.543945 17.741547
9.381563 5.638386 16.306826
59.948328 38.132623 17.548829
12.032141 92.900118 17.788902
76.218519 66.586541 17.301317
16.410500 52.973342 15.321762
71.755526 72.921959 16.952528
84.275093 84.369361 16.265845
30.000067 57.703891 15.059490
16.320493 26.833427 16.247253
87.050824 41.702512 16.451389
8.920867 14.716670 15.449531
65.395501 67.511824 17.825133
91.330440 19.096974 16.940497
7.574972 89.588455 18.363410
37.385391 66.264920 16.690693
40.870709 92.194160 18.622941
72.506815 99.559471 18.334673
52.208164 98.659834 17.556386
92.649606 10.888864 15.192341
32.844116 41.620850 15.309576
71.898034 21.919991 17.316467
52.852840 8.028818 15.220290
35.722507 7.665536 16.214728
92.894014 60.720143 15.708713
6.016106 6.194246 16.350598
61.003852 24.895594 18.687155
7.617141 0.456010 17.152836
16.597325 27.501315 16.937574
1.470725 56.669376 15.096854
32.289714 18.171054 18.056862
18.640630 0.580269 17.906685
80.076328 47.663644 17.565818
90.858136 76.040438 16.913455
50.351669 82.978181 17.509177
31.864976 1.967444 18.323085
38.954707 4.863116 17.708390
23.317977 88.430383 16.462265
0.291246 31.328063 17.756196
62.490135 52.247990 17.309768
44.756827 20.387550 15.604655
20.819241 17.565668 15.379610
47.290741 79.263955 16.686041
44.853282 18.537470 16.706115
86.862832 9.597069 16.507252
8.089575 87.362807 15.111490
13.163183 53.371598 15.374721
3.710356 10.076990 17.975040
63.302349 87.103124 17.969677
4.012895 40.256099 16.331879
92.113288 13.306571 17.531944
63.780862 97.155829 18.166320
23.613374 56.531528 15.156181
52.510641 88.677002 17.733136
49.341361 71.941009 17.897157
3.310204 8.195905 16.034343
5.436605 47.865593 16.341563
35.500942 35.093477 18.158406
61.725219 17.538354 18.723406
12.050222 28.195439 15.403449
26.395689 4.497019 15.097207
55.809365 39.532240 15.382143
13.549773 79.477999 17.324117
58.369303 58.863397 18.316840
32.171177 5.892757 16.012729
30.485276 76.646271 17.588790
69.813262 65.180484 16.816525
86.153554 70.767138 16.348712
36.458935 85.367905 17.410111
28.773964 51.545835 16.874405
55.693042 15.795340 16.426973
63.717589 48.151141 18.073653
64.976470 93.860176 15.741665
91.652994 40.740004 15.033620
83.862578 51.241599 16.631250
44.717776 78.986131 16.922149
5.329882 87.280194 16.599053
29.111214 3.424091 17.557537
84.027287 35.120526 17.540466
71.281828 44.711342 16.903810
6.441264 83.095441 16.918126
72.668020 99.080407 15.787169
27.431298 7.763447 16.281481
58.631399 27.911460 17.966819
49.471157 96.147822 16.153148
85.913241 0.826888 16.133941
93.763436 25.243030 18.080711
9.100782 88.396547 17.116737
59.448159 91.728462 17.883719
30.927290 34.747940 16.446665
78.189516 45.643685 16.856665
1.793479 61.016344 17.508956
94.761335 96.685462 18.544542
8.077771 31.191039 18.314654
6.150103 25.314960 16.619665
77.746042 20.712480 15.401343
89.960209 43.540397 17.293509
57.893174 13.016531 15.750228
56.439211 58.631357 17.639003
78.488358 52.002297 17.243591
47.595958 68.995803 18.151487
57.820657 72.089566 15.694624
58.462316 23.163625 15.530704
25.681539 35.979658 15.612012
10.171929 64.811972 18.563863
82.010444 3.126669 17.773821
13.643153 11.965947 17.844236
47.588632 5.774898 15.536996
13.814833 60.295692 15.328482
54.088329 19.459361 17.738972
23.307907 71.113212 17.648031
87.625033 40.641620 16.880295
25.212465 7.523331 16.418735
10.594359 26.501033 17.244960
78.000787 96.923200 16.407014
0.202401 16.978027 15.362975
12.666136 13.975322 15.289951
83.604344 54.137059 16.738782
30.334397 20.426844 17.477442
57.629100 90.485592 18.542357
22.325606 56.670793 15.191484
20.598503 97.373612 15.239613
70.928688 2.041408 16.504928
94.830088 58.483632 17.193099
39.566104 59.233014 15.643364
32.047696 29.363179 17.771327
43.499862 49.091288 16.948152
6.013614 0.164042 15.015801
20.373625 37.229743 16.895667
88.840447 13.104760 17.691147
50.740756 95.866392 15.920366
33.935617 41.742128 17.278449
89.104547 66.540793 16.180489
13.392339 79.354842 17.838851
72.627614 80.094661 15.874402
73.721641 4.145176 18.084700
11.100960 60.257951 17.583798
77.042198 38.979504 18.264902
18.412786 75.054808 17.750056
79.342979 72.310418 17.826354
61.062221 91.935094 18.056467
98.605373 98.343540 17.772407
88.203158 63.335052 18.005281
85.225310 25.234106 15.412637
13.234906 29.075304 17.908325
42.193217 93.579299 17.297663
93.718127 57.610329 16.291787
74.749274 87.971646 15.274880
37.603901 85.349744 15.836279
26.374746 83.103601 16.229411
44.758368 48.620971 16.687862
27.316245 93.345563 15.230542
53.236405 1.810292 17.922140
48.928978 43.639729 17.648537
49.308036 47.530634 17.657867
8.048904 63.444869 15.197433
98.236042 67.536821 17.729808
54.103826 31.375535 16.956987
65.424696 84.482626 17.339658
15.956073 39.925634 17.307710
72.968924 16.936954 16.617790
25.884948 83.517081 15.678161
64.019264 86.448897 16.437519
54.069822 46.318651 18.292792
42.399175 92.304986 17.634717
4.488081 14.587805 18.283216
34.277277 85.656811 16.178572
50.509754 86.418826 18.590754
82.447527 10.190622 15.235730
74.958469 6.056104 15.936339
78.002122 79.124272 17.698154
78.167379 55.369059 15.405501
41.187709 57.940015 15.710543
26.608729 23.695464 16.501676
30.287255 19.849406 18.123427
21.431122 15.738404 16.832741
4.261845 80.120573 18.143820
93.725264 64.602309 17.145527
83.416572 53.674754 18.675500
28.797153 89.240070 15.694542
23.707948 35.890809 17.118293
74.187330 6.034431 15.167599
28.205939 31.782845 15.683204
54.075616 26.437556 17.368718
45.563891 70.150598 15.314719
58.762232 86.072136 18.567369
54.072454 92.278669 15.945419
55.864915 94.584307 15.786883
75.551219 29.019350 18.663221
61.455223 21.583315 18.513340
60.465940 73.228763 15.284145
43.570182 16.554691 15.332524
17.051861 4.237406 16.471634
11.664657 24.770391 15.991242
75.650554 69.592858 15.713252
93.780641 2.052731 15.627236
11.210350 22.965717 17.718685
24.276361 81.739651 17.711992
71.075747 64.594792 15.728596
34.357084 5.699199 17.783630
73.663897 31.478268 15.257886
20.805316 93.057057 16.759948
25.302175 86.843751 18.017220
76.192772 78.168835 18.124795
42.836158 65.227078 18.124415
17.429814 35.800701 15.793281
14.122640 2.550879 16.849401
65.413513 95.385961 18.106008
36.847753 7.239264 17.493591
13.957756 55.548096 15.961154
22.835598 85.023828 15.861543
58.374702 83.353771 18.073558
66.546161 9.559436 18.245816
50.251465 63.767364 18.203662
25.731839 8.460961 17.367875
57.719543 97.180574 16.081591
50.299702 43.402730 16.010961
10.208892 71.283460 17.467512
51.835813 53.655452 15.653714
75.609936 17.354640 17.815359
67.656797 60.867066 15.943859
57.449562 25.099635 18.366458
91.153715 27.895954 17.082918
46.543397 17.991185 17.407718
86.876297 83.625617 17.630560
6.692380 31.164900 17.211106
13.123419 44.099473 17.276197
38.395002 66.549285 18.366894
18.667382 91.357594 17.938168