72.780172 6.031424 18.276328
50.909007 78.393498 18.097281
1.237908 36.490477 15.868787
69.261583 67.130191 15.971341
69.727526 94.921459 17.798670
61.847243 8.039868 17.720256
15.181937 15.705242 15.586166
56.319100 56.130446 18.632187
55.362076 8.467965 16.198220
88.606157 10.519358 16.122954
13.644763 40.332290 15.884394
11.060783 24.280024 17.647169
38.606307 65.411716 16.868262
1.757065 0.920501 17.081942
45.746125 1.615821 15.740793
24.898277 77.230817 16.802573
32.704932 20.673088 18.406400
53.022385 32.731281 17.927477
14.646183 3.079303 18.154792
27.441187 97.182426 18.577953
78.828666 52.503537 16.020748
81.580993 5.616072 15.438380
29.542761 36.641730 15.695877
22.385225 65.860515 18.658918
46.116596 73.033226 18.383940
98.450993 5.772925 17.707662
57.541236 18.767375 16.904757
59.759200 70.750296 18.010684
77.383549 1.610279 15.815100
53.163395 22.304336 18.106847
43.289480 26.451376 18.156985
56.413713 25.047832 16.832594
20.228442 20.559410 18.329866
46.484201 62.849789 15.034242
86.211186 57.084964 15.409504
51.089645 18.028481 15.332025
6.338365 76.941828 15.262101
75.089852 81.551105 17.594733
34.653384 17.124421 18.002104
52.991338 36.106540 15.835625
27.527351 90.565128 17.097072
35.607982 16.869738 15.874059
89.289550 70.688422 17.744423
23.575092 0.918052 16.353330
67.475125 47.336954 18.638393
76.310513 53.120467 17.276250
11.138967 16.246981 16.286699
89.535379 36.172709 16.286571
99.459562 58.153022 17.973043
12.348696 46.699278 17.952427
60.546407 13.965891 17.501727
99.457509 22.885750 15.644208
76.625635 87.536472 17.094829
14.811315 74.834038 16.147224
56.069126 70.436217 15.877284
59.870565 57.627601 16.087409
89.091855 93.353584 17.133009
84.838401 65.327663 16.655952
67.089853 2.353145 16.880919
29.441908 22.329936 15.038810
46.729833 50.836734 15.568583
0.705312 89.354363 17.600132
45.535552 47.748084 15.552769
55.288897 74.911854 17.230654
61.553465 23.440766 15.694344
20.020779 13.316811 18.122248
31.297907 94.783511 18.280132
91.171289 33.594931 17.594693
88.951189 92.580816 18.374927
58.066386 8.957871 18.381247
28.968587 7.963184 18.602289
93.026728 33.609510 18.158792
45.188156 11.958586 16.709965
33.083190 90.163748 18.426554
4.540070 71.591897 18.015659
26.157056 4.799988 18.059892
84.060479 60.671961 17.053542
21.117896 54.449116 15.762636
5.114338 57.063720 16.421272
43.260814 62.911733 15.674007
13.688754 91.596712 15.775036
25.898714 35.649234 18.494247
19.993888 76.689400 17.620150
85.768573 9.163687 18.468364
31.060262 93.853055 16.652425
57.004035 69.787743 18.318011
32.091770 94.776061 15.982633
28.471103 21.024913 15.271850
80.518232 2.429258 15.730214
82.996254 21.064465 15.457322
88.367384 50.455390 18.137253
26.128879 80.039773 17.171170
54.316421 68.867348 18.321837
56.659428 22.597642 18.600839
88.862830 79.328226 15.528521
78.588974 14.574698 17.151883
7.642864 77.775159 15.048887
76.663921 69.120001 17.939471
14.065941 86.791224 16.874237
53.937048 40.708755 15.787090
69.381793 1.050286 16.087960
96.282782 70.053116 15.025397
7.862163 55.149297 15.350654
83.308861 51.240448 16.611867
77.626255 41.545371 16.938392
92.547241 88.901700 17.214187
57.252740 34.122769 16.843591
91.415994 52.810012 17.523402
2.671981 3.494022 15.959187
0.555462 52.531753 17.414924
62.278982 91.754700 17.765210
85.273879 42.638713 17.258401
39.701398 44.420571 17.824344
15.453434 21.603782 15.089288
1.235462 55.587660 17.372487
84.675803 93.073564 16.386723
3.343109 64.731805 17.470479
74.315733 28.367241 15.224402
76.684566 26.767385 17.504644
90.270501 67.875759 16.423486
1.307936 54.732910 17.004433
41.212151 15.471449 18.067340
16.872796 84.377292 17.381067
3.039822 83.441490 18.082102
66.452929 14.227979 16.544826
6.267198 31.291209 15.261986
95.465807 13.845874 17.804806
74.492001 73.677953 18.046995
68.120162 30.324869 15.645347
71.360264 34.549333 17.365924
77.965716 8.598771 16.678873
79.031956 82.236522 17.829547
89.371660 51.116919 16.029813
54.471244 60.825710 15.032450
24.724473 65.795075 15.439519
46.651875 1.005952 17.540802
4.533442 83.752942 17.145984
71.395275 14.453588 18.198378
42.919636 37.014053 16.938058
55.599536 37.029869 15.980203
61.756653 37.977367 16.309938
87.082352 63.178555 17.636067
72.187819 97.555101 15.305847
82.402402 29.622056 15.597187
10.591862 33.043327 17.665331
57.174140 54.296476 16.890572
14.748641 81.203700 18.036784
92.181944 4.272098 15.709519
26.354595 99.013400 15.962383
0.592013 14.964314 18.073697
84.901988 42.610011 18.088531
69.910777 32.842290 15.298850
46.421349 3.056720 16.489071
79.716922 0.306433 15.865384
26.575645 46.178050 18.528583
13.735977 12.966264 15.864883
18.927046 7.986369 16.795485
85.543139 72.118827 17.798552
62.878278 70.162238 15.486884
19.453230 83.454086 15.090800
37.579781 23.267488 15.963983
94.824242 78.116173 16.668308
74.602946 43.531819 17.431292
90.210096 23.057963 15.599183
37.082324 34.731625 17.949650
7.964571 36.516241 16.678100
17.687513 85.933483 18.479141
14.771997 36.601973 16.544577
98.053254 6.355112 16.970919
63.534316 22.231312 17.030847
73.367201 70.970303 15.071476
24.156827 14.660116 15.712449
40.191055 28.076867 15.856316
68.157767 12.654936 17.222531
61.753437 15.868110 16.317428
31.672819 24.740485 17.337919
16.095456 33.851519 16.207873
43.798600 28.348999 15.506575
83.713174 91.580508 16.354464
68.319081 21.704650 17.240212
87.429772 62.851043 15.785987
26.004898 72.674189 15.177087
59.872864 69.371694 16.423298
74.871376 31.474681 17.522755
49.942162 53.656236 18.033734
35.645082 31.207242 18.529516
82.675899 49.439742 17.486599
0.933191 24.820997 15.829776
47.724973 19.156684 18.518556
64.340519 40.055792 17.774628
66.531988 51.206739 15.129577
42.194646 84.273215 18.572948
21.710008 47.087291 15.574800
24.113912 79.379075 15.856534
12.650917 93.041237 17.567177
69.859063 98.102413 16.107591
31.629273 65.917899 16.778890
4.669026 22.759962 15.617368
34.075587 28.341003 16.228987
34.197858 0.170836 16.560747
3.037793 53.809876 17.483559
94.717594 74.696444 15.124629
9.672327 16.819014 16.472904
36.083246 10.032831 17.310894
6.829645 24.942532 18.675640
55.192972 37.300608 15.627950
12.589004 45.513476 17.599334
17.084095 37.344999 15.472021
20.631266 70.916792 15.041075
22.886908 64.249040 16.382841
51.198026 96.499644 15.116959
69.063841 51.824072 17.208100
94.863421 59.472386 16.679275
24.361863 4.499300 16.123061
24.102734 34.572393 15.538334
61.447102 80.766617 18.063847
11.142564 46.674851 16.000391
40.940736 64.939184 18.026449
50.324629 41.179169 17.232501
22.286717 95.865372 18.614134
13.772619 52.024536 17.094889
67.610397 1.548255 16.665581
57.704170 77.750749 18.559315
24.523420 62.266963 18.613900
45.545589 43.968743 18.222066
93.632692 18.430845 15.357815
34.654879 12.936341 17.859798
65.301006 10.355449 16.800149
72.710534 49.351307 18.229091
43.744921 73.416611 17.450619
97.563897 40.642662 16.822262
81.248437 15.656138 17.481995
17.379698 13.944726 18.387433
61.891688 84.098583 16.107794
91.336862 30.958456 16.038521
48.834884 45.843426 17.345109
16.290091 96.613374 17.580435
15.042646 85.872923 17.792664
13.250540 34.768406 17.605222
63.165961 40.755516 17.452383
82.424876 24.271953 17.071180
37.589650 32.826227 16.660003
16.542813 77.227492 15.636256
87.578686 31.837123 18.181287
57.042183 95.118622 18.005731
74.682166 53.801852 15.708810
8.682338 3.849851 15.020369
73.084914 39.924771 16.718306
63.475792 10.435288 18.460325
17.350335 94.748755 18.337930