87.329739 93.414426 15.106072
51.429201 73.638877 15.029572
34.859824 90.702901 15.027858
36.351514 75.108928 15.454968
95.857521 18.828937 18.057569
19.768080 76.818494 18.640515
42.464143 67.210106 16.476322
29.151850 82.253442 16.904193
97.989559 97.829997 15.195859
1.510266 35.466103 15.662747
68.569730 52.582784 15.010768
51.823767 89.236166 16.155910
67.962594 95.065067 18.367683
44.833000 25.713205 18.645068
77.945746 63.930958 16.110049
78.260735 23.093267 15.521375
8.944176 99.490654 15.327370
75.468747 92.111054 17.646229
82.876219 72.100002 17.528116
23.261955 66.158291 17.439507
80.180287 29.387018 15.354015
57.198047 6.184594 17.889566
22.486432 73.225109 16.443754
68.284876 26.757172 17.864374
31.170422 19.320295 18.362511
26.212360 29.008618 15.958281
31.097663 23.867550 17.946352
9.225389 8.825473 15.562180
46.257617 1.986904 17.996081
34.422309 86.105849 18.068701
17.213974 77.354515 15.695166
86.331021 28.847321 18.384733
23.025990 4.916219 18.105496
70.602532 77.774256 18.686754
69.837737 91.715196 15.331824
38.030609 28.563334 17.673317
59.798514 85.786698 17.217984
41.446742 78.003076 18.354880
4.180509 0.834256 17.980445
4.862421 16.397719 17.297324
37.120073 53.886073 17.575574
33.482008 62.402205 18.180095
0.874240 3.058252 17.207819
21.059464 53.656930 17.702194
89.314334 38.686309 17.686690
57.084430 95.964441 18.236704
56.164692 39.518631 16.914885
68.483072 68.432573 16.162470
15.649682 72.912861 17.774051
76.088630 55.899420 18.067900
56.843093 44.302560 17.274145
52.989038 64.257800 17.597403
46.741052 75.168779 18.407904
14.848220 78.101302 16.487547
32.954732 72.792389 15.917329
24.682195 67.960538 16.681564
46.913400 63.012529 15.928647
12.126606 79.659614 17.031285
22.209408 62.503897 15.071103
72.520250 11.538880 15.419239
47.247488 90.374197 15.724578
34.786278 88.811448 15.643159
98.109598 56.965177 17.961663
11.425131 10.087961 18.123591
21.186540 38.421851 17.185042
74.162029 78.651159 17.226656
57.330110 68.433983 18.572738
23.917566 85.708249 16.421961
97.000800 84.828145 18.287278
55.143186 14.088608 15.840878
69.062004 44.171791 17.464529
25.351444 94.661343 17.297876
33.639514 66.305365 17.962627
51.502940 51.787028 17.051213
80.929117 80.552843 18.514779
35.486924 25.352615 15.181333
85.613252 86.520597 17.439461
78.810760 41.892696 16.576517
72.680363 87.279248 18.550046
66.947609 40.363521 18.125593
71.750434 84.316122 17.718668
91.437458 30.242050 15.818804
61.958855 51.720840 15.124308
69.922819 21.311065 16.087840
0.004193 9.747707 16.757212
12.544587 22.862970 15.863500
35.187275 60.909308 17.203560
93.327766 54.139667 15.503881
85.886829 47.019306 15.885939
33.906769 91.170926 16.670517
46.725616 27.863655 16.462297
6.651530 43.908933 16.050112
93.436012 0.186856 16.446751
39.219853 98.307199 17.337476
50.853934 40.952395 16.131553
14.851059 40.615869 16.002033
70.286972 33.462008 17.736088
43.893753 78.244592 17.220875
71.270870 2.194506 16.099626
43.945021 84.255228 16.108740
55.384347 94.106247 16.481347
14.072535 72.637142 15.284478
43.826990 94.963151 16.827989
54.758089 93.134556 18.418304
81.087380 9.633824 16.152860
76.593342 97.846644 18.562633
52.929954 54.335907 15.586294
17.856120 5.244317 16.832209
73.506720 24.041494 18.497257
68.722224 61.715118 15.909717
2.181125 27.640629 18.706577
94.362222 77.853155 18.633972
75.270586 67.137860 18.691074
80.635226 62.722127 17.677467
21.952844 41.721605 18.519139
57.109546 43.294924 18.492132
58.441927 53.688437 15.366194
62.571007 69.033507 17.943231
42.714126 97.674591 18.707156
98.846841 48.431720 15.013899
81.752719 84.046589 17.768765
95.651591 81.822700 17.824927
83.467998 72.736053 16.380835
55.068923 27.299094 17.535819
13.494647 53.761462 18.099559
13.657970 10.682692 18.601097
55.433746 21.132174 15.427812
32.597217 66.253096 15.712486
55.483240 63.220048 15.081688
86.626860 3.583930 15.845251
68.219110 62.136565 18.115817
86.450346 7.010581 17.575922
3.101870 6.769298 18.642745
69.448160 57.608760 17.149505
51.789062 76.500641 17.887614
59.053335 28.219261 15.055147
41.543785 69.433552 17.037484
87.319667 56.205428 16.637852
71.993781 75.429193 15.334292
17.027909 17.591334 15.066925
8.868606 24.662227 17.503056
45.274049 73.432470 17.699809
55.555057 7.745909 18.749201
33.995559 97.456038 17.034801
53.696765 59.954664 16.611493
33.044407 73.532007 18.504642
66.249212 60.213954 16.868545
30.223809 3.170150 17.067169
6.477576 40.521529 15.615808
99.103170 39.012376 16.914247
66.438186 89.006909 16.192147
48.987297 4.554409 15.656764
0.163929 82.443668 17.397120
68.652703 76.950467 16.642233
64.401304 73.838993 17.384238
62.730680 92.149086 17.259261
44.956686 20.786682 17.208111
34.215390 55.073593 17.199304
68.640567 95.421639 16.547727
7.133693 72.835111 17.703010
12.485640 46.954564 18.207352
12.172225 2.014507 16.097068
7.972984 51.001080 17.131407
34.896112 20.359472 17.622698
74.200280 66.187962 15.238080
75.400657 67.440726 16.257180
3.665318 11.209182 15.746445
50.850517 16.019936 16.676861
54.836773 64.927573 16.799574
9.336522 38.335233 18.691079
9.906612 60.277076 17.796157
13.051639 12.649384 16.258516
89.265210 22.162834 16.393789
5.575875 7.419264 17.707376
58.817976 92.177949 15.077548
30.072733 45.336573 18.089299
69.192616 24.167290 15.594369
38.445387 37.042721 15.079925
10.260491 46.884026 15.391832
82.254455 73.201040 16.678546
1.939768 99.338890 15.623232
29.496430 71.296496 15.601129
27.864378 4.177337 15.558048
87.966753 37.478078 18.440882
26.314534 25.600043 15.583705
45.130894 42.370607 17.801981
34.197261 57.052079 16.259833
43.730487 40.592874 15.566600
98.508948 72.008536 17.921573
29.380220 27.483904 17.523842
22.604072 89.480626 17.111904
26.942542 98.614395 15.062645
64.029110 28.665028 15.143628
39.167459 58.662548 16.393599
82.171308 3.357439 15.483692
49.507655 47.964006 17.716942
51.249254 52.277302 17.495477
12.132189 24.518693 15.772536
25.035516 47.336156 17.036816
27.780017 36.524423 18.620882
31.827244 74.381188 17.486047
48.794117 68.968866 17.432474
32.934380 79.477397 15.396310
53.448142 21.572494 17.452621
65.706799 4.866776 15.610322
37.872184 30.170053 15.724654
90.118439 34.945529 16.730427
96.895785 19.129454 18.019963
33.899787 32.069445 15.837910
27.980315 26.998147 15.396150
34.414730 53.297092 16.140008
22.779486 67.039817 17.734455
62.443581 38.344233 15.567723
49.184062 46.245434 15.284512
9.856559 71.251280 17.253493
18.030939 47.803542 15.577625
56.611099 10.999392 18.249668
81.945371 75.154658 17.417987
40.211405 4.812972 16.967391
19.516499 56.485015 15.797981
93.925216 5.024880 18.711390
16.552113 58.161179 16.011644
33.854834 65.514310 17.324664
49.123442 78.921282 18.370680
4.624819 38.795557 17.246578
45.852362 14.006168 17.831089
18.449722 99.381496 18.363792
49.938718 48.152569 15.046298
26.961473 65.240552 17.956004
46.820378 33.534873 16.775439
8.700340 25.128902 17.886007
63.365111 77.200882 17.263959
49.648125 69.537767 17.394259
17.515539 81.700047 16.120415
23.505555 64.633943 16.301239
69.928113 98.466097 15.125242
62.145305 66.207588 17.318276
81.701041 87.304844 17.985355
81.324420 71.221805 18.405277
53.629499 28.335701 16.008099
18.350827 4.182035 18.684985
56.722560 87.896851 16.374788
57.609010 92.989722 17.963323
73.457671 76.972618 17.403469
84.127373 61.816371 15.585349
58.266582 86.527485 18.647313
54.166973 82.372552 15.069631
13.427604 19.205545 16.763259
35.154105 42.767193 17.430894
48.556852 19.252266 17.381533