21.613979 50.424610 17.020744
77.173708 87.228646 15.352184
60.084012 21.722860 17.829863
30.201097 32.825167 16.502955
61.502332 74.907533 18.611206
48.406450 40.098665 18.092148
33.234739 16.406005 15.488486
20.599168 43.329180 18.199002
22.429426 98.847234 16.977341
56.169061 24.191051 17.864622
56.574644 77.802031 17.110862
97.420617 6.695934 17.174099
25.091402 49.352895 16.530989
30.298076 47.584093 17.112741
22.907437 53.390658 15.295381
89.030071 77.195285 18.670338
11.652581 83.483911 17.840726
78.593260 97.496847 15.205203
14.401492 70.154190 16.895164
36.388487 13.107446 15.928777
89.944022 24.059640 17.623830
72.420244 44.755448 15.839906
84.610490 44.791187 17.740267
63.800816 8.836561 17.929779
99.197981 47.196768 16.679285
58.318028 44.332511 16.620220
37.125504 98.648253 18.166499
37.703970 30.283084 15.240638
52.618662 22.397406 16.626789
87.834109 99.662929 16.242896
94.483714 54.573695 16.347589
80.101781 81.451861 16.816942
74.733446 72.453786 16.765666
26.233504 76.202352 17.182925
15.210358 39.501317 15.943618
52.850731 97.113041 15.740528
85.140184 61.922700 18.250547
39.589921 90.390168 18.143623
51.314044 40.535428 15.824533
91.803289 99.007109 18.739848
28.756090 11.924209 16.994586
81.599856 36.691865 17.364074
56.583290 39.163715 18.297979
44.503783 4.228655 18.599073
89.484607 55.169588 16.773074
91.334822 44.016257 17.966530
82.817170 33.372588 15.293635
48.492156 28.606421 16.071941
28.420972 72.565934 18.296373
38.519313 41.073866 17.138479
13.695152 79.305741 18.735312
95.443679 44.026505 17.105626
50.618473 61.469686 16.193922
60.964691 27.151213 17.265063
14.224717 8.468115 18.075005
65.099951 18.381444 15.425886
97.259057 98.142936 16.048399
2.734492 81.829810 15.359273
17.641613 96.889949 17.237313
91.038796 99.062800 16.969086
88.127903 11.460891 17.625002
15.256694 14.572697 18.593800
16.248455 37.404842 16.032882
42.495641 48.417884 16.238198
24.016214 0.585135 16.490722
77.164380 65.372182 15.052983
41.199434 71.297164 15.457260
30.339014 85.613290 17.183525
81.090132 89.159453 17.156358
81.033454 15.861638 16.442698
5.262268 16.956024 18.106646
70.076502 92.618253 18.265943
29.770701 59.275493 15.992283
68.754526 82.152051 16.796442
16.659988 75.829030 17.835929
33.349250 50.223941 18.172682
32.067525 85.511077 17.946624
94.089508 51.403812 18.545733
39.059031 36.033333 17.131552
90.428604 89.022178 17.320826
31.503845 87.935634 18.470743
1.327515 86.344356 18.031959
11.057013 30.350575 15.055439
34.227174 52.635808 15.036949
90.380916 85.611122 17.778456
45.912905 54.902748 18.253420
53.089741 44.854663 16.212248
26.329919 3.012837 17.404786
90.078439 49.736576 18.094728
79.563333 93.409634 16.910984
8.320546 45.781070 15.103371
11.203111 37.209545 16.782743
77.718589 89.018394 17.824744
87.409717 21.625751 16.659455
73.023642 41.485166 17.006721
81.945370 15.401570 16.029737
26.269665 69.148007 15.154784
14.485836 9.931165 16.745355
84.207488 58.698493 16.943043
48.205177 61.019693 15.314866
95.100522 93.414635 15.592109
0.378128 57.914364 17.358345
59.654119 50.864024 16.542705
11.860637 96.973795 15.291333
37.963919 66.905917 17.787936
40.905637 17.389110 16.180125
9.176474 29.879429 16.088956
79.839037 71.659712 15.134374
79.030384 6.655416 18.616397
39.047168 81.382765 18.304749
69.239138 45.661095 17.203524
90.416674 65.790569 17.338528
37.805074 20.397306 17.513057
20.910546 52.262654 17.301519
29.827985 20.414153 18.051924
97.330332 67.057640 18.663613
65.554822 91.971024 16.801498
29.290156 80.735627 17.824207
57.615652 53.455807 18.443445
28.260038 13.509984 18.318882
6.265049 92.584489 18.608204
55.178387 47.351450 18.188031
96.241547 14.958970 16.574566
60.970839 19.522948 15.131730
6.896224 23.166121 15.566550
53.161311 40.163791 18.175074
69.544516 98.937897 17.706815
70.855371 65.167497 15.199107
29.856287 89.810519 17.830455
63.606670 85.025918 15.387586
68.069452 88.399895 16.305631
23.292545 24.438665 17.009441
88.620721 61.607686 16.876132
25.386375 12.199596 15.528647
6.746539 28.939326 15.816984
8.039265 24.550442 15.657928
81.412748 47.202880 16.933985
77.205089 38.879395 16.023685
59.640496 33.141460 18.576922
34.433797 71.372186 15.127504
81.461435 54.675174 17.758117
25.652247 87.262886 17.748189
55.304871 21.950070 17.890375
3.273190 75.365594 15.708525
86.911591 87.882468 18.649879
17.387802 1.457286 18.247212
57.667154 86.489735 18.527921
56.641502 83.274228 18.608620
17.868151 45.012186 18.081023
58.638661 73.628341 15.271990
14.441662 48.940017 15.953998
66.228780 88.206151 16.199314
76.847544 25.757289 17.129882
6.309131 33.339042 15.003126
89.767573 85.643359 17.426701
83.497545 13.149868 16.205588
62.908783 51.752318 15.119482
60.927906 47.944682 16.962900
33.584260 59.962811 15.725829
95.571979 79.629511 15.861532
18.656280 73.823182 15.033118
74.555838 97.414499 15.493616
61.407663 83.412477 15.598771
65.164919 83.156579 18.697620
96.563118 65.833272 16.797910
51.401805 53.621049 18.456759
52.585344 87.047556 17.339540
12.259980 9.171079 18.567152
93.495820 33.396917 18.166964
82.371914 1.676973 17.374279
53.582518 3.581728 15.655994
11.621888 91.684246 16.823191
94.740930 48.231731 17.885678
48.422345 1.213682 18.548057
3.990097 10.009358 18.240662
39.551247 57.462439 18.583445
43.916426 2.577784 15.594135
0.042628 20.503900 16.186408
47.043420 13.957930 16.277695
41.175200 19.805840 15.399992
62.914918 31.190921 17.733191
52.093485 39.325443 18.131621
35.302218 88.019351 17.945793
80.216780 1.664151 18.513764
20.147635 92.073619 18.738752
51.268696 79.187963 15.565880
2.698095 16.977271 15.389993
38.906916 15.418214 16.170986
2.912758 66.882151 18.590269
18.819753 71.002057 17.556900
29.764904 90.764644 16.873239
23.219992 41.815232 17.079768
71.443315 54.548136 18.723167
81.460536 34.048915 17.414461
80.976471 31.812586 18.061890
73.229789 50.682136 15.387825
59.827154 97.251595 15.390082
89.887697 76.225631 15.692018
61.358542 96.525609 15.246896
38.584237 7.102152 18.687887
66.232313 46.931601 16.631113
85.801236 93.397066 18.131441
64.894865 57.778850 18.584231
2.592995 54.533760 17.566893
63.702968 66.086953 16.877770
18.818968 18.342506 15.750227
37.636686 20.928703 15.980067
63.677695 45.891923 15.230525
26.180419 33.048155 16.893190
2.953289 69.376137 18.703747
63.805070 68.598925 16.763991
31.652023 59.808519 16.974489
0.617038 69.371880 16.741303
66.516543 79.862997 17.612559
90.440916 78.225506 16.634900
40.811963 52.638012 17.449222
46.755099 33.786821 17.259505
0.508658 2.982425 18.380206
98.479614 8.130537 17.871998
31.699611 34.072947 15.633112
11.904018 99.896445 16.889027
78.394099 15.563955 17.123451
33.085318 17.296643 16.501294
18.864945 84.084422 16.447085
23.115776 62.537187 16.815390
66.163225 24.435319 16.603813
67.673732 77.753385 18.431904
1.540569 75.489204 16.557972
87.480305 23.543534 17.898173
65.102872 41.235705 16.694540
64.252446 68.618048 15.432429
22.102735 15.283285 17.483663
80.397599 53.737000 16.379916
83.783817 1.248626 15.744805
53.048274 21.795921 15.406899
73.904277 40.528998 17.154747
41.331679 92.532701 17.149416
21.734480 16.031325 16.798895
50.315041 6.765332 15.109202
23.908245 18.482513 15.322279
80.267690 99.728020 18.659327
82.598373 16.872066 15.457402
54.349705 69.989159 18.745169
71.846610 89.386392 15.158644
63.160754 6.808649 15.202938
42.971042 42.405376 16.139454
81.196409 30.600313 18.061645
81.115689 43.881113 16.730571
75.357646 21.763921 17.478758
70.257336 76.780462 18.380617