54.762322 1.192318 17.376996
50.338829 93.466255 15.329498
78.402150 78.646725 16.398810
37.855941 9.768337 15.788600
9.509121 79.432457 18.199497
3.231039 67.190841 15.901604
30.911229 25.447240 16.056006
18.866092 8.878280 18.250214
46.067432 39.252392 17.762785
97.166546 51.994718 17.344142
69.293807 88.479477 18.673382
57.418408 55.831301 18.714258
29.666470 32.811299 17.093881
95.715788 88.757935 18.322043
8.032670 69.610359 15.446034
43.766155 50.974049 17.279117
54.582763 66.121458 15.537198
63.667537 82.003013 17.319729
91.738633 14.874859 16.567105
8.439099 8.521776 18.742040
28.722524 14.057039 17.315783
75.184632 36.315045 15.132881
76.515084 97.187575 15.030512
76.545636 62.807941 16.723907
75.915817 3.151910 18.203369
34.573694 9.125133 18.647241
25.777852 15.340590 15.617688
75.038252 78.111845 16.779120
96.178063 23.048251 18.003422
74.274050 38.909700 16.439362
64.877353 19.646953 17.616557
10.065279 0.581894 16.195373
14.620272 1.893802 16.116585
95.880977 12.240272 18.008739
49.353137 95.895558 16.431278
98.557482 64.179830 17.534272
64.875743 93.767588 16.003319
12.568717 56.983987 18.074494
4.841085 12.462854 15.635828
59.280189 45.735298 15.077174
60.746894 32.434483 17.561037
9.019605 82.394851 18.609371
7.528291 69.586013 16.994567
92.828220 2.355627 16.026706
5.073916 77.309128 16.903140
21.055646 95.919300 17.080693
66.866454 68.431845 15.460239
14.005094 7.356922 16.641451
1.629128 79.857302 16.302638
80.083213 98.217724 18.386134
5.024748 30.652152 17.624906
17.474207 9.903567 17.215500
39.356313 64.217269 16.727534
23.702470 35.822631 15.657707
88.443858 80.173145 18.271551
22.154184 22.386100 15.890677
85.045995 70.594971 16.102339
37.102147 76.651688 17.029960
29.526328 27.791797 15.722872
73.984143 87.556614 15.578430
48.307837 5.649939 15.881434
80.981862 55.224563 18.060783
81.583643 21.696759 15.163482
27.819209 29.643232 15.774449
51.226307 11.626067 17.181234
14.010611 37.362317 15.467404
91.651196 12.972785 15.762473
73.385809 34.262386 17.602748
89.225841 6.579739 15.052391
33.763451 4.381115 15.584069
10.370240 91.815548 16.867886
1.154811 16.842716 18.125198
74.741520 29.722201 17.457931
52.312239 94.523675 17.858827
62.969148 10.155917 16.758259
71.611748 98.604571 18.243263
73.174056 83.164196 18.604539
71.683046 74.920020 15.734441
82.879376 87.451316 16.863068
40.300778 54.542379 17.288381
7.029305 15.068218 17.438726
71.289438 6.654811 16.783085
7.026709 21.994323 17.479780
74.612580 86.689728 17.459620
68.378209 72.035625 17.333630
58.980830 21.976019 18.521173
21.894772 32.834249 17.366082
69.891992 38.369754 17.613574
27.216474 38.580500 17.417591
58.938469 78.846446 18.469052
72.024376 16.431833 17.335408
4.061714 25.792840 17.901725
24.756674 40.449829 15.993418
77.278766 82.920134 16.369022
91.976149 19.064849 16.537197
43.966315 15.749485 17.744261
8.240927 36.470363 16.497982
16.537447 50.598844 16.990449
64.308999 31.741146 17.506645
9.550388 97.495526 18.149364
19.386810 74.070634 17.763198
79.981989 40.251997 15.283020
27.998132 27.789410 16.788555
17.082377 62.295056 18.378861
75.051251 32.052446 15.207658
10.481195 83.740087 16.517606
92.946422 20.354422 18.186390
29.883910 4.065400 16.298715
10.535296 86.553721 17.606832
32.478867 2.982749 15.984929
0.856417 33.632226 16.431692
15.340949 32.358686 16.550093
4.566249 62.726114 15.819137
17.830487 56.077351 15.673771
59.156502 24.012546 18.656006
20.559305 91.416388 17.697862
97.453003 57.596058 15.209425
30.384060 27.308299 18.479602
7.495481 97.532970 15.016722
61.786357 69.460024 16.603067
53.986785 48.635914 15.451803
91.322696 47.189906 16.516737
73.763657 60.580663 15.161782
60.303232 70.527837 16.843634
43.409864 15.511071 16.907917
89.082339 66.380774 15.311532
30.773086 39.597801 18.599968
26.216817 41.119926 16.150726
93.379553 18.924544 16.798809
56.399663 94.516962 15.184765
45.937710 15.167663 18.169329
22.564011 88.528263 17.285808
36.485922 45.845166 17.509092
38.971531 34.710389 15.969622
32.817722 12.762567 16.888326
91.920844 90.151913 18.379107
57.339900 47.268574 16.696217
68.998157 48.424107 17.579977
22.987757 22.326568 17.847676
91.318613 71.696870 17.000701
18.495724 5.593916 16.306143
7.324169 29.432715 18.449652
69.290484 83.866359 15.900540
58.075541 34.124906 18.402467
44.665878 63.941332 16.133792
42.854484 20.273500 18.573202
94.639952 3.993856 17.737430
47.136991 18.511419 15.569398
36.070174 68.369143 17.648778
28.669486 45.153444 18.386369
43.194883 65.737539 15.796140
19.518254 99.367283 15.193929
0.667835 0.374877 16.606320
27.161707 85.362418 16.446315
75.199002 82.641753 15.817807
35.825620 3.014833 17.008858
31.373366 96.333116 16.968502
89.089071 77.877520 17.598027
96.025484 17.993699 15.211015
90.612288 68.997160 15.417815
43.789438 49.032333 16.742841
50.119840 61.247440 15.469205
73.315042 25.012639 17.260027
0.680605 47.123579 16.077930
39.134458 56.857297 17.374466
53.933338 15.975359 17.401457
38.602060 95.072783 17.971355
7.298770 62.918439 15.713167
19.550179 1.548335 18.210068
6.082535 50.253019 18.362245
60.442214 68.567559 18.390069
88.740669 43.835620 18.729868
85.680188 1.181906 17.541843
63.082534 50.156898 18.122811
50.748608 77.047372 15.357730
73.417311 53.196475 15.626239
95.040172 93.731512 15.068156
15.477388 25.974371 17.097823
81.512688 82.982015 16.135355
16.850990 72.178919 15.644628
84.316567 9.914827 15.615773
61.892280 58.816918 18.570208
77.852126 0.995885 15.128028
44.822536 76.662458 17.207385
36.554411 50.773659 18.008846
81.209329 36.362060 17.361353
38.937699 11.662535 15.488858
71.930761 88.074975 18.081433
48.623016 88.139100 17.407678
77.717366 34.377551 17.046006
25.410050 37.394033 17.988685
82.284291 4.925937 17.631992
15.068781 86.639190 17.429995
75.594434 13.835567 16.745108
41.131995 43.319414 16.588801
93.942616 13.738552 15.864708
50.515857 27.694485 15.533272
66.186631 55.361622 16.889627
30.300115 87.413630 17.628713
35.504598 26.644323 18.459621
92.142736 12.392076 16.677238
14.451967 55.697853 16.461401
36.232656 24.723963 18.610657
61.715670 61.832752 16.185723
68.066105 84.674502 16.684642
94.031263 56.963138 17.345694
28.103797 60.308581 16.827959
96.579735 5.823413 16.517915
60.307661 26.134859 16.367182
93.427973 64.147167 18.356810
64.264704 98.239960 18.239946
98.999410 58.977607 16.127788
66.954689 70.625160 15.027844
84.059681 20.294657 16.987253
67.392089 46.164034 18.367355
65.108616 18.199641 15.891975
26.933742 77.221136 16.183761
65.185792 0.952689 16.209957
71.200587 69.807022 16.081881
89.922091 23.661147 18.114198
20.055332 8.242387 16.340510
28.637125 32.169321 16.577855
51.065037 4.304475 16.701826
53.439000 39.295175 17.897145
29.193576 27.302096 17.154135
71.189093 23.485814 17.372844
56.046744 89.607955 16.411290
5.141253 38.518248 16.190176
90.396207 65.981813 18.303930
50.764612 64.590109 15.044010
31.892549 14.500031 16.003424
75.114169 56.097954 15.719595
91.812010 43.813723 15.602853
98.409662 30.564321 16.263148
37.868837 40.155686 17.016176
16.590235 14.566829 16.835663
97.151957 40.637919 15.692305
45.464098 23.444749 16.092697
98.206133 5.412003 15.377417
93.554692 44.640020 16.673018
29.100554 54.073236 17.041996
50.720389 96.664859 18.054220
27.729509 2.485766 16.978733
92.276159 94.326888 18.143635
22.652213 21.776237 17.605212
80.803346 53.987610 18.203804
50.432671 29.797681 15.906190
48.766392 9.120523 18.374636
54.338824 64.572780 17.479923
1.964085 5.038057 16.067240