5.492149 38.390826 17.977480
94.032512 12.320884 15.129300
90.729002 56.061132 16.417834
45.345315 27.990371 18.701711
58.608854 29.165071 18.155638
68.295619 1.261773 15.176047
96.603996 48.064511 15.318396
16.702618 94.044137 16.453055
57.851957 3.934767 16.571053
83.911722 49.566678 18.390062
78.385517 95.704817 16.812120
97.049120 13.372936 18.496870
95.329058 5.813619 17.525553
19.282267 80.543804 15.705015
50.215573 56.333689 16.775547
82.089302 8.620637 18.458274
88.395860 36.617949 17.323697
54.815781 57.967994 18.357975
93.175519 1.317446 16.046819
6.461357 51.680624 18.528755
62.369338 54.540659 17.792434
35.887928 73.880284 15.532031
72.341215 89.183776 17.726562
41.560610 65.047991 17.899484
19.674838 55.720675 15.995616
32.325424 55.247814 15.231568
41.816597 19.050346 16.193399
12.386410 16.302628 15.568200
41.551865 89.408148 18.660378
53.815267 7.409119 16.432709
38.004778 56.524494 18.313653
53.295480 81.902119 16.606620
20.857485 97.278622 16.863120
54.226862 14.567830 17.261160
18.852198 49.649811 15.463742
30.884036 47.823445 17.511714
17.194401 77.281092 18.510843
42.105495 52.855946 15.257641
83.666051 98.115338 15.160972
63.138547 35.741540 18.299749
72.219127 54.006084 17.661227
48.950841 71.817131 18.204979
23.635225 2.126928 17.293300
6.479740 89.002830 15.671395
27.554405 58.340424 15.864365
6.121871 89.514068 17.340428
12.301072 30.523604 15.650157
20.712232 77.288785 15.472246
70.586731 89.209740 16.916551
76.579011 70.838972 17.667412
72.697417 92.011650 15.542822
90.346186 24.382424 16.626770
78.756704 67.208639 15.827756
37.374977 56.095934 15.117504
51.017372 73.257141 17.452917
43.023578 64.030033 17.765911
59.537408 56.140633 15.514075
75.190506 51.966429 17.946485
95.551650 94.063525 15.015098
14.698817 67.771765 16.112446
47.564873 36.106283 17.290055
95.148953 79.589171 15.289809
68.226376 91.356932 15.082474
61.688322 30.783193 16.465587
97.076460 79.303875 16.382235
30.765145 96.849070 15.382165
60.612580 33.097732 15.090255
32.045954 36.062258 18.679888
35.054218 88.496569 16.994855
88.401332 9.932405 16.575771
64.006654 57.553712 17.735263
21.203122 19.790938 18.421699
37.848575 62.510185 16.796535
83.591510 74.363733 15.895052
51.722483 1.441744 18.009832
94.320587 3.656066 16.703680
41.365445 16.326588 15.602261
51.337197 18.305533 17.212218
10.997275 10.468586 16.492576
66.178391 63.507826 16.299013
80.321241 49.285226 15.085263
13.265161 31.550004 16.883330
79.924094 38.230783 18.379574
3.115744 51.293343 16.105317
37.120081 80.643466 15.288384
1.168774 63.615529 15.802824
57.393788 94.353065 18.436637
75.284327 38.886687 16.155752
76.722521 65.896932 15.932476
33.357735 5.886329 17.425052
73.571680 88.796552 18.605107
73.924746 59.557664 16.726921
14.092306 33.693193 17.408604
9.465111 29.262409 17.239704
14.569140 79.251372 16.621498
71.313269 37.994625 15.799344
66.988940 83.058931 17.650058
5.100640 67.971712 17.693660
5.728685 66.037481 18.226872
54.873389 7.992953 17.713776
6.464134 70.148169 17.451390
64.310231 43.041490 18.188791
40.658550 21.811245 15.092936
27.256300 23.883170 16.006589
93.677200 94.976490 17.365205
69.217524 59.516136 16.391504
43.043599 0.752499 16.982238
36.631287 65.722733 18.709207
36.783966 39.601590 17.958304
17.872982 20.042297 17.399654
76.565818 59.110824 18.047924
32.646744 84.881321 15.853158
25.312489 12.807974 16.378485
7.250659 93.724109 15.736380
92.701947 91.009416 18.332181
45.529604 45.954791 17.113089
99.945473 91.070105 17.755115
73.833075 56.700248 15.305535
88.812035 91.669527 15.494364
3.449393 83.098312 17.196979
93.514315 65.655714 16.737385
88.735152 61.337821 15.658795
26.689788 19.999804 18.541697
71.755155 41.842576 18.442701
0.858918 34.199439 16.223228
88.909135 89.236122 16.731450
96.404332 15.334739 18.309358
42.547419 61.794436 17.341870
32.398767 40.106109 18.274547
27.924724 12.126767 16.060422
78.329543 2.291423 15.136364
39.071288 1.621645 18.634048
58.936464 25.319055 15.418650
50.774546 42.977573 15.877959
86.592416 22.071262 18.065183
80.956196 51.031065 15.585836
50.543744 48.528703 15.490869
46.805055 59.343040 15.230969
0.509320 18.374413 15.909225
44.177883 49.314936 17.258975
36.974555 1.524873 15.775086
99.362534 78.341394 15.548276
16.675403 42.045210 16.332036
39.936163 74.224544 15.974037
66.159689 5.469584 17.557526
19.400142 9.563245 15.550162
24.322293 86.487952 15.473709
62.641820 94.458748 18.704310
81.076030 57.658814 18.097286
57.920678 98.919038 17.423574
60.522883 87.658532 16.507604
62.223729 73.477774 17.641624
91.976867 28.348812 17.451705
62.138330 9.869986 17.092325
32.235067 49.701232 18.143324
97.480156 91.597113 15.922040
89.333140 34.580016 15.674709
28.152830 91.471107 17.400659
55.201843 73.494989 16.256009
24.899438 53.687787 16.705270
31.196026 37.713745 17.767147
17.255332 19.897951 15.294410
78.754693 63.099233 17.599534
23.624930 76.301722 18.326338
81.946455 5.084217 15.941926
35.447140 18.275030 17.925709
78.345015 3.721197 15.863909
60.335658 29.018980 16.583016
65.746928 95.118577 18.102655
68.259943 12.924834 17.368606
88.084668 95.984696 16.503529
85.042690 71.603788 18.484966
89.169561 86.477769 16.060317
45.136687 32.382579 16.726595
3.405759 74.036511 18.517069
62.377983 83.065552 16.518371
1.151538 89.913022 17.169936
69.066249 21.138916 17.178173
82.917960 57.437020 16.649249
95.902193 38.607114 18.497007
96.180621 36.374755 18.328049
38.643870 9.696756 15.298159
64.969426 59.573741 17.025485
34.594120 54.682627 18.499479
57.195299 40.253666 17.586336
69.834980 2.934596 15.472746
19.942957 67.190788 16.444839
71.489690 21.112757 17.211165
79.016165 82.902927 15.295866
84.958065 10.067826 18.109031
77.156308 17.484276 17.599378
58.203074 18.187448 18.067490
1.324345 17.861755 17.079092
85.527827 92.174343 15.976260
46.850793 31.957520 16.432976
87.477271 3.442871 16.350094
26.016486 60.503667 15.174450
77.594071 49.451476 17.927117
83.019641 73.282752 17.844587
36.489155 33.340538 16.662105
61.944634 58.671227 17.523534
24.338817 18.319965 16.482770
76.784299 16.139242 16.597627
80.138054 35.519663 15.405182
45.182898 67.900615 15.595231
25.538260 24.241437 16.900867
26.426291 22.382118 15.924771
21.826478 12.145779 17.985538
41.935264 82.200780 16.059449
48.013675 95.539082 17.862265
51.304143 17.517539 16.809250
98.823665 98.727466 15.343071
45.766374 1.955373 15.571340
59.088868 82.271433 15.041859
1.769160 50.206699 17.126529
69.378399 61.294671 17.263326
37.848975 79.025964 15.857980
47.995720 96.071261 16.277092
72.934125 2.443809 17.748411
90.391275 97.453915 15.794476
26.268089 13.865406 18.295605
65.991872 55.051304 16.471367
84.972453 80.357262 15.060385
71.517237 32.970929 15.743998
46.866256 24.722634 17.962643
96.198575 3.998325 15.437683
80.738727 31.651740 16.828265
52.541679 51.764278 15.267669
49.794522 69.926380 18.742377
33.546643 84.826493 17.216866
33.829029 16.499993 16.214684
10.264720 16.137834 16.101748
94.906593 49.143024 17.304662
89.106781 96.261147 16.776653
87.187696 98.745652 15.714779
88.228360 94.022193 15.203846
47.954055 79.783375 15.167334
83.782288 82.277019 15.216645
1.332419 56.459788 16.487498
78.719785 90.190681 18.435954
83.468497 64.297722 15.273099
72.750567 24.423577 17.302166
88.436034 40.947624 16.173890
90.671085 42.346429 15.462479
77.164131 93.976732 16.457127
10.462300 79.466290 15.123326
84.088032 89.991588 18.666135
77.610999 10.154024 16.623137
43.321509 55.956312 17.156832
42.500283 16.904396 15.954968