45.826120 71.824267 16.995069
40.338929 24.768598 18.747565
92.349390 16.548828 16.399759
21.741131 32.734176 17.181354
65.932891 61.113082 16.891985
46.888057 12.946713 18.522959
91.170790 35.181657 18.423516
70.225019 3.947681 17.134334
39.232920 66.103841 15.083352
51.795369 4.720406 15.769273
58.804846 14.147928 18.580039
68.565671 99.883454 18.098818
28.848992 29.399844 18.301572
39.728385 78.731926 15.832055
12.253216 65.677290 18.420510
54.268383 40.925566 18.674469
94.581872 77.171634 16.382711
29.801048 10.675599 18.573756
70.822561 9.830834 16.418246
50.983912 92.840355 15.523239
32.862331 2.592844 15.236009
49.373305 35.740048 17.904298
86.986752 58.942033 18.258450
79.136692 86.973296 17.035416
95.555376 96.092418 16.930089
25.667645 22.352035 16.675526
74.738345 34.255575 15.303801
60.454200 13.412379 17.417755
69.296770 9.837333 15.387004
47.857165 15.436428 17.925983
98.497947 96.251720 15.587558
14.863650 75.343464 15.055083
2.469920 86.501455 17.251365
0.346412 45.880070 15.623965
39.698248 11.665613 17.498888
49.946679 62.079129 15.136577
89.178044 47.855242 17.831953
49.857877 85.045205 17.406326
16.090331 86.601491 18.540615
28.437465 56.975194 18.375199
12.196672 3.122044 18.734917
87.592934 69.154439 17.870176
80.703035 95.245051 18.054417
11.879015 15.500570 16.684092
62.844048 45.410154 15.742076
1.881826 64.711139 16.818305
46.198992 24.779159 15.995156
91.140084 22.909907 16.661024
64.173525 53.774555 16.534295
36.168990 28.249361 18.173322
81.497737 19.651291 17.110748
94.684875 98.567922 16.129546
9.716724 96.785718 17.874911
62.746058 36.822198 15.132882
95.264325 87.196116 17.609994
40.420854 18.279755 17.956731
13.495990 1.712076 16.077864
65.355466 11.439540 15.479612
40.832275 8.551172 18.467473
87.454962 65.623937 17.757010
64.226213 38.001146 18.599530
22.390089 46.331084 17.857265
14.232606 12.580518 17.869268
45.270823 3.692740 17.209776
54.728793 8.789799 18.511355
55.954881 98.305613 15.040436
51.077580 47.399078 17.360689
16.463722 61.491568 17.146556
35.260126 58.155970 17.718286
19.831429 25.078096 18.546102
21.563792 80.472753 15.654267
83.018246 48.361383 16.152520
92.068148 2.070087 16.582952
27.993243 40.964098 18.160043
1.018179 42.935758 15.457309
72.304616 96.379776 17.892429
5.692945 60.337734 17.567373
26.174859 88.572900 16.768975
63.222408 87.611881 16.089879
31.204663 76.985702 17.680820
27.446916 38.323244 16.020610
64.779017 77.149363 18.186681
46.065347 3.234709 18.397602
22.873630 34.099390 15.989803
11.154346 33.188579 17.893384
44.359825 13.910044 18.057897
35.908328 11.819085 15.602954
25.628721 31.826269 15.237705
87.690366 66.158874 16.643038
97.063392 2.633032 16.602346
63.733011 62.150935 15.790773
80.639924 87.311105 16.501866
12.025622 23.856313 18.336233
9.256691 75.989593 15.783467
24.362010 53.545986 17.581516
94.258683 15.007363 18.253155
11.817843 48.352137 18.540789
37.747519 78.903939 16.154735
11.461051 75.314143 16.609968
21.009656 67.571864 18.430095
12.058680 31.579711 17.596901
55.021181 76.056391 15.409536
38.514486 71.517465 17.310619
12.857946 89.947948 16.115484
54.307735 9.470648 16.147018
0.424642 7.514336 16.259616
25.657042 22.435352 17.323200
88.491490 1.272782 18.717823
46.129051 9.290796 15.425633
78.090932 82.826100 17.039101
92.788919 88.792025 15.677601
51.029288 62.287592 17.383443
42.014407 86.034491 16.966163
64.000435 1.452888 15.772677
15.436904 80.205840 17.607738
21.063319 35.560701 18.507073
15.708813 85.005533 18.324645
36.024547 31.315300 15.223171
4.249703 39.076176 18.473647
4.277021 77.260265 15.312013
69.162895 84.846395 16.814554
55.257502 22.712826 15.235947
55.275607 13.806551 17.288853
73.816576 10.854187 18.489210
10.703877 14.056571 18.407942
2.336045 43.531976 16.661939
34.855705 76.654204 18.690350
2.376702 39.376149 18.061892
40.121772 52.194994 16.332403
57.982746 9.729783 16.978984
5.114094 89.882627 15.584867
86.184956 44.918576 17.074843
36.399463 21.064290 17.883818
27.861578 94.691616 15.276304
44.446786 49.638291 16.076684
78.615246 10.169380 18.149078
57.011548 2.840124 15.673090
56.043617 71.781936 17.523902
14.940244 74.000229 17.615924
36.071890 40.777630 15.528883
68.081862 13.530923 16.944203
9.446298 82.350404 16.336763
8.050660 27.316591 18.437792
15.812033 51.753460 17.966176
30.732409 89.509818 17.929467
15.135952 90.893193 15.506674
74.723021 35.566792 17.861123
20.754473 40.672302 15.623003
34.070475 9.631547 18.448342
70.282366 97.485151 17.738538
81.654691 24.246559 17.467049
28.703752 20.753067 17.480382
78.591960 13.021605 15.871629
15.501529 72.661518 15.305284
1.682805 68.022930 16.990682
47.797654 62.562746 17.866553
6.557365 50.274194 18.197524
13.003860 45.487388 17.412920
21.220035 6.999342 15.725235
34.119357 35.438375 15.171516
30.119710 23.897346 16.289498
92.157259 3.859755 15.420396
10.225385 5.565244 15.208259
2.657176 42.554135 17.176980
90.111935 8.820729 15.409871
12.981629 8.840121 16.456965
34.143810 0.597374 18.642302
85.890078 95.483062 17.083684
47.277422 79.714393 18.319355
14.609162 54.182365 17.709492
6.749468 54.440665 17.962210
53.995065 70.852699 17.040862
60.004541 2.883253 18.082804
77.209556 29.470548 17.034091
92.831304 20.498283 16.414173
77.092666 90.877306 18.633922
91.575730 61.463369 16.256902
88.438022 45.767453 16.472758
16.667750 77.740295 16.293960
94.836049 5.888555 17.654502
67.874517 64.640569 16.158018
51.089437 10.430726 17.215354
15.148385 20.198003 17.887733
15.385834 89.292378 16.480051
41.435682 76.406449 15.382457
12.305620 66.510128 17.205856
60.773091 92.194455 15.562772
3.471898 64.655541 17.265631
19.726076 86.788399 16.434101
85.397038 16.228364 17.560689
94.242478 52.680395 15.053633
88.690428 35.625864 16.688873
86.179888 41.402495 18.225546
61.741172 38.664194 15.791268
62.407695 75.193533 16.999527
91.935072 5.437125 17.765324
55.248024 98.761750 15.607185
48.054770 13.859607 17.279848
83.271363 1.820366 16.232849
93.375663 90.178688 18.085213
31.605123 78.145934 18.065372
52.737703 77.597036 15.567151
48.761079 22.583180 15.351544
77.576640 13.188180 17.923231
55.958673 46.189071 16.797207
38.562386 19.458167 17.744756
64.008432 30.537689 16.287319
96.235302 58.148732 15.470963
80.636911 97.227572 15.233571
27.390950 82.281481 16.388111
35.607754 61.586712 18.667560
85.757490 83.227569 18.583959
11.461696 88.010527 16.211342
21.569927 77.506960 16.410430
48.521549 79.029215 17.314959
94.615769 51.542082 16.031539
72.858387 63.844780 15.386756
49.679174 58.227360 15.519622
93.034207 56.692831 16.457355
71.307129 14.326842 18.276055
52.658832 23.084052 16.594702
43.278301 34.895457 18.385057
64.957042 42.717249 17.279481
29.692479 56.702336 17.151767
41.797171 55.332741 17.922769
86.489631 83.774324 16.792936
44.649984 93.595041 16.996952
55.297445 20.894867 17.233752
13.323288 17.146117 17.107967
71.029451 72.817625 15.005979
29.357343 58.165409 15.697484
78.657779 52.191790 16.127996
67.564690 21.475634 17.539009
84.701709 59.958122 18.325860
63.284733 76.907912 16.829819
11.058552 43.021662 15.399392
11.299112 2.768805 17.450573
13.246289 5.691776 16.245587
86.872320 5.098473 16.848388
40.442433 13.799581 17.717070
78.288701 40.699039 17.847152
87.117684 44.687165 17.626874
9.703746 12.797910 15.374467
20.807462 95.567931 16.354598
0.270442 58.532339 18.735525
44.689664 27.174545 17.121596
81.260666 13.654760 15.898472
64.515437 45.736594 16.925257
24.299710 28.170019 17.617965
75.232254 61.313541 17.522209