33.665535 74.265417 15.474922
66.514667 86.252909 17.887906
66.322011 84.057243 17.969890
23.746896 2.140267 16.726105
55.577368 28.122679 17.292398
73.011886 11.128051 17.148596
70.077558 36.354408 17.040920
78.622392 14.519731 15.069561
35.364003 61.095751 17.950945
82.979646 10.278217 18.616470
73.509568 60.591296 18.262219
5.732293 46.571757 15.652277
33.378548 5.599457 16.869714
37.422303 79.691410 16.658461
63.675637 96.417989 18.089363
55.071443 94.622623 18.625841
70.722287 4.348307 15.096822
26.501018 65.429345 16.715701
36.478470 60.016857 15.070444
3.621484 58.494111 15.567306
5.679631 55.905792 16.202987
29.821579 6.988647 17.316696
90.950539 11.410787 17.246507
58.366480 37.491570 16.758031
97.713009 46.218202 17.452068
12.571655 96.696359 18.701856
33.889452 3.486341 18.663397
3.049201 78.107980 16.192552
69.787172 24.299920 15.455224
67.489845 93.166266 16.349139
8.107135 14.952115 18.042941
76.388144 47.157018 16.288119
21.697859 8.176204 15.893192
25.510394 2.669810 18.153162
81.481239 29.057611 15.708111
91.593922 18.846659 16.000489
26.086595 71.043343 18.224609
2.619972 14.930459 17.748499
63.460107 90.546009 17.436000
7.823752 20.372206 16.687356
11.005571 12.169078 17.333636
48.589686 26.387255 18.542436
28.639730 12.866565 18.261475
63.727885 70.563956 18.081309
70.623000 54.296124 17.363717
46.026882 67.744986 18.303555
54.889934 94.711610 16.564566
72.501753 47.950815 18.127599
51.960417 72.544462 18.667540
51.786910 47.755555 15.221170
87.223478 34.995285 18.656699
50.129319 84.720930 16.243852
91.432103 14.640821 17.166758
40.892548 14.114963 18.006963
73.977766 3.847522 17.727736
1.034653 86.688431 18.521537
43.557190 31.497052 16.232430
63.595199 36.573034 18.436339
42.365917 62.734311 17.202258
48.867540 76.542376 16.412841
48.887251 7.814598 18.060033
3.800519 30.730420 17.973613
51.286137 70.345471 18.163181
89.453116 18.066527 17.986457
13.039913 13.234010 15.511665
41.402821 29.240024 18.610012
55.795679 89.821510 17.764374
77.506062 44.014548 17.374159
18.397386 22.677790 17.760656
64.797176 99.812745 17.171417
17.314815 63.742427 15.194106
93.693999 95.926357 18.453404
35.494450 99.963404 15.969359
75.728475 15.620230 17.353265
46.312074 53.435494 15.584289
50.390920 60.616646 16.951920
68.694576 85.066920 15.624216
45.177339 46.489383 15.606853
43.342166 82.465521 15.890115
69.676322 30.433466 15.234075
70.422853 52.610020 18.249263
51.988009 29.412256 16.547502
21.455710 89.101829 15.043334
91.729552 15.793164 16.743806
2.889672 25.101674 17.197923
29.206197 47.171784 15.728242
37.937965 87.570628 16.643281
67.141035 58.494897 15.793780
61.711144 86.629244 15.225511
29.589891 8.745872 15.717032
0.375634 50.247621 17.028476
13.111687 6.972744 17.042775
38.017576 17.888704 16.903250
66.334805 13.301458 17.533266
28.751500 66.040038 17.997496
22.625457 56.158123 17.239898
26.388731 23.593119 15.738409
53.946046 58.922953 18.266582
76.423724 71.630842 18.170890
51.696946 29.345746 17.986618
72.585612 15.894789 18.560032
16.515085 83.575939 18.461184
23.246974 1.271633 17.695951
52.839095 2.213416 18.704591
62.905778 26.955250 15.120363
54.663634 81.529229 18.592399
43.956234 54.492880 17.355683
5.582729 10.832996 16.621043
50.728381 14.282786 17.907432
42.966790 25.733561 15.847094
8.827301 62.174908 16.179796
19.751228 94.192590 17.558026
41.682884 80.269211 18.208125
75.993487 54.302363 15.786158
72.009453 6.681264 16.294328
97.159208 54.468299 16.622678
35.147025 4.181875 17.139393
25.046366 17.636422 18.619319
25.780779 47.752427 17.696634
51.470450 72.696600 16.555807
23.357083 26.625358 17.609070
27.221113 93.716203 17.562659
95.002014 80.680072 15.817859
4.602907 51.416785 17.058831
22.120334 2.917533 15.688155
61.705299 30.145945 18.323342
76.293300 18.778000 17.648675
5.637437 91.464942 15.123923
65.917716 68.058522 18.449497
26.779317 70.571412 15.170927
25.706174 21.614184 17.125231
38.226708 13.438051 17.612057
41.668159 94.278486 17.896677
10.866508 35.026259 16.330951
76.577679 24.386248 18.239075
86.787527 15.097277 15.101313
5.965890 27.978977 15.403031
74.112291 76.110299 16.723058
58.571164 22.015284 15.406361
98.491501 48.851953 15.949252
62.248639 86.086948 18.698107
29.406983 61.414070 16.212434
57.655771 14.223010 16.476326
89.302508 63.549482 18.059016
78.778314 41.111451 15.745913
52.780651 49.836369 18.394395
43.325930 70.751568 18.036710
42.103185 19.627290 16.755291
19.375836 83.676246 16.705871
74.292710 24.438537 16.743675
20.120745 70.545369 15.391926
49.790853 57.762035 15.406439
97.829061 52.099041 15.516877
99.704728 97.442386 17.240755
18.384687 43.641541 18.684700
14.786128 99.749952 15.634085
16.061852 74.913492 16.714789
94.713276 83.924931 16.000525
2.264264 40.593689 18.405628
1.315281 41.745458 18.352004
44.609577 14.627885 16.612434
28.602725 38.358822 15.586702
46.724961 17.515626 17.263953
40.241124 84.057694 15.475395
70.624434 79.719961 17.309368
66.071491 37.159337 18.077452
27.145622 90.198290 16.478497
93.850419 24.288580 17.813372
85.776800 47.338469 16.854475
63.206672 98.919671 16.542820
62.075841 16.047532 18.541099
15.313250 21.216034 17.897725
82.739465 41.836913 16.589194
25.781308 5.072255 16.002961
44.023902 74.828849 16.053946
79.562680 48.414156 18.052553
64.824945 15.184427 18.203985
49.648381 85.968424 15.350432
18.463418 1.691285 15.368603
11.135980 61.173365 15.259803
19.239788 70.101844 16.559982
43.266084 23.567508 18.541455
52.300865 74.329825 15.093266
1.738686 48.337857 17.864760
38.328470 68.658876 17.881599
31.595672 66.746327 17.366801
11.889913 76.510840 17.549141
17.389507 51.591040 16.582744
1.700549 55.012664 17.417556
33.454579 7.366017 16.500878
5.586883 69.705882 15.570847
7.926689 41.822248 15.611310
34.376422 58.946572 16.354737
46.653044 10.439487 15.400443
96.866302 36.878026 15.649905
36.227919 52.281888 16.431930
58.732476 62.332631 15.302472
4.202326 88.058440 15.740970
50.070412 99.612509 18.214281
14.371898 0.612159 17.047861
38.589423 93.775165 17.779304
7.540424 56.944485 16.036533
11.272031 25.781121 17.786036
92.996085 21.552371 17.489538
38.619292 50.373075 17.313837
96.133584 70.239276 15.906403
47.938984 97.449425 15.053836
21.628625 44.956606 16.899738
86.809068 85.334003 18.342738
60.553775 21.586538 17.006940
78.520299 48.624349 18.146520
27.901476 54.785174 18.417359
40.246677 43.217972 16.942344
10.563921 97.688910 15.662688
23.274854 32.682966 17.898476
48.729603 2.938627 15.531486
84.209150 31.053288 16.283441
76.419301 73.840205 17.253733
61.950334 8.317535 17.551258
1.940472 0.684825 18.237610
26.529904 1.348337 16.054327
93.734407 10.924540 16.899646
56.839280 13.612821 17.425800
67.603651 91.680287 17.646199
27.028675 43.653875 15.393675
90.424789 70.149253 16.612541
6.384279 51.541707 16.100417
29.155223 61.738055 18.559691
55.288616 1.760741 15.713062
98.379173 37.188591 15.637468
74.447758 61.298280 16.291477
42.280261 50.201328 17.060793
36.716184 18.436335 16.594092
63.793912 30.231102 17.753286
14.699939 78.290637 17.001348
58.904073 4.650450 18.260766
91.739600 53.556860 18.361556
83.892287 90.329928 18.321180
97.180552 60.225997 18.698716
15.435808 79.513091 18.156071
69.307787 28.598260 15.194145
31.286328 91.708384 16.821944
79.681135 6.070001 16.497508
63.933560 99.948609 16.414378
74.305938 20.570899 16.705112
41.770062 6.428189 16.854828
5.345742 9.002457 16.635972
84.901090 43.254393 15.770582
0.991026 26.436583 16.515664
58.763267 76.807429 16.302315