2.724368 48.789723 15.377186
68.265907 15.944989 17.318254
23.459579 45.667895 16.653159
23.282793 25.258004 15.816013
6.903638 60.219485 16.683803
62.131196 97.301180 16.217197
39.065707 51.387032 17.110667
34.206890 34.052238 16.694932
24.522786 91.496847 16.631806
78.915252 95.247626 18.677112
44.385641 10.582626 17.627551
3.902214 59.323590 17.458028
50.440113 91.410193 16.659347
91.045882 85.031183 16.984100
20.474597 31.068464 17.257599
48.015434 50.815278 17.413832
66.398572 23.377447 16.585312
21.026653 32.492795 15.492441
32.748988 86.340092 18.176673
43.075687 62.406070 16.400587
70.004191 77.669814 15.687034
2.790519 0.410567 16.900794
48.265356 88.567276 17.612285
53.794655 63.711428 15.611954
92.282073 53.142103 17.988194
11.014138 94.872335 16.181829
18.661335 85.982823 17.123267
26.952305 56.680160 18.619429
98.423504 0.871064 15.148981
49.473582 49.568556 17.632760
23.599589 2.288934 15.854936
10.894057 76.649430 15.724353
54.069006 10.217001 17.450735
68.261048 2.537480 17.777670
2.543001 90.808460 17.071846
8.069955 61.998908 16.411014
11.376307 18.787989 18.638425
57.997689 58.498189 17.186163
0.023776 16.331324 18.606592
47.492472 23.951553 16.715641
36.132258 15.972669 15.226880
19.629113 37.919373 16.233814
28.867709 88.303079 16.957291
81.871806 54.398872 18.684321
71.674672 2.128012 17.232081
2.109529 91.391137 17.448508
9.302851 87.691138 18.273997
10.125963 76.697359 17.092566
19.182974 60.692239 15.885017
30.868942 5.811147 16.041607
40.126118 50.475483 15.498163
95.089852 74.972632 16.214165
91.358411 62.775189 15.352047
97.149928 20.497124 16.069050
39.710337 76.809751 15.523337
77.989962 77.958952 16.166554
49.142132 7.772361 15.749868
5.405254 77.183315 16.097727
28.228540 6.554866 18.092559
8.184746 97.674018 16.992516
46.187071 28.158449 15.617117
67.470944 92.095038 18.302192
5.029614 27.624319 16.084957
81.127360 23.230727 15.852281
58.282831 51.758149 18.449935
50.352394 42.693583 18.477433
11.577393 67.266636 15.013708
50.997274 31.684532 18.638640
14.963443 62.932276 18.318085
36.585873 77.830545 18.151802
75.650916 56.446839 17.964934
31.805003 3.466130 17.284976
45.182603 58.812680 15.875690
19.807367 88.891177 15.114945
45.930578 89.390283 16.773477
78.743860 61.371844 16.283995
29.836717 1.371589 18.686789
87.076030 18.343516 15.597703
16.862079 68.937185 18.550232
53.786819 37.292698 15.144261
10.503900 62.209346 17.818308
22.833925 29.989822 17.764518
74.560036 36.381830 17.015132
57.417900 3.416695 17.165095
46.114489 52.846476 16.935915
30.544170 24.739157 17.986041
19.319993 87.431845 18.466237
20.387055 62.508293 18.588253
61.712372 86.841484 15.751826
29.300336 32.666335 16.383528
45.936673 30.685224 18.729049
1.034916 23.725498 16.448571
20.270756 38.973363 15.818680
87.194419 39.933836 15.140923
77.531870 12.820313 17.033384
38.020134 2.447933 17.779036
40.303928 15.296069 15.825432
48.754871 8.851715 16.756395
13.026028 40.641326 18.500885
12.841947 15.635490 16.904281
0.174642 47.423670 16.699436
2.141516 15.508189 17.868791
14.155502 43.234252 16.617715
94.331612 84.613697 17.409634
92.931387 23.396372 16.322511
13.523726 3.013449 16.979865
88.543967 28.834122 17.543044
74.521675 78.156794 18.421843
98.615880 4.389924 18.490868
18.295934 62.893562 17.813130
56.543039 83.236621 18.558801
92.616583 12.643543 18.456467
91.586109 23.773994 18.664265
12.248919 59.323200 16.168797
16.581228 23.550339 16.486479
87.166358 63.155937 16.205832
55.533589 34.379903 16.008429
28.654858 31.662883 18.293378
31.404777 61.496289 18.435232
1.624490 86.234586 18.714780
66.574698 17.518375 16.532283
1.572712 66.568654 18.338489
89.828107 61.670560 16.080484
61.879822 28.510041 18.599945
13.872004 26.416610 17.279388
59.099158 31.453433 15.617937
95.908144 92.108038 17.756735
24.746686 38.347608 15.778319
14.291211 52.258456 17.741305
60.169648 53.404161 18.708127
38.816139 95.940188 16.621837
93.970223 84.522813 17.731487
38.754024 9.895446 15.570370
54.015023 63.858214 16.531277
46.883409 34.959807 17.847779
10.955755 23.109645 15.896523
4.978049 41.678674 16.094987
53.998543 36.218814 17.530166
82.733426 45.572592 17.183388
50.453646 34.985670 18.075129
46.327186 8.133072 15.778542
93.176244 37.915102 17.912542
71.127104 50.855593 17.264171
8.540460 87.750575 15.138498
26.221693 25.401110 18.538873
1.622858 27.240378 15.053306
15.923707 63.051144 18.250781
92.226435 97.842788 17.278416
9.682907 13.724956 18.589822
58.852976 98.188827 18.390815
9.754959 16.525446 15.110572
2.439401 19.817049 16.766320
29.046831 94.263496 18.226689
89.982557 22.734087 16.818984
99.179545 54.642463 17.404038
13.313690 87.227169 18.056147
20.755714 8.209202 15.421549
58.489693 54.878616 15.733166
77.266035 48.742018 17.009232
38.100584 19.901465 15.574737
30.509567 24.310771 15.213612
11.716561 42.779422 15.039296
77.697732 17.045354 16.226270
70.802739 42.632049 16.766830
61.087025 38.895609 18.027967
23.059784 58.773329 15.435216
58.899307 39.385611 16.049666
89.782162 95.203630 15.644072
82.839867 91.398375 16.912757
1.467382 40.773133 18.031610
88.169896 34.808099 18.626393
19.008315 20.730678 16.446437
69.233187 98.101369 15.324017
77.485189 85.382856 16.367348
69.446493 26.133031 15.391509
88.484249 44.058194 15.310503
97.695175 95.041458 15.435380
3.749612 0.046639 17.052362
96.243142 0.845199 15.893540
73.758817 7.338801 15.285854
30.814687 53.697065 15.436037
46.821959 55.266168 17.091490
13.584982 70.541936 17.275488
6.729599 56.170343 16.897256
32.603270 73.078994 15.575633
60.918200 3.854750 17.427973
33.260128 65.049848 15.635752
87.512785 19.683518 17.749248
80.964141 82.672313 18.171517
49.634098 60.497012 16.729515
30.980852 84.401373 15.264537
16.509352 42.050769 16.187411
72.741265 8.536194 18.021597
0.238624 92.429092 17.050466
23.871411 33.366361 15.198502
25.214968 16.700733 17.391855
44.906305 23.754034 15.613740
0.778774 11.968483 17.855679
65.475475 27.234303 16.325519
93.524484 96.961774 17.778498
3.278208 4.908259 18.641801
4.762118 40.211856 17.944765
79.722816 31.023632 18.211675
62.289477 79.603215 16.146704
34.787753 59.314801 15.522156
6.998612 41.593091 17.944898
84.962417 72.678988 16.981024
82.619569 96.589977 16.722669
6.291826 47.016562 17.772144
46.547875 22.662541 15.510938
30.286749 66.123634 17.448745
23.543488 94.966667 15.104567
67.322428 44.787839 17.386144
69.075600 46.250404 17.409662
86.552175 93.103840 17.679488
57.424991 34.066245 16.648519
88.921339 95.498041 16.863012
6.554511 14.030739 17.904338
44.041179 20.597136 15.408385
94.309983 32.860007 17.553496
3.131724 11.892604 18.163336
30.433039 6.560761 18.545204
18.751331 12.219566 17.195253
52.351709 30.859208 16.807005
52.780599 98.533606 16.859155
40.397095 85.979528 16.807052
25.389076 0.401146 16.505527
50.033129 0.755248 15.830271
33.636994 72.453108 15.071219
63.576081 82.847387 16.690729
27.462460 66.648401 16.853752
68.149283 1.509177 15.953136
51.480645 68.419962 18.188714
1.939229 53.982451 16.402965
55.384143 79.601228 16.897114
15.984271 27.737607 16.617026
77.103832 42.459190 16.750077
71.007570 40.684904 15.227371
33.541196 16.695758 16.456181
61.881647 76.353260 16.073756
1.213458 52.612647 15.400806
33.137126 88.998447 18.245737
42.322705 49.785489 17.999775
36.436011 25.574748 16.753462
70.889992 84.249987 16.873078
63.858299 1.132503 17.850551
98.933526 44.525640 16.390282
45.022501 77.199576 17.415052
21.507485 57.950087 16.768432
86.774670 49.166705 15.277114