76.453268 60.667885 18.004876
35.362433 69.088455 16.296973
1.733694 18.734755 16.313222
83.132592 79.059717 16.190365
22.781240 69.839609 15.696398
12.134028 22.079764 16.942715
37.811972 72.539993 18.134575
57.851750 83.652313 15.257733
89.389467 45.616604 16.846777
54.448968 6.615187 18.749418
30.072490 64.962992 16.573042
52.010971 56.456255 18.062395
52.799718 36.264324 15.026672
88.958809 67.520413 17.892382
65.912895 11.317656 15.337133
50.346001 60.394648 17.722052
38.511198 87.037430 18.334399
1.655701 89.012320 16.402754
70.574866 29.856191 16.491452
66.125048 33.454149 18.577331
70.305598 70.519248 15.833360
95.882126 76.569801 17.404048
38.729274 84.069283 17.962276
5.907374 45.433058 15.295256
7.292362 47.801429 15.702786
72.850072 59.292733 15.594941
13.809249 34.160003 16.131508
98.404709 12.486357 17.271528
50.561993 84.876882 17.124400
90.072341 10.973511 16.968458
95.957803 32.213012 15.298700
0.444653 20.911318 15.242295
34.207392 26.550086 16.102456
85.553001 42.881912 15.616117
11.464506 59.801119 16.908391
17.093089 76.988760 17.207306
54.617405 11.866406 17.986485
90.180917 23.943940 17.415960
71.459276 5.922153 17.863707
96.392111 35.564078 17.164901
52.527784 48.766290 17.429783
85.690320 83.896582 17.104358
54.471398 80.756253 17.932626
29.480198 62.940474 18.576269
82.293448 8.846682 17.891339
63.245498 91.844893 16.319433
79.331623 38.649586 15.307755
92.159142 2.266651 15.182362
39.566894 45.979988 17.908372
85.364561 51.873663 17.955163
99.522057 47.617910 16.691686
21.300593 63.226932 16.670367
55.033001 99.598466 18.180841
41.687810 40.836792 16.348018
8.282859 37.115511 18.272568
70.902553 34.743278 15.171394
77.916439 59.899223 15.251129
98.521640 14.107616 17.455594
44.555556 78.219047 15.843991
82.914043 31.148768 16.664336
5.586991 2.798091 18.117069
10.896621 21.173468 16.567881
6.014654 54.071774 17.046760
96.882407 28.354302 17.046545
24.868989 1.196213 18.189945
89.182609 39.944699 17.381268
46.241736 78.177839 17.679755
26.245283 72.977809 15.629059
20.139248 12.825471 18.315360
3.933422 83.807600 15.921113
76.003469 24.991639 17.911776
31.943951 0.380521 16.676881
42.578513 74.246404 18.455894
86.086434 96.871382 18.494653
24.221436 69.713439 17.480213
45.670994 42.893199 15.159405
60.066808 13.266743 17.743149
82.925998 99.839528 17.148014
51.056631 79.115645 17.804201
10.714387 61.503829 15.637221
77.323660 10.541636 15.736560
45.031230 98.309211 16.379914
97.726129 92.969644 15.037650
71.288280 18.569592 15.600338
44.328270 77.091374 15.693066
51.893951 71.692139 17.023161
53.179491 52.201674 15.360161
25.130177 60.695866 16.652402
49.107256 70.235678 16.879984
18.369901 68.279192 17.160692
93.747368 5.388955 16.972373
17.850645 12.912881 16.750260
37.460409 33.489854 15.517954
58.747765 73.836915 16.690013
80.996155 66.461673 18.001117
22.777066 36.996699 18.026543
81.075960 75.667555 15.607941
88.834987 64.631908 16.271510
46.146347 34.562186 18.512220
54.751269 35.991121 17.308014
1.670176 18.500926 16.752610
56.935528 90.395490 17.647232
65.466990 27.718084 16.102783
16.171465 54.165619 15.053839
38.859636 49.423833 16.740833
73.055713 62.633434 17.060090
0.865834 49.362927 17.852949
77.500598 70.708352 16.291133
55.961158 81.243529 15.459896
24.193360 19.855595 16.717980
53.176768 77.898528 16.999980
70.200021 92.327395 17.755683
49.693580 31.664516 15.347312
64.672082 77.463256 16.395580
57.560103 4.802448 17.027665
11.182443 84.370453 18.516174
80.141403 49.801504 15.630273
19.327413 21.015266 15.420790
19.464366 52.237819 16.508190
46.269579 70.169217 17.503198
19.078065 0.857288 18.226937
23.441162 58.027717 15.183037
3.720756 49.056988 18.044510
31.637000 17.229598 16.503435
19.766430 91.015616 16.650546
27.370416 35.178302 15.900253
74.334702 86.033426 18.205061
92.314235 89.957448 16.644315
44.758540 85.026630 18.660603
91.433135 16.481415 16.395573
69.354929 52.293386 17.433099
12.380978 98.473847 16.734079
88.164264 61.361144 18.715033
50.311778 40.032100 17.046904
41.080131 48.078682 17.446143
83.512969 11.593833 17.193675
33.666066 24.044701 16.604478
14.125862 35.372851 17.352645
92.814953 64.505389 15.023772
32.626367 67.140471 15.682513
47.272188 39.624217 16.336759
58.601968 57.802768 16.621569
63.135447 58.350537 18.065713
86.238422 77.095838 15.465896
61.488658 49.561538 15.676518
69.425513 26.767875 17.980424
55.790614 76.637474 15.986934
46.181740 26.589328 18.587589
8.631368 75.706764 18.712815
1.290660 81.464762 18.691005
91.834589 30.398071 15.034744
11.974623 38.111435 16.862939
8.894537 38.516445 15.694472
48.729626 98.387704 15.557617
19.317867 11.963788 18.507260
31.313384 62.814635 17.789286
13.559454 96.465892 16.369483
53.796111 75.773222 17.135859
2.635405 63.812330 17.136105
42.115775 28.109556 16.436580
40.098653 55.316137 17.850561
30.165148 38.009649 18.577883
14.838840 20.464485 16.325200
75.495040 89.011775 15.123743
81.024004 8.555233 15.413083
69.622450 73.539629 15.646892
11.985435 4.327296 15.893527
60.641174 26.450879 17.005641
11.047269 70.880932 17.437107
97.272569 16.057694 16.799503
46.885419 44.880462 16.547428
15.174620 5.528900 16.718901
76.931904 50.174181 15.171387
47.945397 38.172457 15.700555
48.844632 94.140450 16.886487
65.224589 38.204961 15.754331
92.110999 77.676013 18.652870
53.931475 52.487236 17.483765
59.865717 34.884196 18.506833
65.748708 9.629158 16.118562
29.177938 39.355980 17.233470
47.455059 63.740765 17.000694
88.149591 35.514914 18.714239
48.665151 20.639328 18.469228
77.288648 0.721151 15.259890
90.091676 35.742710 17.007983
4.935278 50.299678 15.763359
74.407684 13.393798 15.818045
10.070721 54.388572 17.768830
73.078409 42.091294 18.428780
0.195193 70.183080 18.555641
87.553192 88.206212 15.898300
60.946480 37.614336 17.816190
28.237836 68.395645 16.031075
45.226694 52.458065 16.268753
83.392249 37.449922 16.693543
86.475979 85.910680 17.034270
80.012865 45.067212 16.981980
23.832352 42.897982 18.193279
25.361876 95.057685 17.258426
53.377826 32.196300 15.435772
12.814375 65.236660 17.479444
51.657840 86.106530 15.382890
86.580709 97.318187 15.311764
21.170967 63.027021 15.915542
73.758045 45.891389 15.666644
62.765988 88.639902 17.375539
90.612327 49.041256 18.152307
11.896673 77.991101 17.155414
94.003168 63.672942 18.019546
33.623220 74.482268 17.323478
49.024625 93.968343 17.988565
23.527494 24.345545 15.031674
76.181110 47.569443 17.058302
90.507722 53.063143 15.913250
21.668040 1.173021 17.936120
82.830574 89.807280 17.562934
6.870878 10.309777 18.536321
97.181094 16.614054 15.210814
44.858407 15.608104 18.699364
23.168899 95.200208 18.716640
14.983843 63.742747 18.453816
7.958630 29.443748 17.590867
1.356249 82.221485 15.343186
34.561841 35.022290 15.504347
43.989295 87.447538 17.561648
79.131176 74.944011 16.076480
4.902717 37.901992 18.453397
90.443510 41.098148 16.153815
88.482644 22.694252 18.137206
30.586916 83.229024 17.270405
76.992301 5.963534 16.091312
0.542107 90.740370 15.094968
84.588566 50.135484 18.574955
6.388447 86.531196 17.714495
71.172897 22.707972 16.806443
60.535501 12.208928 17.885514
61.617442 30.107106 17.570204
43.143594 64.815005 16.794165
2.593602 13.983277 17.593799
78.364675 7.244577 17.178060
85.781799 44.889159 15.224276
77.460660 11.167139 15.928768
26.741810 43.936866 16.137881
61.769712 19.821613 15.832930
23.896606 26.832099 16.712345
32.344933 56.863446 18.647410
70.995776 63.071239 15.999716
20.092055 41.558545 18.502038
13.913330 75.361127 17.850092