87.617398 85.099786 15.435332
61.100370 44.262386 15.726856
89.629202 86.291853 17.630180
52.317855 53.776353 17.877881
74.657749 41.773472 16.573286
38.234126 48.359265 16.620851
25.113975 11.278088 17.282865
2.650697 98.504364 18.682816
70.030183 89.379201 16.609669
96.080614 82.547632 16.495064
26.344223 2.643089 16.586542
3.807903 45.469857 17.631016
85.023736 95.456375 15.339685
26.327477 87.856453 16.548991
63.914368 93.076244 16.369053
88.238172 62.938854 16.963318
30.561195 48.060609 18.236867
60.520589 26.896975 17.747318
71.654247 82.980543 18.622551
5.389217 52.630835 16.528213
4.772651 49.084738 15.287168
8.282945 97.637462 18.351505
13.307026 73.811855 15.508082
2.408865 52.010916 17.092218
96.986859 14.597973 16.431539
49.907150 16.868684 18.732944
28.127571 71.327231 15.382553
34.850816 82.699744 15.320779
74.433149 58.598835 15.767278
58.297703 41.991481 16.314699
24.695166 94.062993 17.187198
95.432290 52.710886 17.692229
64.940718 15.401847 17.653971
40.034283 67.898524 18.732511
85.508268 81.825799 18.471357
47.036454 70.940943 17.445951
28.902266 83.072190 17.288406
36.778802 42.971410 18.230550
12.242875 98.540334 17.314540
28.460833 20.733303 18.015771
33.665671 78.107414 15.489413
45.439960 39.656001 16.602260
63.783219 31.001459 16.052822
53.400691 64.188012 18.628616
75.788327 81.405840 15.598973
13.875741 5.239663 17.566489
13.946348 53.772993 17.041921
53.568671 34.943458 15.259906
37.831815 65.801579 18.564371
41.255305 28.522603 15.261011
23.933262 76.253250 18.042244
13.029944 53.028359 15.150312
8.712664 25.305721 18.331562
79.512074 55.669078 16.856650
15.111232 4.910762 18.090960
43.984961 42.701136 15.200533
61.643624 10.909293 17.641272
36.126199 32.019368 17.373141
93.044349 64.909207 16.685743
55.337666 76.508661 17.094593
34.828072 67.686106 17.019855
76.032481 97.919991 16.252504
70.997281 59.381853 16.001213
33.478187 24.016879 16.362201
35.169700 15.855783 15.632535
53.127180 82.517762 17.495483
89.395399 61.577331 15.566266
21.930361 47.155675 18.675099
76.896141 81.609538 16.674021
22.959191 64.138266 15.371340
6.803454 21.532799 15.594262
5.691844 97.854587 16.227910
7.987578 30.598423 15.113072
23.485149 30.807245 15.163016
67.972602 88.389101 15.580385
16.173314 91.590700 15.730759
28.670838 84.688637 18.309926
75.902456 42.578781 17.656938
92.237392 29.175291 18.672558
91.230367 33.849651 15.792735
72.167977 52.484598 16.166117
34.689516 63.105797 18.663231
54.107032 88.204108 17.984568
52.477440 4.748348 15.343449
89.164118 47.044570 15.590342
44.660497 53.056811 18.675764
87.767009 40.604698 15.728553
96.881114 39.408299 17.412774
47.818235 8.634865 16.366308
99.397046 57.333502 16.480960
64.855686 9.670115 18.240069
8.200118 81.022275 15.411294
21.525953 34.969260 15.962680
49.000004 67.133192 16.722170
53.732981 71.370572 16.832436
86.222091 72.267417 15.748547
82.293794 21.342220 18.066257
32.543705 28.648281 16.286555
96.927224 67.673826 16.609334
91.272802 58.187032 16.877713
16.016176 70.314880 16.639125
5.156726 22.714981 17.439705
84.248012 31.980090 15.819845
99.624956 38.697768 16.387122
5.928947 20.663318 15.632365
66.872673 79.320634 15.736396
47.563261 32.942399 17.844221
42.253461 68.485122 17.910179
99.213024 29.927598 16.208017
92.974459 87.252851 16.865974
5.027266 46.291566 15.554568
31.008782 31.079496 17.763668
61.367490 89.113469 18.484765
50.050607 31.198022 16.480015
8.035038 10.367956 18.268048
26.368226 26.801460 15.197665
53.972312 89.276390 16.545404
36.453254 51.556249 15.982844
78.873671 0.747648 16.686026
82.165188 58.206070 15.851742
58.808877 51.701929 18.342107
53.468891 22.706336 15.668649
76.166482 73.847385 15.132144
99.445865 40.436838 17.134571
3.765122 55.233563 15.801588
16.169336 29.818812 15.925893
4.187422 79.907348 15.403313
2.912302 51.063561 16.727240
19.689236 76.613695 18.609645
54.229934 42.147992 16.171099
28.793893 98.196569 16.777857
13.053194 5.755427 17.839914
4.441554 71.230213 16.846225
75.486731 95.632098 15.145609
9.165138 90.952243 16.024591
49.461978 20.813035 16.866914
32.736633 25.813796 17.043924
43.196325 27.705449 17.734386
89.908639 16.176210 18.303192
0.781195 29.159645 15.378765
94.989025 24.065772 16.540982
99.097849 26.407946 16.314487
13.736773 84.611008 16.198127
46.351990 96.576070 16.832140
49.611483 65.180916 15.988700
65.698806 79.574688 16.810964
63.802209 48.898401 17.866978
32.570767 91.460434 17.114496
33.130887 86.346915 18.622001
73.059689 44.106855 17.942679
57.125621 83.266787 18.734664
53.212590 83.814022 16.953601
47.829802 40.721986 17.637758
61.922080 10.952017 17.262895
74.611142 43.748375 17.576808
26.212233 65.630558 17.880961
11.151326 49.360180 17.174178
27.095890 10.110322 15.808239
34.944711 62.073665 17.461140
84.538862 14.393452 15.134228
23.886780 17.582829 16.701128
97.819966 83.795087 16.218210
76.079382 9.854189 16.375932
30.440231 19.584202 18.488560
9.800554 72.601488 16.220786
81.898341 45.569368 15.271646
74.902149 23.984926 16.717716
4.971387 75.054563 17.116369
88.007162 12.086403 16.870787
88.758301 6.231564 16.107544
38.149128 81.799472 16.284289
5.921041 3.357165 15.261135
81.749582 25.662437 17.044473
51.682400 19.363102 15.209999
96.709146 16.428786 17.443731
35.258401 56.143821 16.432509
76.103947 67.593692 16.481422
35.358150 1.923767 15.398171
40.596619 58.215473 17.099341
1.974522 73.040038 17.359805
53.043224 82.959242 17.302736
52.154601 65.206108 16.101587
28.892141 61.460619 16.349419
7.450481 65.822484 16.855751
34.209315 55.219633 18.735956
65.001356 13.248059 16.041095
87.397588 45.029864 18.257298
60.058477 87.847410 16.503491
70.708824 5.137895 15.299322
92.134770 35.315498 17.219841
47.851868 25.432118 15.732001
29.725679 29.881684 15.749644
0.753734 33.024808 16.290032
60.782808 2.843421 16.341017
54.358709 77.247440 16.744517
50.026476 63.778200 17.021205
43.814131 8.301024 16.772202
60.030352 88.680973 15.904073
70.881700 75.724116 15.762537
28.769693 1.798461 15.290843
65.649718 29.183970 18.451773
0.943275 30.003674 15.314734
22.892251 76.111008 16.728187
43.210889 15.553627 16.715687
30.004965 69.345178 17.172629
85.395902 21.491765 15.917067
68.266534 26.588056 16.314332
47.111166 36.675984 15.619750
76.122435 43.830934 17.833660
4.294469 45.392282 16.044001
89.170273 34.459685 16.166318
85.871670 80.509785 17.120219
2.512652 25.502517 16.211567
86.205080 96.263896 16.734027
44.187908 46.176069 15.706126
16.154021 4.790253 15.530223
72.855224 44.555881 16.611627
67.102521 80.734971 17.124659
81.402929 20.697349 18.545775
69.592344 6.104210 18.197222
12.558033 27.515894 17.986147
32.155640 25.498974 15.569470
44.631379 61.832271 17.029254
82.622806 41.998838 15.709965
33.031047 26.716513 16.791600
53.905469 90.859900 16.134695
43.485672 96.621734 18.292970
79.024194 92.507804 18.185201
32.398695 33.820918 17.857365
4.236119 35.124459 17.895603
66.527566 98.676584 16.611459
31.968674 76.340462 18.310610
74.291174 12.783962 18.349135
36.365482 50.615601 17.168558
49.645845 35.400943 16.709597
34.575631 97.803341 16.251145
22.960289 43.021987 16.853859
85.033962 74.116745 16.438829
3.191173 59.632257 16.280305
31.838642 59.037456 17.165633
85.318582 56.136473 17.968528
39.250933 73.100115 15.024135
3.480168 73.291597 17.881543
79.206704 14.617240 17.556097
36.319675 46.745697 17.726524
22.559863 53.205474 17.062686
98.294863 68.531149 18.079111
34.076706 73.995364 18.176774
18.269602 69.069334 15.654248
4.138068 43.513187 16.556384