17.031370 29.075209 17.628169
24.280682 17.498312 18.127422
59.487279 6.691392 16.263935
32.667685 13.308959 15.442264
26.216719 50.692169 15.669042
70.214144 3.547721 17.477428
43.527237 26.878992 15.137648
66.730265 98.673681 16.517496
13.157600 31.752741 17.095084
70.969445 29.628392 16.004563
99.615089 95.390418 16.630286
17.880818 59.903163 17.541307
95.615849 81.332745 18.524300
35.133733 31.675082 16.466367
54.044897 18.029662 17.786576
40.849288 47.914931 17.565802
31.593503 65.614146 16.841026
68.110177 64.132066 16.537913
75.784153 18.138911 15.633118
46.549185 0.230858 15.340020
10.156879 55.915364 15.970382
87.794391 3.008927 17.936562
34.273987 72.246893 17.401555
24.188485 77.326887 17.795678
16.540050 69.775735 15.845290
91.904672 53.898121 17.551797
2.144353 92.960398 17.285532
5.664610 72.004537 17.077682
76.343144 81.579255 16.364175
95.352318 18.635067 15.134490
11.792851 35.251008 18.316664
70.192911 18.742724 15.440384
60.183677 19.387677 18.442260
82.711846 81.752451 16.771974
26.387972 18.073661 15.811122
35.084917 95.515833 15.491355
0.146058 55.265030 17.441927
99.391434 71.174023 16.547855
10.980417 61.088375 16.301660
21.150081 83.579221 15.502673
91.120923 51.362859 17.603845
50.585885 12.809286 15.423912
78.331249 62.399224 16.281721
57.292791 55.669140 16.684605
34.253826 47.355523 15.247798
11.477708 76.253059 16.557821
82.400531 79.995785 16.222463
66.529928 34.277605 15.754368
48.598024 86.893940 16.843846
56.189371 60.558057 16.898241
74.950249 92.145435 16.138588
5.577958 19.788294 15.669963
7.914614 75.367357 15.845346
64.546875 26.648319 16.496531
92.024606 28.200548 15.699257
91.436872 87.417835 17.003313
86.081567 96.706686 16.646838
26.608893 81.779658 16.693096
32.651632 65.083122 15.254700
8.839523 65.891912 15.078304
61.215435 19.871355 18.451071
44.013903 9.940659 16.722646
91.870783 41.058719 15.946157
93.750303 77.172058 15.679072
18.573423 87.971324 17.763832
79.881949 27.318841 15.029939
68.002944 8.396445 15.117602
25.342554 76.733020 15.366755
4.475749 60.611416 15.147801
89.503544 82.852102 17.565429
26.497312 13.587834 17.985829
83.833736 32.179497 15.597313
83.320524 68.800493 15.146811
49.738649 38.616804 18.554927
12.929496 31.224439 18.737189
48.907438 92.944067 16.996794
11.530658 23.191134 17.443172
67.405217 48.487788 17.470961
71.324468 53.339444 15.480382
34.438851 43.836160 16.494634
13.174245 56.185778 16.705327
81.514167 97.318279 18.004465
55.875726 26.238864 16.334151
52.236567 54.911496 16.194794
63.467609 67.703782 15.685663
96.576777 19.459883 16.764316
20.050224 56.439624 17.839673
72.241898 88.108459 15.485437
97.500535 11.513789 16.514786
0.803988 69.775020 16.534687
20.003061 96.389763 17.580913
96.015990 29.241124 18.304164
93.796891 61.909089 17.298736
58.498728 85.516342 15.251641
63.708663 80.830862 17.597997
99.610734 97.136115 15.969938
77.023217 42.177114 17.057072
47.397915 92.716647 16.078363
38.693076 57.041822 17.957309
9.860185 39.321743 18.593174
87.539297 68.502705 15.155287
27.781258 30.728187 16.445424
67.524550 6.889296 18.272808
91.681157 62.321882 17.580850
69.137737 14.258056 15.170146
69.235759 79.339372 18.170852
78.671506 0.077643 17.978038
26.187551 38.339643 17.154938
19.268854 90.842394 16.033006
58.054342 47.038634 17.654988
45.464620 31.944599 18.562321
31.960036 94.597143 18.492867
94.717634 14.221518 17.821990
14.197942 83.782475 16.958606
50.243852 56.945811 16.129687
10.444478 49.615905 18.465755
56.806880 83.971837 18.042532
90.225538 35.231123 17.344413
52.512250 8.300954 17.518972
12.152444 73.537817 17.245975
91.863382 76.996937 17.410530
14.369477 81.183375 16.750196
16.939462 90.002180 15.162802
80.529356 42.056668 16.809837
35.728452 52.175310 17.349566
20.513167 36.492988 16.655210
41.158508 1.951673 15.611879
40.432563 86.110960 15.608790
74.473731 91.848108 15.568037
85.838283 69.059682 15.200269
65.748603 39.790624 16.192398
54.363966 64.462921 18.148530
75.792018 26.102062 17.843277
84.971680 63.830785 17.627149
16.676813 86.417429 17.449528
13.125725 92.288464 18.445734
12.453947 70.763380 15.278436
95.479876 45.563558 17.140552
16.700355 90.401513 18.376327
25.457023 26.710800 17.947798
49.329829 41.969383 16.799166
26.470735 33.418692 16.421895
73.543296 28.699600 16.993920
73.882568 91.110451 17.102734
15.263606 73.969609 17.613879
87.358620 98.020461 15.208699
6.481682 7.191360 17.519122
57.397290 31.059549 16.330822
0.327786 63.097067 16.721293
99.145226 82.320785 16.760989
0.882615 12.399168 17.955917
89.808427 81.147589 18.720447
90.436779 36.794639 17.920499
11.698450 62.666571 16.684732
8.851781 50.866655 16.616956
9.405018 30.858120 16.456627
76.526786 39.220660 15.839995
71.617124 98.632892 18.253467
69.672170 4.009947 18.532145
88.894295 75.082871 15.963992
41.481358 96.616129 18.047059
48.513790 69.402328 16.816438
74.410989 83.204366 15.879529
23.603780 45.414606 16.363645
22.434192 86.653805 18.137739
58.866624 47.506394 18.565471
42.273497 45.538894 16.890800
48.786852 43.340525 17.671664
47.004143 61.414940 16.899072
99.213629 49.263887 16.285457
16.356041 9.042235 15.514829
60.128513 48.368082 15.857353
31.272736 6.745546 15.327548
50.239709 37.668888 18.021182
45.668039 44.190961 17.535378
58.944510 22.744784 15.559497
3.200477 39.961439 17.132054
49.832895 83.482610 17.827951
55.224854 42.532709 15.504568
36.590742 87.990335 18.475979
38.449929 86.498259 17.309703
52.512527 15.540312 18.319384
69.363071 46.612872 16.430699
19.891168 86.627586 15.698761
46.272542 20.359756 18.131816
9.188015 22.413662 15.934473
78.880113 88.819915 17.471966
12.502581 88.722272 15.347973
82.987630 17.931319 15.296941
10.600749 32.132429 17.368344
57.188325 91.219885 18.683848
30.686100 95.483837 17.715735
7.425391 65.580159 17.196689
37.544797 90.508700 17.422889
97.677898 75.683045 17.182487
99.204146 80.694478 15.476209
92.930371 26.754259 15.116375
31.725457 75.065627 15.103785
27.756325 89.561063 15.038501
89.572489 32.835912 17.078544
15.441137 56.236962 18.479584
28.306265 34.358065 15.052499
64.722909 3.948602 16.027129
51.079765 31.917741 17.014512
82.190615 72.648721 18.485104
6.738010 94.151193 15.244786
41.023538 40.086677 16.584570
92.318839 46.169943 17.829906
90.629194 15.722305 15.587346
54.851162 26.736459 18.736312
90.953834 50.076568 17.988720
15.013174 49.551611 16.462762
68.043912 55.682958 16.329827
76.417401 40.613082 17.469836
9.139538 6.542339 16.254092
13.078428 1.098640 15.947295
32.959442 14.895893 17.496374
75.642338 56.126920 15.422361
72.477580 80.188816 15.719638
79.188741 44.585412 16.320080
16.919894 14.715708 15.145280
54.554907 39.251322 15.239780
60.157605 69.960767 16.329671
0.365598 63.013212 17.957367
91.065050 41.962828 15.282447
91.740968 28.865684 18.290988
93.481418 90.904695 16.253469
85.489868 51.562541 17.112115
51.973668 76.601454 15.964669
87.508528 20.327892 16.243981
30.202824 26.136924 17.365152
8.902007 51.178828 16.765985
21.874054 94.176779 18.616840
56.430369 86.008967 15.017809
14.865994 32.917375 18.499590
63.528347 82.592538 17.780461
20.782214 74.399347 16.582683
42.100585 77.376011 17.635103
54.664327 16.726337 15.460986
28.724538 30.845964 17.127150
13.573687 89.420409 16.534766
8.503044 68.075825 18.367882
55.646571 54.617862 16.575189
95.644112 86.442073 18.174230
16.676009 34.363010 18.105320
72.903871 26.253288 17.295269
94.452098 24.560326 17.185032
50.448550 28.498283 16.478657
4.582023 74.214931 17.980999
36.298840 52.644594 17.731144
99.587096 83.658230 16.895200
46.393234 76.863698 18.185862
80.916097 81.001526 17.902872
33.532128 16.859191 16.790958
71.029383 90.023589 15.337518
7.727648 14.866931 15.320141
58.685446 4.761487 16.919610
57.394559 7.305931 17.679296
95.379643 90.796150 15.769465
22.796494 20.789637 15.840501
80.681813 22.666192 16.946356
34.734741 20.821717 18.280824
93.244894 51.819927 17.152620
63.389394 98.658642 15.351698
3.214682 5.931138 15.597712
91.694498 8.437868 16.334164
25.604356 7.814128 15.014386
85.241570 13.670788 15.699363
46.334493 2.647240 17.730046
50.913993 68.603631 18.142700
99.394866 63.754613 16.222962
80.021972 71.184701 17.271929
77.746047 44.007876 16.218739
39.798525 0.808050 15.857346
57.627579 4.618603 15.948719
82.493257 82.409472 15.033852
2.165344 34.017585 17.525496
26.649972 59.401795 16.597595
64.939608 33.737525 16.625251
75.810598 39.705858 18.072987
36.871246 95.548991 15.441266
60.016289 76.569732 15.612758
41.308961 34.407345 17.554347
27.561654 64.437650 17.603507
51.062937 16.362661 15.491254
7.570216 51.013698 18.617398
49.708385 68.768161 17.808113
82.937695 97.583095 18.068344
79.649502 19.585432 16.423031
4.522420 52.499623 15.605979
29.208613 4.944117 15.294796
7.714316 79.520707 16.298862
6.591342 63.585983 18.159486
20.471900 16.672113 16.763267
13.023591 28.093952 15.232588
61.536293 22.087306 17.307947
11.653426 96.536922 17.363685
25.406805 24.831535 15.151349
90.859738 64.324108 16.662201
45.098826 58.256833 18.528461