75.151472 97.146811 17.832858
31.483199 30.841879 15.343400
8.166539 94.624756 18.240291
9.463213 29.543359 17.349792
50.896589 44.134158 18.062389
89.431891 17.946907 16.024075
73.575250 13.998836 18.353086
50.629686 98.656768 17.615938
67.598334 84.828456 15.938389
75.157437 68.056026 15.086279
80.296915 6.831801 15.649441
48.439122 82.296034 18.439129
4.845305 41.054612 15.279168
67.505124 63.864552 17.064726
67.263748 11.615394 15.763745
85.031334 8.149529 15.711078
45.630926 75.805479 15.136163
34.977793 74.897746 16.166500
33.035387 86.137004 16.812949
21.339070 65.308089 15.145126
64.113510 58.736527 18.749500
23.725254 55.251082 17.334078
9.406828 78.859314 17.702573
67.101961 19.105693 16.958596
55.750325 68.438545 16.535986
81.543029 96.976082 15.251675
6.270027 61.050887 16.854774
78.773359 29.485448 17.903274
36.859975 97.376447 15.718122
26.949803 67.658166 17.557622
81.964286 91.126662 15.999132
57.178380 10.021950 15.896045
53.628452 47.585892 17.127518
66.133609 66.253721 17.313531
18.511618 40.451964 16.064928
51.702512 76.970522 16.333502
95.143651 12.222914 16.733148
12.897619 50.969073 16.749838
23.876174 12.822191 17.590608
24.464119 71.076283 18.308473
46.792445 34.221064 16.361789
73.588549 6.510707 17.836233
64.340589 96.250527 15.590806
64.653420 50.709538 18.724995
13.205301 21.642223 18.353128
15.362965 33.355116 15.022408
9.463389 81.123195 15.750661
23.828413 89.062510 16.834132
11.859759 11.505099 18.462402
7.157935 43.562203 16.084119
45.676393 52.545556 16.620781
16.558193 21.368345 15.823797
58.243997 46.536290 16.859443
42.022277 3.598886 17.666059
32.332211 28.520366 15.700784
41.468744 24.542172 17.983196
12.876886 14.517878 15.587369
0.903741 12.901901 15.848955
24.877168 74.620881 18.087941
81.160929 34.343008 17.271287
35.982971 61.221157 15.501735
86.914831 91.869522 16.636135
62.735772 3.053069 15.150169
77.620031 96.116642 16.614216
4.474645 29.983449 15.528965
25.067574 4.552569 18.194677
33.334055 48.104160 16.087806
81.017878 76.290506 18.722083
33.374769 17.362266 15.581934
66.636333 68.648760 17.609469
16.622542 72.737316 16.643638
37.020913 95.620951 15.783723
28.940208 49.976809 17.290642
40.634623 21.070489 17.587357
7.307511 72.389619 17.944765
63.656449 63.976327 18.661557
96.757576 45.471979 17.325731
25.375244 10.547843 17.633706
95.930897 5.599247 17.422432
28.314224 65.093020 17.842473
41.006535 53.387684 15.181299
27.139278 64.950589 18.056200
56.433254 37.920433 17.421205
75.337913 79.053109 18.484983
37.010951 50.774117 16.958048
8.698779 82.945559 15.467325
62.797558 51.540750 16.259142
49.663433 27.150862 15.110726
81.069916 19.728617 17.767607
35.778911 82.083407 18.233877
33.036702 39.599447 16.383511
53.012510 53.953026 17.798886
10.415132 30.979497 16.463092
44.776199 86.337212 15.325657
85.133689 94.681750 17.765911
57.985801 26.654611 16.126488
77.752808 70.192287 16.234950
17.944038 59.578547 15.641355
12.367535 23.698962 17.831653
73.834616 12.804094 16.870015
31.061234 70.020597 17.531691
88.000299 42.420413 16.481450
11.168637 16.881448 18.449760
20.060601 82.486533 16.437651
33.716792 0.037209 15.968752
36.675075 72.337967 16.735745
97.839373 83.918127 17.880304
34.223498 10.983901 16.175246
89.729477 3.069159 16.241468
37.320798 23.683869 16.903739
98.566759 33.903199 18.342463
74.904272 72.823534 16.920538
26.564570 53.656906 15.756244
68.551190 29.648072 16.462393
7.438903 42.711404 16.305409
38.860318 5.852849 18.457746
91.567191 24.003277 15.007042
46.320196 15.393538 17.446743
12.688690 89.576219 16.268996
75.205975 64.357699 16.716111
52.247954 33.905340 15.046960
51.363032 76.167296 15.257395
76.437763 43.833031 15.910646
26.845187 69.682754 15.646461
98.027028 36.224885 17.906844
7.172732 31.629876 18.182179
45.667850 53.440626 16.948115
28.202707 76.835218 18.225735
50.343195 43.251870 15.464844
22.988261 32.947703 18.696990
12.543871 33.131105 16.874000
31.713113 27.898621 17.161404
96.660958 87.873397 17.349154
43.409189 31.155506 18.566944
17.623390 31.592358 16.059234
80.888830 36.475824 17.116355
37.898872 76.095102 15.642285
57.134425 56.166258 16.842945
42.775248 34.626323 15.851421
90.044741 33.662307 16.844999
21.115071 15.491036 15.512277
70.813908 62.154904 15.194914
3.995384 68.393377 17.063606
34.288518 3.686129 16.710169
41.185941 91.313057 15.103911
60.132880 89.567053 17.152021
64.412010 37.201198 16.511456
88.858149 99.312322 18.290660
56.514872 73.692240 18.426018
77.643316 85.341467 18.437473
87.952461 9.939506 15.294405
80.616033 17.554489 18.110706
40.193245 10.295973 17.946698
42.022121 15.692766 17.176583
48.012828 17.250913 16.408570
37.058954 74.540517 18.640718
14.973040 66.315820 17.367854
69.327077 15.946366 15.768507
18.113114 40.298694 17.283122
24.098992 5.019095 16.452626
83.809723 14.541892 15.229830
0.816835 58.174133 17.417750
90.195288 10.992189 18.098103
78.802843 23.426278 17.138441
71.944438 18.221721 16.286868
68.282070 93.183574 16.846874
21.886937 29.292514 15.207120
44.494807 75.951565 15.155541
56.595244 73.664684 17.479577
87.441860 78.998217 17.076999
90.354697 46.872591 17.305815
96.773057 36.463784 17.941072
26.928893 91.332806 15.361570
28.720050 60.057635 16.982931
93.132596 51.918342 16.895323
2.353097 76.047378 15.407210
14.762058 78.826528 15.668994
50.767977 88.684577 15.425977
56.609567 36.491055 16.164881
87.779765 41.826388 17.803187
31.061669 91.456457 16.113848
16.932912 19.840288 17.400598
80.705427 38.214081 17.733538
43.016517 65.162322 15.104935
90.980213 90.341981 18.461593
94.850352 39.847966 18.540349
88.096374 94.851423 15.604772
33.475997 3.836941 16.868923
35.759373 41.846237 17.577005
92.151792 42.649506 18.003752
21.330155 18.783243 16.567126
91.196595 60.647599 17.737943
1.746624 76.621553 17.835990
14.968107 10.518098 15.320448
56.879137 67.146606 16.441159
87.191657 44.578631 16.592530
94.340061 60.191000 18.317290
15.303767 74.607940 15.343071
24.252319 58.384822 17.226203
73.935664 82.248369 17.405666
33.729964 55.923308 17.538068
73.326860 61.696103 15.734039
84.461620 79.835759 18.062626
14.845172 0.207686 15.782336
35.234044 9.571999 16.404970
17.176972 4.183589 17.168862
7.701256 43.874621 17.850501
9.732688 51.099366 18.714220
15.996702 8.635997 15.355585
73.876998 99.933007 15.091663
39.548278 63.900539 15.848998
92.636572 86.011160 15.377030
50.576470 84.608940 17.045847
8.352848 12.928039 17.640602
71.840847 44.859578 17.771321
82.113991 96.809280 18.416894
89.224253 71.713970 15.686384
47.122410 55.284562 18.022705
72.255355 85.152222 15.585294
62.867550 85.677975 15.425466
17.817125 17.192940 16.146546
57.400783 66.160455 16.262631
1.423178 4.856180 15.266641
75.156630 38.563126 16.355503
61.975263 52.820189 18.313095
39.060932 79.896153 15.665625
29.681159 56.992883 16.295821
30.912423 1.941880 17.805731
10.105494 65.535861 18.177782
0.432956 15.311461 15.192535
57.713652 88.795222 16.975000
27.098721 19.039051 17.815627
39.464946 25.513507 17.850292
83.678407 98.837073 15.738417
84.044691 73.101457 17.854647
99.001445 55.119803 15.066379
19.289555 22.239773 15.859093
64.723191 99.327231 15.905730
19.881642 55.442879 17.692135
98.722698 23.192053 16.119539
1.383207 3.340140 16.262105
4.588532 36.806271 15.758565
11.770693 45.311064 15.068002
20.914427 75.984357 15.719241
59.798790 18.059175 16.213273
93.204575 48.135951 17.512368
82.188216 10.089104 18.740118
10.170793 84.744034 18.439752
29.394857 45.945525 17.070403
82.482427 2.532143 16.361680
6.427636 73.211530 15.816360
82.972934 30.257950 16.732099
38.347199 59.197229 15.038824
90.137346 56.654333 18.119119
20.450959 78.658758 16.400698
89.549192 18.276875 18.025012
46.178273 65.502018 18.417667
40.162613 52.344008 15.162015
2.781229 87.927319 15.181613
62.507976 96.040041 16.010602
10.860052 72.783550 15.362034
48.316160 70.569067 16.546655
69.270358 24.551653 15.939531
49.708787 76.813010 16.745795
20.561616 38.246970 16.019067
77.754177 66.451186 18.283223
78.367284 49.803002 16.147976
27.485144 69.228235 17.921932
41.062840 86.993904 17.874109
63.437165 43.313687 16.444760
97.821213 91.629377 17.827928
11.795447 43.714056 16.690149
8.609458 32.145959 15.075857
8.258078 88.196020 18.281637
76.820262 59.626858 18.505259
61.081974 69.292627 17.161659
26.047787 62.347252 18.697372
87.580953 98.173199 16.776958
60.620792 38.096346 16.245730
48.069475 13.561965 17.144181
74.392034 29.152316 15.833833
5.197061 93.845916 16.871570
9.945921 64.742527 18.579994
34.652206 94.017670 16.984362
39.908740 77.684326 15.670683
74.753124 31.911394 18.641592
64.237877 89.249394 18.051674
42.002314 75.848137 15.668129
1.964866 86.436895 15.852898
45.814905 23.660708 18.527461
43.294161 34.689841 16.926122
69.716549 29.383759 16.139855
36.436898 19.407467 15.148517
72.861289 88.489154 16.123292
5.152290 77.385212 17.531986
33.705817 16.621078 18.432411
18.482698 77.151470 16.728244
49.104696 53.066227 15.802334
34.043326 20.288551 16.467024
14.004570 10.300535 16.866490