31.034426 38.484760 16.859427
61.507712 46.387332 18.249326
83.930603 48.864404 16.436440
55.400128 41.296251 16.704448
60.114639 52.453652 16.285848
83.875893 76.737264 17.307662
17.018323 21.018497 15.935498
3.233225 84.607231 15.816720
48.736051 19.273370 16.523831
13.597265 51.898634 16.138914
25.661775 55.012302 18.136011
93.309218 76.761732 17.193997
57.174122 8.471794 17.685485
80.555227 95.786127 15.500368
94.455544 85.558457 16.994504
95.776920 75.148572 18.375765
87.927456 63.830273 17.250157
50.114279 68.742272 17.033780
35.882470 45.706362 15.744244
58.822033 70.641480 15.816448
49.547930 0.463432 16.373231
69.814046 57.381888 17.925827
37.125010 93.466856 15.634739
36.350704 67.663969 16.303296
22.513374 65.367626 15.978506
72.357761 58.716127 15.393060
80.006327 21.029135 15.267439
49.466527 27.369332 16.332758
26.658245 64.072261 16.764005
76.114963 23.887906 16.105427
43.956998 50.920670 18.055898
99.815659 41.532702 16.672869
9.246156 85.847010 17.598079
78.768650 61.244114 18.128333
86.849649 73.631925 15.558908
92.288406 68.961502 15.247878
64.475294 52.278945 15.263778
65.606969 16.054855 17.164372
36.654495 33.036643 15.776130
79.799982 41.893924 16.284808
40.567682 51.447777 16.183170
24.182284 71.685567 15.025565
84.790903 4.552025 15.041425
38.134636 89.558024 16.861455
50.294335 88.654543 17.835314
31.210248 5.490072 18.228613
84.326510 57.529220 17.723955
41.470965 20.645098 16.168985
59.359471 57.149028 18.570444
29.223865 98.563144 17.081986
30.876287 51.607167 17.624644
49.090399 99.374464 16.498603
52.968420 42.676739 16.763691
14.303502 3.737177 15.310231
81.500440 47.803451 17.095919
2.101417 94.882995 16.036779
68.918326 44.237508 18.091962
49.906853 4.669591 15.617484
65.759422 15.510593 17.040426
28.187603 46.672903 15.096692
29.488897 12.168869 16.148261
31.233005 79.382756 16.847219
84.014436 71.721592 18.221979
84.620581 61.278463 15.785463
49.120141 44.336613 17.752802
22.777986 57.785834 15.230169
57.469983 23.304436 16.130132
79.667635 55.143081 16.788797
26.545963 50.053566 18.215688
54.260507 59.844620 18.300129
92.130134 39.499552 17.242660
94.433099 27.291044 16.015528
92.059312 20.013620 18.545203
43.594626 96.212985 15.891601
15.487441 88.599901 15.158709
85.278825 44.528280 16.619956
93.314323 78.640873 18.007204
84.656452 96.616182 15.398532
18.229538 64.875174 16.416838
38.551406 67.776139 15.465548
88.974948 64.768322 16.053475
15.696602 33.716668 16.673608
82.197034 30.406106 15.505607
55.476148 65.984941 16.067907
53.429370 46.777593 18.557748
31.736098 15.940127 16.084975
52.826660 74.323776 18.138015
73.453191 85.440142 15.281788
39.836931 10.729345 17.799353
66.075117 33.534748 16.889110
61.672779 30.616985 17.424080
94.428497 98.142417 17.681731
93.144460 8.124082 15.622499
94.295574 24.476283 17.407671
67.599567 32.732960 17.083805
87.302489 6.877120 15.404486
44.177909 85.996440 17.872508
11.274085 53.647658 16.899136
29.978026 24.849585 17.553095
19.051312 44.255552 18.399324
37.126482 57.860055 17.788721
49.928311 25.901613 16.615297
56.289606 45.906024 16.888764
69.038389 38.548382 16.653529
86.181987 94.009275 15.543408
5.177977 27.395331 17.178734
90.845519 16.951012 16.929823
73.015012 36.371845 15.199550
48.468093 28.636871 18.271055
31.344083 76.241242 16.493051
48.627902 19.806874 17.283866
98.189095 15.895560 16.694683
54.011087 55.217627 16.291454
28.766059 79.306748 16.596744
51.138213 67.509468 18.703640
79.680653 5.310694 15.251180
71.219620 93.657300 17.662419
30.403649 95.554487 17.761117
80.098338 36.205165 15.225740
76.945940 58.702152 18.744321
41.722298 10.382607 18.539816
50.247873 60.132312 16.269620
90.586060 98.666867 16.245106
54.427391 4.464705 18.095251
89.106115 70.293681 18.480228
25.820492 26.842293 15.294728
4.851326 31.325476 17.365114
30.367862 42.723094 18.126887
3.608917 43.084581 18.463376
32.747577 64.325459 15.066130
73.852036 72.126525 17.858244
37.620333 72.914830 16.841386
34.982924 71.837084 16.391216
75.782074 88.427019 17.033459
5.908247 16.538552 15.458419
57.998385 40.378937 17.650094
50.683419 24.531592 15.661124
22.344702 42.959656 17.966626
44.267112 96.823521 15.188875
71.013974 95.582909 15.910940
24.055287 98.530846 16.329710
65.868912 76.849075 16.806170
25.802398 81.313922 18.744886
43.267515 85.483354 16.052126
51.504388 26.581994 17.184641
45.552489 86.577306 18.731949
82.989328 92.246294 17.612410
74.329718 14.495166 16.500193
62.457603 71.467992 16.789803
8.458487 91.274009 17.866170
74.281771 29.234933 18.711323
50.726122 89.403005 17.078268
81.877390 40.504095 17.363359
21.631196 41.772788 18.614085
32.800147 74.878757 18.471588
18.614279 61.213205 18.124250
33.102341 35.539562 16.323218
87.161838 10.009134 18.727229
57.640660 50.686243 15.720058
12.304107 45.826940 16.434833
8.476287 83.225722 15.891724
32.482750 46.241003 17.443478
3.173274 55.223907 18.695467
9.543276 40.951130 17.577187
80.577172 27.321206 15.562735
72.194008 51.415341 15.330043
11.252746 85.955842 18.645082
57.762036 52.654068 18.309859
18.151500 31.736605 18.452469
23.302272 90.558545 17.419019
82.888214 7.569825 16.517095
58.502543 39.080759 16.424293
40.682996 23.985192 16.796490
86.303076 51.817754 15.705131
90.961646 0.346394 15.693702
37.221156 96.062074 16.628418
85.278822 26.915140 16.506556
42.935553 75.780545 15.420497
25.254455 27.728345 17.075422
18.001708 84.049765 17.789034
16.660836 23.723196 17.926263
78.685769 41.455234 16.965283
53.045571 83.752612 16.599690
36.788065 72.427667 18.190834
27.311338 37.385706 16.684800
54.216011 48.764228 16.390866
61.859069 48.739458 16.729846
75.941746 28.966524 18.199935
80.155333 57.821457 15.738133
57.005838 11.298241 16.018151
91.607316 33.957791 15.801406
71.881417 63.615543 15.181326
74.257285 35.930596 15.028323
18.225769 20.509561 17.572068
73.758031 55.135656 15.343348
45.568754 28.297793 17.828424
49.545014 25.928870 16.531817
93.111216 29.754461 16.140082
84.940173 45.453757 16.784644
22.877000 70.633999 15.695696
19.585938 46.383441 15.413023
39.865795 23.810245 18.175745
70.789567 89.435054 15.575434
57.275069 23.107588 17.636661
84.908425 9.033335 18.558506
32.183442 57.145838 15.796769
92.130648 49.603872 16.587275
37.572345 15.360969 16.422721
71.924562 54.507939 18.153645
33.653921 43.254399 16.126423
99.962135 23.755721 16.544102
44.009518 89.335460 15.994031
94.219067 3.474202 15.621771
46.116090 51.412301 15.189595
43.014984 56.257134 17.737417
15.972149 5.851106 17.205777
52.821044 24.397094 17.901897
82.465849 41.113531 17.269712
98.426081 64.428773 16.002236
78.082563 0.187784 16.060575
3.172108 19.174229 17.483557
65.141848 67.265167 17.432055
94.964901 86.625887 16.513072
59.766960 56.282216 17.168223
86.423776 32.413147 16.483194
85.693349 49.900262 18.549922
15.629057 70.825577 16.084729
6.556518 26.709740 15.813671
39.300110 57.457072 16.633724
77.165518 6.210625 17.207524
56.880668 12.267134 16.828262
37.537062 40.150330 16.325163
74.192493 31.503091 15.236338
51.957901 93.948826 16.897059
51.452335 2.610809 18.402651
41.016009 59.363325 17.670972
81.569459 12.488339 17.441092
6.328643 43.064676 17.650521
97.486145 41.514524 15.103286
20.645935 8.754315 18.021337
17.391715 37.684916 18.174877
29.852352 74.540268 17.910892
38.354383 61.205318 17.898997
8.522951 78.830823 18.564449
28.773296 45.718184 15.033224
36.696234 68.193630 18.265641
48.963605 6.609351 17.809984
14.479624 85.264675 18.530455
35.272275 67.776621 15.380497
69.228560 96.584028 17.348050
31.191818 46.604408 15.385793
81.965345 16.693768 17.235339
89.384087 27.032497 18.642479
85.800429 55.157597 17.379180
42.831179 79.672293 16.684085
55.433915 64.203230 15.786694
87.157526 45.408820 18.270628
21.691988 87.191825 16.452677
36.598203 16.276780 17.177466
40.710867 21.383395 15.171296
10.609686 40.622148 15.077497
7.385289 48.862575 15.758257
48.564779 78.826324 15.298941
61.177577 72.117443 17.201879
20.880843 66.405268 17.342013
34.441253 18.279900 16.175577
57.310811 35.415408 15.024823
39.359441 86.923450 15.113646
10.292214 83.948554 17.311686
90.671616 46.083229 15.671488
16.724843 22.074811 17.322801
99.412221 67.359367 16.763913
89.187247 22.382440 18.426430
21.384583 52.153100 15.282249
10.970194 53.751009 17.354860
92.971108 13.561922 17.208560
10.498180 98.618639 15.251680
97.152722 14.064620 17.408579
13.009696 85.181144 15.071787
68.131076 51.115096 17.621340
45.939043 43.277314 15.244758
60.354275 59.222503 15.763044
83.632479 68.819018 17.253775
72.160051 51.467657 16.412148
51.056832 22.535251 16.092918
10.029220 51.106085 16.332259
64.534872 25.505052 17.316766
43.057591 36.915804 18.373477
21.301923 50.643790 18.215813
18.921059 96.132455 16.742116
72.113214 43.319163 16.584776
4.992283 60.906324 17.087694
85.171259 52.363772 16.279856
34.200696 72.973729 18.623922
19.347028 32.679305 15.222206
9.922953 60.207654 15.761200
91.722879 76.142530 16.593633
84.661460 15.546253 18.708448
99.093955 6.059952 18.114896
10.674432 49.528811 15.470386