15.228579 51.067687 15.201757
93.425951 54.843744 18.510014
90.131195 48.357096 18.170393
29.792385 27.264197 18.508928
57.196554 64.903209 18.080845
2.619770 98.144369 15.303966
91.683013 27.568421 17.436590
36.634926 89.189183 17.592819
25.070552 19.652189 16.549698
0.542886 76.888180 17.396288
38.984848 17.679500 18.614290
28.806143 95.465781 16.540719
59.740421 60.091703 18.616488
17.021606 61.480488 16.735470
1.217270 5.240199 15.545053
28.869975 0.703414 16.445028
72.249733 31.106233 17.954381
62.514421 33.926056 16.289429
84.365636 10.894327 15.494938
89.112065 91.410990 18.056999
98.057965 92.483525 18.353404
52.945501 81.819437 16.518963
8.101951 71.067233 17.803856
57.311403 68.548818 18.124238
6.192221 11.147208 17.659043
10.262675 17.955279 17.039986
39.979736 66.735257 18.261668
95.861193 28.530495 15.257355
32.765041 56.428418 17.079416
59.655996 81.884326 16.100639
98.116388 12.950785 16.152716
6.188388 80.116478 17.720177
34.255472 85.138847 15.813381
27.301941 16.372571 17.303579
38.338148 39.607825 15.035879
8.987901 58.235329 16.750444
55.020754 16.592615 16.579272
99.861538 13.314451 18.014086
40.666354 85.308973 18.572436
84.275006 40.666839 18.597815
84.165009 54.526806 17.803251
93.192711 86.811184 15.215653
67.680503 94.055879 16.185060
14.451083 7.588933 15.954458
44.440575 75.381990 15.078696
69.575540 39.909807 16.720860
90.462414 70.992009 17.015745
38.145651 3.384584 17.571037
64.537929 12.670789 15.322499
4.624702 78.111812 18.696597
9.031567 19.637189 16.278442
78.282233 2.733504 18.367555
11.549507 9.496697 16.589420
95.957163 59.643621 15.281496
45.339524 32.561123 17.942444
20.971514 84.317214 16.457325
77.388770 53.969897 15.116658
95.917935 10.757780 17.043942
66.670988 68.282438 18.313601
80.133555 94.767512 18.636307
25.488570 13.484324 17.079868
60.926637 75.420345 18.311502
32.934953 2.526922 18.081381
47.144767 7.476816 15.277709
69.746165 62.569250 18.692198
48.490375 63.638082 16.387247
1.485566 23.317467 16.236154
26.233596 24.976876 17.881477
74.471150 2.856844 15.653347
22.899177 91.525015 17.370255
44.616791 4.562727 17.226624
14.274385 3.320506 17.130619
10.853388 98.504892 16.519465
61.733963 71.220488 15.579282
54.818257 72.172927 17.433528
73.908062 80.427262 16.551933
55.474503 14.734310 16.230040
57.678204 69.693095 16.803528
9.881363 67.865253 15.769149
71.191151 14.324348 16.363008
93.143132 70.119992 16.688292
14.225890 75.873139 18.594544
42.985271 25.623030 18.381654
41.857724 72.785661 15.075043
64.999571 46.883361 16.949548
96.653615 9.715035 15.978417
69.433879 83.994981 15.093813
85.692747 71.332554 15.125054
55.173040 58.165929 15.904243
28.567993 39.378784 15.669616
4.176045 28.110869 18.147852
90.907845 77.271006 16.739332
26.469157 53.920458 17.044297
55.338712 42.006581 16.200628
75.623769 94.176736 15.089530
85.540022 95.058221 18.478480
40.473129 85.123243 15.482435
80.493249 59.024813 15.156370
18.320887 92.813110 18.517897
21.569247 74.879050 15.401999
0.047718 99.595785 17.837564
26.983783 33.117345 15.991076
33.249439 12.588928 15.672096
67.164694 23.793804 16.465812
99.243706 32.837866 15.169784
47.534215 67.849500 17.933800
39.577633 61.358940 17.670985
4.561829 36.013466 16.863606
58.421401 23.417800 18.133879
44.495314 81.319374 18.229889
3.663965 64.786211 17.426985
82.260154 43.717872 17.893748
7.451257 91.029960 15.743001
30.343884 53.720378 16.987627
93.926205 82.708457 16.803103
5.454404 32.111446 18.568075
78.839716 34.192365 18.396937
24.061686 90.956101 17.515405
92.055145 55.504999 15.336144
23.432030 88.558649 16.693653
7.865949 99.125086 17.363538
55.461746 20.384209 16.429997
13.324741 81.720104 17.834517
53.374087 53.263624 17.527505
65.339430 6.698060 17.095815
8.578065 17.501890 15.270195
32.210736 90.550837 17.603336
39.194861 96.271137 17.462054
33.043124 71.288273 15.868337
73.482247 77.733681 15.996065
78.842735 25.386136 15.722113
51.505336 86.766470 16.237705
63.777202 15.146876 18.230497
74.410390 73.290552 16.563924
95.968826 98.164731 15.768544
65.488217 20.509453 17.997962
94.290601 29.860862 18.360839
74.833891 33.382834 16.797203
85.887479 12.876223 17.348718
22.405150 88.416253 18.672157
17.548571 75.493963 17.443384
1.465180 65.803194 16.769153
67.449956 43.705630 15.830759
88.284736 63.197341 15.632341
8.954678 1.719876 15.151884
92.835286 28.442091 18.404991
83.560830 28.518726 18.232870
4.563553 24.545932 18.541693
12.898505 37.433129 18.211228
73.620100 85.961945 15.117755
18.780881 47.607934 18.251367
65.419150 58.597988 15.295099
81.900629 79.101487 17.138103
35.630027 42.880447 18.544338
17.199839 38.273733 18.422072
17.834463 9.525877 18.219979
17.998195 30.832945 15.042107
21.598373 49.883050 18.749947
75.358571 70.362212 17.744902
50.366566 96.516105 17.026998
11.636578 58.964768 16.283778
0.023582 80.747210 17.080484
92.811127 56.888008 17.709319
27.546067 98.542033 17.678225
74.174707 55.872545 15.444811
82.978780 26.171262 16.857040
70.876719 36.388871 17.335493
92.865996 59.700168 15.407631
78.336521 48.507197 17.043568
10.376126 29.258419 15.622411
15.007883 38.600553 17.938140
68.926370 86.962840 16.595899
48.768109 29.151677 17.777166
14.996168 22.032839 16.321793
32.059037 63.818201 17.176062
2.547073 5.145407 15.771811
76.649237 72.288956 15.549328
81.531987 62.575366 17.598276
15.733322 72.916283 16.711959
79.541381 97.874455 17.989608
62.690166 64.781400 15.803287
21.744953 26.993280 16.787294
95.410239 83.766108 18.699611
61.123703 50.578399 16.388036
8.912310 88.850237 18.470017
53.889349 71.487060 15.047443
19.157127 27.629166 17.709968
27.281854 34.307110 18.199614
36.296251 89.407945 18.529348
59.963063 7.254316 18.088497
96.684548 52.505217 15.120816
94.416221 30.441403 16.548257
25.399868 55.567917 18.321024
50.903224 67.758775 16.146368
27.455934 69.983182 17.943865
24.352750 5.472167 16.159483
28.672926 44.032273 15.867713
39.688213 80.791782 16.852955
56.875240 59.726031 16.873814
11.689441 42.471817 15.212973
26.387557 83.337470 18.445641
12.724933 96.865131 16.028862
78.688157 69.193109 15.026580
93.048520 26.005849 16.541840
87.115435 9.885185 15.902660
83.323919 92.882221 15.801598
90.209796 27.409073 17.472840
18.407814 55.651898 16.571786
84.239179 95.987157 15.205710
44.437141 72.265418 16.213753
13.543040 12.675464 16.621774
69.585129 18.452288 16.939320
91.625672 68.682662 17.258870
13.380015 57.131256 17.086442
51.453287 64.813563 15.208367
1.336066 71.828711 16.656384
34.364482 26.642063 18.130056
91.248496 99.752128 16.410208
35.637526 15.826601 16.171560
87.131126 42.380866 17.453650
88.038237 78.666096 16.390699
38.314783 61.535124 15.638359
69.278987 87.116449 17.739542
97.014524 63.212083 16.825909
91.341731 78.940516 17.279757
40.356245 85.514987 18.249187
46.269182 15.455789 17.077835
5.623843 95.968222 17.173061
18.409447 47.886747 15.974688
69.464140 29.394280 16.361055
85.595367 32.076377 15.860601
82.864117 35.184109 15.151065
71.982673 51.272947 18.494739
53.104298 91.633387 17.697199
9.772926 92.339398 15.383719
52.522911 19.283810 18.021711
55.530348 50.116042 18.289393
77.986201 95.794375 18.435875
41.168556 64.180843 15.974662
68.276632 22.985161 17.885134
21.856530 16.420908 16.815933
1.372378 98.947077 18.392977
59.419977 73.934900 16.729421
61.456310 90.519946 18.163978
52.939357 58.993262 17.959336
38.781945 71.844731 17.855696
97.627580 6.682468 18.462631
9.264390 16.179339 16.155177
72.662457 69.761391 15.432522
46.941441 60.722121 17.891580
62.060519 17.857771 16.004683
91.903226 57.707521 16.951958
59.532287 63.349542 16.016732
60.824455 79.947951 15.671118
40.586564 76.557442 17.702506
25.422977 1.608371 15.668290
79.866567 89.820154 16.121978
61.234905 71.398408 17.227920
49.208546 77.470391 17.522396
87.307120 69.298965 16.240675
57.600961 95.814733 17.662336
78.416971 6.489220 18.143054
3.382558 29.944128 16.509065
31.205497 25.638281 17.203794
76.915774 22.704763 16.328959
93.657804 16.525414 18.325161
13.603217 28.718140 18.540892
89.801882 41.234853 15.524128
49.641451 49.730510 17.424960
13.189702 18.916744 15.804540
93.849034 18.159041 17.668841
5.336254 19.280986 15.446302
47.296038 40.132923 15.326098
51.210585 78.785144 17.287001
6.132034 65.029114 16.724614
90.265363 58.834985 16.989981
68.714184 41.863754 16.701589
80.347422 6.996445 18.110191
11.510544 51.835453 18.409509
58.332579 4.020704 16.834885
21.436056 1.943966 17.818084
2.546122 4.784818 17.751322
95.001851 65.471089 17.294586
18.530832 85.884288 16.072138
79.334614 7.856666 15.775104
72.766536 11.415300 18.260340
44.683450 66.902656 16.855648
60.466653 62.912761 15.415628
90.408964 41.518632 17.143912
17.409371 48.028296 16.598024
78.172240 77.284179 17.472671
21.226048 59.014675 16.153538
91.194306 18.952530 18.141827
71.194386 15.853837 17.994110
10.164199 54.186316 18.021994
71.329113 79.099939 15.214138
9.318991 20.800437 17.610271
79.376817 99.288250 15.503280
96.581772 95.684539 15.275853
26.263098 98.091402 16.390737