16.395752 23.946189 16.656069
17.296714 44.032765 17.338568
91.036968 35.192834 16.724725
22.431453 58.276617 15.488852
58.495299 18.824063 18.556048
42.285166 72.804932 16.323763
79.407556 58.718840 15.483674
8.730245 45.132836 16.896361
8.865357 78.763738 16.889966
28.400768 41.292510 15.287335
64.822190 17.491702 18.630905
66.013705 29.985225 17.753544
94.120059 16.771925 16.852640
38.434588 78.839372 15.195281
30.403478 1.938294 15.616530
30.533932 92.572873 16.406775
71.091018 57.476000 16.550313
89.123196 14.321288 17.953894
76.242671 39.146020 17.191472
5.654662 97.029327 17.272040
81.522643 11.007829 16.706017
70.819624 0.207805 15.030892
76.825641 11.582075 18.397684
3.072389 94.076410 16.434107
94.469763 64.979163 17.164384
81.258135 35.160594 18.505801
79.586440 14.947505 15.714359
68.658772 45.187494 15.389829
0.823208 80.783025 17.664463
4.239137 64.508794 16.200546
39.157901 71.936351 17.477924
14.747230 92.681509 17.188828
48.473731 99.940260 18.052028
70.750161 62.553228 17.782258
88.959176 22.593102 15.732462
88.655195 27.411296 18.488103
12.290848 21.167990 17.879570
87.902015 47.535586 15.825277
86.837624 35.588836 16.326932
73.304573 36.708222 17.726471
75.089255 23.345167 15.959964
81.212408 27.858375 15.491863
66.192044 71.054778 15.259792
16.775694 33.063189 16.182233
35.447604 84.677074 17.527014
6.203025 7.456282 17.438540
82.824170 17.956752 18.517330
55.084656 76.138917 16.828563
68.696927 24.231491 15.146236
3.283129 66.263766 17.258341
71.139575 22.755567 15.845986
13.262775 34.836010 17.420072
86.225906 5.959777 16.794952
63.538424 83.081243 16.170336
98.171356 12.191195 16.482832
6.830586 19.377204 15.786226
2.966702 72.174134 17.772530
41.320948 1.518072 17.521323
70.438738 70.379417 17.958844
55.241842 8.906722 15.159039
98.778263 61.854822 17.576271
64.114242 12.560851 17.514389
39.711888 99.721945 17.456421
20.476639 27.071867 16.048663
71.308575 36.092822 17.743039
97.533783 13.315921 18.317705
64.220545 61.216284 18.122179
51.818626 85.688758 15.201005
60.736940 25.282571 17.833568
6.193013 33.536039 18.028699
90.345726 14.779124 17.457065
28.457561 17.019128 18.347736
86.324761 50.822876 17.460067
77.580203 20.275019 18.377047
7.753082 7.719775 17.115934
67.711959 50.943734 17.849205
60.598553 12.795303 18.561426
40.517364 0.661363 18.072037
24.793819 1.524236 17.263163
94.269340 78.396276 17.529442
69.847519 6.148903 17.822566
57.058435 51.984146 16.978769
49.583543 92.528209 15.609286
12.671765 56.674575 16.479087
85.442331 81.357913 16.482413
75.102655 67.685690 16.561139
87.987260 94.845740 17.029269
35.089197 52.967682 16.750105
43.514445 89.731283 15.395436
6.616628 46.998984 18.662222
87.509253 9.630312 17.271642
3.567067 6.710920 16.440994
47.675644 36.457666 15.011146
46.292352 18.200634 17.364575
88.396138 46.529897 16.528095
87.978346 98.827973 16.438205
75.225982 41.358222 15.231348
30.059655 87.073376 16.714941
47.427008 80.733085 18.241441
70.523628 77.652587 18.170668
83.060775 68.341000 15.318853
20.033406 97.555144 17.757505
14.217974 58.522868 16.670384
16.173880 30.159925 15.406216
65.851035 27.077111 16.966518
32.101009 70.880811 17.069683
28.460625 31.845599 17.682935
55.075982 10.129954 17.747634
43.478888 60.520220 18.628318
16.055305 30.359045 16.635888
65.868439 42.643478 17.509299
49.230314 45.727242 17.031140
58.263884 13.921692 17.999087
46.485378 70.907462 17.235242
20.774860 83.628725 15.555298
69.177552 40.506538 16.486086
89.626438 89.660608 15.710019
55.891849 46.041620 16.244707
88.019753 70.690847 18.649907
15.063820 69.131182 18.428535
90.904297 59.779139 16.227098
47.062503 22.375174 18.725601
93.270502 66.378423 18.537048
46.812895 8.252584 15.585405
42.606238 81.861110 17.130005
26.645813 33.541011 17.956431
64.282099 72.619333 15.112402
94.174370 38.889941 17.719227
74.244480 91.591186 15.961414
11.335357 5.748255 17.582714
78.474337 69.292971 18.151681
34.045280 41.797411 17.367255
47.941916 73.296305 16.834975
75.495346 32.400611 18.589320
86.194952 40.426736 16.685030
90.351019 21.450406 15.746186
17.935000 45.574322 17.803318
59.448448 96.862130 17.720556
56.186334 37.642106 17.418889
95.495784 54.892259 18.215768
76.495643 52.795424 17.666420
76.279036 86.534635 16.712311
79.994674 79.454357 16.565436
8.970881 54.556261 17.007965
8.951514 98.096172 15.348241
92.033594 72.336589 17.832047
91.332998 23.662929 17.571564
33.498106 84.692253 18.182756
98.690371 38.653751 18.296467
72.484745 59.911511 17.454342
28.515522 20.794681 16.434511
57.207329 26.470916 16.200561
53.930077 55.298718 18.089222
67.151110 98.847060 18.461232
61.427560 33.822657 16.219943
94.888671 79.399569 18.454023
24.473443 54.679771 17.715343
89.854596 67.866475 15.004419
30.203450 76.303545 18.632042
7.510664 46.650733 16.974309
30.210576 64.537710 16.446748
66.504834 76.146476 16.514401
78.554295 60.600947 17.567542
79.538893 57.460131 16.720338
60.635139 96.267073 15.001568
24.999047 36.703856 15.625951
64.777558 67.038855 18.723338
48.674525 59.610517 17.951511
4.862664 40.963617 18.314903
23.759404 59.730455 15.425376
61.067123 80.310920 16.239208
86.532697 79.001080 17.384548
5.434035 67.484399 15.716420
10.366817 12.006724 16.985551
37.702808 51.046562 17.837789
94.790124 78.454267 16.416473
58.661164 93.516848 18.361188
69.298431 59.384181 16.767387
52.642408 52.919695 18.012035
70.062018 12.506191 16.490580
77.450919 89.675190 18.508660
42.720146 62.492332 15.235595
30.554179 44.567916 18.174750
91.683020 84.155202 15.267033
78.379464 52.766035 18.078574
17.485250 76.796578 17.151131
60.988002 17.833175 15.239761
97.518897 74.157419 16.021795
94.293377 65.946844 17.065425
30.244076 94.053442 16.822083
37.786177 37.517543 17.291242
95.144964 63.846430 15.313381
84.464287 74.626504 15.474336
21.143686 42.780446 17.217753
76.315919 84.268201 16.427968
11.507135 89.519847 17.985895
0.425134 22.422912 15.783359
74.710679 99.017590 16.752546
72.188548 90.880260 18.551430
91.603325 11.537753 17.745477
42.355403 10.404320 17.567535
12.574259 69.894986 17.865073
69.513776 74.303994 17.124870
66.599657 27.244228 16.458969
19.855364 32.816196 17.382604
99.089341 16.446733 17.202346
26.529233 71.523037 16.721928
16.690651 5.908184 16.982808
17.065864 90.255840 16.598896
77.697289 46.147325 16.421739
67.435167 2.098451 16.807432
97.392398 39.854979 16.357221
54.894051 35.809979 16.982802
44.251481 4.136354 17.444470
66.511769 80.873536 18.388888
51.090535 49.716915 17.931688
29.187140 17.123566 17.220132
42.604027 14.866218 17.668444
75.295085 21.223256 15.169748
95.591313 64.400611 16.922045
6.835978 34.886388 17.641776
70.096310 60.714617 15.065823
54.614407 14.616887 15.671593
18.202094 87.712804 17.227875
77.625237 66.310931 15.677266
33.007176 57.340116 18.609286
33.402483 7.285861 16.025273
82.468491 47.125977 15.401033
3.998830 66.720136 16.659180
83.137383 83.243221 15.259301
42.892895 20.484495 18.125816
70.953369 96.204380 17.475067
35.800076 97.984436 16.882429
43.192486 51.503481 15.557489
85.635294 77.948480 16.092477
93.984483 17.372144 16.993716
30.620935 2.374262 16.088371
63.999270 96.843170 16.182553
35.836160 58.312976 18.008622
32.151082 6.725288 16.254118
6.496198 46.758152 17.267488
49.323331 7.457389 16.283964
91.180690 58.501350 15.363023
55.595435 14.542507 18.545800
12.540462 61.910912 18.450066
97.389677 6.193193 17.945988
69.643040 97.710323 18.207901
91.836117 86.635158 18.559116
34.451526 14.172350 15.354037
62.235030 92.341972 16.194896
87.867921 47.811569 15.205986
8.031340 56.932475 18.273398
96.566823 64.797927 16.404297
72.461654 5.252715 16.641307
33.606421 6.486356 15.574060
28.455501 98.254338 16.543871
93.501457 96.314979 17.046653
47.968877 65.932278 16.048759
68.805600 11.442678 16.603059
19.777058 45.955058 17.082601
15.689465 12.580655 18.209222
43.555248 71.880670 17.507826
6.782992 46.115800 15.117350
55.373848 72.387116 16.290548
48.104968 23.606660 17.437828
93.042316 89.466194 15.341387
12.305881 1.701053 17.456427
22.674349 51.971595 18.726818
25.181686 36.839111 18.548068
72.980584 35.571152 16.404126
96.388201 61.711049 17.754165
12.998922 71.648343 16.745020
3.918399 94.979934 17.910392
40.311626 15.468070 16.954085
11.253044 27.090147 15.119746
25.623877 59.635970 17.414407
25.080601 84.824625 15.936143
43.212604 40.793548 15.710894
69.077968 12.729912 17.147911
98.712308 25.204448 18.719596
90.204624 61.058291 16.214957
16.750903 16.432381 16.961895
17.539841 10.448970 18.468526
68.438500 96.723572 17.511612
47.759333 0.832573 15.275664
76.812615 64.472902 15.202796
24.562634 4.251176 18.633534
39.621222 22.732750 15.909685
19.318532 79.606295 16.034894
88.437254 26.427545 15.157419
76.387186 0.257797 18.726332
64.741964 76.076224 18.707651
92.998557 69.998968 17.928292
41.527466 99.467488 16.135359
58.938592 21.504217 16.929527
52.034579 56.227029 18.488992
41.341368 99.290580 16.058707
50.262308 52.347975 16.221050
57.716673 51.331637 15.057241
18.916362 96.417434 16.034875