32.570331 37.087959 15.852434
17.553135 10.392295 17.228478
96.166266 90.912877 15.323744
75.592043 48.514838 16.406042
78.876522 70.076830 15.145054
42.423877 79.488010 15.167608
45.663894 30.362003 15.576259
56.284189 82.871285 15.984676
49.499317 20.122378 15.377113
39.367553 34.671199 16.304687
31.750650 32.381838 16.623753
74.148657 54.271091 16.127708
60.536405 44.028223 17.864250
86.522612 79.150381 17.670612
25.828150 50.219571 18.304731
65.908272 55.441478 17.548967
94.353709 44.831979 18.478167
51.236401 14.963873 16.623721
18.421267 83.984880 18.560329
21.086417 94.224720 15.423019
73.515028 68.147933 17.548004
22.003644 31.996992 18.054202
85.775925 91.813222 15.483744
66.389680 82.243746 15.657841
64.193974 87.986147 16.167524
79.189031 68.738803 18.024364
84.088829 23.678627 15.854058
86.764581 12.320646 16.729833
99.328841 41.808835 17.259567
62.538478 91.889205 15.278340
78.265022 17.964997 15.673392
47.675457 11.740947 18.254697
80.952222 84.851702 17.989233
90.575607 11.092543 15.609351
24.241079 59.419665 18.192254
92.772422 79.508397 15.345318
43.056136 19.714575 17.559828
83.861147 21.766392 17.229746
27.163341 42.567166 15.033591
58.785557 2.255638 17.655765
24.670616 55.659118 15.755834
96.166455 20.679749 17.535005
2.029824 23.380518 15.660600
4.777647 40.967365 16.553944
21.815328 43.724250 15.531151
26.900327 24.494012 16.748352
40.634293 26.384435 18.582362
83.554205 72.404797 16.862679
12.993007 29.460118 17.561751
83.000671 67.301631 16.224189
97.297638 51.806241 18.165588
94.684729 27.528407 17.723649
93.412068 96.570790 16.423161
97.489003 19.213447 15.444303
1.862491 36.596794 16.940736
65.655867 80.031904 17.094742
69.288200 23.138821 17.617943
67.652743 17.078551 17.311263
7.297420 70.953586 17.004955
28.897763 56.742389 18.413415
59.100419 92.709966 17.709715
54.646701 58.180418 17.520611
74.988947 57.745689 17.573200
56.082683 65.468036 16.746172
50.396527 23.510816 18.268271
63.607706 82.583862 16.532658
14.606009 63.082160 16.506285
65.758745 94.567832 18.727792
81.410704 39.818571 18.698194
20.117458 38.184747 16.018339
31.141607 77.810972 16.494234
75.160671 66.506184 16.407618
88.543676 76.655888 16.979766
88.968772 79.804875 16.627171
32.991803 48.774493 15.576460
92.814902 27.036064 17.176925
92.658213 31.285398 16.950937
74.862103 81.422387 16.304487
38.129268 53.227737 15.270734
87.524429 57.276181 15.005972
36.699502 5.736753 18.009432
75.364073 89.316222 16.389308
25.346522 91.910511 16.373935
64.200771 99.049817 16.409996
45.508531 54.133449 17.414464
71.942592 1.933156 17.786911
80.263344 79.452008 18.461616
90.125634 8.731171 15.718306
91.668114 8.827517 16.725286
46.690516 95.430132 18.197381
99.419586 35.341385 18.649880
50.791152 30.532641 17.789540
52.928957 8.838461 17.449204
62.488704 93.826839 15.021019
1.766072 78.056496 17.527443
49.547060 39.487940 17.912308
5.546589 98.061086 16.045475
63.053580 37.520141 16.815770
56.566119 45.474121 18.421657
76.776245 91.102451 16.897051
63.729791 37.361191 15.534953
71.313842 26.405723 16.187573
55.930633 89.980332 15.217610
23.232110 39.825048 18.403889
49.177267 26.555482 17.964233
61.223043 2.889729 16.635058
58.733568 49.774690 18.069999
70.204928 27.274391 15.868729
94.398934 58.344417 15.293010
90.421709 72.987649 17.404131
24.077133 59.279668 15.801927
83.161927 77.540500 18.432593
57.288840 97.443924 16.617017
17.072774 53.808100 15.788421
88.153686 51.474088 18.682977
59.251461 7.775084 16.027240
51.689733 75.847674 18.183782
4.134134 32.941452 15.940146
55.938564 62.536546 18.229207
56.474990 4.921858 16.353582
73.355941 82.786829 18.033979
30.703354 60.808208 18.564209
36.968202 83.851804 18.090294
63.873172 26.428397 15.332388
6.358667 20.288160 15.237119
1.341899 66.057584 16.987973
44.363952 68.808586 16.373590
40.793573 13.048187 18.353864
73.717524 16.527915 17.322441
60.325275 34.919730 17.050432
79.046126 54.106186 18.441102
93.391132 79.184045 18.679587
16.588568 62.876840 18.074988
87.163184 34.005688 16.536474
59.984247 35.222617 18.659289
75.009476 40.910996 15.393648
61.684061 90.320282 17.652597
47.706566 13.528819 17.780387
88.447426 56.552630 16.612824
9.912974 23.131420 18.128254
32.379647 74.377133 16.591735
60.409221 87.613326 17.338874
50.913522 52.350213 17.474729
69.015655 40.005909 15.722357
70.035617 14.783781 17.410221
55.661378 75.970035 15.305495
99.144482 35.925512 15.208326
64.397743 2.822866 16.753305
10.372588 81.495084 15.280845
82.066485 30.974362 16.669048
20.619299 16.297076 17.533738
63.135358 11.198866 17.413648
33.585914 97.071942 15.295797
27.055632 3.132610 17.814217
10.725918 13.296844 16.153646
63.942422 83.100841 15.153103
5.365949 62.691516 16.390875
12.568211 50.425940 15.040352
9.747559 36.865648 17.583976
32.423844 47.606020 16.544359
57.807672 1.010247 18.645512
67.848689 26.613596 17.181687
30.119620 55.227294 17.982036
39.628029 60.178248 17.304800
62.652713 32.238647 17.536017
3.345696 5.485401 16.759418
92.623057 28.145695 17.631851
34.843223 28.185520 16.591772
79.969345 37.417747 17.004493
41.575375 65.988702 18.143667
95.882810 77.854795 15.362364
82.567999 9.578822 16.101730
22.367041 79.485358 17.771325
31.256023 21.613035 16.715329
80.048394 26.974253 18.003636
54.934858 87.743014 17.228663
48.920364 15.399332 16.709717
79.447362 75.776385 15.766214
47.087729 99.027301 15.242741
70.074647 99.295312 15.191092
20.916821 21.793505 17.634586
4.477847 25.724789 15.694900
5.144422 97.517462 16.325144
45.809393 71.680148 15.456357
89.420316 56.853191 17.123009
43.664245 63.242544 17.359121
69.825876 82.874352 17.105481
19.943354 89.208521 15.268545
11.957728 1.350870 15.535611
65.583693 21.395851 18.199554
18.587180 94.153872 17.420598
32.638850 80.840957 15.075364
63.498847 24.114930 15.073088
89.408108 8.526382 16.560841
81.360015 80.624915 15.924871
20.753936 66.974316 16.510193
70.928071 68.419440 18.406746
8.225502 37.998825 18.310328
46.174508 9.279169 17.822099
48.764141 4.073135 15.970212
42.973867 73.761109 16.469891
95.357137 16.341114 15.007506
61.771844 91.561732 16.258406
73.668000 99.080029 16.609168
5.195904 19.083743 17.713192
31.750618 90.754476 16.848255
68.619502 20.488390 16.030685
53.058359 18.542350 15.662034
70.340073 19.479945 18.694750
1.418441 1.108717 16.674215
24.697887 5.324849 17.338164
39.591370 58.226941 17.436899
31.495851 5.379661 16.047466
53.091866 39.295920 17.536924
28.269813 47.272990 18.680914
18.488333 56.708088 18.374467
84.453357 25.974142 17.510097
30.005982 98.751864 17.974414
85.291860 47.961342 16.170616
19.388749 22.080701 16.697902
79.325886 79.236141 17.057369
25.319141 34.517537 15.735945
27.741741 80.182905 15.354966
76.832672 21.922881 16.325222
22.853397 89.239307 16.829378
69.942925 29.632726 17.640016
5.109602 63.670867 15.910409
18.144354 67.130509 15.324648
2.409226 27.706572 17.209274
42.980334 16.179973 17.629707
70.247896 46.495437 16.663008
94.459877 91.651386 17.844590
41.289280 38.937722 15.067800
66.011514 84.192985 18.599897
32.138633 90.030484 17.604413
71.999298 59.567552 18.316570
54.783272 18.531273 18.291354
14.821292 52.056988 18.718350
13.979524 11.445887 15.987141
33.582662 10.683107 16.280324
66.160656 12.884311 17.939414
63.567274 60.960351 18.455421
88.357831 14.608670 16.944304
70.406966 3.973059 16.399386
60.967831 85.549193 16.569962
92.717648 4.645188 16.628329
32.515709 75.754091 18.553198
12.111752 41.185776 15.584319
84.411143 19.417323 15.907234
50.049672 77.103004 16.929847
18.023531 54.730091 15.894079
19.826739 55.510248 17.192768
49.335104 67.756466 15.654043
41.547273 40.613106 15.599851
71.523669 8.691770 18.269525
92.099318 3.792848 15.578033
78.497421 55.396372 17.912258
26.710574 75.899324 18.014898
14.929599 61.172205 15.130324
69.051794 99.597932 16.266683
0.877080 71.884405 16.169946
58.974581 20.580788 15.240374
6.641344 26.771161 18.135977
27.095697 67.442874 15.512105
37.567973 66.727673 16.521330
46.898456 31.166765 17.035268
28.072107 36.691250 16.874435
15.103026 40.505932 18.273157
21.468284 81.032682 15.991420
0.039093 43.861171 18.512256
20.355434 68.531470 16.181176
79.019733 4.832415 18.272544
91.145481 38.105153 17.793098
63.545325 1.968473 15.384420
24.583470 61.294072 15.391997
22.535140 89.709690 16.248065
6.290275 55.108082 15.682149
52.089808 33.939363 18.255714
21.333342 48.987268 15.000638
21.784501 96.516263 17.359138
46.077712 54.098173 18.300736
7.674136 94.046127 17.632804
54.296189 7.438779 18.000657
60.886780 24.119958 17.570204
18.363515 69.343481 16.840679
43.560769 52.070383 17.667758
25.909782 20.950802 16.899069
20.568239 98.499923 16.801273
59.872854 89.802990 15.783935
21.492760 35.762599 18.611119
81.361759 60.762219 15.276213
29.109678 96.538614 15.611853
53.770808 9.379066 15.903151
14.634113 11.353555 17.357132
57.789441 62.506887 17.988743
98.310305 34.736199 15.958702
98.905443 80.715188 16.502130
17.480687 1.684726 15.595715
11.483088 83.179488 18.379833
32.328149 80.433190 16.228268