82.504661 95.699050 15.315009
73.274582 59.275375 18.387573
96.226143 77.467197 18.117775
1.246021 36.793030 17.093223
55.119795 70.991159 17.570411
33.243569 42.500484 18.383781
93.047234 65.285517 16.080620
24.518763 8.538534 15.813982
1.669802 85.507639 16.249589
27.859148 56.911612 17.200836
43.742663 24.056542 15.003682
34.944887 17.628783 18.401140
98.215971 68.796187 18.666962
67.677729 85.150344 16.364536
63.264914 1.900084 18.540572
9.261337 73.548951 15.719739
41.129801 5.042310 16.307034
2.818481 55.016278 18.228269
86.573205 23.180066 16.049257
36.150832 59.893173 18.525778
45.131471 0.384811 18.112418
56.648927 11.238515 16.137402
51.871383 8.369327 15.649210
45.584058 10.505353 18.465162
36.966872 43.366915 16.650545
13.371169 15.825769 18.668457
34.430502 23.399992 17.417646
16.798394 64.597569 18.701068
96.515365 60.366019 15.430476
32.359904 59.099528 15.890962
40.661523 17.895883 16.333653
10.791288 99.033597 18.485030
55.792020 31.393333 16.470166
10.214758 64.146084 16.039734
45.279174 20.089955 17.928252
32.120573 99.353337 18.228513
65.793662 75.996594 16.522421
62.375415 71.461684 15.902270
62.940570 57.784208 16.770083
32.829259 93.934677 15.773381
97.407894 99.517958 15.064520
23.059741 63.488532 15.550546
14.961845 28.036972 17.883033
13.443665 21.647497 18.256151
97.072686 17.913126 17.475119
99.615354 45.636134 15.579170
18.072685 0.906927 17.072503
55.309864 50.109914 17.906055
40.697383 96.936901 18.186413
28.653955 62.015353 16.469998
36.462053 10.914473 15.620814
51.008295 42.616809 17.731825
68.806623 63.615586 15.121925
32.266206 74.076833 16.409755
92.358715 6.404853 15.411275
87.977251 99.918712 17.587999
82.096841 36.355983 15.309729
9.056011 67.018652 17.709493
29.645834 23.654949 16.987655
13.418282 30.450624 16.906806
55.118114 1.910727 15.441669
90.033711 22.763764 17.980564
94.139658 96.994627 17.982161
76.567086 33.406670 16.721569
36.494213 17.030836 15.455455
51.054539 38.784657 16.692928
81.033594 14.432972 16.619265
10.376106 42.522071 16.813313
4.798959 17.394115 18.633394
24.738792 19.461826 17.452967
31.133725 7.609808 16.447993
26.078618 69.491223 15.529679
58.516785 57.403760 17.046578
84.896460 33.486530 17.057074
87.311313 37.515610 16.101752
29.330066 1.243199 17.445041
13.119615 36.658092 16.737891
68.397695 77.844255 17.244621
97.873762 37.247939 16.868834
30.709421 22.774523 16.018519
97.023414 4.384957 18.582931
58.295817 35.247667 15.268906
90.963822 99.149266 17.371813
14.411682 23.679060 17.328578
96.823722 88.196174 15.764084
46.549198 12.797851 17.805510
64.609468 51.285793 15.117176
96.681781 84.039394 17.346837
14.620392 3.359851 16.786569
78.358318 39.417377 17.176097
92.438343 25.374119 15.683239
65.709375 46.683932 17.526234
17.989386 58.973756 15.221092
25.861400 49.225963 18.579121
57.306550 51.518858 15.330586
31.968246 63.781589 15.325784
10.495728 52.399392 16.427789
13.609541 38.862945 15.609164
49.122647 92.369873 16.323251
97.116954 99.962855 18.211959
18.654741 88.028982 17.659362
77.861658 0.489121 17.667061
99.250832 66.596674 16.174711
75.285796 73.435818 15.770251
16.208820 16.791239 15.024493
66.701151 42.736383 15.259963
13.435888 20.144387 17.213053
0.469973 18.013729 15.967991
76.590272 37.903728 16.334529
60.151325 57.108132 15.740531
34.483600 80.755274 17.267835
84.220559 38.877794 16.678645
91.293365 16.525777 17.898262
51.829217 66.247571 18.434021
45.486064 66.890798 15.879922
71.898729 72.093609 15.746691
29.951154 16.974913 16.511060
27.735450 8.402337 18.417267
55.031541 99.307271 17.210858
99.193285 46.033937 17.925782
6.628358 95.092907 15.702226
25.520236 6.102172 18.675356
6.031498 66.235818 17.702440
12.012711 15.850637 17.347967
36.302592 48.311601 18.297900
47.402302 86.816847 16.817815
35.902690 83.388880 17.317507
0.835526 1.816470 16.692078
21.593984 38.679985 15.996635
35.515338 54.960783 16.738972
22.206881 42.944432 15.062828
67.899116 20.371814 18.603433
64.301305 46.339499 15.125582
74.675179 70.662873 17.251081
44.892029 96.048804 18.132724
8.013838 33.036113 17.053747
22.078757 31.349289 17.037970
70.176767 24.649707 17.403562
26.312418 32.800030 15.037791
59.162585 48.724293 16.753132
67.694932 88.490513 17.097406
60.395218 19.325031 17.036833
76.755071 2.231779 17.096534
7.848647 17.856101 16.963059
58.597793 77.536487 16.264341
61.656106 36.848810 17.057956
50.962924 15.080063 17.488230
3.934126 94.634702 15.131276
13.448726 31.696440 18.420868
94.241675 58.249968 16.795482
5.773049 43.085012 15.085740
79.985139 30.122275 17.845701
48.358903 8.910110 18.610835
2.255020 73.539729 18.645971
58.376601 42.602183 15.730312
86.246754 82.299145 16.264671
27.842800 42.169096 15.460542
13.154943 12.164232 15.018923
41.884165 27.264999 17.579504
55.098771 49.798282 17.809588
6.048249 40.078254 17.650199
39.244722 5.570500 16.459160
51.783921 21.784254 18.617489
89.795417 55.201517 15.343187
29.167843 90.483931 16.983701
11.242267 54.743220 15.135222
44.501013 15.958787 17.708697
82.607700 78.018795 16.976202
56.542602 31.259171 18.116276
38.614071 31.169485 16.321610
21.542925 43.262199 15.324775
84.209454 49.590849 15.977445
20.980205 97.866500 15.877642
3.657611 98.729951 15.513883
14.147082 45.308055 18.129292
87.707120 29.430294 15.773798
76.646330 59.949172 15.713231
1.977112 37.053046 15.723936
60.704516 90.984502 17.731951
45.746050 94.282740 15.041118
97.414701 14.740206 17.331207
58.577905 22.859630 17.268497
63.830411 48.034854 18.685639
40.717989 51.350432 18.487489
73.893552 76.043133 18.522293
4.892498 49.771426 15.666251
0.231716 93.871249 15.596239
35.906809 20.385512 16.432450
66.719721 26.208708 16.154753
88.745822 65.086130 16.241948
4.475939 74.373503 15.561497
61.966189 24.762446 15.387503
89.819327 21.547802 18.394932
22.192255 31.095045 16.679406
27.139023 1.276274 16.817313
67.427676 1.086468 17.015731
55.516190 14.090762 16.336143
38.387295 73.883148 16.962132
88.714012 84.777276 17.250416
5.452018 23.541105 17.334175
36.839872 19.716123 17.516897
47.805325 39.116988 17.867180
2.777742 53.019906 17.475394
51.203229 25.491552 17.541624
46.499514 48.780451 16.137785
75.484661 95.444895 18.711044
1.324444 80.751074 16.752860
35.309686 14.593925 17.044046
63.170216 81.227144 17.392000
46.094945 51.471956 16.580521
93.298301 87.276102 17.531445
29.950949 26.664489 15.889938
31.331850 6.349075 17.024486
44.412460 64.416864 16.550820
45.072095 33.827946 17.113420
89.847011 6.225120 16.239180
56.992708 80.083889 16.917184
79.882839 73.495681 15.289823
77.758544 97.736543 15.031127
2.048491 71.362586 17.341935
12.385875 94.185906 15.359422
49.165957 84.510021 17.277395
90.273217 81.152794 17.909846
64.638955 48.992775 16.769680
64.714090 92.944332 15.356444
12.159795 41.628761 17.647486
99.350771 18.941717 16.954974
11.992796 6.967209 16.330599
99.586047 29.605293 18.419693
56.973562 63.622072 16.855636
62.326886 63.433489 15.260092
59.348899 25.947783 16.103432
3.149104 8.242085 17.080388
25.219357 36.547115 15.915498
93.367063 62.858717 18.553127
52.284295 91.581706 17.230634
59.267162 47.832457 15.695958
66.805338 84.401554 17.562584
25.954188 87.068388 16.826529
86.532947 80.909899 17.720012
48.659988 68.320360 17.509037
43.906875 72.848416 16.182014
17.057976 71.218540 15.910827
29.187563 88.574502 17.982482
68.640082 24.352096 15.801421
70.868097 31.173471 15.914176
5.909911 76.883892 17.732657
18.361758 50.841265 18.607375
78.406656 93.134926 16.975133
64.001158 49.654424 15.794686
28.321613 84.043105 16.962855
67.599080 74.716775 16.814413
8.577788 55.123570 15.831703
64.826130 51.854974 18.539705
10.568546 8.526251 17.086297
28.970776 96.965921 16.788144
77.072731 34.931660 16.855274
89.775036 66.703975 16.650076
65.964159 47.869826 17.732901
29.621865 40.083934 17.013996
52.468783 36.727319 17.912452
87.290154 60.942035 15.765457
72.894943 7.723081 16.226852
49.323942 81.774677 16.457317
60.647595 31.414686 18.034335
5.370523 17.148134 15.074010
63.639458 19.562248 18.727816
33.374587 6.049300 15.007531
16.307141 27.887276 15.337724
40.505525 47.793019 16.795979
29.208327 61.291080 15.114158
73.778360 5.567908 18.313031
68.358213 25.705200 15.524195
54.733120 2.297286 17.546999
13.986873 8.996129 15.179418
3.932069 26.022990 16.311249
85.091088 52.869313 18.676386
79.592887 26.086925 15.776239
15.034231 73.407791 17.636518
71.571248 10.535157 15.028056
90.122216 20.889331 18.561050
33.278337 58.449242 16.338152
63.022398 57.781122 18.282638
61.640214 88.006735 17.355304
99.064383 44.667799 17.023394
69.054637 3.010421 15.785035
51.801547 97.525694 17.843063
19.560532 71.659630 16.024470
19.438234 2.139001 17.230795
97.595300 39.129020 17.792750
81.795529 44.088755 17.774296
42.572716 14.978516 17.247105
35.232098 15.182530 15.175645
65.194927 91.757647 15.695828
93.057591 24.468287 18.207580
34.224848 78.836697 15.334642
10.221068 79.036864 16.686918
77.372836 39.379357 18.377207
3.188990 10.457450 15.776849
38.681197 73.971642 16.916482