87.687993 87.656142 17.468224
92.173189 43.763137 17.296777
36.633157 14.671995 17.291729
22.012753 10.140965 17.159950
91.177815 98.254242 18.354348
46.036125 39.123786 15.925912
32.316393 41.472813 17.383617
37.770576 78.662016 15.229760
87.694062 85.534605 15.436232
22.116160 81.184300 17.007694
15.318723 14.023248 18.486811
69.601736 48.593374 17.327718
21.346595 23.746392 16.077622
17.884080 17.408432 16.247040
45.672711 9.187532 15.028604
35.930460 58.842843 15.922062
68.183096 45.135835 15.236418
90.700922 29.452494 17.755774
24.441343 14.153758 16.259126
69.557927 94.431947 16.951203
98.879272 88.309298 15.347614
51.911534 73.793936 15.306866
25.842033 15.984772 15.220509
30.753500 24.725553 15.762790
68.846863 89.220400 17.181506
16.800023 72.820150 18.544285
90.294589 95.245023 15.881204
64.177463 33.242534 15.748909
60.355070 22.511168 17.847021
41.719981 33.387961 18.377215
57.560320 64.229732 17.045757
96.706748 52.377706 16.239257
50.184643 48.823332 18.183554
79.719193 80.674399 17.348600
19.490748 79.738365 16.205749
82.615916 86.310456 16.124605
42.297953 2.073762 18.068475
23.076652 39.980138 16.322920
63.397858 26.679698 15.770903
27.999626 69.080545 15.142067
82.638545 80.903168 17.591873
94.343825 47.799917 18.339372
52.068059 41.317279 16.846635
20.210275 33.827431 17.058056
27.242149 90.573456 15.274801
41.765179 60.785055 18.601217
85.498865 93.936328 18.195485
2.095699 89.724010 16.524354
24.464402 75.656916 17.465730
51.666855 25.893919 15.556136
60.476406 79.408339 17.175202
0.798878 96.304065 17.475119
93.527189 44.911715 15.214665
58.029151 53.549706 17.680852
5.608265 47.634226 15.100673
58.941885 94.020867 15.233367
64.178035 27.761778 16.879674
97.014084 23.172089 18.599872
60.828375 52.529890 18.427391
30.341926 29.178318 17.150821
96.812538 57.813984 18.275745
66.641779 30.866301 17.523146
32.537968 96.078440 15.224580
36.409035 36.612512 15.966166
29.206566 98.073486 17.080521
44.127428 48.872669 18.142747
87.217308 11.716508 17.685623
46.534682 37.345522 15.174086
80.723128 99.140982 15.346082
77.740539 42.466657 16.275429
89.264803 37.271693 15.338798
34.217317 82.219548 16.363895
23.525443 79.802744 18.204897
88.660255 58.012918 15.513980
59.425267 47.178008 16.786934
43.236018 52.918333 15.043597
80.781231 16.674085 16.840381
52.437320 73.871047 15.966321
72.221982 38.999189 17.759042
82.028255 22.429078 15.345761
64.159124 13.703464 18.076919
59.764662 54.990948 16.632234
10.034357 64.334353 18.508339
12.827773 7.695963 15.429709
69.623268 88.705529 16.970748
42.877019 20.715652 17.575915
32.767088 97.447758 15.290343
34.660934 43.289805 17.233940
99.051570 57.768750 16.392118
38.497142 15.282822 16.021805
5.768292 74.883917 17.583294
11.181994 26.633756 15.626456
71.315677 74.411553 16.956214
23.554574 35.557789 18.415008
82.759269 11.460817 17.638794
46.663923 65.171419 17.275457
25.695256 68.535479 18.742891
16.334122 36.552592 18.651085
56.863356 81.297469 16.270451
87.637995 21.056184 15.529111
8.905105 7.875786 18.228268
47.409364 42.304767 16.269975
15.715374 90.845965 18.487291
30.434922 91.696927 17.146486
39.781205 63.267103 18.244206
34.035675 33.723910 18.042224
42.959821 80.946444 18.200838
62.685926 21.396808 16.456016
55.561049 64.204019 15.743940
40.376022 64.260512 15.984441
59.978403 20.677042 15.305978
48.923839 67.599352 17.642744
68.048968 90.018601 15.360200
47.159808 90.134056 16.796012
3.553079 10.602368 17.312163
37.634699 66.866681 17.180402
35.315241 26.390144 15.451726
16.724068 52.550289 18.157793
72.598527 97.880676 16.725597
71.069005 10.940225 17.179257
83.401644 41.956539 16.568001
7.059593 9.957601 15.365183
48.401547 0.160811 16.458099
62.727784 26.519880 17.394294
53.934111 41.174533 17.144945
56.942667 84.633157 15.651235
47.634746 8.687292 18.204021
67.005954 45.942803 15.215826
30.780327 69.835874 15.822043
42.571924 37.570585 18.448416
14.763130 70.817529 16.945654
1.222340 7.445965 16.388261
27.198496 26.820262 15.044153
21.039359 5.836843 16.749945
34.126870 43.535414 16.554855
98.366201 4.595289 17.060074
43.189482 80.910371 16.671480
73.333557 51.364496 17.468168
37.324822 26.976599 16.712532
79.872359 74.729727 17.354823
33.506559 6.774053 17.595917
67.916282 71.760397 17.191936
64.129741 93.214460 15.398644
92.082503 47.242816 17.691065
39.133435 32.386235 16.536223
39.307165 62.913542 16.538539
65.833144 16.864954 18.447175
13.684238 82.921632 16.756672
97.604025 91.907640 16.893962
49.475562 71.382114 16.424142
93.963912 98.069388 16.827725
29.203371 60.500453 18.058580
88.506593 40.853725 15.645627
81.752610 93.594190 15.021699
68.574928 19.815871 18.642668
30.516275 28.769217 16.799187
0.817810 78.197460 16.236111
97.550725 9.920615 16.849623
95.665804 72.402345 15.620020
48.842266 96.598029 16.980630
90.574121 99.823716 15.330759
58.932781 26.381923 15.783235
93.566167 19.235779 17.888840
66.481637 44.250043 15.259781
41.433331 60.653350 17.845718
91.823602 12.021416 18.513499
20.893660 87.857227 17.519776
29.764502 31.269625 17.916160
70.647060 25.230744 16.904510
0.911374 31.007135 15.716282
62.776055 55.816320 15.750235
74.815743 57.114264 15.845522
58.172180 81.148267 15.905020
13.412628 57.858887 16.774470
0.457310 8.503159 16.115447
12.774911 49.943732 15.694139
70.129831 78.141106 18.445505
62.488419 51.944092 17.175771
53.360786 12.871460 16.930619
57.725837 33.020231 16.866939
1.639673 22.614673 15.766673
90.431676 75.832965 16.264036
55.995786 56.280359 15.253534
2.763326 39.593366 15.456849
89.249498 65.788500 17.111052
58.019646 74.435142 15.211699
70.179923 28.569393 15.695453
82.154034 93.285845 17.738649
4.734581 19.421787 15.996229
44.646981 1.323376 15.315064
10.352622 38.718946 16.810067
12.388554 49.644541 15.614101
28.474933 8.216921 16.091134
57.129619 79.293665 16.217400
3.949218 17.141309 18.320792
33.025022 51.825534 15.486778
36.210485 68.678116 15.885766
8.342124 9.181678 15.553486
59.261947 57.283576 15.109278
45.921727 87.499685 17.123119
45.231134 67.192883 15.533714
13.494198 47.964376 15.636341
28.759649 89.251692 17.166181
88.410135 90.398394 17.404526
1.869120 33.969516 18.138609
82.222445 79.150818 16.752613
28.280244 97.726074 16.302799
8.259372 31.456496 15.194366
66.715624 40.639041 16.928591
48.985007 6.433949 15.484443
97.089676 8.618804 15.724637
50.660849 15.691298 18.438950
86.178223 55.743170 17.952529
94.051701 53.522177 17.647670
71.266014 9.018077 15.120896
67.244706 25.893317 16.523070
18.782920 42.487181 17.145388
1.462004 8.176204 16.778181
76.914327 18.710123 15.665190
44.263921 93.830394 16.240555
25.724747 41.830112 15.013945
59.831818 65.312127 16.527062
36.496392 95.327524 15.762124
83.065805 26.896084 15.706141
26.043262 87.896086 16.157098
10.999224 95.042684 16.547823
98.626952 22.027171 18.047350
2.929775 52.796541 15.120591
40.378067 45.563273 16.728587
51.445031 96.171492 16.871769
79.921790 51.593441 16.267454
21.966854 40.071420 17.426808
88.297944 13.402167 17.320049
4.331009 18.755083 17.024177
21.466103 53.637332 15.642085
1.521874 31.419249 15.901455
37.446198 17.890390 16.511043
71.640148 79.809874 17.001771
90.155465 99.339536 17.693128
24.119428 99.121231 15.070164
90.062624 94.299131 16.185128
68.419304 12.279184 17.612956
85.780022 16.751210 18.565708
68.156256 56.111485 17.836666
0.083403 55.591428 18.111598
35.681538 64.266531 15.234466
48.166675 21.748671 15.168550
95.421779 41.447282 17.867805
11.555565 33.600831 16.398225
98.817361 98.760291 16.580113
92.586095 19.847911 17.100120
41.890103 1.204661 16.875902
30.122342 95.659821 16.259612
73.450220 62.421395 17.515339
60.681609 25.120876 15.691844
78.288251 22.815587 18.445218
20.066419 98.337986 17.775608
67.118916 57.853345 16.412471
43.361376 87.793230 15.731827
46.438996 36.153773 15.804007
82.192148 6.287772 18.391413
2.957869 76.946323 18.578130
18.002755 1.132839 15.888468
17.456155 22.592137 17.599372
74.916236 11.325276 15.833765
14.154902 2.727781 18.254417
68.359492 74.913294 16.844891
2.507929 41.864006 17.364416
77.205392 4.968716 15.343512
3.513245 44.350085 15.242236
84.449322 14.779303 18.050831
20.657837 68.467815 17.457414
90.792798 76.480067 17.589665
79.659196 26.417142 16.787676
80.153501 48.922302 17.331581
24.691035 66.380601 16.870685
21.444221 33.763254 16.247279
99.932419 53.208578 17.957353
13.570468 93.638373 17.699136
39.663032 41.291418 16.582160
27.192613 99.062878 18.521536
2.629376 19.023018 18.442677
32.779723 96.074722 15.040157
38.334135 19.311832 18.508752
73.419035 78.526511 18.701475
90.539165 3.916548 16.207125
53.609711 53.215218 15.737694
74.161559 19.178879 16.235313
0.515122 29.158882 17.216058
45.158445 65.141610 17.794317
65.757562 43.010991 17.270136
16.393814 21.021494 16.683326
86.904709 0.076555 18.674582
45.654050 75.994975 16.091305
53.701594 89.102040 15.266468
42.805180 37.790968 17.796966
65.194158 27.093057 17.050676
23.323009 23.315862 16.211620
28.223977 31.869292 15.507283
72.130273 77.953430 17.031156