44.115078 83.560138 18.022943
46.824791 4.186702 18.156559
2.426418 25.830078 17.724672
67.551750 33.610624 15.826350
56.360032 51.211435 16.551350
48.568277 51.065524 17.671466
88.064265 69.524995 18.110134
96.288728 68.228302 16.624221
81.521795 69.701317 17.509719
25.740692 35.364403 16.748837
70.344636 47.505940 16.345478
51.223142 67.736238 18.229076
73.893240 82.596383 18.603498
78.132312 83.246302 15.213868
19.271617 65.610517 15.948195
43.804959 76.153618 17.903404
46.682890 95.245494 18.552286
20.107985 22.814683 16.444630
62.827429 9.891610 17.841261
82.564267 37.570272 17.105695
29.754273 87.907304 16.607493
1.287341 65.637240 15.093493
42.644514 19.723575 17.026657
1.035827 49.713338 16.981772
63.223300 35.603809 18.564680
60.566338 3.163524 17.050745
77.357655 30.258638 18.251983
20.464624 32.546474 15.364022
29.244521 73.750300 18.716600
54.858997 8.070419 18.458203
4.459900 95.151456 16.068964
97.749381 68.450736 15.749108
43.008740 43.826958 18.201473
0.767193 44.087308 15.973711
0.199052 8.376468 17.181393
93.668067 21.899799 17.984641
1.016256 22.165836 15.751802
32.723273 95.255954 17.485842
95.812632 81.975137 15.169221
23.636082 14.081760 15.099534
4.719192 90.349440 16.381123
68.916529 68.184288 18.154278
84.727812 5.702114 16.959569
78.284279 76.023805 16.695254
37.851751 21.497234 16.630410
83.154236 40.718419 18.141027
37.186921 41.211113 18.429204
59.280414 68.526202 16.893264
60.064501 52.741651 16.663417
99.863600 56.829320 17.077374
76.472341 64.300464 18.736510
71.525920 88.806883 15.712456
6.672442 4.351139 17.676192
9.161498 89.846258 16.826512
25.121072 66.318224 18.072891
91.339582 28.106438 16.883771
70.583562 61.823244 16.665888
5.938839 21.476435 16.624874
46.491961 52.007900 15.321508
9.615348 57.795653 17.295219
85.966569 38.414758 18.672132
66.864243 39.766357 18.495756
14.255764 28.425460 16.984066
92.357312 62.156822 17.797622
98.863122 21.892344 15.488683
60.402996 30.312929 17.799824
69.977227 50.933372 17.602595
69.282105 10.524196 18.437075
16.436614 76.663498 15.388046
24.810965 34.299604 17.659867
25.333414 4.529561 17.489416
11.189076 37.549194 16.153041
9.762354 72.966343 18.252490
41.611004 98.175992 18.519158
9.175351 38.366816 17.297284
28.306797 56.411058 18.390952
84.233385 46.034297 16.336606
6.978074 94.488389 15.420262
34.162470 88.323318 17.026393
59.901608 14.088696 18.543475
13.570652 97.313063 15.739988
66.823121 18.517196 15.379945
42.179841 19.426901 16.235035
50.572149 64.851209 17.603287
94.916854 57.161359 16.091242
84.660780 99.635254 16.648183
31.580497 41.963662 15.642255
28.237518 15.195413 18.316554
36.243135 1.735737 15.723809
64.789958 80.040781 15.839293
56.510751 50.276527 15.823541
43.808386 87.027261 15.565835
68.923932 78.485603 18.357429
96.432429 22.259949 16.443456
29.306087 3.367731 15.021518
66.506361 82.281063 18.535139
11.672414 30.936167 15.086272
67.704317 85.977051 15.409840
13.930921 65.428881 15.146262
83.422912 95.997645 16.792340
18.378499 58.068673 16.234934
2.633507 62.967932 15.078226
39.593843 78.254004 16.735260
19.175879 46.867016 17.443422
97.594931 71.501554 16.669441
99.648988 67.174664 16.332156
25.599898 33.212467 17.909168
22.388045 80.271348 16.632530
38.323828 63.740113 15.132123
38.609759 53.974010 17.436878
91.484394 24.768964 16.350207
30.598816 30.987503 15.517878
0.634062 25.712741 16.461419
75.953732 71.516925 16.159267
5.380927 5.059780 15.266550
16.331263 3.175467 15.872700
23.994231 39.256059 15.264035
21.253791 0.100050 15.535862
78.438741 4.699421 15.530369
4.954992 7.854278 16.340301
18.409269 2.012246 15.965749
16.731915 35.053172 17.427434
73.208803 20.328726 16.076249
89.456216 96.480701 17.538410
54.373580 90.767645 15.492131
83.350441 36.529861 18.522280
10.347853 44.197775 15.690651
52.051027 93.505823 18.371388
1.309656 34.033460 15.252628
60.612487 34.563529 15.662125
81.686035 38.727975 18.169875
7.386672 63.635322 16.304501
97.652217 5.525880 15.234942
75.642922 29.840961 15.735648
14.441298 95.644295 16.396206
27.894262 5.227730 15.678230
20.906817 89.414438 17.183814
34.403787 67.699836 15.390986
16.787089 20.439174 16.826318
54.425909 41.915577 16.941693
47.268903 94.137816 17.075903
75.707770 41.886686 17.061313
60.945998 6.537966 17.364456
83.952056 75.124263 17.277417
65.054358 96.955267 15.284944
50.985896 63.802015 16.018490
56.552388 39.700072 15.709845
14.036733 35.156496 17.106015
97.148972 90.044284 17.503446
79.571995 45.492884 17.633380
43.538412 17.887137 15.512776
21.641416 14.105319 15.714177
99.560254 23.413550 17.067021
5.892335 41.530872 18.286782
80.256759 91.401930 16.892338
24.014567 93.172291 16.062838
60.590185 60.550013 17.188556
34.908860 68.464877 17.939091
38.652418 43.393484 16.195160
66.746579 62.684858 17.258029
12.504919 96.759834 15.385691
5.875186 26.508007 18.498334
11.078618 31.411896 16.002127
89.455602 27.718894 16.307370
54.040653 75.476231 15.825407
74.295805 85.725503 16.748965
35.950479 87.518021 17.427223
15.740981 37.808904 18.179574
49.279836 98.210463 18.050979
68.796280 44.714815 15.477827
61.121716 85.061446 16.647631
77.489189 90.528606 18.308587
21.277427 66.628779 16.198005
12.460764 9.533335 15.721451
73.025310 11.587184 16.743814
37.322489 64.487046 18.119807
12.341038 63.563791 15.150713
97.185289 44.260508 18.354587
32.128416 64.862309 15.596592
6.073561 97.696632 16.588361
17.486096 26.612741 18.602112
76.292726 45.704688 15.847304
41.356069 68.205941 16.344836
68.772321 60.812064 18.459812
47.928719 84.829292 16.417126
1.876862 14.219132 18.700226
25.378342 56.758436 17.742697
82.638425 7.638433 16.618684
94.830426 63.135488 17.215704
1.698071 76.865466 15.581331
53.643363 55.791402 15.266782
90.997219 45.532931 17.755481
27.228050 49.119606 17.279272
48.087919 87.744535 18.165006
95.386010 42.612696 17.169085
36.835650 86.766819 17.283456
80.433439 12.702696 16.302584
70.581252 95.930101 16.010038
55.720744 80.298620 17.736025
43.423353 10.778250 17.115628
16.363270 15.473612 15.434552
18.768060 7.201552 15.464993
92.184360 36.558247 15.392852
61.950509 48.581556 15.957757
55.332582 27.585930 17.091830
11.008024 56.290029 17.537441
41.024121 70.510538 15.382327
35.380728 55.392634 16.880397
33.005682 62.144683 15.447103
39.789871 91.024671 17.493899
15.361386 49.524906 18.655649
96.226496 19.694935 16.963436
93.583001 19.398468 18.686676
64.939885 28.420151 17.508818
2.066689 32.593571 16.600545
18.209234 0.371827 15.357483
86.115147 35.615691 18.661711
87.499453 82.019520 16.390882
60.106809 15.404997 15.442975
18.353104 6.254314 16.610074
59.337622 65.432887 18.100246
46.978573 15.661781 16.706226
27.041450 9.834431 15.288954
56.016572 72.123619 18.181078
83.733601 75.344968 17.100831
23.580209 70.435411 16.497298
23.595003 54.078672 17.137720
52.197849 24.402373 15.020635
96.325784 76.074130 15.040681
77.484521 49.986869 15.803808
45.653553 51.913172 18.183754
39.167895 75.535803 17.196948
49.045762 52.966111 18.155094
75.085825 3.223393 17.385585
78.607435 77.328356 17.959313
65.604896 51.658693 15.783811
69.293554 99.044601 17.488472
72.771397 14.741504 16.879085
47.620152 36.423819 16.967569
27.311206 85.160649 17.361966
91.676847 14.078447 18.006525
66.707651 63.188331 16.037839
96.016267 64.004024 18.476342
37.574356 4.513105 18.508452
41.040613 62.832279 16.900172
23.625069 59.229848 17.683545
83.290170 93.118088 15.551947
63.258601 88.912634 16.814712
66.900266 44.651584 18.421348
29.287387 4.816164 17.133255
2.527944 91.874376 17.997651
76.748684 73.574777 15.294255
48.629495 76.683431 15.165214
76.001945 41.111035 16.756988
15.166646 62.073427 15.003219
8.880785 24.322997 16.139537
62.752477 18.369338 18.381049
44.887533 78.648646 18.345427
94.628316 92.169190 15.523129
70.270185 24.238963 17.520521
47.999096 88.481262 18.420134
47.573183 0.972292 15.711665
14.530638 35.669504 15.488507
53.501340 66.167300 18.361614
90.336444 55.780162 16.796339
40.068142 58.535719 18.068353
82.086665 69.964689 17.565052
89.056762 7.200679 18.629013
18.365927 42.684243 17.702871
29.705645 31.835111 17.954451
10.524037 60.860903 15.934772
74.105228 27.602883 18.350901
46.662982 96.389635 17.189727
8.717448 92.911676 17.380653
35.682042 33.757419 15.438642
60.635060 18.624418 17.758643
98.741069 89.922836 17.911058
12.864125 85.959714 18.080182
86.991735 2.148030 18.240324
31.618380 33.060726 17.110845
94.011736 79.304639 15.404331
2.414671 21.817589 16.853321
75.045937 17.604114 15.369621
14.385033 6.710409 15.399720
22.174538 66.849124 18.090080
54.974381 62.984304 15.960406
23.270469 66.072393 18.268531
86.007577 97.523474 16.251700
12.133683 94.190699 17.072159
43.602601 32.305491 15.595108
19.937788 16.214668 17.297316
29.138950 87.105825 15.398125
5.926281 45.278690 16.497908
34.505504 41.950074 16.301423
15.321398 97.274280 17.660876
46.618039 56.612025 15.551618
71.150127 0.829004 15.006097
4.236828 21.400178 17.953758
12.591269 91.402658 16.727522
80.193522 22.736885 17.181279