2.933541 32.549151 17.891178
51.547393 27.761510 15.485540
21.253932 77.870702 18.292485
63.497318 25.735822 18.061206
42.301710 2.124624 17.545908
14.517792 58.853573 18.148336
0.062844 15.266443 15.368631
70.161206 51.221871 17.517648
45.822974 62.328576 17.384597
25.451441 1.426577 18.458218
58.384057 69.971084 18.000296
28.957432 53.716518 18.296239
94.044667 44.481195 18.383653
84.929927 27.668692 16.119498
9.797862 68.172554 17.780492
97.701341 80.543268 16.709035
77.636172 41.520032 18.519252
56.439061 37.708341 16.634611
40.797928 68.538670 17.390212
60.051086 23.243546 18.334597
22.467033 48.951574 18.642180
46.354404 87.914779 17.665568
76.089378 64.595585 15.286349
27.055631 30.960891 15.211954
58.585816 50.512888 17.012709
45.796351 81.500614 18.118394
91.665613 70.570093 16.482447
90.404665 13.706458 16.969342
19.637095 97.015312 17.269151
26.903736 0.984753 16.909675
61.460372 29.798179 15.936026
98.457382 25.826494 17.117000
4.539354 65.666886 16.202152
26.412754 57.571822 17.717018
85.000447 58.099115 16.902897
12.133588 59.817029 17.457510
15.304550 67.744362 17.231332
47.776068 82.017183 17.569140
17.414663 53.186070 18.701453
34.726236 90.002952 17.883142
10.575613 50.393748 17.633612
62.786141 32.399711 16.591105
94.106389 69.905135 15.786393
74.678867 37.995214 16.761285
85.576688 51.996026 17.655614
46.500802 52.115645 16.882186
54.386515 5.292054 17.433700
69.865172 95.370391 15.428607
66.797441 17.020132 17.432235
33.378300 44.488742 17.266388
7.975216 67.226989 17.819660
47.708959 78.078260 16.116358
88.058485 80.069255 15.908271
15.572189 7.395852 16.213252
61.697329 26.059773 17.329106
4.193935 78.921851 18.015232
26.482755 27.005465 16.205879
1.298096 38.112154 17.663699
42.407509 9.461638 17.338342
88.874818 26.164832 15.523966
59.995536 27.419696 18.494818
56.777988 74.863037 17.222678
55.925812 79.853451 17.305563
35.835654 79.398985 16.000448
29.373605 5.557343 15.175261
0.500732 18.672533 15.336299
25.684249 50.162381 15.387530
11.160789 86.245187 17.574397
89.773623 60.547106 17.077191
16.597690 90.679578 15.518242
89.802306 39.348422 18.164421
35.608538 33.661927 16.846425
1.784556 91.338884 16.886795
88.922342 38.633247 17.535329
75.525925 66.294920 17.467599
8.175411 72.045900 16.905527
51.357777 75.365371 16.274959
95.422455 96.501649 18.122934
4.485712 0.431572 17.203336
26.712123 52.551410 18.394001
97.845731 83.420234 16.824718
81.185395 62.701119 17.784613
9.320240 4.885558 16.817731
64.641399 28.908403 17.013737
29.398512 32.192533 18.276637
80.758474 43.009983 17.182849
68.057177 46.264716 18.276761
36.175449 38.208297 16.234432
98.000605 52.688435 17.074493
63.674055 12.345525 17.035212
32.534223 94.855027 16.026339
85.582601 38.263836 18.194202
27.490754 89.532203 16.490667
49.698698 60.650333 16.705299
76.805202 77.598559 16.518770
56.891500 56.615504 17.216875
37.140062 57.212868 16.402861
22.525103 43.200550 15.263906
3.211724 95.791426 18.062330
60.344275 65.695933 17.563268
19.339387 67.620700 16.579003
54.156283 78.539354 18.518677
26.583925 60.086285 18.436601
7.874094 64.907225 15.607266
33.900378 72.122605 17.521329
37.866790 13.793444 16.652520
74.302298 50.967223 15.762324
92.960957 4.104919 15.993662
80.129494 22.809757 15.272583
74.403691 47.262561 17.196088
90.931076 27.151523 16.803664
91.311893 75.984299 18.551365
35.735915 90.048732 15.906139
12.386034 16.153029 17.347644
49.029810 76.817502 17.349838
87.462887 57.764215 18.149392
84.274811 51.164123 18.466588
30.144858 47.864438 17.800996
87.267111 54.843468 16.541817
34.416891 87.940245 16.637087
62.913041 48.307374 17.345037
27.531141 4.919111 18.320375
78.525076 25.738302 17.535729
39.500845 70.782493 17.717512
20.434803 35.413253 15.626772
57.303298 66.731039 16.763616
87.692970 79.892940 17.568405
99.317067 99.445746 18.721118
84.109702 11.802331 16.217760
51.043065 55.283832 15.710393
58.714628 69.076361 17.200321
82.968664 15.615094 17.015704
96.080285 75.710844 18.556198
21.919245 5.887137 18.323319
25.568328 81.365252 17.141933
46.275481 26.925597 15.826306
76.458387 93.323609 17.855385
31.749273 28.651317 15.711710
0.165544 31.913040 17.145001
88.289065 48.441319 16.468342
80.113376 23.339563 17.245414
19.449845 99.876229 15.064936
28.351023 49.523584 16.694757
68.275338 76.343895 15.722136
55.990721 53.256803 17.266274
96.728372 58.675638 18.743323
79.481413 21.784863 15.671255
31.947758 43.948642 15.107033
96.594514 74.760789 17.717508
70.547930 39.043861 17.564406
12.352294 50.197537 18.738936
90.658657 58.451673 17.970979
37.614151 46.802193 17.419583
14.709879 14.884472 18.493002
51.206804 64.719046 18.505516
66.781458 47.891249 18.501266
97.010633 26.207418 17.314699
69.891409 24.452167 18.450834
75.552823 43.159319 15.022415
28.535958 16.323417 18.242487
81.122801 57.731339 15.105598
23.606272 73.128261 15.741698
61.405331 81.870806 18.743424
21.821385 8.629554 15.706180
61.087595 68.355887 15.977255
15.972756 18.296015 17.867895
41.960374 54.135049 17.904672
63.021283 8.144497 18.199987
92.023165 69.747058 17.898842
17.123580 97.043872 15.036176
65.845903 4.311548 16.616655
28.882118 75.753413 18.471059
0.978740 35.152656 17.974062
43.624921 67.041789 16.339228
93.521669 86.489825 15.059369
83.032500 68.162151 18.720917
9.868305 7.367893 16.494364
89.280716 96.441039 15.451659
11.796194 50.431302 15.598788
88.083774 45.313733 16.517256
93.922742 60.708338 17.151536
66.898252 17.456730 18.013816
57.613671 74.265191 18.485357
58.207661 28.201964 17.836533
21.721606 66.721730 15.388001
78.938377 51.659277 15.474760
13.035034 44.947405 17.965770
9.378950 5.449987 16.029927
5.743083 50.511858 15.978221
32.261112 53.047728 16.735092
99.033083 25.082988 18.152114
53.844118 69.858841 17.508350
0.512700 44.546833 16.540032
7.344298 86.115737 17.586619
64.830412 26.305667 15.413240
4.823635 81.030391 18.315385
17.158567 29.130612 16.896258
65.746115 17.157020 15.775056
60.862276 24.467147 17.127008
77.118187 28.782166 16.870576
44.353778 93.730697 18.698627
64.313846 82.781186 15.905688
75.860090 4.877837 17.912107
99.488934 53.729205 17.374035
56.780885 0.291988 18.091595
75.891407 20.739585 15.874232
67.819838 13.372544 18.534629
94.687130 16.417541 15.196034
84.974812 78.995717 16.487428
68.350042 40.997326 16.545373
70.801952 0.706242 17.533541
82.097376 28.813775 18.258871
88.325897 5.086131 15.429082
31.350203 94.969160 15.843938
84.706749 39.604846 18.017763
9.443858 56.908919 17.625414
2.490497 80.174043 15.920377
32.847197 29.260879 15.587197
2.355610 75.682985 16.284979
37.773069 17.928417 17.228742
57.993137 12.633704 18.621357
20.839143 33.969677 15.786226
5.336087 3.832575 16.041422
16.246565 49.181210 15.989194
12.957231 75.264569 17.263538
47.015982 50.770394 17.193537
0.475920 39.968798 15.038750
31.958613 71.824846 15.990370
28.838248 59.643406 15.852221
42.085810 84.637001 16.447645
10.705899 57.752650 15.871315
94.447736 29.169335 18.493482
71.808836 61.494725 15.710144
60.192559 6.465844 16.654866
36.445639 15.223090 17.520782
64.063139 46.556493 15.083088
92.443397 1.363217 16.568026
38.434916 31.603944 17.799153
59.492315 69.826893 16.959966
94.071931 1.943921 15.942180
41.379208 77.524774 17.333286
34.667497 98.292732 15.281241
77.992689 24.500312 18.603390
88.609423 97.417607 16.491658
92.297439 91.634685 17.894068
59.683027 20.483096 18.564873
57.888709 73.196140 17.873573
7.028089 55.993738 18.509615
37.654464 32.679359 17.613504
75.912230 66.694950 17.899413
36.842070 70.437499 17.891453
89.829302 29.425648 16.282705
84.964959 34.685089 16.157689
25.448709 57.872819 17.055378
44.858934 59.513185 18.661488
27.124263 97.475196 16.410041
71.067050 15.988883 15.021384
44.911034 16.831431 16.249760
59.689487 13.617540 15.040211
86.123779 66.351209 18.388153
95.486874 57.356913 16.772975
89.386804 22.926112 16.515702
58.690187 8.595489 16.732028
11.517712 33.853833 17.033601
6.452949 18.592825 18.346352
69.953239 49.050322 17.043419
60.815306 57.248659 18.625452
83.095440 70.879196 18.461066
94.339338 20.578399 18.744497
81.665217 17.969901 15.307349
50.123422 9.039486 17.499305
88.976257 91.507851 15.046709
25.796953 28.371949 16.264486
45.873450 8.127767 18.595446
14.732409 41.816182 18.708840
90.937707 11.491951 18.134257
91.241460 97.539955 18.614473
81.483120 92.773453 17.048069
56.588809 32.487383 17.115100
4.120221 77.247211 16.658243
44.845457 23.529653 17.930596
39.860597 21.260474 15.459508
9.597062 75.369654 15.221437
91.941640 65.128241 15.908293
4.768842 27.198979 17.421692
7.219427 50.637720 16.932618
95.723076 61.279040 16.999285
84.589506 13.745536 15.439006
56.341355 14.910769 16.790430
12.056713 64.741112 17.208981
73.042597 38.189828 15.549740
48.321445 32.760956 16.459687
60.576183 89.310654 15.447579
30.362524 53.892855 15.962818
75.152256 22.029134 18.518811
72.504294 15.789344 15.487275
88.361796 81.157783 17.537387
11.934269 7.829130 15.471952
45.321492 3.055300 15.817157
18.821119 68.768970 15.626171