62.583195 82.999559 16.185564
60.890497 97.594282 17.222136
58.168191 3.594812 16.916055
28.814843 50.977556 16.825272
15.780094 29.526698 15.224387
58.873003 12.230732 16.528306
20.776533 88.146912 16.001535
31.611839 28.338829 16.485484
32.726606 72.010595 16.495728
7.313348 72.229274 16.650135
32.471198 10.206465 16.994594
36.051419 5.290429 15.170057
78.907856 30.541937 15.637914
44.048008 82.904320 16.131437
35.259520 62.244373 17.566013
22.990922 10.486620 16.371964
28.648670 40.088923 15.745789
70.371512 83.783405 15.420613
76.397724 40.745529 16.150953
1.987289 14.116445 16.439353
26.362032 10.505454 17.015051
73.013879 80.292028 15.545181
55.973163 29.721741 15.310656
14.456358 96.428930 18.458889
35.604346 95.878339 16.635414
77.537362 93.284642 17.253725
9.290083 45.842478 17.364464
4.974585 43.405158 15.761185
99.975350 20.753827 17.168665
60.413731 23.264492 15.757011
28.654349 38.652592 17.991033
14.684289 90.627620 17.965052
36.864824 32.644366 16.917777
63.848846 7.545464 18.605110
48.573928 89.149952 15.868782
25.665435 75.866509 16.719359
17.050950 7.107500 15.779780
13.568042 48.772898 17.842747
89.702722 3.895290 16.529702
83.190385 72.743955 17.982427
16.194048 54.550119 18.428534
30.228462 30.658192 17.585279
18.800022 98.153244 18.446987
28.118511 68.497608 17.044324
41.142222 28.502990 17.727145
97.118993 91.687126 15.592108
62.765066 39.167036 17.412920
74.105166 62.845286 18.624075
55.845332 44.649591 16.902341
49.494812 40.112562 15.736427
70.397028 59.817567 15.660772
41.644279 9.612687 17.303260
85.061143 94.054007 17.000427
82.117334 13.450854 17.113001
36.051821 69.956656 15.841046
75.651605 13.325088 15.875428
52.935198 77.536451 18.311737
1.071825 13.492979 17.033860
26.346365 1.928931 15.166212
30.173671 56.343661 17.393026
14.602701 25.580244 16.572701
58.906269 53.044815 15.485418
44.928301 31.733749 17.485252
27.645219 67.763821 16.669179
95.121302 97.896703 16.022491
7.282766 52.148683 15.535997
77.191014 71.571498 16.558563
67.513120 76.855643 17.792684
7.226214 87.060473 15.330311
82.905547 94.050210 17.096894
41.860573 9.786823 16.079536
46.167904 61.768546 15.529872
56.884913 3.303662 15.455000
76.697430 64.605279 15.306007
65.345217 64.275721 15.443623
86.332266 50.334920 17.339530
89.280386 42.931821 17.497793
4.447013 76.396444 17.883791
84.882882 28.888045 17.883996
82.768311 50.032912 17.126947
46.574307 4.945696 17.651549
39.010495 93.027710 16.185023
11.942583 2.390859 17.609688
99.731908 9.858184 15.614121
90.885548 83.749311 17.404918
10.459795 78.387936 17.299584
46.208012 11.578816 15.096755
18.299022 60.267263 18.027519
19.989643 92.639288 18.670785
18.504779 91.789019 17.073788
65.298267 97.055895 15.649374
35.409046 96.284388 15.485797
11.734639 26.465612 18.346131
47.310588 80.092689 17.657633
58.995562 80.334011 15.017940
85.004386 81.762289 16.191511
70.464694 47.851789 18.277738
51.392856 59.521672 15.987112
77.323662 57.123656 15.779162
41.795266 23.700905 18.223105
64.946044 75.633778 16.037121
89.802219 79.580336 16.450566
41.473597 40.065915 17.270583
4.243860 78.680359 16.407640
49.653920 6.738117 17.582062
54.336799 91.495846 16.425291
12.022543 28.447145 17.388074
23.388246 73.397652 16.648470
61.827616 50.482511 17.410693
72.716983 70.232471 18.479380
30.291169 36.432247 15.241731
0.083325 85.703268 16.875237
79.819957 45.833190 16.999138
26.945658 65.959334 17.009516
65.374752 62.871354 15.334647
59.017392 76.044229 18.110888
4.168392 6.117712 17.025735
16.342138 8.313387 17.080126
50.484427 8.598692 17.875826
28.008444 28.771857 15.805501
99.669356 14.047191 15.864765
39.288300 99.072632 15.016057
36.345739 60.636671 18.073204
97.530673 30.768963 15.481725
35.715470 32.196276 16.833187
94.326333 89.895769 16.776847
70.146909 75.820246 15.350011
65.355866 57.024439 16.989531
78.273982 44.892229 15.739585
4.988484 72.498138 15.638624
9.315810 33.126113 15.169428
29.688059 44.833681 18.187391
51.201433 63.094440 17.373681
78.476914 0.290068 17.243393
39.621216 50.517001 15.934782
24.759039 3.318701 15.197226
66.378281 50.065783 18.181022
17.220708 20.657583 16.331721
94.557419 8.251035 15.782467
94.011082 46.042009 15.655648
83.816282 54.875783 16.456058
85.632693 13.088314 16.623994
88.679009 17.077787 17.344234
59.914540 26.981490 17.464876
89.624244 74.218457 15.719084
6.769998 32.546163 18.613594
60.360013 61.457209 16.992162
95.013690 0.515749 18.293694
10.653999 74.999239 16.078637
37.254941 22.857231 17.795639
98.551726 21.251837 17.378165
13.807294 60.222102 17.196144
46.191699 47.761582 18.450257
28.825190 53.358604 17.163013
87.219375 37.936020 16.646447
3.316264 94.910641 15.375425
3.824911 22.570394 15.197116
28.504997 48.375110 18.464327
36.179989 53.873660 17.038663
17.666448 84.269148 18.384428
82.400005 40.557123 17.418128
57.650018 67.763139 16.734428
69.992535 90.432444 17.705529
18.231050 88.926168 17.029571
18.887691 90.659416 16.465088
34.662665 75.106888 17.965064
13.892442 85.481438 15.290442
88.077696 99.016001 17.928304
32.805344 43.255598 18.389689
83.841332 2.163181 16.859714
91.838400 90.274406 17.336766
17.933108 26.528057 18.488922
41.027808 64.323489 15.120488
44.527190 86.994425 16.196572
44.117169 7.211219 15.451048
65.616331 92.885528 18.228790
29.215055 88.284332 18.121781
77.665460 44.861269 16.739550
28.535516 51.814842 16.441652
15.587770 7.696957 15.378150
54.037161 71.424338 17.381639
39.711125 83.421462 17.088564
31.299704 1.336265 17.321447
45.742723 30.405398 16.433916
15.684227 47.141654 18.715468
17.859143 51.707472 17.876539
5.709265 93.335899 18.251329
31.730574 70.479472 16.161019
24.115787 63.506466 17.232016
8.021648 20.390762 17.839846
75.213706 65.257152 15.885432
76.572904 46.363236 16.365818
18.672754 8.600876 15.229852
16.673638 32.185058 17.349590
90.452190 3.423397 15.100349
83.811532 35.351042 16.065625
61.760395 55.918573 15.047938
31.001791 28.711242 16.365896
25.505164 39.757436 15.923467
2.080605 7.215993 18.090681
79.722972 92.627281 16.742613
42.943451 93.575825 18.452035
26.488008 80.029603 16.830237
2.370041 36.054931 18.292263
21.279864 55.855868 16.722952
95.509993 16.474982 17.103063
84.626372 59.422693 16.846155
71.128155 41.158372 16.941401
56.841090 91.973633 16.860956
6.452620 59.175262 15.105123
48.062523 21.903217 16.666209
32.479527 24.776303 18.207652
1.956969 84.312378 15.223361
40.817677 6.890663 15.315777
16.432326 45.560484 15.240208
37.356292 54.868423 17.674341
41.964671 22.953211 18.593434
51.100377 81.674905 18.069691
59.407173 34.605154 16.460330
56.730258 76.207336 15.706560
66.581645 18.448584 16.856679
46.932558 25.438437 18.199466
50.643601 19.793954 16.990909
4.981196 3.178257 16.693405
55.931440 4.539741 17.811198
82.897672 81.857943 18.249066
76.943631 23.013855 17.053289
44.448916 39.686562 17.312317
4.213914 75.423407 16.225445
29.196057 81.073133 16.758445
40.977643 55.060639 16.626524
49.540972 90.434558 16.833234
32.881258 79.751746 16.697812
38.559115 87.059013 18.425476
54.712128 54.911964 16.889926
52.602310 16.703650 18.656607
60.381643 89.301708 18.381268
33.290999 10.029478 17.923088
26.805046 46.833638 18.416695
30.964110 93.275568 18.125122
93.760600 11.354720 15.314051
51.615809 5.999404 15.705591
32.948922 79.811701 16.750173
82.243142 99.079732 15.832498
15.403556 8.915748 15.199833
38.083314 73.817067 17.543965
60.714805 52.298240 17.982867
52.377004 32.946447 15.504248
38.047415 99.660686 15.256141
19.486291 67.436831 15.291846
37.250607 67.407326 15.706279
13.969793 83.480293 17.264412
62.490715 26.627959 16.646982
77.495154 52.192725 16.526269
8.433739 83.576791 15.357967
80.014653 17.489909 17.765877
50.739060 68.474685 15.971501
32.448006 77.520728 17.886683
62.703735 72.950149 16.734839
98.673606 38.586781 15.711745
0.440624 67.399398 15.802739
0.734584 48.598566 16.120572
44.664906 17.794395 15.528553
55.723282 6.707809 15.184273
23.461743 99.482256 16.254318
54.478609 6.374546 16.434444
50.249797 36.259283 17.067154
58.637200 82.106958 18.078882
39.712862 36.884695 15.981146
38.919950 93.181611 16.264850
2.385764 37.247565 15.333950
42.541242 76.896420 16.639157
94.191659 77.953939 17.471700
59.772682 0.370528 15.760625
39.731867 44.783294 18.645553
64.192023 32.036771 17.170348
41.810090 8.138928 16.739246
69.892024 24.028353 15.655676
86.724939 5.024945 15.461329
53.536493 81.725638 17.171192
81.936974 20.249915 15.522313
38.109464 18.096075 17.131365
95.104089 65.973644 17.536707
67.331293 78.657755 17.221002
4.694528 36.455277 15.951078
34.970789 83.741988 17.234559
67.217802 70.357369 15.264419
81.290683 85.440235 16.754101
32.893902 68.164695 18.315388
50.029102 6.457457 15.451925
34.743781 27.876426 18.594901
82.923064 47.444813 16.031588
27.430968 61.577431 18.346898
21.899054 42.116953 16.989468
7.325498 18.984095 17.755677
72.025685 69.035126 16.744244
69.264610 28.632939 18.004367
47.262393 5.383005 17.601369
65.037128 17.153536 16.596814
69.106544 49.591490 16.286450