81.543793 14.907410 15.120574
42.095040 91.077567 17.179649
50.171654 27.714845 16.425195
58.151106 38.274223 16.315701
13.053979 4.612716 16.357768
18.218644 23.635978 17.416910
57.966020 77.672949 16.398931
29.096543 75.033774 16.416902
99.713396 42.879378 15.578040
66.783446 50.210811 16.604784
49.865010 60.690545 15.154257
41.214629 4.213263 17.007027
62.706898 35.662609 18.105087
36.306840 40.186128 15.237837
30.049365 27.522686 15.374852
99.818708 23.162893 16.677966
1.103558 83.596891 16.793874
14.613010 67.534668 16.774150
3.501915 23.220986 15.772471
89.537823 51.169039 17.029196
45.188743 30.861500 15.419710
58.816223 73.005570 15.997069
15.304416 29.247143 17.245082
16.574431 14.996706 18.037673
62.695810 44.337868 17.690685
10.609632 2.425046 18.150323
37.729105 78.817541 17.213218
10.909999 92.011306 16.659700
94.455625 85.837041 17.098583
49.720233 39.781628 17.858177
3.318040 34.078790 15.761599
67.995947 87.963674 18.336850
73.830329 36.801200 16.276010
27.610016 65.430137 16.938913
59.937939 96.484801 17.312131
92.230406 81.972746 17.803189
37.514443 23.313014 18.353443
13.561588 69.166561 16.520337
60.579038 94.448245 16.235828
54.124901 77.916271 18.728661
28.673525 91.446128 16.229634
32.321369 85.465443 18.434692
50.592749 87.465665 17.058486
44.570285 70.794101 17.601380
77.702161 71.845637 17.555202
66.105334 20.464446 18.634706
11.375349 48.480219 16.829229
32.557642 66.820707 15.985736
84.217447 82.456628 18.153816
60.555279 50.212107 15.150241
75.476046 54.784197 17.117546
82.296418 53.955717 18.701474
23.611603 70.221204 15.401987
73.980869 27.761894 17.402707
2.865529 7.249569 16.850992
38.554001 69.172545 15.352453
6.078951 42.037139 16.535226
7.616227 94.736364 18.260829
98.655551 41.490330 16.940735
52.172241 16.512000 16.482403
50.829978 60.894627 15.483475
72.632761 65.359304 16.921060
43.796507 34.367654 15.768553
2.311400 90.095109 17.689220
59.023928 87.191670 15.163023
87.208809 74.935716 15.158535
55.066108 59.307289 16.848021
94.135417 43.022921 18.423722
88.006758 13.899101 17.198203
20.467525 82.032060 15.896587
18.600287 95.233679 18.643176
11.065009 24.500452 18.522253
55.174223 95.224926 17.633321
54.049572 79.998813 17.952500
57.316903 79.917703 18.679705
75.572985 27.800107 18.047514
26.330047 46.685019 16.002110
7.401418 75.466898 15.397096
38.115305 22.111490 17.477676
25.123237 10.257193 17.915208
97.658146 34.881909 17.301109
85.930166 52.102185 17.998531
68.006032 98.236816 17.753329
64.016940 60.071041 16.334742
52.374199 61.413500 15.086254
34.162603 26.122896 16.435220
66.307844 17.937424 18.464830
25.081866 27.783765 16.414347
35.722020 87.515810 17.092267
32.157120 17.308002 17.540242
8.561790 85.738570 16.282417
10.192834 11.905543 16.370308
29.626573 81.115139 18.603818
11.730938 59.483473 16.075698
61.261803 4.500746 17.814226
23.868008 16.732926 17.245946
11.102981 98.295806 15.608161
54.677489 49.974625 16.958582
76.465533 22.934159 17.292658
63.709981 65.624479 16.726752
23.906430 42.333354 18.663303
15.214341 93.565668 15.523439
0.605310 82.430511 15.664160
46.688682 5.047978 15.564579
76.824283 26.278897 17.745313
24.058559 88.658998 16.378036
40.895092 89.528818 16.657094
86.713754 23.885461 18.676252
52.561988 49.267499 16.064062
52.854336 98.630988 17.807151
48.534869 30.131432 15.743820
93.357110 68.990350 18.666226
58.311241 77.691467 17.289916
68.515650 88.327885 15.684560
0.969546 10.021712 17.580333
26.586456 40.912613 16.996763
22.798043 35.556094 18.374684
68.393680 7.870802 16.792355
42.858913 71.584371 16.593366
99.938642 87.162553 15.120295
94.122455 86.149298 16.609492
92.248091 18.775748 15.040121
11.315282 81.880915 15.416340
73.119357 14.767791 16.763646
83.372090 41.192708 17.471829
70.781134 75.410461 15.188210
4.532904 49.530523 16.013393
59.364508 37.721642 16.870458
86.212831 64.578899 18.138385
18.730148 51.868237 16.436141
3.348975 53.294328 17.894383
77.875604 62.104141 18.220242
11.155061 65.450196 15.478051
77.788317 13.455271 16.843670
83.808304 88.519427 18.739773
11.911559 78.402959 18.057886
15.146863 1.401394 16.452467
83.744615 92.452240 15.269200
24.774258 94.740539 17.468132
82.562414 32.164993 15.314808
96.558605 76.090026 17.347047
46.237891 57.951133 18.131684
0.130117 16.105899 17.688051
48.606902 96.743134 17.980781
7.429234 47.255186 16.608876
64.782764 12.146520 16.114347
19.588058 95.877277 18.400533
15.138361 39.708129 18.244663
31.260151 0.974094 15.084588
24.629713 35.667624 16.080971
87.908167 51.745799 16.099240
25.813399 61.439386 17.085538
90.653105 82.395139 18.384855
73.680757 1.129665 18.165084
4.869293 0.919023 16.707715
60.542591 69.807877 16.967493
31.459040 77.742180 15.321276
21.297244 66.374386 18.154583
6.373439 5.531172 18.298632
39.172689 45.065716 16.084765
61.492028 25.546199 15.404383
57.443609 64.148839 18.422931
93.413119 60.799927 18.048968
83.902148 51.723623 18.297737
60.164587 62.107311 16.212764
4.074540 99.486976 16.027021
29.432823 95.681707 15.355774
41.032736 58.849674 15.615549
87.706988 8.869236 17.529886
91.834244 78.920799 16.463010
15.466499 48.250464 18.687404
68.860059 11.963424 16.731640
6.012859 24.118465 15.967740
79.083071 91.108477 18.515964
52.221107 78.804354 18.607012
90.501063 94.165916 18.156508
79.570486 38.972205 18.469349
93.297896 97.973877 17.020071
63.858749 41.568735 15.064066
16.784694 1.373031 18.598151
23.774936 61.123774 16.195275
81.246566 13.805584 17.527494
96.529105 3.347774 16.123128
53.549170 73.272997 18.497380
88.333501 18.470978 17.290923
61.474935 84.758967 16.503741
56.247373 85.660885 18.001247
5.866624 0.965236 17.705979
6.307099 47.790622 18.579897
93.456937 83.330511 18.335914
50.380740 54.797562 15.273110
34.775181 36.961310 17.315805
91.930010 19.973707 18.098920
32.173365 83.995436 18.575229
48.431874 54.058597 16.420754
97.033156 63.882071 16.417394
63.108432 26.578336 18.134617
8.149095 51.516656 15.692755
79.181333 27.727795 16.703196
15.768331 44.496098 16.871787
44.148099 41.651798 16.859612
6.657197 98.144157 16.725100
39.103057 75.289248 16.775121
55.206078 74.580270 17.299056
84.752161 73.457313 18.591176
18.598794 72.696128 17.990526
49.911918 24.587562 16.872828
83.256529 76.562089 15.076847
51.007203 74.878553 18.529590
92.522860 44.112286 15.155019
99.290225 9.417638 17.219759
0.583711 97.649403 16.032328
3.961330 78.038669 17.123322
9.044450 88.618623 16.228250
68.407928 19.257795 18.021365
72.718557 45.416564 17.345721
83.825033 59.792919 16.051397
1.699670 95.697456 16.577695
20.669876 86.060644 17.864238
22.784264 9.600242 15.518083
17.755138 98.414379 15.635985
21.429219 11.306238 15.066460
47.908922 91.993615 16.558804
63.943003 53.689847 18.646978
72.775433 8.724662 18.729103
40.394267 25.741113 16.343738
49.303523 2.210516 16.902698
80.721270 37.049735 17.036320
79.489837 71.886876 17.565096
3.370644 11.604684 17.318713
11.622270 52.484870 17.120247
4.958723 96.885522 16.778194
82.350670 37.825310 17.194413
88.897503 87.023909 15.775405
51.787095 46.689243 17.229422
86.415248 60.972334 16.832371
70.822663 46.264441 17.828786
43.640820 10.498330 15.494141
51.793226 33.104744 16.806295
21.089180 16.617173 18.386102
11.813508 99.993211 17.761305
5.993152 10.367087 17.575481
50.219630 84.777682 15.064939
35.244713 8.655255 15.335002
67.576061 73.357411 15.966676
12.652246 42.037389 18.130418
42.170864 31.321814 18.004155
82.804724 87.343102 18.303020
55.092554 98.345343 15.036897
99.258006 92.452418 17.703668
99.166735 54.562257 18.415832
6.034483 84.810927 16.415563
98.941814 74.436228 16.871519
37.933713 37.750920 17.603105
65.196500 19.496499 18.043015
18.672937 94.440287 16.840202
87.450625 42.498503 18.551019
91.958016 67.883392 15.007053
19.845015 73.608134 17.201703
10.573621 67.310130 18.020222
11.706752 67.258516 17.128211
25.003176 23.349396 17.580596
14.487466 41.305877 15.095285
96.633248 45.801030 16.988666
27.782068 24.084625 17.811999
33.266918 37.925580 15.577518
9.421710 29.587273 16.713252
78.670270 74.570161 18.213096
37.334866 57.463574 15.566385
64.642510 90.872207 15.335075
37.639197 61.503351 16.595261
4.841030 70.343073 16.059793
83.418196 26.658321 16.135830
79.933307 81.636099 18.356713
69.813852 97.616690 15.481455
51.391924 32.331070 15.558241
5.159131 16.451065 17.230760
79.589797 35.715426 15.232342
40.760403 24.300657 17.806243
3.659736 0.243585 16.099815
6.178566 23.936903 17.653341
51.086708 28.973383 15.594153
26.423700 25.973428 16.581616
3.286010 79.938938 15.243148
16.425831 18.607321 17.607836
98.125306 20.136725 15.532891
45.391601 90.679871 18.468651
79.627650 99.819007 18.334518
17.511785 71.465460 15.215235
5.735955 4.901410 16.124594
87.226809 20.335319 16.051808
20.706077 0.069919 18.108443
57.102589 72.592305 16.157842
16.814573 16.651030 16.984013
64.109000 8.346220 17.664866
29.186711 33.171871 15.956652
47.271620 38.404426 17.460448
79.835711 14.976907 17.003875
50.144999 41.754127 15.904812
56.799567 54.578973 16.898266
40.277772 3.133359 16.381829
75.881374 84.098041 18.473458
44.630190 46.599079 17.709216
8.682481 86.434762 17.421407
65.158948 38.128500 18.702481
56.773161 10.997321 15.940867
36.172993 6.010578 16.722937
95.525419 1.473128 17.427997
68.298272 49.617249 18.111277
71.449197 30.439885 16.404576
32.726227 1.356998 16.108420
17.577707 39.788295 16.118719
42.724230 99.304850 16.302034
64.947087 73.975354 15.629771
89.463185 85.299703 15.072897
16.832072 34.439991 15.327918
86.043090 66.896030 15.774628
5.209354 63.019524 18.368340
14.481644 77.564755 17.618061
75.821855 38.340274 15.647843
8.091452 82.125143 15.287167
58.915506 46.540089 15.025998
66.196518 92.256256 18.632461
25.807675 18.782769 15.112074
3.140089 30.520138 18.545905
2.322647 4.316005 15.010573
90.383315 50.547708 15.489844
25.554105 27.511337 18.389315
26.948958 8.859336 17.863951
3.056134 57.889336 16.554215
78.931185 23.182290 18.244052
93.182355 10.569575 15.495168
2.255379 0.572928 17.467768
42.063293 3.185372 15.697506
41.492024 43.534046 16.428699
9.157034 64.033928 16.413915
80.563361 19.308167 15.338141
17.353179 16.769558 18.084526
96.209263 56.549513 18.278840
48.624082 61.617819 16.760456
95.965428 59.167558 15.920111
71.545196 14.284213 16.176419
84.673531 7.930653 17.254429
90.279810 35.582382 18.215380
76.648900 22.631693 17.705368
93.488755 67.147153 15.264330
5.480917 40.577472 16.017713
82.323434 92.905378 16.884088
60.654781 38.919330 16.574463
40.734565 88.186316 15.423007