34.314755 87.349647 15.034666
83.108239 72.611641 18.552907
62.196848 96.618922 18.277974
95.911079 92.760283 16.968985
6.300924 36.295606 16.334270
2.658764 94.336497 16.931032
69.906354 33.547135 16.525756
84.319015 72.486057 15.367672
87.034378 49.873417 17.778873
71.349406 57.257396 17.694005
60.055182 5.542237 17.408280
57.094861 72.048005 16.703068
82.859986 12.190170 15.125124
76.355171 23.153588 16.528180
56.988676 82.638250 16.781837
99.848867 68.039357 17.590536
22.373238 25.560446 16.336723
38.813507 77.271590 16.170873
40.494205 83.080118 16.849055
89.651095 1.508960 15.728820
27.280869 86.896052 18.039764
1.312074 60.201118 15.092585
63.263142 2.105449 16.459229
0.486409 24.086444 16.493889
53.836874 4.707609 16.215167
14.520704 77.575783 18.685309
50.451846 76.538203 16.675152
16.525802 93.567404 17.735249
7.854354 47.537398 17.231742
92.384331 17.136197 18.230431
18.589256 7.588437 18.524207
24.472090 70.537649 15.679439
75.468786 41.205428 18.642561
74.165661 87.072093 15.248056
22.396315 66.785226 18.342961
7.339381 91.786621 16.430285
51.120945 20.660545 15.935472
65.225704 8.196992 16.686365
45.162760 17.535329 18.048331
99.150615 31.544669 16.163053
83.013727 60.109762 15.203783
94.651775 4.960168 18.655327
50.419548 51.155510 15.789800
96.872264 37.510440 15.245042
26.380818 35.066400 15.521127
58.536032 53.891167 16.855455
69.816314 29.690899 15.416647
7.249836 54.312118 15.403401
44.553945 97.902543 18.646322
45.818594 10.631769 17.188275
53.395622 42.285929 18.307787
30.095561 69.090210 17.742080
4.175341 42.226599 16.761473
26.924381 49.449059 16.206523
14.748243 84.382319 15.733937
48.446311 51.926084 16.236272
43.650398 84.689689 16.069513
26.697547 92.142474 15.355668
66.703839 11.157090 15.360230
39.115532 57.340588 15.448775
79.138444 98.897558 16.282571
9.402180 3.947580 16.802883
8.970010 87.659752 15.989616
99.418695 50.404182 18.310365
74.140590 59.384448 18.659591
19.854081 44.964017 17.339202
57.375724 66.862828 16.547326
10.681437 27.422581 17.147856
65.020190 22.334958 16.660693
21.373452 97.311859 16.827596
21.223951 48.688452 17.611581
22.730156 18.967465 17.661243
34.670201 40.809066 17.037508
27.554665 92.452752 16.970493
8.590067 54.058015 17.876464
36.693245 34.037790 18.330265
19.341941 56.775063 17.457351
37.748841 21.071151 16.852022
29.849075 40.575448 15.488304
90.885853 2.262320 16.683525
16.487722 40.838831 16.463491
22.910779 98.630371 16.806171
39.795798 79.838206 15.243020
24.252414 75.483267 16.799155
12.185393 75.625292 17.705109
95.614530 86.622053 15.560064
18.757501 69.617556 15.541563
30.643196 4.097630 18.137870
3.306962 22.317081 15.647999
58.847830 89.773222 17.885362
35.492612 23.151722 15.323298
10.238284 23.741089 18.060335
9.412472 67.296182 18.489165
2.096423 50.257244 17.847302
61.904111 78.551626 15.670162
30.996104 37.697687 17.842545
23.903778 92.651472 16.228040
34.938957 84.346031 15.856602
2.962824 47.826832 15.612990
56.366522 16.828485 15.548296
78.483320 46.970112 15.305825
66.815232 67.738702 16.554245
51.058243 12.232110 15.358157
12.204508 57.307591 18.358577
16.833058 15.973395 15.895439
12.290599 82.499577 16.383455
50.198410 33.279354 17.133457
90.214374 2.253707 18.600709
71.996244 49.982398 15.626112
28.055647 33.911258 17.324381
36.871478 57.071279 15.862269
82.221891 20.990397 16.950946
78.708915 71.082408 16.970363
7.769381 96.726532 17.073623
39.887224 63.830397 16.682146
57.323243 15.594756 17.468142
89.278562 80.168130 17.483122
24.389306 58.893570 17.908778
35.392220 42.301607 15.827489
3.202194 87.411155 17.307245
44.031161 49.801469 15.053364
62.535478 98.453250 15.632406
66.028877 73.984168 18.213100
41.062653 44.615394 17.294073
52.749091 28.948453 16.392338
95.917389 11.305930 16.708667
47.688873 87.678329 15.135090
21.944587 58.644295 18.696124
8.689441 9.600383 17.897638
78.394261 16.223772 15.316805
9.367446 43.746895 17.559705
15.332201 41.137777 15.523677
73.867555 99.702419 15.181991
7.666306 36.622856 18.387486
63.971869 91.771165 17.154028
80.801264 15.840846 15.250453
48.420533 10.778378 16.328672
15.093023 54.981890 17.870135
13.639235 27.420442 18.088069
49.247971 24.544588 18.233663
81.539854 40.124635 16.874806
3.807317 33.860629 15.365623
56.769440 41.264352 16.796706
12.842488 58.474133 17.138921
58.323742 7.509633 16.058063
81.251615 20.500137 16.755669
36.856560 58.582678 18.059776
85.202363 53.385958 18.156405
82.396530 61.583150 17.221020
4.074607 24.517011 15.988930
75.433045 5.195104 15.558409
93.819224 89.927530 16.160507
8.731220 57.976703 16.697381
68.319398 99.538948 16.423303
10.043867 9.004515 18.520109
34.580416 61.665911 16.233529
62.510444 69.236586 16.630950
16.566837 55.813359 17.015026
52.301952 3.939915 17.530368
81.561676 36.191701 15.071833
60.496646 5.599360 16.054862
2.476516 86.743732 16.448056
84.143305 15.093864 15.621359
63.687927 88.894969 17.371906
41.372276 71.868096 17.809969
97.494498 18.259660 15.592941
80.017371 64.850502 16.620689
31.980095 19.639544 16.092030
17.740517 31.795188 17.552811
77.020862 39.832930 17.178445
7.792177 29.219965 15.412969
49.938051 6.197648 18.153664
64.413238 72.593732 17.542515
79.203400 49.035472 17.568144
67.280554 31.824815 17.038653
79.063702 36.564293 17.549511
79.383936 93.940703 16.157184
68.108141 89.016191 18.012203
9.651499 21.723541 18.579981
53.559239 3.510121 18.608342
55.266209 63.887557 15.469348
71.205562 6.729331 16.723574
37.588922 31.927814 15.078643
11.746300 45.090238 15.842464
29.325668 25.663830 15.383346
75.832353 63.363027 18.196758
24.272966 92.927219 17.402092
30.452145 88.869189 18.649785
23.076527 96.489039 17.891001
68.279989 81.076165 16.013299
35.961045 16.590865 17.899506
31.685141 43.500399 18.173036
88.666385 52.398713 18.067614
73.965966 95.047011 18.317715
4.268000 54.868279 16.454792
21.620969 8.463391 18.648815
13.019825 63.227945 17.825861
57.091785 19.586271 18.711080
98.689795 96.132250 18.220388
68.271219 13.956556 17.037164
98.348457 63.625640 17.127932
15.483655 19.350657 16.624070
61.401088 95.713268 16.889364
61.287269 0.311399 18.458394
49.462601 42.151710 16.914696
85.208009 74.437688 17.947073
97.446074 11.809826 17.701539
53.395843 22.890032 17.166689
91.744513 57.452902 16.675746
2.702056 83.724929 17.251346
44.292857 66.091463 15.851702
40.000764 67.097012 15.523780
45.953169 46.010925 16.636810
47.165793 74.314375 15.185805
81.021841 87.112066 15.364288
78.022200 23.018004 17.026011
84.744481 46.981150 17.416973
99.552713 61.718892 17.001920
75.181015 94.748939 17.390126
60.191376 9.874556 17.878777
93.529524 86.956302 17.870140
37.718347 78.444001 18.136719
79.564446 35.255266 18.733984
13.987236 72.734575 15.457791
56.012948 17.349532 16.777824
30.040791 62.992797 16.565403
66.763311 31.369875 16.805853
86.390783 37.624460 18.234204
91.838976 83.180860 15.080172
66.434272 44.595487 17.042393
59.601076 15.919621 17.475850
74.584619 17.271874 15.554856
98.248253 24.153909 17.561393
86.634180 3.086513 17.642227
93.852850 73.441632 17.311294
85.914166 73.638490 17.105376
85.904635 73.506206 18.688823
83.425956 65.459884 15.908516
49.057965 2.266229 16.182689
74.884822 99.333371 15.172362
2.108811 92.445502 15.737121
78.046763 52.660776 15.438463
9.620017 14.177084 15.342285
36.583962 29.035217 18.282466
56.818366 67.017947 17.316997
78.762745 94.587119 18.636117
50.118394 76.272225 16.785573
80.223553 13.157772 17.277741
10.440635 0.211341 15.723466
28.577952 12.262933 15.540360
76.023981 25.941974 16.827121
25.369554 4.688813 15.394828
77.820864 2.664618 18.482170
84.516771 93.911849 15.972105
68.334610 25.445954 16.297743
61.467323 85.509109 15.150462
56.390164 48.397779 16.658926
73.021973 96.488558 16.362608
75.007582 49.844061 16.679670
44.574636 83.711125 16.632391
14.520543 95.321608 15.498351
55.257682 50.801873 17.073835
67.644762 43.744237 16.082711
35.914195 22.967377 16.050602
60.136167 84.489030 15.010152
97.112730 46.749638 18.406836
19.828882 96.428378 15.104528
91.599167 55.759666 18.611926
69.366071 11.077479 17.206964
39.044537 15.437479 16.401511
45.407082 2.624705 16.723781
99.248633 61.981695 17.790193
17.346007 15.212080 15.552234
41.506462 73.093018 15.287064
77.057554 29.645419 17.636431
98.248857 56.498317 18.079834
96.333968 26.500755 18.301334
51.988728 32.404059 16.966558
77.390596 80.170680 17.943559
44.868321 4.751618 17.705726
87.755638 41.720333 17.366891
91.193850 26.603384 16.785182
90.597219 77.030901 16.324898
43.902540 89.249127 17.689110
21.362523 86.538989 18.714159
13.342835 29.607657 15.185905
80.976574 40.301119 17.267541
96.272408 22.170022 17.866653
32.218533 78.975968 15.757637
39.723629 11.904130 15.513238
64.338502 8.756099 17.637374
56.201642 10.622561 15.809340
63.521730 17.460033 17.342074
36.638283 73.073470 16.825129
88.718087 82.415840 15.710659
97.224822 75.053095 18.241770
4.746191 61.625203 16.893343
36.972513 71.502607 16.560697
36.901138 69.751547 18.144043
66.663936 3.625384 16.609635
84.708588 81.727953 16.062878
87.189602 66.491459 17.741866
34.041075 92.457981 17.762070
84.896237 26.986912 15.984650
1.809813 57.998759 15.099681
35.675466 19.873603 17.015081
58.113882 41.237288 16.816577
96.468925 27.380878 17.272914
18.624135 74.349929 17.857291
55.670814 53.668316 17.843829
15.026898 15.883563 18.598432
36.043713 45.972253 17.227971
2.979117 45.689804 17.127566
96.819289 70.154472 18.492952
47.145851 13.914200 16.084629
66.169934 38.882955 16.525976
14.024218 67.421200 16.889751
61.206579 43.842950 15.984279
15.801678 40.809793 16.469928
62.525462 55.917646 15.211282
42.295312 47.965448 17.643505
12.366915 35.691566 15.864566
38.718559 86.815962 17.214138
69.187909 86.092787 15.558379
18.245977 58.528750 16.904841
28.911406 39.359807 16.170074
7.495320 22.334769 15.546988
8.143864 19.000809 17.829302
76.866637 82.242472 18.008544
60.223076 55.942369 17.829131
81.115682 18.599765 15.325241
3.089628 43.277944 16.095406
13.064590 92.340603 16.414038
24.749809 7.719907 16.879647
45.691187 50.649031 16.808345
31.997689 99.866758 15.245768
62.569438 26.178963 16.482188
8.772967 7.767027 15.895715
79.791494 65.449315 16.037835
95.280956 12.485321 17.429546
58.904781 30.470446 17.615354
5.503518 7.798953 17.542293
93.502200 36.422523 16.974278
15.180776 81.024716 18.375398
30.269286 88.735067 15.804132
48.562622 88.711179 15.553170
87.465373 69.258905 16.867832
16.493639 5.272102 16.148118
14.951990 38.868490 16.907150
24.363524 91.560935 15.282015