87.076661 26.553496 17.569139
78.748212 29.464516 15.168832
26.132690 84.954497 18.350454
2.383727 58.776857 17.529762
61.847050 30.349790 18.707640
72.070119 23.222695 17.150149
34.806672 79.536219 15.812627
98.469703 8.867992 16.350821
88.276043 5.052684 17.008328
35.799472 80.994176 18.425308
41.726258 89.188900 15.739860
1.996914 55.202338 15.204278
87.757337 16.416134 16.982352
72.097173 68.252458 15.164534
94.512687 97.127625 16.800841
20.500536 39.024170 16.652607
8.028398 63.224355 15.649482
8.505091 73.303614 18.183143
51.032400 36.320305 18.040088
68.722247 54.213681 16.219310
98.899127 89.360841 18.041228
86.121291 68.864021 17.557930
85.535252 22.124445 17.228082
71.716886 19.622414 16.177189
2.956449 46.254734 16.461527
99.690571 18.534145 16.291923
7.151893 12.531536 15.432362
30.546382 63.048892 17.437291
95.287539 87.237857 16.847235
54.226284 11.285635 15.931442
74.404572 75.610649 18.195838
79.103339 77.826486 18.476928
2.181806 11.924432 16.958834
51.248961 72.959579 16.808358
98.871950 89.849635 16.903817
74.852328 65.908136 16.659480
77.450161 1.198072 17.273578
92.599568 72.863803 16.416786
40.296490 1.858022 15.968232
84.687651 99.182915 18.460487
93.303340 29.961710 18.181211
46.517276 92.938360 16.035179
33.852440 28.088376 16.114159
98.981526 82.166666 15.295269
11.814358 84.349732 17.344651
15.444960 90.950528 16.310392
31.634722 84.197828 18.314541
27.028268 49.065676 17.876869
49.141984 45.234318 16.889238
84.510812 42.502844 16.593357
29.803629 30.362934 18.258014
98.157716 41.744789 18.701391
61.334482 18.876878 17.759957
0.802969 29.366111 16.904711
94.990319 64.239385 18.434233
42.076994 34.683523 17.768166
8.162092 29.507746 17.794726
58.230814 40.924898 17.358640
31.997434 25.492792 16.673847
65.451143 62.148630 15.700050
40.529637 30.988109 16.949506
89.369891 61.445887 15.902507
83.872494 6.181810 16.534991
70.324367 43.751728 18.393262
13.301909 32.642067 15.255833
91.594615 24.770408 17.808478
83.051029 70.107849 16.007559
83.136148 88.888750 17.827157
29.523763 1.612391 15.597877
11.665488 72.277890 15.951252
60.653605 35.179616 16.776678
23.772691 98.468524 17.951788
90.359028 85.552219 16.230498
8.630983 78.873644 17.150745
47.228058 14.581564 18.399132
49.658065 66.010926 15.643921
18.958106 50.254105 18.598342
53.867228 79.952098 17.956683
47.681303 16.606978 17.315870
44.929749 46.750332 16.055613
17.303262 67.979448 18.670611
47.399686 95.383286 17.214104
26.745320 23.608580 17.565118
80.906577 13.907357 16.465460
56.901655 39.132728 17.840922
23.795462 30.996412 15.236966
37.827489 85.040133 18.401115
16.923152 5.789159 15.039445
43.603362 4.116452 18.423673
18.983049 52.408007 16.983070
86.641078 95.011848 16.856723
70.789938 4.654311 16.660769
1.720287 67.374003 16.877034
22.394644 9.664960 16.732609
51.250886 23.719058 16.592123
44.331792 9.126171 15.378582
97.189296 84.185900 18.231481
60.774807 62.665128 15.542624
7.709741 98.972389 16.158500
87.304852 0.747067 15.033523
28.130716 5.322033 18.631235
84.832120 31.495034 17.857135
13.923042 42.414950 17.999633
31.044802 20.049420 15.551995
89.245477 66.189668 15.405942
84.581045 64.931723 15.802479
36.346846 77.083956 15.043929
90.135494 90.423683 16.103578
50.522586 99.367178 15.617351
89.621133 96.169689 15.330576
90.375579 60.382805 16.901419
31.661434 45.834113 18.321941
10.802357 40.360456 18.310507
22.901934 84.325528 16.577726
42.201514 17.602913 15.541270
14.444761 64.776011 16.891132
49.111776 97.695718 16.836010
87.972341 67.725127 17.156482
69.402429 34.343500 15.220362
34.932412 15.760217 17.499546
33.554343 80.834249 16.052878
35.418902 43.826345 17.017106
91.075849 82.676492 18.494505
48.715759 73.231592 18.380523
73.483374 91.125399 17.213071
32.723837 61.037111 18.565777
36.893147 74.108171 17.657781
55.366948 3.832216 17.949733
20.641367 57.322426 17.208972
52.264121 26.970145 15.076608
43.812765 2.045954 15.350724
46.160498 50.754390 15.636400
48.898087 80.825742 17.332752
20.337633 83.532508 18.399076
62.084700 85.618576 15.506153
37.446819 60.455833 18.048550
18.646254 51.783629 18.207231
29.010712 82.718931 15.405129
12.578089 79.217986 15.901926
82.840497 50.379951 15.247119
96.680365 98.628336 18.506592
12.886614 25.219503 17.197035
51.408392 21.171091 17.654183
34.211825 51.908639 18.085430
45.788189 75.692057 17.127726
60.598324 97.384814 15.779721
29.135563 41.431029 17.535347
99.410573 84.136972 18.113517
65.177209 59.358926 15.254430
57.970629 67.306230 16.464575
9.286817 72.052654 17.624762
25.255298 70.190342 17.870976
97.230420 16.912936 17.669984
20.260827 6.832206 18.195950
99.753449 79.927550 15.987954
91.278110 27.619441 18.116230
65.701440 42.958625 15.574781
56.483549 3.425513 15.626578
4.305526 93.288509 16.299539
30.380614 79.797676 16.356898
33.024623 87.098182 18.115167
0.664688 89.848440 16.471947
57.806038 96.276566 17.992620
99.191169 51.961204 17.962008
48.127972 75.683280 15.154609
54.770061 12.733407 17.766806
44.724061 68.047137 15.602914
77.751827 43.178153 18.316846
93.602626 9.379978 15.339808
47.938815 33.983412 17.518973
36.568034 37.822326 17.133099
74.184445 59.119256 16.341831
13.791697 75.639198 18.205928
95.598924 10.545557 16.925154
82.872874 16.206927 15.765268
63.929570 4.823584 17.929540
27.625860 40.508968 15.025991
18.812870 70.474641 16.461780
65.685574 22.067245 18.728549
65.206089 18.903033 16.742833
18.920274 61.011026 17.547696
61.488686 12.514847 15.915788
2.694587 83.072198 16.595316
69.672858 2.002610 16.452422
11.344948 19.816403 18.117951
10.904419 12.947982 16.735226
96.379396 27.371491 15.022785
30.778308 73.830414 17.715287
67.587283 8.711026 17.521764
40.219134 34.164687 15.573210
52.035210 56.843113 15.236581
57.271642 43.060925 16.935225
39.486688 81.432106 17.923243
95.959865 75.604887 16.682158
67.514974 22.210246 15.209381
70.713112 40.242840 15.991295
29.265615 33.338634 17.174740
39.932353 12.839462 18.354262
23.392630 42.918492 15.850129
37.918073 31.597562 15.417138
19.278858 53.801781 17.902855
11.199919 4.305708 15.103316
19.854257 14.945061 18.412728
82.862800 23.310661 18.491102
56.165196 4.495675 15.509276
79.402423 28.227648 18.570139
43.977301 22.574213 16.390059
83.582998 7.567280 18.439197
3.066707 82.603795 17.224320
2.485802 86.778054 15.523419
34.491624 60.614575 15.169382
69.851448 62.103884 16.147717
67.307646 88.465512 17.902562
11.205084 24.563014 16.673202
77.826205 0.232315 17.491370
12.377654 11.047182 15.866160
95.629170 28.774723 15.338140
61.566483 65.670078 16.795583
37.657321 0.507963 17.374825
71.701537 32.736142 15.757100
63.416750 8.020525 16.074694
96.144839 29.314486 17.367315
99.727224 65.477396 15.832031
35.170023 89.293119 17.345224
64.016820 56.409441 18.523842
9.939526 68.659181 17.723865
55.508534 5.113136 17.913054
77.199911 95.015445 16.459794
36.952190 40.447097 15.265482
47.003083 30.902432 17.395415
66.421970 22.530792 18.332895
76.480054 2.569703 15.634690
90.465296 18.304519 15.313294
77.799126 83.719594 17.761920
40.503763 94.394619 18.121304
68.498654 6.504721 15.349211
99.016903 39.243665 18.424250
27.744670 87.996770 18.234644
96.180888 6.107178 17.628749
58.991383 46.376202 16.116802
85.939665 4.357523 16.022462
80.544601 3.219656 15.429451
81.775172 46.318174 16.157315
50.935310 5.226322 15.127987
28.010213 72.372498 15.613416
34.996876 1.697388 16.307606
72.235692 91.516267 16.828099
44.973213 11.134151 16.732081
53.788421 78.895713 16.332657
88.558727 60.913290 18.037599
55.702977 18.615787 16.639206
22.633072 19.315782 16.557198
52.136728 11.727991 18.580685
47.527944 62.894787 16.386424
75.594994 41.497975 17.471265
1.458590 44.812787 18.206870
46.085167 22.807583 16.717518
35.215061 71.591995 15.374991
52.495746 33.638858 17.724106
70.299148 41.163850 16.180478
27.601974 36.357774 17.560469
2.347318 21.761374 18.166926
24.740728 81.028981 17.787910
72.221029 69.604668 15.891937
90.057576 96.304858 15.028645
65.767208 15.015547 16.173325
31.801808 51.344102 15.298831
62.283583 47.062087 16.468835
19.917519 49.460465 18.379527
16.978932 98.609521 15.192182
73.077889 10.336102 18.588265
65.359803 88.717109 16.463580
13.262280 9.819993 15.913057
9.897253 86.847851 18.664449
35.034006 31.734642 17.123716
66.115025 17.994107 17.721354
15.808610 49.191443 17.551496
38.738332 76.858796 18.368407
46.903586 14.051043 17.388628
60.828836 49.508093 15.487275
20.263135 50.201787 17.436612
16.909380 5.051031 17.858821
83.116554 40.400391 15.335236
81.653394 2.562564 18.262733
55.927705 73.189425 15.331126
7.317298 7.993446 16.496510
5.808003 20.803943 18.405350
82.019355 26.821605 16.284097
13.447852 91.571537 15.549487
20.722605 13.756976 17.902197
96.962015 0.573882 17.623391
98.331579 48.669142 16.301721
36.842121 21.273143 18.108419
30.662982 37.003036 16.647659
13.828415 88.528319 17.523417
38.106638 82.590100 15.881711
35.236256 95.392618 17.617769
12.920105 41.861798 17.463063
79.877041 50.786393 16.971090
33.052572 77.416330 18.675963
76.258048 6.054309 15.165054
32.951086 89.731302 15.145687
53.149294 84.337245 16.434991
74.723756 0.407027 15.185380
85.187998 99.328614 17.147846
96.758076 91.460386 17.905250
59.708948 78.199022 15.878439
26.149334 54.280515 15.150794
16.537047 42.435073 17.448595
74.762111 5.490320 17.115633
91.671577 95.593909 17.192329
56.526023 75.785639 18.048049
15.111441 26.314029 15.341202
16.260671 97.227829 15.367052
54.845413 85.854114 18.555570
54.138527 37.147212 15.372025
23.315781 68.788920 15.958574
22.705802 18.093025 18.487821
3.824302 18.223829 16.607106
2.100339 87.376552 17.604889
69.241575 90.160388 16.512142
77.870024 77.062392 16.027768
87.149430 94.258082 18.462761
73.371351 96.467322 18.547707
54.350498 2.731404 15.175572
13.013940 60.434340 18.300675
18.577215 57.499346 15.502130
1.094752 65.583564 15.786850
79.057711 14.341982 16.649732
16.178231 32.454428 15.431001
94.453144 77.230244 17.736984
25.706587 62.436495 15.669759
54.148332 20.208894 17.720023
8.163395 79.885243 17.637395
82.629810 65.408146 16.077221
9.571782 41.283557 16.515662
53.043587 38.800761 15.495182
9.681861 16.246136 15.513812
91.175465 27.757106 15.138846
83.917320 50.213518 17.346540
14.803742 48.006690 16.423819
24.029463 36.667039 16.448396
84.768650 32.074129 15.736689
30.367826 19.096782 17.607729
86.371491 60.709050 15.017373
29.582415 44.843782 18.279480
93.593851 30.842687 18.440607
46.571518 71.962282 15.276819
93.649677 4.222974 18.203353
86.665717 76.058252 17.639796