70.992080 26.942209 15.759443
86.174055 15.627241 18.487495
86.304479 80.660071 16.988736
79.630745 39.482670 17.095681
69.081063 89.038428 16.408524
90.401164 91.052382 15.438778
66.365731 6.176897 15.839584
92.948435 64.598028 18.145200
47.753863 54.051356 16.868625
34.496717 69.114744 15.180084
17.743616 75.444982 15.071371
22.512348 76.683809 15.689390
35.368315 39.123701 18.255280
12.902722 94.996259 15.002857
6.323690 37.669185 17.904888
4.951597 39.118977 18.302787
60.758855 74.435301 15.851349
42.512801 85.989904 15.944744
37.277347 72.562746 17.430028
6.051714 34.914179 15.507329
8.712274 63.151258 17.693698
86.522683 88.219516 18.475367
12.158458 45.787703 17.030687
58.690510 66.093397 17.323727
15.521969 54.319738 15.599076
47.696779 53.469635 15.117945
71.627707 0.900767 18.435949
52.339395 66.561193 17.310305
82.682705 83.389779 17.279850
72.146514 20.701506 17.437133
45.633772 94.555497 18.004864
85.534540 44.334669 15.494584
81.238777 25.699734 17.350989
89.616304 33.844437 15.435530
86.616784 77.796478 18.028742
77.669645 74.502955 16.787538
78.012879 23.885303 17.579131
14.256905 26.608479 15.433627
61.020236 74.421720 18.356851
4.325458 9.949524 15.863303
23.319089 19.297481 16.893079
89.714227 28.032904 17.288439
22.831898 48.493012 15.286577
7.371744 57.012166 15.052827
35.616140 73.521135 18.045442
1.242205 61.345086 18.133482
71.523131 62.377956 17.511048
99.737055 56.233584 17.433781
67.842770 33.583405 16.936822
34.920298 51.416771 17.459997
1.090487 61.638549 16.248869
65.353499 71.078140 16.485249
59.064396 13.677484 15.149974
40.386328 85.322546 16.270018
31.664802 99.761390 16.341062
3.597444 25.260183 16.800891
76.057523 7.497428 16.021001
58.763811 86.405250 15.495247
94.123350 15.822787 16.035591
2.535373 24.168094 15.114699
78.912575 88.737653 15.806024
76.723793 0.270934 15.904561
55.256001 58.619475 17.207249
94.935881 23.497260 17.976429
8.437085 79.670945 16.082556
66.395061 20.145547 16.723495
0.697800 96.323656 17.937955
12.874704 64.078602 16.400867
12.493170 16.509219 16.428535
57.611399 12.363706 16.644276
69.205865 69.662829 15.684872
2.436588 52.727740 16.394219
62.750541 77.974935 15.946086
43.609863 84.471595 16.175284
40.135824 12.927280 17.300566
92.243772 21.822163 15.164890
98.151439 90.861153 17.274205
95.032466 31.761939 17.543277
15.020112 97.133751 17.339093
77.704613 14.412073 18.417317
84.769314 65.608332 15.460009
81.907078 42.811052 16.955476
58.052138 90.199791 15.475128
15.712205 91.924961 16.262370
25.430487 27.817727 15.177648
81.767728 77.359823 15.210614
30.662646 86.198968 17.161973
8.606353 65.642907 16.150278
81.773104 17.789759 16.798014
78.215761 42.435875 17.165986
36.941784 88.616595 15.995276
69.410079 82.962487 18.493344
26.929672 32.320936 16.524507
74.115273 6.205029 15.403031
87.291604 80.913466 16.744293
81.482992 77.492623 17.575797
18.637188 40.418280 16.466572
26.300660 3.511990 18.708185
61.848089 46.300050 15.974480
39.056954 48.534314 16.780205
22.560229 40.652616 17.834064
17.461456 39.138172 18.110044
93.955650 61.668587 15.948025
60.894850 54.569392 15.255988
73.499433 29.219733 15.733145
99.358541 38.733925 17.685501
48.633046 80.460871 18.377916
83.625769 38.555544 17.991908
90.753589 19.196445 16.637869
26.163949 95.844237 15.125644
97.162453 44.014930 17.585892
1.627447 49.449907 15.490040
82.182662 59.756957 17.828119
25.941599 2.562462 17.265386
27.171428 51.656244 17.894232
27.241598 17.040594 18.116730
7.031551 67.498987 18.054259
41.503449 33.989529 15.294689
10.253764 62.353746 18.500435
93.147840 26.203405 15.265396
51.663700 51.247237 15.272346
2.343132 31.110947 15.597982
70.617584 5.719061 16.034641
54.934791 70.924132 18.558614
77.295119 72.917116 17.002502
96.126857 59.031510 15.062819
75.251005 47.316653 17.718585
77.582530 44.403802 17.760150
98.875460 15.931612 16.960529
33.651243 79.077972 16.936491
96.164725 27.442305 15.088779
34.690090 62.965571 16.902203
14.415115 66.757951 15.170713
9.510566 18.642012 17.760066
24.592606 98.161225 15.785397
30.367306 23.406690 15.079778
69.182649 46.745805 16.862854
23.742840 87.717822 18.043936
96.116559 24.470319 18.520131
68.652371 46.975596 15.257693
10.210963 31.245857 17.474312
62.871522 97.180141 15.670079
65.530620 9.907240 17.883623
24.662497 87.397790 16.057916
55.412270 40.463302 17.699061
91.800077 55.693089 16.985021
84.630182 45.942580 15.505663
26.085752 94.884218 17.550450
41.938329 47.408501 16.472682
83.161087 53.928224 17.969191
6.436787 29.531880 15.110862
34.448134 58.581966 16.151319
60.717076 37.855300 17.042928
80.146761 86.937348 15.502044
5.643263 55.354752 18.611640
76.132984 52.613355 17.030335
81.723757 30.376348 18.669954
83.539909 2.075186 15.664097
85.851573 28.601037 16.309364
84.551332 38.952627 17.904832
41.133718 92.203426 18.243914
50.922304 40.291197 18.662003
60.036140 26.323291 16.610378
65.415574 0.326352 16.087876
27.629526 10.742472 15.817345
78.599625 44.555863 17.475603
99.003440 3.058058 16.638188
63.831226 3.508596 18.364206
69.288858 14.131745 16.690729
67.669205 23.371566 17.926383
79.078637 15.090230 15.813526
49.942132 45.603063 16.755456
27.866801 60.918546 15.934340
76.689240 40.666888 16.423705
68.886210 54.822408 15.106132
26.837145 27.830066 17.696706
36.665112 47.338291 16.609536
53.691208 40.083244 15.883181
99.024842 77.956208 17.949954
40.337212 48.364983 15.436263
47.295695 72.268860 16.267737
49.826937 51.794799 16.712563
87.573634 29.559090 18.591725
71.335242 0.323992 17.626253
21.504078 43.612081 15.884316
2.953108 31.573912 17.619685
53.060697 61.358634 18.100049
6.823858 29.192004 16.316297
90.614503 57.185566 17.546877
21.671614 33.029848 16.237371
13.527428 90.794494 17.491519
30.514289 61.554796 15.170489
11.272876 76.001302 17.970141
18.574424 51.722796 15.432627
6.116494 33.760808 15.683268
67.285863 24.082641 18.023902
63.284451 98.717253 15.050584
56.517039 39.554127 18.024692
38.732473 68.547213 17.228763
57.665056 33.112349 15.177240
32.973737 12.878684 18.141461
52.320535 1.308291 18.137906
22.378032 29.820035 15.354258
95.469457 7.613646 17.502665
18.340221 59.233582 15.385740
30.333837 98.720057 15.972652
43.893360 18.050812 15.299045
22.936271 1.691798 15.558188
96.238460 47.098878 17.912247
88.404991 56.647448 16.944683
73.244420 81.427839 15.505598
38.435152 15.087317 17.286423
90.643173 20.074611 17.907768
95.896273 16.813020 15.061684
95.398940 59.428283 17.480918
17.262422 72.464223 17.471238
51.432309 2.399018 15.972130
30.904484 32.786421 15.045311
48.124992 99.170662 15.468205
11.028754 99.579461 16.890437
57.475476 47.769360 16.657407
27.919776 33.068163 16.612201
61.222758 25.256345 18.260702
19.420110 35.256874 16.876988
23.147202 0.078800 17.320169
79.022556 32.913052 17.362994
14.541604 68.849109 16.778235
0.237652 78.959589 16.266565
75.775643 20.845954 15.552418
37.147672 57.518299 17.755421
37.695132 4.043132 18.303529
36.360017 14.951339 16.119738
93.222310 92.521481 17.989558
66.920343 58.399369 15.928168
58.463310 27.647375 16.436161
5.461577 39.077857 17.656215
59.009794 91.580324 15.249450
66.475900 65.626997 16.017726
26.212766 29.107772 15.481015
11.661888 92.424982 16.204588
52.173213 19.716673 15.775743
45.539292 85.550343 15.407627
91.855053 69.393694 16.945098
93.319369 3.965590 15.731401
8.912914 4.841170 15.522799
60.427688 21.911391 17.488014
20.049404 6.011061 17.151977
63.319661 29.671272 15.727459
58.229714 52.781742 17.808413
39.566072 13.452635 15.640136
46.325372 17.778454 15.890693
84.920926 98.024407 18.027700
33.741718 4.790984 17.107430
82.708000 78.139707 16.159006
93.132747 61.179462 17.047212
76.390571 43.057468 15.141029
22.614494 70.167081 15.575939
79.452033 64.879811 16.104131
14.102694 99.424544 15.807535
86.609769 84.924633 16.760700
53.554678 94.342221 18.439470
56.582311 90.691441 17.765102
98.345308 22.606072 15.656190
20.510789 72.575358 18.721123
55.936931 37.430344 15.537510
96.001002 87.997924 16.523737
19.994903 91.401581 15.484065
38.758214 37.210277 16.738548
42.071240 27.982442 15.754342
92.870296 13.399801 17.501651
76.877567 12.581534 18.292287
86.503476 75.427894 15.355037
94.393657 61.237954 17.387331
85.792740 46.473560 18.432456
6.395070 17.748331 16.912189
17.351816 13.140903 16.893682
99.695999 25.257354 17.579459
1.949391 68.249536 17.499246
83.679544 19.797223 15.425999
96.465259 41.742648 16.556525
33.609065 56.792348 17.063221
55.612397 55.174029 16.880800
52.527447 0.500707 17.523427
35.485063 45.885019 15.157030
86.184256 88.985088 17.430559
53.606811 77.489835 15.992859
74.791951 23.512683 16.870667
8.220457 71.226507 16.531308
47.676901 86.125160 17.562318
83.208574 96.986219 15.919825
23.533025 67.879363 17.672895
62.599668 36.320257 16.132657
27.700493 42.406464 16.664844
84.807886 9.532814 17.270324
2.180615 71.009188 15.850654
23.380897 39.277806 17.764539
13.143927 84.728625 17.442135
25.379808 27.138269 16.271024
22.517877 11.841482 17.673720
91.526416 26.459381 16.339367
54.204117 23.860083 15.733187
30.105675 73.104961 15.635957
71.829961 33.506082 16.180880
34.029979 43.968654 16.648033
30.796017 38.824034 18.736809
86.975516 49.121901 16.300767
79.564423 77.499836 16.630381
52.725100 83.375116 15.823438
12.120927 91.988220 18.553692
71.337789 2.213296 15.591604
57.815552 49.647590 15.876777
89.127921 63.794389 18.578512
68.648260 43.615081 15.091561
55.074236 30.158906 18.098397
27.722456 43.045855 17.419320
67.498500 20.728180 17.956633
12.185586 67.284417 18.185101
56.146374 86.703651 18.129370
20.800023 28.579349 16.639357
63.869910 88.648690 18.603374
21.419017 63.662796 17.964318
57.103589 53.076505 17.537878
85.862121 12.608963 15.808698
75.177556 21.964256 17.927578
90.703264 50.119944 16.566275
88.603062 5.903511 18.537571
6.968031 28.077703 17.571991
84.051400 41.773308 16.817492
62.890099 47.924939 15.126402
55.973059 42.350894 16.537564
51.290980 40.793574 16.682810
40.171565 88.430034 16.191988
18.028906 55.909627 16.828764
41.860845 54.789389 15.512082
78.953344 18.185505 18.026496
17.665204 97.123027 15.567335
1.702996 78.580038 18.492132
42.241698 99.631124 15.125460
37.718123 23.803477 17.170489
91.497802 95.636481 16.451264
65.463871 22.023353 16.122361
32.761375 47.600223 18.092459
79.647890 99.084370 15.259717
74.054194 6.836861 16.254239
14.207914 93.197403 17.529367
75.533253 21.092645 18.224519
7.770678 39.301294 18.734288
94.789162 18.545237 15.493413
0.716106 23.187908 17.454514
60.230963 62.738071 15.446507