92.818274 44.971072 17.028123
98.232735 88.689808 17.012478
42.270926 79.987972 17.797073
59.954857 27.874129 16.337390
98.065964 46.993366 16.471033
3.115991 82.869312 15.400996
78.435142 16.490636 15.800676
8.439419 28.461768 18.114840
68.716504 35.811584 16.979090
48.564943 91.363263 17.330431
41.143550 21.410015 15.335843
92.047113 2.998406 16.222812
39.579992 53.678391 17.020699
94.528069 31.558323 15.917286
75.476766 42.078231 17.601640
35.377874 1.941569 16.229728
55.778705 78.925181 18.152107
14.067477 28.184650 15.310845
63.868706 38.693930 15.800809
2.219175 36.714307 16.776813
20.222712 61.197079 17.299029
16.995897 94.896961 18.595199
72.117767 31.832963 18.111971
93.989247 70.374901 17.140110
51.005857 92.376325 16.573845
32.516453 39.840912 18.716050
91.838256 91.532397 16.056078
1.757185 10.386782 17.664720
4.878797 45.596497 17.390650
93.870215 52.204292 15.686819
71.362287 13.875440 17.551739
60.362682 45.859006 15.226165
98.322082 33.362580 17.349863
31.615842 32.186545 18.323317
30.435310 91.158142 17.007081
43.300614 34.295706 15.303947
51.797393 2.741853 16.316558
36.579419 87.461861 16.691138
71.944282 94.770272 15.497025
12.359153 96.633726 15.331832
38.777525 56.985724 15.539923
85.807183 97.261715 16.106771
53.233601 76.685821 18.719559
75.761842 38.467980 15.046568
6.878953 74.666035 15.394622
61.265144 77.672150 16.875068
88.372208 68.712158 16.485803
93.601507 70.244100 17.846563
43.415050 89.925529 18.229418
77.861267 99.091693 17.374472
57.876377 68.445131 15.477120
69.021086 37.272356 15.595463
61.716562 20.806479 17.911501
62.035573 86.293580 15.464171
93.958737 52.816143 17.222234
28.377757 45.556018 17.941990
28.068456 11.212820 16.602788
42.573973 61.496450 18.062465
89.356363 92.234270 15.292636
96.634241 51.617309 15.475666
18.724182 98.404256 15.014373
81.913238 17.358966 18.000679
62.996175 86.182978 15.757834
56.616317 81.340555 17.103583
48.527944 30.030191 18.425654
93.778444 22.604871 15.183598
1.679031 19.917467 18.509769
56.802621 32.660981 16.224136
47.850183 84.737692 15.242753
46.748979 27.670757 17.407014
75.299229 40.771395 15.184397
15.735256 75.714901 17.199077
97.965663 17.596752 18.341504
11.153578 17.180382 17.691403
4.404599 93.551158 16.280582
73.484465 41.512627 18.646178
33.420800 11.706554 17.993858
77.922198 82.547136 16.327557
77.490197 56.629846 16.870392
90.493690 94.926294 17.336495
71.602665 29.674039 18.587337
10.717221 46.898276 15.831843
22.473105 21.341481 18.221658
10.384244 43.618248 15.511952
39.839227 89.959738 17.040209
46.902572 17.871654 18.512855
34.877575 8.184007 16.246257
36.231313 78.170817 16.700997
68.128874 92.788794 15.178447
36.065512 7.874546 16.910163
45.892590 34.242152 15.957841
7.495550 4.179552 16.643731
72.419138 61.993556 18.161943
17.293132 42.465146 17.850367
2.856677 52.864806 18.562927
9.597341 68.916619 15.444005
90.734488 58.144257 16.742138
36.605236 5.836185 15.842908
24.898908 7.781156 15.051545
85.206897 44.599597 15.909978
40.766568 37.539557 17.911704
54.037063 54.008785 16.192955
52.286495 38.835067 17.181848
2.422130 76.955933 16.939513
15.299244 83.375511 17.667778
61.499900 25.789590 16.418094
76.234160 67.096832 15.311036
50.623519 43.919214 15.204884
1.369630 72.996521 15.013127
8.288384 90.951827 15.085410
99.906001 26.792231 15.075794
70.469714 57.973851 16.955950
61.712910 96.264566 17.687706
98.477705 79.442384 15.293975
9.409962 17.284117 18.008711
47.088696 38.534181 18.109949
74.174806 34.309068 16.984517
41.256652 64.764757 17.356109
45.759874 75.727811 17.205682
91.314528 84.921810 17.620590
54.744970 18.283608 15.210643
47.528444 32.387809 15.440468
58.356828 16.187949 15.505751
2.234345 3.048362 16.711281
93.651108 16.818145 17.740935
76.857007 18.997659 17.974677
26.004489 96.848521 18.336242
23.322678 28.033467 17.894492
19.665032 3.330909 16.045177
98.223850 20.727141 16.568290
18.595227 66.155743 16.873112
10.691968 98.639841 15.609439
37.138421 92.316048 18.104834
25.942244 77.868760 15.781727
76.497345 91.535575 17.663181
74.724286 41.176317 16.544290
34.905734 59.459836 17.106890
11.098502 0.536328 16.927007
19.051821 81.130880 16.298723
99.535460 74.284897 16.049989
3.647047 25.192719 15.203402
56.742521 63.424766 18.713665
70.830024 61.582305 16.651196
51.847350 32.120331 16.727260
97.212557 69.352489 17.590038
4.049008 22.207206 18.433848
48.516538 67.779609 17.583580
84.874995 37.866997 16.157043
51.088091 50.177092 18.435904
66.763831 16.303583 17.509265
8.739261 94.064944 17.682666
97.713089 87.115322 16.149298
22.074133 83.253081 18.530597
83.606874 63.831054 18.282690
27.888104 45.701263 16.345067
31.280934 7.292860 17.521171
53.885086 75.267260 15.908266
62.525885 10.622766 17.424029
76.238720 89.730319 15.376807
0.880451 86.219927 16.261663
85.317859 50.766290 17.724485
15.752287 71.171069 16.878215
46.267235 73.370451 15.142776
90.026892 50.060538 18.177128
48.841997 80.454714 16.533874
74.405295 2.785058 16.683218
2.582566 7.006379 17.335362
95.876517 75.682861 17.896550
85.327402 25.781428 18.423760
5.345919 80.081721 18.370824
98.982129 28.584786 16.108682
4.552342 59.718252 17.334018
59.439693 99.526012 15.661933
41.227686 90.718815 15.964440
83.172449 5.250855 16.325124
93.524554 80.615902 15.617101
74.924887 0.722733 15.973147
14.521419 31.365238 17.602533
44.323396 20.763210 17.991285
71.289187 24.895234 16.704132
64.673868 47.959601 17.672153
56.601114 26.232029 15.902531
80.814321 61.932099 15.122471
81.549097 35.892422 18.589838
51.284326 85.499689 18.625028
13.765828 6.793216 17.331405
53.800050 35.305379 16.648842
68.487704 35.050841 17.724766
19.762615 12.312283 15.400105
47.599094 13.732318 16.677283
30.077291 63.161860 16.918311
94.995593 75.803012 17.508770
68.008127 96.259923 17.470282
21.073346 68.780667 15.757209
93.332679 82.937111 18.258579
73.393025 9.765550 16.406251
49.480718 41.233975 16.508040
62.247350 34.089285 18.323169
36.906866 22.391739 18.748576
32.561386 88.431988 15.206793
19.928779 91.754791 17.157931
57.041326 26.250267 18.229516
52.932744 22.124354 17.208896
66.596567 21.422376 17.642999
79.925965 94.316121 17.936866
60.717995 33.545837 16.298778
56.701212 85.947031 15.273911
9.563679 72.565920 17.858041
24.327558 21.719829 17.975608
93.734587 99.238470 16.686605
7.289933 4.024686 17.130795
53.223196 35.987573 16.271853
85.755788 37.583822 16.849553
29.597303 26.721909 15.217311
82.159636 81.097902 15.674572
0.821109 88.837305 15.417879
78.065001 91.508891 17.125581
79.523806 38.817880 18.069611
83.071593 9.827705 18.681842
93.895754 9.410988 17.476271
20.272220 83.914557 15.574622
5.845917 3.402106 15.295133
18.643910 22.012850 18.446917
87.977529 71.495809 18.317891
2.037714 72.483146 16.780996
76.472600 56.471021 17.745939
14.394819 56.779429 17.311512
43.024120 59.264490 16.957997
3.751057 53.161592 18.682658
47.966148 88.918074 16.106655
65.331592 4.287878 15.056931
4.270201 84.238702 18.358438
42.743995 27.889228 16.326382
31.374550 88.196724 18.256460
70.117318 16.296715 17.813220
15.809148 14.676651 17.705309
7.230471 97.573394 17.314464
81.333621 0.831665 17.161225
61.348789 96.898599 15.128197
58.877056 99.525754 17.700642
18.861521 28.478683 17.842123
27.403697 30.728157 17.354645
62.789272 18.133986 18.434968
84.379756 41.851431 16.855958
13.834365 85.041344 17.979919
5.540078 8.697052 15.685834
8.159566 25.848515 17.013081
28.597588 15.722455 15.251244
59.886223 32.270001 16.413518
41.900787 75.762419 18.687013
54.275773 35.521040 17.865473
32.868710 99.141412 18.291771
67.999024 98.091407 16.897648
97.000331 76.275266 16.127439
94.133780 34.426195 15.405393
75.681553 98.492369 16.171962
7.152426 42.069542 17.353751
84.575908 17.781686 15.057862
3.208530 51.511237 15.340565
56.279612 43.286649 15.756449
13.379693 91.860114 15.729816
81.500856 48.398638 16.111802
17.007492 23.273222 17.786588
81.835537 3.531201 17.935976
56.629703 70.683022 15.508834
23.859053 20.705414 17.141490
17.082286 77.179967 17.496892
46.796442 27.108596 15.928944
19.272372 42.729385 18.441205
3.932124 41.709530 15.640278
94.668318 62.372349 17.245418
76.222637 79.811174 15.627490
36.678284 81.748899 17.564224
27.533056 27.174768 17.598934
15.427763 9.455246 15.926898
65.750373 51.325020 16.163412
82.071411 60.513474 16.588123
48.996762 21.279836 15.156579
28.801049 99.703577 17.556896
12.916829 60.347994 17.811178
10.637596 13.798674 15.789609
68.263101 11.947825 17.955310
86.268626 35.844180 16.017597
52.697678 39.418615 17.246840
97.531383 47.279318 16.290522
86.440601 27.652967 15.513120
40.327027 83.217647 17.039260
92.230676 8.241947 16.152729
84.819152 68.256660 16.055247
45.749547 19.468214 17.620830
46.080255 66.800329 16.097522
74.172688 80.454787 17.278814
10.490733 61.002264 15.209087
97.737224 27.925191 15.625890
16.033043 61.410507 18.635386
35.826532 23.031718 15.888146
9.188560 4.208932 17.750001
45.515378 86.409876 15.569328
96.543595 27.759260 18.243269
20.563641 52.906953 16.048255
98.847683 82.983241 16.651550
90.855399 25.309529 16.877832
5.958588 63.927753 15.100002
53.152873 67.909262 17.350692
76.873665 57.329211 17.780421
65.234720 32.332635 15.694999
53.930892 56.195412 15.451301
60.271179 40.464440 16.291814
10.225450 28.719864 16.738922
56.505715 41.701878 17.301567
68.795643 78.358723 15.330358
49.767334 7.313692 16.032022
50.077933 76.660933 15.336744
7.836312 47.524564 18.405945
55.305923 27.420437 16.946059
16.599230 98.669873 15.454012
99.005993 51.179325 18.665559
30.516070 76.549155 16.027803
69.577066 14.070054 18.009712
47.038213 11.566218 16.657276
87.109828 22.247557 15.146124
61.457091 7.388628 15.885436
98.732730 12.363163 16.763688
30.475602 15.390881 17.960364
5.724106 12.686803 15.234758
54.237238 12.867636 16.198775
63.084073 48.985642 16.477445
71.807104 54.878271 17.564705
44.231055 60.582879 15.724588
64.622838 58.068358 16.604096
11.030940 56.809796 18.433610
58.681587 92.974113 15.706384
40.426646 90.425261 15.492311
83.058615 9.778821 15.802889
41.090282 54.490258 17.986308
67.077842 61.609214 17.095116
66.671051 69.609284 17.891123
9.900927 99.585282 16.556050
80.287559 57.611326 17.451192
29.726415 67.528266 15.815747
13.485538 68.138674 18.313151
91.104265 50.300700 18.743716
88.884463 0.325688 16.019873
8.528032 78.495183 15.502978
92.698998 62.272424 16.766271
34.271287 89.957684 17.287941
27.237468 88.017642 17.852711
52.439124 29.863002 18.695855
76.488732 92.941937 15.782803
4.422924 47.218086 15.640363