69.402887 32.367133 17.871846
83.752600 54.070196 17.563772
53.666621 8.963535 17.071931
69.556793 50.664636 18.192407
6.069085 62.180970 18.020499
53.911218 26.936952 17.840553
13.666073 18.075622 16.699027
21.061060 94.624766 16.190085
14.779669 31.845264 16.585684
74.471737 97.659021 15.862748
22.406101 72.578412 17.794130
89.163848 53.761642 18.686297
65.027864 56.301113 15.048022
16.381525 49.183790 16.585130
37.898692 84.292711 16.371692
82.739202 62.525042 16.313580
80.973735 42.547806 15.323280
8.291210 53.625390 16.087899
80.705890 22.320270 15.808344
50.359884 75.076111 18.411823
72.031044 13.050790 15.080592
87.114666 94.439377 16.006757
8.960535 7.193814 17.812946
45.252944 64.332446 17.449633
10.934263 39.662390 15.647400
36.593996 15.428923 15.299078
83.181819 94.862880 15.642589
80.692849 22.626372 15.423964
27.532974 47.519464 16.145382
6.047899 60.011885 16.368071
8.455397 24.593865 15.129041
2.674675 64.039689 15.745306
16.112349 89.746305 16.815308
4.188290 33.587993 18.586444
52.736303 39.135643 16.617855
32.234267 36.183338 18.588593
65.703112 28.293204 17.747947
30.753741 59.142841 18.078350
84.196941 45.264920 18.153627
14.585879 39.845628 18.579352
90.698984 59.226444 18.087990
72.857604 5.370609 15.881985
10.619614 98.806944 16.634267
41.581664 66.319102 16.289165
19.808209 63.157404 15.407697
44.018769 47.071568 18.281279
76.794777 53.620172 15.084925
37.076832 61.864952 18.099365
42.549340 56.430675 18.595028
73.799894 98.816302 15.500050
86.579360 97.278878 18.409983
99.226709 15.280525 18.580950
52.342804 97.255780 15.052603
23.182885 62.297771 17.487449
48.007488 82.690245 17.285449
96.128080 87.494598 16.441029
32.875525 37.693618 16.541472
11.459717 76.574211 17.519002
40.705079 45.133751 15.517259
86.765178 70.842078 16.049955
99.518464 90.991824 16.488400
24.606175 0.989740 16.181499
66.424013 67.784867 18.664243
11.927154 16.679823 15.237456
59.175178 13.241703 15.504844
39.721588 89.980007 18.213690
68.439595 79.640378 15.198243
31.828517 88.238353 15.586633
62.827652 95.897763 16.633566
99.059579 69.106646 18.124973
12.636243 23.234927 18.238380
97.041071 19.117402 18.348989
94.277969 98.681311 16.121154
20.444734 56.706314 17.340191
26.217483 20.430683 17.057874
57.335344 16.874346 16.323690
83.902436 94.566362 16.587615
52.632521 96.647004 18.594539
48.656524 23.006233 16.465782
67.485483 76.438515 16.597401
10.835059 35.829068 18.614159
89.930251 75.044736 17.685146
80.131189 75.771241 18.647366
37.550589 72.647813 16.488365
70.811618 99.264327 17.707730
9.938436 59.940823 16.265818
30.167393 26.918797 18.238184
38.574484 15.210975 17.931716
87.864923 65.255327 15.181001
87.461533 41.680191 16.416320
49.028508 26.864928 18.023244
55.856127 50.561584 18.218745
41.922541 19.903991 18.091175
21.335303 88.238995 17.070284
0.127155 34.712660 17.870572
21.647995 45.651863 16.562507
88.314565 4.570456 18.586095
32.030080 12.068009 15.928040
50.739040 71.029037 15.252810
92.305728 40.205891 17.518155
68.295665 88.351148 15.968434
11.770698 72.931623 17.837855
97.731239 63.052339 17.579642
14.585911 34.288466 17.411984
2.746343 64.166529 17.839939
91.164663 42.761844 16.599325
83.327662 9.323851 17.300675
28.067725 70.334912 16.841082
89.966428 50.221373 17.888606
10.014209 7.633290 15.416629
83.407276 67.143579 17.383380
94.466547 21.062378 18.730510
64.581468 22.335189 18.230743
96.924197 33.854686 17.648154
47.309671 94.138851 17.895608
8.837548 15.347760 16.338226
25.598729 29.725190 18.138257
35.292371 9.366981 15.477205
22.785739 87.307631 18.642424
22.641174 98.439552 18.668082
63.421812 13.320094 17.650019
61.125123 8.410862 17.428528
65.194271 79.186408 18.026536
97.478546 48.636598 17.551983
80.842271 95.801704 17.673640
48.777247 39.974458 16.709406
42.783178 98.190858 16.975672
4.610335 65.901905 17.137048
84.988881 12.041047 15.895557
60.102497 19.668703 17.408546
43.175560 36.183992 15.604487
82.930332 44.660378 15.937966
28.379925 71.891599 16.082451
61.970153 77.570939 17.679475
40.180849 11.496944 16.895932
49.364486 18.921605 15.895286
89.347149 9.054579 16.709593
36.728255 6.943890 17.961256
0.058028 16.808303 17.953464
35.443245 13.644170 15.651874
50.246295 57.497522 16.581413
24.095263 79.998939 17.371983
8.166096 31.330199 17.858415
16.585810 3.754274 16.748117
19.209329 99.647761 16.228380
8.370158 86.749284 16.540438
51.887856 43.101431 15.887743
18.733285 87.235991 18.565316
23.339235 22.905430 18.228951
74.549792 64.718337 17.491993
92.069325 34.944141 18.093366
27.242572 1.205754 17.276574
94.395080 5.813053 16.024389
58.915558 12.889865 17.079910
63.501365 50.189328 15.450627
51.384087 37.596655 16.429204
81.405945 20.576535 18.135178
45.261775 66.216672 15.319206
42.134939 94.009687 18.303805
25.173953 56.124087 17.361992
66.815927 7.961308 17.300738
76.607723 63.546244 15.161335
84.767414 92.430930 15.432829
99.205176 55.513994 17.117309
93.006858 81.824956 16.009548
12.168254 20.383613 17.518902
73.416884 38.019220 17.570996
92.529278 28.896718 15.786685
60.536942 65.330569 18.080086
73.666233 31.411214 17.462172
63.548383 71.553779 17.181133
8.774466 83.987266 18.172545
19.867354 51.036788 16.367806
36.710477 28.112840 15.491548
34.543064 2.379512 17.764178
36.693682 29.958723 15.694292
2.613717 23.934749 16.031635
34.009723 65.128225 18.313863
56.531416 39.438152 17.937698
75.723363 37.062950 17.211487
7.957270 79.662360 17.529822
89.194776 35.670539 17.975229
83.284421 39.456274 15.403363
18.411959 85.222043 16.917144
23.406505 74.344103 15.487530
14.386343 71.084165 18.048558
23.437269 33.705050 15.070454
6.531076 88.641097 18.729610
75.421112 82.166213 18.077062
99.076511 39.125207 17.326680
57.019373 74.994190 16.990605
59.478064 48.135597 15.859610
26.523137 7.751999 17.339002
2.333704 5.169528 16.983866
25.433849 99.074172 16.205459
9.248940 25.652971 18.737389
65.625076 49.387924 16.212874
9.007745 81.044610 15.900968
47.533384 5.016317 18.686824
88.176978 38.540055 15.763813
24.234195 38.200207 17.795068
35.707156 73.465452 15.132728
28.700185 6.314391 18.264057
53.183554 4.809841 17.616608
32.082424 80.004811 18.650059
14.584760 76.222477 16.306769
34.212573 62.432865 15.692786
89.100071 22.523951 16.329128
86.093089 78.618306 18.014061
2.466706 65.514668 17.172612
28.123444 32.786254 15.897613
90.618452 76.091369 17.273085
26.877191 87.465491 16.804155
10.052054 80.824232 18.091936
33.417471 27.634155 15.130214
14.738895 82.893661 15.652261
49.229675 4.122310 18.133585
52.413867 10.012012 15.237521
51.974253 30.541062 16.335033
94.977611 2.416226 15.250661
6.799752 54.160098 17.551014
37.366425 12.050049 15.743541
74.788387 83.500325 16.081878
98.297063 11.811625 18.138944
72.004511 40.575039 15.894641
31.363392 65.430393 18.236433
0.285431 10.464826 15.924741
56.732529 75.852097 17.662240
18.532235 31.047703 15.964128
33.407186 71.390282 16.006235
67.482731 58.034229 15.975170
20.905541 31.547440 18.696133
24.817374 79.509185 16.438929
80.514714 32.249378 17.080019
98.061297 92.586765 17.123642
45.225243 64.294232 15.547171
43.872834 69.350265 18.117406
98.372244 51.703834 16.039326
66.173116 30.671915 17.019176
40.018231 53.523132 17.258057
78.932724 49.578113 17.612302
33.216123 53.578633 18.685768
84.142690 83.761054 15.182639
82.682034 74.394144 15.490586
37.827599 25.292572 18.416049
69.238999 2.300201 16.055740
61.782110 7.373162 18.298205
27.869149 32.172616 17.591441
74.147507 51.345729 16.294980
89.779773 61.787015 16.022660
94.532922 78.377492 15.795044
26.894012 2.045101 16.049942
6.510685 43.733136 15.936843
43.913182 61.451028 15.935776
23.194233 86.865601 18.192141
96.422756 79.808090 15.692046
85.547817 43.284623 15.022246
43.027879 84.323708 15.608200
16.076966 95.618577 15.415534
88.144712 69.176427 15.071077
4.495072 54.528927 16.942769
73.946213 46.408117 17.604729
37.715557 8.360087 16.189263
7.923409 89.687498 15.576259
66.156061 43.653814 18.451929
24.161826 58.960470 17.895354
72.130677 13.071147 16.338737
67.874558 35.405054 16.424200
75.261569 48.081004 17.998632
41.198824 51.922677 18.399615
29.345496 54.359124 16.736445
94.821339 1.786537 15.253810
36.998848 36.545441 16.132047
27.027665 0.679859 17.135721
58.168601 62.469910 15.694590
28.025008 21.888783 16.649904
51.587509 7.033655 17.713552
65.883543 78.130520 15.810521
37.061644 97.445175 16.567017
17.592249 28.907926 15.390559
82.046169 56.576649 18.102498
95.967689 0.017275 15.458019
42.647105 5.196758 16.667527
51.288621 10.541820 18.684135
19.778397 86.857116 17.552801
46.752106 79.087046 18.480103
13.404955 37.757408 17.978348
92.559816 92.515876 17.295750
47.174295 61.415919 18.108454
34.267614 37.146769 16.144043
61.739322 51.958183 16.737815
51.668079 38.448128 15.682508
5.023135 41.261256 16.457639
95.492772 14.872851 16.501953
70.451637 81.964536 15.810555
86.153376 20.202074 18.461506
10.331774 88.084764 15.036094
67.885756 82.741258 17.001405
40.093933 34.847127 16.467789
68.908291 32.080473 16.564452
99.444783 7.344628 16.657010
32.950745 7.542047 18.219664
21.872318 66.507842 16.948924
57.205457 40.339312 17.440188
86.219532 63.093309 17.295332
15.147057 69.252725 15.245134
5.836902 18.278916 18.249178
90.330298 29.692218 18.229135
75.901079 9.495016 16.803282
0.033791 6.320595 15.458768
33.935916 11.751733 15.559792
7.167356 39.024848 17.750790
19.188318 70.932387 15.035947
96.535158 30.004896 17.179944
47.657977 85.037805 16.052285
60.676235 50.890966 15.418309
8.931503 50.372051 17.295957
44.516130 76.224015 16.855920
9.789387 16.117022 15.755618
70.248694 75.105478 16.129430
84.280374 90.399738 17.630518
62.002964 1.166314 16.657134
2.222776 81.548040 15.216965
47.098076 18.546299 17.292071
85.952172 32.409864 15.490519
74.771588 54.637186 16.783467
62.307373 47.332035 18.167217
33.116187 3.141935 16.422560
85.277312 89.446165 18.216685
52.798527 76.518761 18.265832
68.701231 33.154122 15.795398
13.583755 1.508971 15.966728
40.811906 49.815383 16.182900
39.024286 82.677000 16.282305
33.862565 15.480336 16.109229
25.698275 96.081122 15.717381
69.146520 26.489379 18.161721
56.922740 73.657805 18.531220
29.881486 81.878454 16.555752
6.247068 84.982134 18.282113
9.848407 87.530928 15.415497
98.443421 77.729672 18.071102
75.759940 73.253601 15.308221
93.744539 3.649334 17.552748
36.499803 66.716696 17.587523
38.744806 33.371810 15.529179
36.374254 61.317495 15.835412
70.916095 36.311657 15.180803
51.654432 96.006859 17.025058
34.174070 18.120232 15.149460