2.208819 62.949885 17.938416
7.290241 0.714828 17.218756
64.639461 73.451358 16.069774
57.471808 21.817712 17.957597
28.012765 14.238346 17.618490
71.907366 16.636069 15.675205
58.961139 18.577560 18.072077
64.219796 66.030060 17.723889
23.627234 54.291203 15.480849
48.599431 26.622355 16.289338
42.989141 22.583170 16.147934
8.065945 49.214354 15.714457
36.471235 6.165887 15.121244
13.692202 51.720478 15.202987
3.067377 58.770422 15.942286
31.146130 34.307885 17.507576
5.848361 73.190833 16.844766
42.700058 14.863379 18.114242
78.835279 64.565054 16.374816
35.257350 55.246361 16.883299
22.878176 12.345539 17.013630
36.541639 40.639800 16.967161
63.615124 30.245034 15.525592
48.905877 53.936140 17.161350
46.315266 32.186327 17.672605
48.620969 41.193824 16.854460
93.158062 76.580577 16.516862
58.214477 27.071017 17.562464
34.387786 82.149647 15.083585
51.128362 97.253695 17.389233
52.553932 1.361067 16.807900
28.746123 94.911798 16.572056
68.221237 67.091538 18.081022
52.537299 93.260760 17.726953
63.167316 10.251887 18.353506
14.587782 2.595465 16.748844
65.792805 88.345425 15.223514
76.343986 46.458796 15.883447
56.633989 90.499192 17.204652
35.599125 38.614209 18.588051
2.529796 46.445723 18.666831
43.711086 69.334774 18.354276
78.557423 15.307196 15.654483
1.045866 3.506649 17.826673
64.264494 78.083121 15.028464
52.144569 5.840896 17.824504
51.107821 79.249952 18.334474
62.320190 64.851477 15.449247
24.638952 3.077955 17.967544
24.403155 39.718470 17.883036
97.792015 91.855197 15.659635
10.936143 85.707223 15.296671
9.091817 50.243543 16.011129
44.827643 96.485135 15.582627
15.912328 80.012295 17.449755
92.865190 59.764793 15.234257
62.510887 61.136178 18.625517
68.126831 75.990154 15.115138
17.750179 55.936125 17.333878
36.049757 5.698624 18.628095
16.726123 37.968765 15.909000
24.312765 10.551787 15.131704
5.219734 61.086474 17.545562
41.638527 85.800160 17.942720
84.450581 34.653155 18.458761
50.960080 4.864215 18.749639
40.422308 69.341929 17.216042
2.129889 55.721718 16.448073
84.556366 61.687166 17.973957
52.910727 88.257710 15.543963
43.837295 66.856107 17.127819
97.490538 21.031168 15.717629
50.629770 90.638540 16.335764
13.415664 38.243374 17.530800
92.931036 81.867731 18.518846
89.467332 98.273435 16.217123
90.657504 33.011302 17.098334
92.205304 16.983457 17.490715
28.490723 30.988544 18.109054
87.122424 87.204662 15.045696
71.676919 45.674182 17.701835
43.411260 12.755473 17.172232
77.014464 81.872163 18.022795
74.484514 47.741075 16.669261
86.344156 37.648118 15.221904
45.610411 71.686337 15.794348
5.128640 59.798479 15.861681
15.618205 26.186602 18.075635
71.236014 43.278602 17.322009
18.057022 58.973379 16.173795
3.294713 67.634696 17.796149
40.759014 59.408083 15.651700
86.671831 95.228687 17.028503
15.079435 76.728911 18.117235
60.275264 80.782222 15.800158
39.147643 90.227578 17.282448
69.391808 89.935407 15.239222
38.133959 84.695238 16.946407
8.757259 27.158084 15.953496
89.651709 55.997775 16.833244
12.200539 92.872913 16.479827
8.902595 84.535257 18.020387
45.978323 20.175443 16.048885
10.708980 22.344371 15.494137
70.646570 12.539205 15.227373
14.515034 68.706359 17.501759
6.221291 18.428319 15.549288
33.982704 55.361525 16.658784
46.994339 9.876392 18.296761
47.922609 11.597941 18.455228
52.591519 72.223741 16.095973
34.907543 58.858029 15.127522
41.099099 63.213888 15.154288
85.044252 62.738691 15.286059
6.412503 65.068737 15.143198
40.773997 33.060627 15.801259
29.661270 92.008288 16.748995
77.235826 25.113553 16.463633
72.999716 84.940601 15.455992
12.971074 7.218674 15.285911
6.382240 7.407491 16.268716
46.958730 84.677960 18.409760
9.570896 27.003770 18.033464
87.723538 86.329318 18.703117
12.696751 66.431566 15.125219
65.737817 70.568327 17.623964
19.695460 66.873437 15.568337
1.922893 26.689834 16.317333
25.065975 57.224176 15.296389
21.864936 90.006411 17.385681
27.976950 39.674995 15.848324
4.213596 30.540790 15.986557
67.672282 44.991134 15.062804
87.887121 99.877557 15.014349
66.775527 18.688420 16.901354
75.564231 2.101629 16.840929
53.135755 49.481202 18.135083
28.132111 51.296503 15.343396
1.712321 26.788235 17.707056
80.578628 65.812336 18.332022
28.775738 22.021613 17.966080
52.938929 93.947328 17.422490
53.362391 32.483472 17.319023
78.427812 94.605670 15.418977
76.545697 64.139739 18.736712
79.096402 14.341851 18.723467
13.984692 86.955880 15.465420
63.793841 76.922708 17.584685
72.445884 27.143827 15.916746
21.485017 33.598148 15.159500
2.248044 8.057255 17.559048
6.243864 93.098675 17.013486
55.184381 88.658729 18.590724
87.307851 92.177495 17.197679
4.508596 30.229016 17.328877
24.225313 3.282306 15.642164
92.572309 62.931308 15.149311
14.032804 62.178716 16.405096
57.566502 83.044701 16.114912
65.003692 98.555149 17.484443
43.362530 98.295571 17.274032
46.390883 52.802151 17.029020
50.758652 73.563897 16.155468
43.691556 82.008984 16.679888
78.022667 17.039032 16.416729
62.026487 39.483513 15.687258
68.182603 51.706022 18.042142
95.666951 78.942078 18.027863
92.992954 49.796902 18.025506
58.239472 48.781654 18.224266
31.041904 22.545942 15.006036
59.517247 12.507344 18.739552
1.178808 87.221637 16.475455
52.698366 75.332732 15.918036
1.407068 82.727934 17.233962
46.762733 43.900853 18.449197
51.124955 82.133675 16.348509
58.603585 99.704872 16.082474
39.955940 74.204152 18.248287
56.810487 62.785333 15.053496
68.393618 45.602939 16.998118
50.552107 72.682703 18.665479
82.188036 35.726207 17.804720
88.781197 67.260380 16.904159
77.179984 77.982628 15.664887
18.855355 79.594050 15.327482
3.188153 65.439216 17.197423
2.494698 18.285557 15.339030
56.094553 73.413833 18.406399
62.052843 52.710782 18.137570
4.592689 92.570880 15.163540
14.016964 84.463775 17.947960
79.607494 64.849138 15.628126
90.296285 19.752335 16.606176
15.470235 36.994994 16.468049
61.627165 58.128667 17.504021
22.087961 31.568946 16.649339
56.041902 38.834320 18.582131
82.494573 48.095642 16.858213
36.031073 92.211506 16.526466
24.212135 71.541597 15.919679
46.801132 53.346826 16.289158
65.614385 37.966291 16.530209
9.633626 48.115671 17.684819
57.491118 79.378641 16.751858
33.814102 29.226740 17.138171
21.727509 88.123115 15.955657
67.849389 45.071457 17.696691
91.621212 58.015829 17.774668
26.645539 49.075904 16.767218
88.276075 43.773341 16.277577
86.294834 54.112313 18.466316
96.633117 14.483920 17.344468
70.071197 71.243952 17.575964
52.457660 48.939972 16.989400
88.018131 86.015108 18.391907
19.769823 47.513872 15.413913
28.445327 88.480657 15.065501
67.246168 61.084674 18.284434
47.353999 46.337885 18.182594
44.996755 91.491963 15.787137
34.074311 56.652873 18.678399
95.316054 16.962400 15.337357
20.717987 35.625887 15.645500
5.261542 96.511875 18.512231
36.005169 49.908438 15.981548
33.724820 24.979853 18.209370
62.662823 35.876566 17.064671
59.623349 25.052983 18.676898
5.716253 84.285916 17.482228
79.369525 14.635364 15.640223
88.410696 50.208132 16.008196
46.982106 1.115659 15.690957
55.268609 24.927632 15.162815
65.932915 61.539363 17.430543
38.425061 41.821114 16.732098
36.631308 61.941370 18.272073
43.893847 63.283656 15.152820
62.946149 5.953281 16.875572
95.998969 23.492472 15.389448
3.922466 40.621372 18.226982
85.434444 55.359595 17.779364
28.630528 59.002954 17.372133
24.404340 26.997184 17.965562
84.538405 45.586294 17.239522
55.360647 32.075575 18.570577
71.084034 62.616523 15.987160
1.848029 25.951684 15.168051
59.941828 34.752709 16.283047
18.297823 84.097121 17.798295
88.417325 9.249994 18.670082
19.785738 22.355276 17.331551
8.113773 52.281208 15.852871
8.811654 98.108347 15.333711
76.465149 90.228893 17.993147
19.493615 4.519932 18.728127
24.570613 15.370839 16.268907
82.020184 19.882161 15.410705
1.641194 90.320922 18.626284
60.015586 87.025804 15.744731
90.001833 50.334899 15.056391
4.872020 0.050233 15.349796
83.656465 29.108943 15.220565
71.765843 45.628414 17.041834
31.140630 42.175263 17.143883
37.111351 2.087771 16.267474
85.038841 91.704537 16.380235
11.899391 96.320176 18.289146
10.305989 86.071857 16.671099
11.006784 83.521220 17.194749
53.708688 66.923944 15.931123
95.902307 72.094839 17.458468
90.021762 41.298435 16.465495
94.879498 33.492713 17.884939
15.085269 1.629731 15.751542
11.534745 21.663084 16.581534
79.927617 26.066800 16.843656
42.634800 31.498975 16.481649
55.511955 41.089319 17.044945
83.606032 68.525818 16.741943
39.933827 43.984463 17.101784
97.754960 79.137843 15.123655
70.841440 85.428186 15.977536
8.765538 44.686957 15.520466
83.414258 83.671680 15.787884
37.086054 5.759372 17.418818
67.626661 52.222068 16.113734
39.000274 67.592194 16.822220
29.082325 8.630754 18.190384
12.117950 81.946971 16.609485
33.718870 22.927755 18.685245
80.226477 93.079096 18.381763
28.979737 27.678155 17.485043
51.695855 35.302637 17.483624
18.177389 67.136430 16.832915
96.323266 91.663739 15.217787
59.882660 83.334528 16.177685
54.862114 15.576772 17.036111
1.270207 75.140899 18.461350
20.474234 99.514413 18.007969
34.091420 73.687441 15.239888
63.321486 27.351309 18.542617
69.017781 31.981066 18.014265
17.785089 54.578081 16.398699
24.721075 12.679978 17.211929
76.683701 2.602816 15.449217
17.091676 30.795301 18.002062
90.006379 32.923296 15.511853
10.186740 43.595459 15.631482
53.787536 88.939378 16.880715
33.215079 33.161705 15.325163
22.057132 23.624653 16.269394
63.958811 94.930173 17.652013
41.032666 78.089989 15.348379
83.152275 46.431386 18.118573
37.678793 62.014604 18.668547
22.951855 54.673058 17.576651
89.425660 22.127541 17.014271
0.379913 35.814010 16.412009
99.763321 79.489952 16.969256
12.709494 93.366611 15.452136
42.073996 70.869547 18.745129
16.771193 97.937183 16.323266
31.699758 44.711621 17.879195
1.705930 90.914309 17.477007
35.878793 9.859942 17.395772
39.604169 52.388423 17.782149
14.029613 72.713406 16.175687
44.020156 51.719585 18.232117
26.743816 98.738273 15.266250
94.422829 59.096461 18.580778
25.842800 97.541448 17.241174
26.386651 12.453960 18.342352
3.065235 95.761318 17.803049
55.888721 59.213101 18.420726
76.597594 80.003175 18.667293
85.667641 82.547116 15.345592
76.265711 1.606014 17.949508
44.580897 71.100912 15.487019
85.281618 89.158123 15.778149
15.310620 59.017885 16.075957
14.126246 87.657908 18.261440
74.595270 57.631721 15.234208
77.680165 80.237212 15.361630
29.254466 18.568298 16.549093
53.527589 24.960302 17.956969
17.898593 3.771779 18.747775
17.155620 90.057494 18.166408
45.062011 59.232746 18.625683
97.247661 47.308099 17.817139