26.626944 74.744517 18.111513
3.532232 14.529671 17.066534
1.710794 93.486811 17.213055
20.353854 12.801465 15.181932
80.451233 82.058983 16.804497
87.983824 20.313206 15.532709
36.750558 0.794281 17.137850
95.108392 63.569030 15.561213
77.453090 13.864672 15.326936
16.507726 6.873273 16.848824
57.019096 41.619810 18.143758
33.514282 60.117375 16.502202
14.186635 77.528931 17.045634
47.418446 0.588806 15.774370
97.181575 53.055227 15.041953
88.413375 42.360056 17.480310
76.763668 36.724880 18.530115
8.906012 52.003977 18.207187
0.793462 67.325102 15.172388
64.956088 14.158926 18.375147
15.634502 97.600721 15.461323
61.933274 55.997189 15.165600
4.185029 99.553744 17.554796
23.250510 95.089738 16.033569
58.485773 59.571404 18.282414
15.456150 7.555930 18.519646
62.729482 18.452736 18.338285
41.968694 63.176679 17.600830
76.419739 91.464726 18.127973
1.605717 80.435203 15.134798
42.220742 97.367953 16.965550
67.026599 96.255793 15.417290
83.225303 26.577153 17.261782
75.597063 27.635839 16.354272
76.675045 68.120504 17.005132
23.178686 37.713302 15.712512
38.538288 19.540819 16.773873
37.815229 65.024772 15.243993
55.163711 56.920269 17.970160
41.006230 82.462459 17.416428
58.180731 83.895271 18.116489
93.603812 46.209634 17.851598
87.317413 26.076941 18.599206
34.190862 51.081948 18.200189
90.072352 59.515035 18.145065
77.037420 10.709413 18.404275
96.569056 40.925287 17.301065
41.500202 36.741047 15.507845
24.741088 43.411514 18.325990
94.289588 57.174648 17.619618
68.680898 93.906943 17.482619
94.078841 47.033166 15.707500
13.889670 94.051498 17.894669
14.902251 19.952882 15.879370
66.498713 1.206678 15.452740
36.979713 3.298549 17.683239
69.503465 86.889583 18.092197
69.704244 6.086606 16.528749
19.801267 54.354811 16.830327
77.860072 13.411014 16.849464
27.377830 67.221311 18.497360
34.164039 8.396089 15.336352
16.997387 26.375704 17.224681
33.926456 42.383537 15.371546
16.060877 17.379365 15.217469
10.556493 93.301405 17.595066
86.040843 78.424379 17.408462
38.887941 13.721641 18.742139
49.547660 45.747800 15.063930
97.725973 0.748317 16.499263
26.747773 9.076673 16.341119
50.970430 21.544818 17.658359
2.926261 95.786937 18.411927
40.515386 13.538675 17.379068
96.973454 75.524777 18.370101
21.881615 51.024059 18.427296
3.895078 18.413865 18.236030
52.357921 27.255763 18.102582
55.448609 91.500307 17.892931
12.291671 54.158156 16.722974
46.826587 6.166458 16.604370
49.356644 52.838036 15.076724
65.368331 6.612497 17.770642
71.235199 3.827833 15.126599
2.757765 77.325279 17.522139
32.037667 48.975033 15.085963
23.007866 63.743871 15.452604
12.677618 21.808791 15.025584
12.881472 61.907000 16.092553
90.822280 79.932208 15.730727
0.140565 92.613202 18.492436
17.463982 68.932975 17.406070
0.243088 53.767183 17.991724
52.384470 37.707978 18.220236
56.277291 64.606272 16.658589
48.811806 80.894008 16.888643
89.820055 69.869494 18.190626
99.964473 30.521176 16.522089
79.623988 8.268629 17.296391
52.835145 62.610848 18.361407
56.928167 34.310602 16.467499
1.764034 32.968504 16.187846
86.990815 14.351871 18.206226
44.047348 71.762933 18.519791
65.816581 67.103397 18.146004
77.138941 83.669706 16.921375
6.409938 97.746797 16.626593
34.213978 51.113327 15.882309
73.267719 13.860279 18.505160
0.737663 58.715941 15.232831
75.558452 44.317983 18.551034
9.547876 94.121618 16.772969
1.769563 62.945568 16.861917
56.712239 6.625098 16.755698
63.646990 64.610434 15.313249
44.235220 74.489396 16.169298
16.160883 81.785220 16.390318
85.379869 37.162234 17.918137
90.255304 41.303908 18.281725
96.870991 24.236188 16.300632
26.169966 36.773314 18.327878
82.686869 53.548194 16.717228
28.733298 32.248413 16.574980
66.712001 26.415083 16.874426
36.646786 67.087677 16.042650
57.861256 14.421775 15.565936
76.390328 69.760334 16.441997
53.957209 77.183804 17.100243
14.847082 82.940361 18.033552
13.100265 29.602627 17.156958
97.240473 59.730225 15.336514
90.947807 43.332735 18.435399
61.587320 55.377463 16.386075
3.523076 97.853224 15.818186
38.832720 80.252535 16.740726
24.586806 88.077070 15.687406
35.669391 93.208158 18.428199
74.729751 12.938647 17.647418
26.910057 90.922906 18.541376
47.108167 59.049356 18.188386
25.055234 77.178458 18.649950
82.815007 50.282849 17.555602
45.792843 76.948463 17.408393
10.052016 93.512486 16.501258
66.451551 65.723305 16.213207
73.007814 82.518813 17.593065
47.018777 77.155362 16.879287
53.855348 78.095020 16.183190
95.625936 38.293355 16.683152
73.475939 17.440096 15.205883
40.884088 28.865899 17.033594
40.652560 23.419089 18.641238
61.790479 31.923206 17.692264
40.990465 54.491545 15.019437
79.416429 88.265945 16.707156
18.928127 98.156522 16.578607
7.279024 0.764936 15.254735
81.269323 21.668859 18.224312
31.033250 83.484123 16.647788
1.103156 83.834179 18.027956
15.944747 80.637580 16.211011
76.390803 46.384459 16.613529
54.160149 49.231665 15.148345
88.764766 76.407700 17.519657
11.675907 39.898543 17.504692
60.093942 34.895487 18.380698
27.074912 9.514494 17.847853
51.778891 66.097585 16.607208
69.552946 63.239684 17.014129
24.723844 95.736651 16.339822
68.403064 12.195379 16.228641
97.896951 52.779349 16.904119
27.615534 1.275928 18.713757
1.683270 79.849806 15.279798
30.496349 85.410555 15.209772
71.117252 75.393227 17.591656
49.590609 28.169074 18.295143
9.286518 32.306281 16.810541
1.438368 20.827046 16.292218
84.222091 77.267422 15.375503
53.934674 56.844636 15.552039
19.905882 44.429186 15.470804
54.029826 65.067747 17.772863
41.166893 49.177894 16.943311
21.363635 30.269056 15.070691
8.884074 90.326640 17.020839
44.059180 40.955622 15.884901
50.553210 14.643237 16.308488
96.921045 7.049778 15.210326
24.999849 69.929635 18.613579
44.557020 69.458814 16.175662
6.376345 38.911445 16.306318
48.219284 65.529962 16.369095
18.162943 88.392778 15.015698
80.239504 65.006480 18.649313
13.450378 80.319920 16.813186
99.589962 30.693511 18.231034
53.238461 70.415585 17.883686
32.789902 6.908477 17.727051
54.150418 44.882321 16.105775
10.532577 71.261764 17.496704
45.644168 88.706446 17.963442
85.884870 72.977381 18.563466
99.943242 11.106355 17.430267
0.172336 39.429239 17.968704
28.787864 48.957326 15.438932
8.319388 51.090629 17.203759
69.527612 46.730608 17.734454
18.207923 4.826526 15.445333
24.689067 70.699505 17.286660
33.584254 91.668278 18.352382
70.801181 82.263924 16.047848
23.516543 49.796853 18.676511
24.203313 41.636255 15.782543
8.583423 29.670003 15.581418
7.461690 6.691541 17.510341
6.369561 36.378483 17.443563
57.849570 80.004184 17.858114
23.967565 14.667549 18.078227
48.645028 29.484688 17.383356
45.976719 33.628593 15.416671
48.936468 23.506089 17.706853
74.556866 67.026433 17.098878
2.959744 63.178958 15.306196
51.907835 63.257366 16.017022
0.731834 9.316904 16.064687
35.487406 74.099121 18.431700
59.627248 45.689069 15.705780
1.420982 34.135570 18.232487
31.271665 9.779976 15.332657
47.801444 43.518691 16.310903
8.461583 64.305741 17.575485
46.174179 85.323924 17.987359
15.888672 41.520414 15.833754
21.017966 19.010946 16.707179
68.204625 35.016335 17.949686
70.667848 78.451582 15.097892
21.034003 75.682276 17.713556
58.271573 95.548079 16.278691
71.012664 88.764614 16.429917
15.649928 49.165267 17.926911
1.518350 76.571313 15.850982
34.631939 74.015205 18.137616
81.383179 88.307240 17.599192
30.731042 62.544310 18.639894
89.117500 59.561058 18.624156
33.856583 82.669435 15.606876
85.271946 66.400363 17.874726
93.547264 68.134929 18.021458
43.097709 65.514584 17.426545
9.681149 69.431004 16.519796
40.444980 35.395908 15.677893
94.737824 32.417194 16.616323
56.569189 24.722623 18.501770
87.653690 38.838130 18.738192
7.293964 86.469452 15.312725
27.830989 68.655840 15.700561
35.949652 19.267211 15.539340
66.774648 77.505796 15.017353
97.551170 15.781253 15.215620
78.975284 97.762845 18.593359
39.464715 6.916068 15.136410
35.202898 82.801358 18.292595
58.054110 93.133595 16.824243
92.707314 21.998910 16.683669
61.844613 26.833089 16.873042
69.165398 20.746819 18.612269
35.778064 98.966237 16.274581
89.150537 4.501365 17.035293
76.869975 42.444782 17.285002
57.332328 38.082475 16.034882
57.013224 51.981004 16.326105
41.070162 25.702931 17.743256
55.101106 50.783950 15.646694
56.885518 57.228966 17.777052
44.814167 47.142220 16.635138
30.278333 46.058902 18.583607
41.082026 7.091724 17.674072
32.000404 97.827813 18.711075
94.296975 95.991896 17.475729
43.141062 86.275327 18.702828
68.078954 3.767612 18.535419
49.500066 23.917647 15.843887
89.265639 45.576800 17.282752
53.146151 13.274639 15.860093
41.024583 63.738245 16.901912
93.821845 77.379104 18.732954
52.281043 74.807909 18.328378
26.293690 52.515988 16.311402
85.477788 99.588658 17.795216
19.502493 72.208315 17.689867
13.780483 29.033730 17.017433
13.463082 60.481153 15.537942
10.671093 54.346435 16.992245
9.366024 50.251125 17.192042
46.566688 2.182802 17.760741
69.565823 24.991153 18.080032
25.194889 73.285508 16.456513
36.881237 36.557389 17.534171
78.785803 67.929496 16.365594
72.238819 64.460772 18.094257
71.601158 84.159921 16.405442
43.723144 54.039746 17.995236
69.557658 38.235430 18.311814
72.725311 69.800575 15.088842
29.591198 16.336239 17.799187
17.353955 16.239371 17.745941
85.437784 90.741278 15.354051
2.088139 13.833415 18.075896
92.776007 22.814019 17.366562
20.399330 44.290850 17.533075
94.440856 62.076716 16.924226
50.339429 27.542970 18.324296
41.657140 91.843986 18.707483
4.176014 59.356580 18.203523
5.489036 51.777464 16.307912
75.676092 68.893400 17.981900
59.137149 34.099485 15.575972
71.762904 35.532059 15.407177
37.516956 51.907785 17.034901
43.255839 90.771571 15.108538
38.237309 45.488527 15.677875
9.685603 41.966125 17.104978
10.912859 71.668689 15.165701
79.172137 8.776948 17.836508
22.070940 48.909818 17.450688
66.682630 62.467010 15.644978
8.035458 91.321048 15.828579
80.376655 69.427140 15.006506
12.457087 9.757324 15.775278
19.827151 42.535271 18.150993
41.843743 42.068425 18.577500
96.997447 24.344781 17.701302
16.503861 60.965430 17.696779
53.536944 90.609091 18.656316
74.171937 67.555274 17.595234
90.314812 43.586403 18.205212
14.196803 34.877800 16.126750
41.722394 12.350433 18.307608
67.661654 9.100763 15.353364
52.052762 30.684927 16.544831
43.242007 16.131838 17.868270
54.701731 46.533303 15.214448
91.714524 22.076391 16.920316
44.066234 36.733208 16.593751
16.443351 34.730645 15.494586
11.664444 23.500841 16.486982
29.899228 64.781478 15.726456
32.926576 28.314350 15.146806
91.446048 67.871091 16.715191