18.357799 22.502660 17.895633
70.060308 35.022327 17.904127
63.190618 60.524861 18.065500
59.636656 49.551586 15.346070
10.919097 17.584666 18.506057
64.209364 97.950838 17.672557
99.273627 49.706513 16.937985
69.103387 31.791299 16.889498
56.159212 32.390959 18.348596
86.894811 40.638551 17.077729
28.861949 45.316067 17.532793
88.369238 31.297074 16.020905
13.076432 67.726279 15.030639
4.770162 95.434840 15.250646
53.995469 32.171596 15.003279
86.992500 88.500894 15.399231
62.497615 28.094447 15.852717
23.680924 40.594182 17.679580
35.320648 91.211683 16.147178
86.727737 62.920267 15.003840
51.029905 65.981496 16.766273
34.279594 98.112697 15.126757
85.476047 3.666456 18.579746
11.355600 13.007083 18.357265
23.544426 59.748313 17.417611
91.784185 29.321956 17.896130
27.048348 96.335250 17.850151
92.362208 95.899089 17.091719
49.228053 35.358917 15.150177
77.512648 76.833236 16.889194
42.477056 34.853243 16.356832
25.500095 20.821868 15.694957
56.122832 49.390857 15.830110
26.239210 36.229928 15.424013
89.586073 84.074267 16.689876
69.645285 97.629867 16.388377
18.392817 75.191373 15.518614
93.999383 62.346619 16.643830
36.916677 59.355889 15.588827
32.960275 10.367523 15.785694
87.549842 41.502200 18.549442
19.571184 29.900224 16.050973
89.878789 29.199490 17.804704
44.391599 70.035401 18.214544
6.133952 57.088025 15.774144
68.489803 1.787429 17.627366
95.509733 27.592667 16.387690
16.123697 10.372237 15.104019
59.465418 34.809217 15.298367
47.581751 80.968975 18.451133
76.748753 30.417833 15.764288
36.319522 80.065223 18.055611
31.502483 60.174343 16.888386
26.307772 22.266274 18.315339
10.622234 82.409484 18.257463
97.921818 58.864870 16.652957
94.243705 86.424402 16.087999
93.021984 92.181275 18.314894
60.121224 14.635713 17.629226
55.377966 34.399872 17.173651
42.951936 52.858902 16.587468
3.434606 61.723380 16.414099
81.100103 1.905391 15.919368
59.253367 7.642739 18.720314
37.282455 97.380552 16.759772
44.611107 99.567022 16.764173
77.826017 74.852931 15.673633
6.753741 99.465722 18.331128
86.063136 36.904185 17.361205
96.886830 39.667754 17.329354
80.374474 94.938760 16.701066
37.896253 83.363672 16.543842
50.536711 17.797656 15.244640
85.961709 1.178289 17.772521
58.460567 9.493922 15.837913
13.665167 48.266661 18.400087
4.966114 14.058641 17.835990
19.714173 18.806222 17.776372
76.144254 59.970956 17.539836
92.488236 99.721643 15.213148
83.261190 2.529076 17.729997
86.992635 35.488011 18.671491
81.629355 39.155005 18.551178
79.411049 39.599452 17.035699
6.516994 60.180357 16.383296
5.767529 91.707011 17.258121
9.700213 90.703661 15.238237
88.951843 27.916574 15.424494
83.467778 11.828675 17.436650
35.416719 84.755970 17.506940
2.274864 54.769368 17.815093
29.257500 34.373556 16.273999
13.454586 92.215886 15.437268
13.785930 22.854574 17.379723
76.026338 93.330037 16.196531
34.677112 58.026150 15.901470
80.329449 41.432891 17.424033
53.265749 22.389580 17.921696
9.955290 28.013919 17.270550
80.887456 51.110511 16.465584
18.651009 31.683527 15.747334
57.020300 9.081247 16.374796
86.511915 31.549535 18.513922
24.840458 41.419081 18.465170
58.694789 3.311067 17.589752
94.229903 7.054602 15.375420
97.786023 81.017746 15.731226
34.198856 87.235288 15.784246
11.089844 50.221719 16.760888
51.737580 53.919218 18.381032
45.058972 82.118037 18.473896
85.860548 74.111191 15.511415
15.240109 62.725734 15.221909
51.300930 94.931294 16.209839
48.297359 36.784844 17.590853
1.556166 9.689580 16.076984
89.610066 89.470921 15.671570
83.500264 9.267688 15.607399
23.762271 61.395523 16.421212
19.923313 9.773164 16.879518
70.517046 86.155335 17.196198
1.163673 32.186564 17.597053
99.105527 10.891440 17.376407
84.222430 56.797750 16.796405
6.194213 30.358764 15.678327
42.608776 29.854514 15.859462
57.248846 89.303830 15.018122
16.328722 24.701879 17.794244
93.417422 38.740298 17.544931
50.148211 17.441538 17.055391
33.298679 59.751595 15.521179
82.355060 24.497828 15.606694
56.192070 35.192822 17.021563
4.191581 4.348777 16.183848
76.141646 76.229531 17.072002
57.615811 17.865043 18.131917
19.104475 17.331576 15.394190
98.374893 12.202294 18.020362
95.556626 0.718254 17.776655
81.586436 66.756224 17.927482
64.384544 1.519602 16.915508
96.861195 42.403274 15.172750
69.265598 44.722779 15.255243
25.853038 81.013776 18.732606
96.578269 62.280807 15.061241
32.227920 50.609626 18.717274
15.117353 70.568853 16.999997
5.503097 26.576615 16.518559
62.638652 30.236674 16.957127
6.449259 69.969846 15.819316
56.890747 10.952738 18.400146
82.452660 40.585958 15.997464
60.305726 60.419458 17.580438
80.100627 42.538597 15.825541
7.092757 67.816460 15.989841
66.130879 85.206404 17.952918
40.513333 85.672072 18.615004
31.226533 42.423821 16.756913
68.089181 74.314512 15.147649
59.241459 92.737236 15.521090
26.774146 33.112665 15.065021
56.501508 56.058863 17.608384
2.779449 32.071534 17.754479
74.217392 54.479541 16.498059
40.610898 29.751397 17.751940
31.019897 78.075927 15.608589
6.641784 16.674404 16.619653
87.965528 78.123344 15.639040
12.041197 27.686346 17.444863
1.035054 87.165591 16.376661
47.622832 13.635772 15.218323
64.055042 69.011963 15.980365
69.710847 89.131254 15.005970
2.648650 24.414779 17.028705
7.017628 40.393331 18.710255
56.624092 88.444227 15.586502
87.976098 75.705135 18.078511
88.534962 78.405903 17.853006
96.174896 21.708806 17.144740
35.113177 84.651740 18.178999
90.545728 3.976019 16.240371
3.199292 36.289866 17.228815
8.631722 22.572047 18.602781
66.635986 80.783841 16.722712
17.648763 88.359676 16.584317
4.673146 72.265661 15.683041
63.586284 12.695214 16.777002
12.073722 7.815077 18.169602
31.352977 6.323392 16.149260
55.046936 71.632820 16.327376
47.011936 94.266886 15.100588
42.493452 83.006253 16.157057
11.097381 63.522312 16.871156
2.396945 44.684063 16.461409
33.367665 88.871397 16.428385
76.045494 62.916481 15.953909
90.893994 28.742443 18.592500
25.603585 99.894379 17.278077
74.607749 95.768652 15.511763
6.447290 22.629296 17.343059
11.279773 95.381875 18.208088
50.450078 83.767054 15.618671
8.994202 11.023575 17.745080
43.508962 72.363018 18.167516
30.667163 34.050748 15.771724
64.191463 81.372328 17.388466
94.110174 68.690517 15.740230
10.832362 8.666146 17.968234
50.519329 28.824767 17.832108
84.780345 36.881323 17.594181
55.888271 86.798537 18.410299
10.068612 45.820037 15.787906
72.183316 24.306951 15.817826
15.773382 70.499028 15.778453
62.760853 54.952446 16.905116
29.215721 90.262554 16.542335
2.980527 0.176850 17.147564
49.979883 95.942321 16.024643
1.566484 1.024339 16.759894
6.667643 53.595572 17.644354
19.802354 65.391031 17.243004
55.329982 64.722620 18.038557
28.164006 98.880994 15.306294
4.510445 83.252458 15.886399
44.951308 45.331099 15.165004
73.516906 89.111300 17.290581
61.646047 36.181134 18.537401
26.102056 79.057089 15.846357
38.643209 0.916121 18.291633
57.830313 67.569929 17.024989
10.036072 41.503534 17.736316
11.860471 70.506507 18.670935
93.813189 37.458904 17.837937
41.201760 86.833580 17.106109
39.598383 92.509025 16.290997
64.114534 25.764810 15.227108
82.186502 29.949132 18.737153
24.228015 2.572830 16.943339
39.291579 74.524754 16.620231
65.922337 43.078133 17.106161
13.640603 19.720478 16.949473
29.799353 87.117762 16.765913
36.737974 44.425681 16.387686
59.231619 1.210997 17.163810
8.987106 72.077750 18.399235
23.247118 12.593015 16.412829
99.198480 10.496712 15.755813
3.350927 99.125818 15.020552
72.567586 93.847653 17.460603
35.959227 7.489946 15.990983
41.538896 61.700161 16.318294
3.916542 4.499075 15.582061
50.930436 85.029308 17.333413
63.672007 39.636424 16.572466
52.092193 11.957973 18.007651
24.398079 85.310984 16.413939
66.229100 88.142206 18.671628
80.181725 41.095819 15.353432
92.552238 94.337256 18.280855
19.804318 36.303570 15.779403
71.123906 41.961346 16.020384
52.198965 63.635116 17.416019
59.823196 92.247683 17.193650
67.036276 17.183735 17.473924
90.418597 92.276347 15.719648
3.635071 87.728929 16.423196
38.577527 60.151849 16.857100
45.100900 45.621940 16.683578
72.727761 62.781095 17.768285
74.980983 37.780649 16.941191
3.094989 67.553538 18.225899
1.495255 7.724022 15.210441
88.649842 88.449032 18.503017
62.311276 11.454636 16.417526
73.449848 94.476243 16.895264
33.952997 48.982073 18.575245
67.276039 8.227192 15.374192
55.105809 94.295393 18.336268
24.372720 13.110124 18.395620
35.913690 29.448361 17.331696
0.965187 58.275592 18.454039
26.546175 44.606456 17.854968
83.600563 65.219432 15.996008
92.059008 62.696955 15.737092
50.589193 9.962685 17.530005
9.614390 99.014898 15.487913
31.658210 39.031724 17.264570
35.896660 12.960390 16.862525
74.587480 34.470767 17.965370
70.895600 61.096557 15.256890
4.236563 21.482324 15.514197
46.103105 53.519687 18.397397
33.931788 93.477438 17.417283
43.489392 8.429903 15.482389
62.997615 23.158847 17.729748
34.200745 73.081603 18.628810
31.456499 34.366744 17.401581
34.494203 75.706939 17.360620
5.192917 92.327880 16.244285
25.158136 44.610324 15.407723
78.528110 88.964400 16.637350
78.899930 53.106595 16.694076
19.326565 26.268526 17.305936
59.447956 57.885068 17.034215
6.048786 99.411361 18.280502
96.412173 70.811550 17.587482
5.350209 18.216415 15.088560
0.568992 71.431828 17.607274
81.723643 47.494696 18.498824
87.638209 3.776670 18.304272
36.424387 5.270890 16.145063
98.089326 36.111760 18.477071
15.308942 43.458320 18.115461
28.238230 17.527069 17.459566
3.762438 79.595774 16.910857
79.899816 52.025118 17.698862
10.364331 32.980385 16.865988
84.220742 24.743162 15.015406
50.073333 85.168106 16.911747
83.710697 27.253734 17.470485
16.875516 37.920812 15.163325
91.540619 97.235224 17.787504
34.950595 72.796547 15.954044
89.255688 16.544396 17.166639
54.375510 12.003194 16.598615
80.419562 46.567358 18.321374
9.282560 46.170081 18.452653
83.196372 31.176272 15.953560
32.117558 18.605792 17.250209
6.208192 18.028236 16.132663
73.920069 11.978198 15.200545
96.374968 79.553708 15.951262
55.495509 66.192492 16.946652
11.310768 27.979522 15.530751
43.527436 61.372602 18.159418
97.941891 88.820723 18.395467
11.762452 66.752671 15.160870
70.019365 65.453495 15.479430
37.682639 14.686803 15.129323
20.342454 88.332473 16.721106
1.434230 1.478627 16.689301
78.429801 83.458758 15.108215
10.913599 10.520226 16.333400
44.087653 85.921246 16.024455
80.594080 63.884978 17.696024
11.478490 74.495131 17.723539
32.758206 79.497152 15.934725
93.164339 29.880355 16.038979
93.239681 90.457925 17.142730
67.988975 19.882969 18.209610