44.768933 60.846000 16.417051
50.813914 78.077694 16.062636
37.671419 2.819734 16.642006
20.959079 12.471862 18.481766
0.718876 32.552695 16.075188
76.941647 61.602400 16.769241
9.507747 42.355604 16.896006
91.065404 81.132940 16.190346
91.342392 92.854201 15.482709
67.817062 81.513560 15.834242
13.835372 16.492498 15.765579
91.544947 10.092410 17.499318
11.879265 86.769265 17.713683
96.899654 3.802768 15.295745
11.555346 88.880809 18.222844
98.863554 7.726348 17.618228
98.410581 3.409288 18.339899
20.974368 83.719874 16.875863
2.084784 61.954466 17.551469
38.661832 2.078156 17.986137
59.531349 74.764248 16.771832
52.532915 88.634460 18.146147
40.508362 33.964888 17.896790
76.870477 98.357515 17.090747
49.128812 83.195404 16.645723
5.796779 12.593248 15.504914
0.028404 8.360832 15.519566
51.536199 12.575919 16.945769
59.629072 40.766424 16.892344
83.859513 5.447032 15.228889
59.937575 17.786254 16.364192
69.714568 41.522137 16.630791
69.158564 0.709466 15.563322
81.233216 37.520324 17.201260
2.601160 37.953988 17.605313
83.962102 9.245831 18.489171
85.704420 4.130849 17.662783
19.324419 78.277888 18.133302
53.786474 98.019944 18.396791
94.978583 73.917856 18.531899
16.613078 55.988905 15.295979
88.656213 74.136363 17.619049
41.195140 23.090946 15.739703
40.038977 95.424608 17.138834
18.117245 17.566620 15.745874
80.981770 3.960953 15.913581
16.751252 24.890021 16.107731
85.951083 53.503454 15.447611
38.884469 1.025637 17.949505
70.871407 88.372599 15.276140
51.364631 56.626775 15.253528
47.800943 97.462864 15.428860
73.796583 8.506824 17.124429
15.930565 75.398094 17.411313
55.313241 42.780415 17.243895
48.764104 26.640715 18.598488
66.551088 70.966929 17.476011
24.020307 4.727089 17.675576
40.284603 71.244612 15.571706
60.974402 85.480790 17.007468
13.682608 32.287596 16.635819
13.726144 98.269894 18.312041
24.025046 86.451246 16.208783
38.173109 7.201863 15.368227
44.474286 41.921569 17.630918
27.035348 41.998592 16.403838
60.461570 75.920156 16.888860
0.605273 16.616383 16.434212
28.544183 96.422103 18.328584
21.671670 63.906709 17.975615
67.162606 96.774187 17.437803
6.395424 81.980283 15.665204
41.843226 43.085096 17.491817
30.743499 23.693236 15.534662
99.785705 51.540488 16.007188
93.556244 79.719028 17.119485
33.292218 16.822864 17.374565
61.340519 62.682852 18.157866
74.849031 5.018250 16.086797
96.233926 54.337786 16.038412
44.200943 6.139547 18.290488
20.727057 10.031198 18.560819
89.089596 25.402017 16.038462
48.047523 80.409839 16.411665
83.923947 17.386180 16.649360
86.827531 21.556924 17.406144
83.777477 54.202259 16.180409
76.514332 97.639616 17.850376
56.378186 72.086000 15.203181
33.385391 37.674902 16.622569
12.888022 59.327322 18.506792
27.031855 71.525485 17.894700
22.712609 9.959005 15.558504
77.085918 82.809222 16.266361
6.377354 46.333197 18.670418
97.454236 28.378227 16.628754
28.900768 60.797704 15.548186
24.844115 38.810005 15.046587
96.313862 37.151730 17.117916
14.852252 91.000396 15.843607
87.640425 26.455940 18.132184
72.017314 47.342595 15.915112
8.526894 97.723840 17.063159
67.615315 3.232421 16.159674
17.965191 85.416682 16.568274
17.901993 62.050644 18.246050
96.603775 68.470027 16.788487
0.399913 48.576670 16.304062
4.371900 82.232146 17.814824
34.379738 89.662897 17.402354
39.636229 90.455035 16.455773
35.213434 39.761826 16.582573
33.819848 2.523454 15.696261
12.844232 83.773144 15.166221
20.201512 42.588557 17.769222
98.022193 74.404886 18.308155
5.407821 1.709289 15.868249
96.799414 72.136302 16.093820
54.907320 99.918144 17.526920
93.370316 52.643842 15.274876
38.465123 41.082835 18.627101
55.195242 26.388427 17.517876
63.521213 55.137897 17.663502
5.898946 93.851191 17.143572
0.652011 3.249414 16.336059
35.042700 58.859540 15.322712
25.210367 23.103546 17.277494
32.741801 86.221042 18.337830
51.948077 97.874511 17.852095
66.500013 66.483087 15.262426
26.366349 0.890985 17.046295
95.464453 5.305704 16.584437
60.831540 67.355248 16.422022
13.168051 95.692145 16.553267
71.780631 36.423211 15.717299
65.886563 47.469247 17.146349
33.991916 32.273735 15.441108
85.877357 20.419867 15.232052
89.314061 27.430352 16.699642
69.410764 65.930332 18.272507
81.966133 39.800989 17.554809
47.171323 95.063250 17.924293
61.614127 13.266808 17.009248
52.674605 32.497336 18.515849
35.356600 82.249178 16.934156
56.477885 69.783122 18.646147
52.132787 67.015869 16.541398
61.409935 82.265252 15.441088
30.532534 72.987306 16.227725
75.827965 96.677855 16.267786
54.917577 34.602673 17.895176
12.842486 89.211164 18.141625
80.868869 20.173565 17.449016
9.495607 19.133655 18.253343
10.556139 82.365079 17.325163
88.850980 26.186095 15.947430
88.031485 41.746347 16.718794
13.486717 33.436940 18.110424
68.018906 38.920873 17.158803
92.906259 97.333301 15.708019
37.025704 70.555728 18.182121
15.926488 20.343560 17.321495
59.564820 97.374787 16.233439
30.007347 55.916125 16.005791
72.920487 64.942525 17.160581
26.074922 85.700626 16.207265
27.324071 4.474869 17.931071
19.531113 36.553004 16.742490
76.722299 72.590652 18.600779
70.867838 48.259031 18.331211
22.010163 56.193466 17.974734
43.346948 68.108204 15.894085
29.518304 42.042444 18.030916
43.399830 84.863535 17.444582
30.160472 89.875839 17.467494
12.362205 75.335732 16.953417
97.665236 7.089163 16.125897
11.685796 55.512231 16.220923
32.280669 55.268523 16.286600
59.401270 43.614605 15.719870
58.656204 20.239207 18.448330
15.493983 85.115673 15.547796
14.346497 46.816627 16.369394
9.620477 64.842143 16.095550
32.292970 92.543083 17.860550
37.857827 7.547355 17.311854
39.717094 32.579077 17.472747
76.705759 56.436180 18.080386
23.211870 15.943207 16.985064
29.429259 11.408536 18.383567
66.500607 27.282710 15.013076
19.030881 34.916868 15.143085
48.170904 39.987640 17.043641
11.383905 88.537748 17.411046
11.774215 83.946942 16.794120
73.444674 0.723275 17.663015
1.368199 57.758032 17.809106
0.407948 95.429766 17.317976
75.190548 47.904435 18.587307
51.442050 37.790304 16.569489
78.609050 56.533102 16.431863
10.113586 87.997655 16.270595
82.563731 98.600105 17.037078
74.342205 26.717084 18.440789
78.752301 77.934891 16.468275
18.050718 70.118526 18.044306
86.591002 92.903452 18.612244
56.856395 89.107378 16.010301
15.741829 10.879630 18.040393
36.787578 36.915467 17.105825
47.984676 66.976719 15.614571
99.333489 83.886536 17.724584
46.570632 23.077249 18.200586
2.707251 75.139462 15.594896
83.508595 84.001294 18.447087
88.502269 0.189817 16.664728
19.022756 91.241789 15.147489
10.950763 76.109900 16.170136
5.107319 0.650410 16.736314
62.270048 65.503394 18.133886
55.320492 47.386415 17.625848
68.552063 93.657254 16.857544
19.243257 25.442855 16.650762
42.481627 11.580937 15.889337
3.698760 44.302196 15.761778
50.088780 57.338786 15.950575
90.105840 14.390266 15.109771
75.986115 32.935379 18.038605
26.362926 59.634740 16.133517
91.491872 85.044732 16.271364
96.753791 57.728950 18.134585
93.185461 74.693628 16.323374
16.161361 89.269115 18.607303
75.151518 19.881791 15.145228
8.855655 93.858418 16.435706
41.251379 59.110737 16.444016
24.604019 64.115963 17.078747
84.061095 3.998878 16.468886
40.748031 62.124959 17.320113
45.276603 64.235064 18.283371
87.140031 59.948409 16.695953
73.323491 58.891926 18.339188
56.470396 10.695274 15.803069
88.828361 21.307086 16.657977
92.163941 79.424078 15.683316
14.500614 24.158220 16.179866
76.101964 60.366359 16.382463
47.520426 90.387704 16.092093
32.204925 78.471596 16.238933
48.761397 68.887295 16.097034
83.520503 94.898357 15.353253
8.795862 98.408274 18.600222
79.546768 83.246772 17.454851
67.802446 14.377783 15.674623
81.290686 60.257644 15.969499
42.939760 60.539948 17.781442
76.969653 49.611734 17.398430
10.972881 88.988488 15.597658
65.611534 32.537124 15.324561
49.989333 23.743498 17.549126
99.337913 6.148541 17.719228
25.958019 79.759162 17.459581
20.545037 66.172973 18.340199
59.070723 28.666417 17.412256
65.454186 91.754196 18.717930
98.182115 43.733473 16.268425
55.123008 54.310969 17.176860
24.869036 8.673869 18.162059
65.461147 13.624327 16.434055
38.903808 28.302246 16.063147
93.304218 12.616119 16.342050
54.150402 33.561640 16.963916
47.730047 56.756695 17.797341
26.754633 73.191712 17.226098
7.303227 89.604849 18.182768
34.959745 25.655719 16.314064
23.521705 40.298647 16.465584
70.780269 98.730989 18.423606
61.814726 44.127772 17.510043
71.066371 59.760907 17.770930
70.940389 85.135470 15.881780
38.321520 71.937149 15.644065
61.754413 88.117140 18.424626
99.221607 26.499050 17.886794
74.708005 68.202400 17.919774
36.067327 52.286238 16.052498
97.931253 95.382340 15.109948
32.609372 90.136994 15.977996
18.906162 25.724327 18.284620
20.497645 26.064215 17.949865
78.454017 64.864941 16.295869
88.652075 82.372863 15.538065
30.859487 8.539200 15.537654
51.712061 7.877443 18.487320
25.893766 54.580661 18.563195
3.601284 52.376350 17.843676
14.182581 49.460008 17.177369
70.571535 61.112299 16.547529
48.419968 31.744035 16.542604
20.900902 51.274161 15.091475
41.687037 53.817023 15.942851
22.154026 52.156151 18.610915
93.385335 18.585143 15.396287
64.968125 18.534704 15.242652
48.697458 49.110232 15.606814
42.393006 32.232251 16.116350
57.001150 26.742802 18.067725
4.368720 98.411641 18.591724
68.805552 96.191912 17.422217
74.902736 91.241252 18.004652
0.220308 17.528960 16.326286
9.475273 2.321182 15.107967
41.595256 75.215564 17.954694
78.449988 76.569698 17.863242
7.868568 47.690302 17.054362
78.853024 33.606982 16.841653
17.896427 65.298755 17.729608
80.043606 5.063244 17.406151
83.356625 52.270166 17.886144
92.775924 77.030764 16.365763
25.936670 13.104314 16.539654
89.518914 26.925284 16.411891
23.414981 52.599788 18.609266
7.955890 3.362235 16.360522
52.042746 89.268327 16.733337
22.888589 63.616208 17.936780
85.638529 70.208571 15.595822
47.776188 58.752176 15.322744
91.696608 69.483589 17.013816
17.952540 29.585234 17.958792
29.739944 30.922263 17.614194
2.000607 53.238837 18.196554
16.025405 12.777567 18.648873
68.003707 67.010186 17.579344
80.437389 17.772728 17.895642
84.536424 10.985914 16.175528
91.265438 79.750161 17.499359
22.444232 59.042498 15.121645
44.529795 50.456009 18.547668
90.124735 91.019648 16.929169
35.965872 46.783936 15.674069
56.812205 15.666609 15.246740
97.613375 39.818535 16.169598
25.879300 57.950063 17.649105
84.654708 36.172506 15.700179
42.536109 75.788473 18.042209
69.450174 37.218640 16.063770
3.104721 87.221012 15.085049
7.405502 59.024789 18.049209
26.459114 31.024880 16.503277