35.955055 89.161245 16.518217
25.962880 59.043272 16.987990
31.473578 95.813369 15.993874
35.509779 95.254586 16.705061
5.624239 16.278717 16.771418
98.472456 90.557727 17.922143
7.581400 45.111489 18.076118
63.915877 0.670458 18.441049
3.640406 43.608099 16.749798
27.132511 3.017039 17.339380
39.703038 77.277145 16.140236
39.989096 31.787086 18.243880
51.457754 76.339382 15.282355
35.380832 17.457641 15.195694
7.577272 51.751756 16.325368
28.503548 17.898809 18.509922
66.006647 80.037517 15.056097
80.190386 96.521681 17.349129
63.697793 39.820870 18.035763
60.894897 93.936383 16.668185
46.874377 71.754555 15.233619
2.279876 33.361621 15.047596
16.819296 48.282516 15.120702
4.299189 33.597235 16.786366
21.503200 35.287067 15.171254
0.168396 14.998771 15.391348
77.550637 91.366807 18.389870
41.284401 69.777752 15.652898
71.922596 11.401788 15.545411
12.858231 70.683840 16.323576
11.677740 30.936966 16.730861
80.116255 3.732436 18.013785
19.561825 41.842383 18.018507
88.706286 41.931829 16.199938
56.290245 82.677816 17.145764
5.074713 20.168919 15.205862
64.755111 19.572304 18.633515
66.569124 36.054754 16.173513
53.780137 69.362146 15.598700
99.290183 53.388437 15.971434
80.210751 92.962384 17.238858
5.613393 88.799370 17.824150
59.568331 68.201051 15.649077
73.814213 25.516383 17.550611
40.946178 30.462446 16.694158
91.900577 96.819575 15.481021
75.521855 16.319706 18.031827
6.693989 7.766802 18.550779
50.183825 80.705784 15.391650
96.979558 5.848726 15.622020
18.172189 16.336812 17.606076
32.004234 0.326158 17.955025
95.535276 67.515872 16.818594
96.282506 43.972362 15.231040
76.161952 98.038047 16.932029
72.167500 88.687669 16.658641
12.441455 35.121115 16.725863
63.697012 69.342987 16.574955
64.614135 29.179980 16.989713
52.249140 19.599989 17.594576
8.988262 44.830241 17.155261
81.379082 46.321388 17.795827
44.497790 46.594545 17.421614
80.260748 51.860473 17.086986
48.400659 13.117328 17.757846
45.782436 72.897813 16.416973
39.820512 23.406464 17.749045
71.106282 59.380593 18.672355
51.972759 86.514516 15.990064
42.857898 13.216275 16.041842
62.138750 27.825793 17.784457
67.280755 72.980467 16.101957
50.757604 99.406634 15.695897
87.164637 11.472181 16.847440
28.569458 17.114397 16.209165
98.784708 24.333928 18.362145
50.703066 72.484840 17.805763
27.213931 97.016391 17.130850
66.250792 96.902723 15.784588
31.325239 17.744024 16.492427
44.922524 15.424807 16.709816
79.426237 16.348003 15.413147
71.456896 39.498960 17.705378
94.165665 26.893820 15.891547
97.258148 84.870059 17.302041
39.436133 33.118477 17.795940
43.215429 93.225550 16.870717
72.637676 2.540104 17.423351
43.737486 21.429035 17.532041
79.947069 25.366161 16.007966
86.258974 40.386051 15.020718
25.527960 40.623365 15.093410
53.844765 97.235658 18.629981
20.253202 21.392085 17.223503
60.743896 80.089379 18.379029
25.934921 0.438196 18.363742
9.589007 17.167736 18.137760
43.131063 85.448293 18.602916
47.099877 17.195645 16.635918
93.854827 71.807665 17.452816
42.799758 82.493553 18.555241
13.253396 82.802945 18.164441
77.065371 7.491532 15.343594
8.243612 61.445151 18.249165
12.124362 87.300020 16.475530
89.681429 41.209638 15.143145
81.636283 67.713759 15.099694
31.870697 93.908297 16.326364
75.923578 57.652035 15.544593
19.117691 75.758292 16.771635
33.536993 17.372732 16.312998
45.675340 60.468473 18.216405
69.150135 43.964856 18.240719
16.837403 85.519387 16.521735
80.145720 22.175534 17.770368
33.245272 65.667663 16.140925
0.587012 34.336488 15.140397
82.799495 9.814264 18.032953
55.128858 12.069471 15.277235
35.944291 85.935873 17.032249
81.104173 32.534823 17.455933
88.023417 54.931264 16.167538
51.994582 40.290090 16.771284
62.449058 11.847260 15.265452
50.035038 6.718938 18.153591
19.698980 42.083007 18.124090
47.172502 46.004756 16.455375
31.757483 67.946702 16.276379
46.656272 6.906110 18.401622
58.719276 44.238688 15.985020
73.318427 35.587585 15.567185
72.465472 24.779448 15.499254
7.408201 92.602835 16.845350
48.259565 19.121043 17.510430
49.377490 33.765706 15.989158
58.447058 26.797655 17.039738
82.568863 29.227304 16.445660
69.029661 58.505393 16.604562
94.340882 25.547430 17.789828
10.843215 59.033628 15.616855
24.094517 12.401079 17.205633
24.688596 25.374605 15.196159
20.244936 91.105265 16.059046
66.629310 23.938213 18.482349
85.443090 0.490756 15.116168
39.941847 22.352897 15.428214
16.820288 14.068431 16.070510
95.965876 31.538590 17.673025
20.428982 5.500606 15.279757
24.489281 90.065692 16.844539
67.494450 97.192392 17.394717
69.463510 91.419303 15.741392
74.631373 44.347205 15.345603
91.520949 32.069547 16.364127
50.192170 1.572285 18.435652
64.000372 28.408133 15.245247
91.950481 68.973046 18.596826
12.733946 61.988242 17.103013
79.309274 99.345449 18.572082
15.357079 31.106177 15.733262
52.167059 11.568968 15.914843
81.146852 10.008557 16.253716
3.265974 92.558249 18.566439
24.164055 23.512731 16.245283
73.530137 52.467728 17.614969
16.618232 81.610105 15.788126
92.561797 58.088432 17.433242
44.425243 66.968223 15.196025
71.674719 63.110737 16.625673
87.524546 21.894097 16.018986
22.929105 48.345226 18.008802
78.253694 80.525986 17.450117
26.791272 26.756305 16.205255
34.960508 78.410236 16.886996
82.202418 12.621709 16.727429
57.366370 99.869750 17.360612
35.035131 33.613968 15.161805
60.022109 87.816177 18.407231
66.359234 80.224679 18.451739
85.648540 89.965112 16.834119
9.085821 30.699482 17.321894
54.385895 20.704765 16.736338
57.160943 66.194884 18.140506
70.071601 95.432091 15.917878
68.759838 2.818726 15.547559
54.742787 76.484823 15.079184
77.334188 37.697220 15.048372
33.154373 63.941520 16.475559
15.469983 29.853483 17.187568
54.220274 78.744479 16.500414
54.651840 5.563591 17.504232
47.469514 58.539424 17.295965
74.844595 45.913565 17.739608
25.674582 26.636280 17.336261
5.643032 20.653902 17.601770
8.467632 13.069008 16.268451
89.486762 4.420335 15.790024
64.339796 71.806318 15.827813
26.406661 53.225832 18.537343
20.816897 70.993904 16.527604
34.467121 9.433026 15.273290
30.866462 80.030420 15.690696
54.697331 53.559252 16.546541
5.946214 94.921238 17.500832
48.838554 35.679143 18.609340
57.996799 86.996780 17.395937
82.642071 54.762866 15.443460
15.523584 63.757966 17.506832
93.425778 72.477409 16.063867
54.845671 44.906492 18.571807
41.831442 50.550703 16.513497
20.274869 42.548863 17.905940
4.856818 33.789562 17.799433
66.959717 43.833299 18.704168
51.198800 59.898536 16.612576
85.425344 5.243882 15.267198
76.346662 34.941395 16.013280
87.329010 84.378080 17.740800
80.850150 37.082492 17.942718
30.230856 0.200880 17.688786
59.035220 1.723260 17.303250
68.077469 57.383765 17.127171
34.944115 53.656329 16.813666
65.996243 61.319689 18.647499
50.738618 28.147510 18.367829
90.753890 90.796079 17.883928
88.112769 99.951726 17.765557
74.992051 75.259038 16.009623
51.897602 92.144085 16.462629
85.619413 32.680422 16.648820
96.989890 62.412419 15.030774
92.234716 8.956208 17.273811
98.211830 0.448283 15.600931
66.180233 27.941392 15.465660
66.430420 28.883070 15.548138
81.556315 23.691119 18.168392
85.787540 55.784650 15.965946
58.928796 96.990777 15.959581
5.217614 55.257766 15.976740
47.398088 73.525234 17.704766
19.096445 48.665242 15.884277
98.509167 77.701884 18.120481
82.944718 9.579451 16.711775
39.355171 5.534618 15.675425
20.654728 54.267889 16.923162
37.276005 75.675248 16.614395
66.828144 69.833625 16.324728
1.015264 70.656817 16.106176
15.293822 99.931878 15.649138
22.037044 40.328572 17.167397
77.533580 90.117995 16.897310
80.327521 5.392863 16.709452
87.500103 90.481756 16.272943
62.981489 85.309595 18.298853
37.796396 69.227678 17.919794
9.715084 41.567421 17.126188
29.329194 50.620867 16.246379
85.836260 94.119256 18.665542
10.988337 59.067283 18.452632
87.756881 94.234187 15.970010
35.203643 40.136388 16.184986
40.323424 38.206038 17.999925
86.769068 32.821127 17.149091
42.183712 53.989845 17.194618
34.866276 23.678715 15.514935
71.217386 14.839906 18.202507
59.420509 79.325944 17.512696
83.121390 29.009595 18.560475
32.566163 97.806403 16.101333
50.802982 62.538406 15.257314
9.236827 44.879818 15.512832
6.221598 73.538973 16.190564
86.968122 82.351546 15.956524
46.680190 4.663872 15.687799
31.988553 6.564253 15.068952
63.571058 16.090513 16.415501
74.320823 75.344994 15.144548
15.960410 45.343594 15.702012
40.289795 50.243818 16.238717
27.851388 91.685471 15.532745
43.325640 67.210321 18.020145
18.241178 62.187215 16.977353
49.235648 82.170534 18.227578
74.794382 7.382205 18.503059
70.125061 36.806774 15.704769
40.528163 7.406169 15.739345
59.110236 10.035232 16.714427
48.124283 76.158356 16.712849
17.205419 14.727083 16.383255
32.585753 64.232271 16.781515
81.778496 12.645240 16.637575
65.974477 86.564872 16.945096
9.282983 9.038622 16.282449
45.924819 51.410808 15.719003
29.684377 53.703916 18.526770
95.804123 61.791172 16.021177
61.426714 11.915167 16.373604
3.405885 51.347404 17.589969
84.173873 35.194897 17.833329
8.385339 1.898301 16.583407
45.851905 12.535586 18.311586
41.458619 66.879170 15.664924
65.178418 0.301469 16.766554
92.561479 50.284395 16.212056
96.593209 5.818958 17.626336
28.299265 70.439147 17.133841
60.770954 71.599238 18.704415
23.698421 99.679396 15.015386
43.200253 38.039035 17.814951
22.505326 8.344788 17.045700
65.109746 44.147519 15.852407
94.183614 70.407427 15.696883
7.701594 77.743052 16.267797
46.156460 12.184694 17.480895
80.834278 55.544503 17.617182
1.946545 83.433255 17.131643
34.282185 89.741026 15.390012
48.713605 19.480702 15.355893
73.386920 67.142991 16.493132
42.889203 22.192930 16.058611
75.558329 14.084501 17.629819
44.721006 72.180385 17.789780
38.166784 25.557316 16.475424
5.583876 57.992369 18.658083
59.191083 35.768779 16.389812
70.093816 35.108302 16.730223
23.347419 58.073002 15.459916
41.765194 58.277724 15.860577
33.067665 54.946690 15.937313
38.572235 20.251932 15.579140
20.768033 57.338721 16.301838
99.277400 75.852238 15.981949
93.619408 86.777181 15.567497
94.012081 25.647840 16.162018
76.141631 82.898979 18.523392
28.557712 70.109609 16.090388
55.668768 96.579705 16.599041
71.034757 37.981815 15.794960
37.248266 88.200151 18.003422
53.480227 39.030222 17.527172
92.646761 27.636480 18.289280
62.942546 86.202098 18.555768
80.456160 97.875137 15.797078
61.296978 95.217725 18.717193
36.634233 11.499911 17.949985
53.879110 48.611867 16.093368
41.491854 56.278460 18.208571
30.814623 65.016928 17.132011
64.010995 4.957906 16.523175
33.114123 22.442227 17.952319