25.094538 49.747515 18.107433
66.302419 78.004277 18.569722
64.172963 44.543945 18.729408
27.938067 22.252824 18.691987
36.962376 66.601131 17.037896
55.357505 72.841826 18.410731
97.570259 35.151122 18.632499
38.382397 46.759617 17.104353
6.305722 99.099078 15.201340
90.505285 52.182114 18.048384
88.813891 66.415117 17.228071
94.546270 65.062245 15.118898
35.239954 34.904804 15.310398
29.214099 0.570273 15.945197
25.404493 95.633797 17.351542
73.840589 80.670695 17.522454
28.641435 10.300085 17.961117
61.331880 26.616546 18.712785
79.380307 31.505630 17.228822
10.885545 63.643470 16.962348
68.157224 47.423742 16.617991
89.728378 77.795401 17.011302
96.786589 23.359383 17.945762
58.835559 14.088062 16.172303
19.634438 43.302377 17.541752
35.696491 16.979579 16.562321
31.370371 65.186099 16.831400
97.408970 10.384332 18.705783
3.869955 64.753503 18.117971
30.449664 68.689718 17.950633
86.163647 35.876246 17.908593
97.637131 13.379110 18.470010
37.398084 39.432379 16.043053
66.123088 78.098621 17.635567
15.302278 95.661794 17.875334
16.623261 70.582479 17.553111
57.357562 2.056702 16.894997
65.959533 55.208601 18.154180
37.034069 16.832190 18.543018
45.520376 45.955289 15.804637
87.444356 96.338693 18.601084
57.130093 27.946169 15.329716
65.189541 50.578819 18.322709
83.123921 74.769010 17.379858
41.060490 1.939867 18.203217
56.929197 4.493361 17.347560
41.920045 53.127029 18.678112
75.388927 86.827773 15.464403
8.452239 63.616524 16.549846
30.366819 19.295072 17.605141
87.894218 82.347267 18.221555
95.424407 95.860569 17.998353
92.458822 82.294319 17.164484
35.818766 23.757036 16.218357
15.931793 72.447091 16.729354
44.910752 28.781770 15.307020
99.702564 34.569974 17.242645
39.630468 19.662499 16.667526
31.571978 65.153514 18.613130
80.016150 68.702315 17.487042
22.888351 4.438123 17.698648
65.193408 64.226470 17.792191
71.123992 33.751841 18.330718
19.403842 5.234240 16.448988
97.814081 15.206577 15.228806
87.941718 4.131792 16.879573
19.039327 0.108794 15.111161
38.248982 12.241210 17.453205
67.203629 97.371459 16.173010
95.239074 3.026670 16.648744
6.253782 63.837211 15.156274
42.729152 31.881640 15.802382
90.972997 88.253872 15.549256
34.821407 60.002000 18.234859
0.083532 82.078400 17.767167
83.008384 15.356001 18.436668
59.067865 65.858164 17.837417
20.870253 53.796424 15.171681
0.839343 33.035055 18.022476
99.123039 38.043198 15.602520
29.691950 29.933108 16.588669
19.841786 48.182567 17.672280
75.696739 83.169007 16.367094
28.514873 70.543308 16.279087
36.695652 79.113997 18.227258
50.165219 76.751079 15.104608
3.348787 8.781125 15.953212
27.564600 49.602002 17.555844
60.886594 64.174162 15.553630
74.948869 4.091014 17.514200
79.502373 3.352281 15.422119
76.371317 54.174344 16.988622
5.837753 56.616581 18.151223
1.939016 29.182420 17.168014
40.983006 23.022943 16.077249
78.959053 67.643388 15.057622
3.605348 1.195722 16.685698
56.234858 53.030746 17.621007
69.874674 18.620969 16.994642
36.294490 93.694774 17.477525
16.514282 36.673750 17.949680
57.934248 14.326273 16.508631
0.734781 9.614012 16.279601
97.629330 72.063112 17.446851
14.295013 40.913542 17.892629
9.892947 57.286656 15.459191
73.039006 1.365598 17.246712
56.067678 34.169601 15.469994
66.562125 96.463302 15.500098
97.570625 80.938123 15.766016
3.109865 11.914656 18.324147
65.879949 76.532715 16.565541
59.667873 85.773486 15.508000
29.432206 98.983106 16.173183
37.691048 93.935231 16.336752
43.181669 64.224037 17.070031
44.612655 7.168818 16.123310
4.841705 85.649450 15.854227
37.923707 15.915137 16.745646
25.314007 29.754119 17.311889
45.949226 13.133638 18.491937
68.358804 29.555823 16.280364
94.716100 36.789706 15.921694
80.711539 58.752612 18.234422
30.362540 74.689294 18.375094
4.065793 66.065464 17.447625
22.606166 45.436778 17.341475
36.101088 84.824543 18.252042
25.070368 14.799397 18.194737
97.675745 41.810611 17.551544
54.202774 58.360498 16.258198
37.893266 6.734530 17.036301
3.277424 52.353247 17.448782
20.241276 71.982578 18.125330
9.720643 93.813028 16.587684
73.746061 6.999399 16.850805
10.991863 10.738469 16.709612
22.569464 99.184087 17.467489
94.917370 34.247326 16.580522
27.947861 66.467558 18.193143
59.103924 63.091986 17.878793
22.989415 76.734543 15.842230
70.679181 20.530876 15.358899
2.203782 64.738059 16.338427
56.822347 3.172277 16.774645
27.889320 70.680004 17.734823
48.083248 82.160818 17.684325
81.850188 49.416327 17.064738
45.749119 34.009778 17.011848
96.982042 53.215678 15.479429
76.313290 12.679187 15.169714
66.346219 14.184039 17.141729
87.873552 29.408079 16.881821
39.235377 53.730892 16.170146
7.298698 83.944274 15.734527
28.686425 39.528605 18.463947
31.342490 69.242101 15.373985
92.842083 13.253546 16.920300
86.479919 71.511923 15.393468
40.955223 5.514837 16.397029
78.184806 88.691576 17.432506
65.505319 28.478805 15.499332
15.805067 33.072384 16.591118
70.133842 89.830009 16.804716
47.980218 99.078617 17.696990
82.821846 89.033687 17.051014
83.073356 85.145974 15.317247
53.897228 50.044110 17.629237
94.560065 82.924621 17.358071
61.855826 63.203213 17.201340
23.294462 54.224366 16.942267
31.766647 77.811966 15.268472
71.260341 80.531029 16.289436
49.131579 8.487066 16.599349
91.336485 13.857277 17.375700
91.142382 28.524526 18.366623
8.819568 38.543136 17.622188
3.314749 33.698771 18.044156
97.810609 52.206631 18.671822
26.906383 47.395306 16.188019
70.559630 74.452732 15.449252
74.699199 33.909828 17.098382
44.607251 62.126418 17.601016
46.110946 90.358924 15.616816
83.242537 6.069526 17.495099
94.279605 34.290522 18.515463
39.184124 33.408940 15.682171
22.151620 35.790971 17.188079
0.082895 40.634176 15.045557
77.057407 25.646164 18.633516
50.063089 85.676555 16.208565
98.100749 3.226709 15.144234
1.078653 57.010730 15.727973
59.484936 78.557820 18.373709
56.421497 92.802006 16.387614
25.461804 3.916939 17.950564
10.669781 47.779141 15.335900
68.320435 82.325403 16.180752
35.309193 36.622891 15.875077
16.389365 81.128264 17.002332
53.364871 6.276212 15.073496
47.037256 58.104983 16.682868
95.704284 91.879779 18.636910
61.466703 90.860980 16.704393
25.726259 45.554457 18.605815
58.487243 68.300548 17.808892
14.149013 95.225410 16.570362
9.029389 0.805801 15.986169
10.498390 80.838061 18.224362
53.179115 10.966404 16.859493
76.365848 96.149674 16.776845
68.087611 28.284045 15.814435
73.148772 13.762666 17.394927
37.563467 68.718781 15.705071
53.493685 95.459448 15.354051
85.197793 57.134565 15.221536
45.003881 41.161485 15.323905
36.231449 91.098665 15.688246
89.687390 71.035015 15.519527
31.299635 2.367021 16.731496
79.328231 86.236464 18.506132
92.641015 93.444966 15.106863
40.436903 37.300492 17.267033
42.893820 87.932571 15.842855
9.934916 2.110599 15.726230
36.509127 52.513862 17.065606
91.171860 84.848872 15.106871
63.309483 47.970119 15.959592
4.328950 50.598043 18.661793
32.957979 20.741057 15.461742
14.013113 13.002346 18.057835
61.323881 43.294068 17.480753
66.277191 59.849094 17.134590
5.733019 25.705153 17.922282
45.234511 31.156966 17.773000
31.516887 20.409840 16.023032
88.553360 96.106961 15.049079
35.249478 30.149279 16.729389
43.915099 22.409583 17.156592
33.847901 36.150928 16.541280
23.043240 11.327549 15.572524
86.311563 7.239337 16.642126
50.378792 82.329145 15.404929
19.693279 77.590065 15.626736
28.221750 96.515005 16.399740
5.167782 14.864482 15.390639
11.341255 93.114715 18.591397
12.752885 15.346820 18.416511
11.275895 17.706631 16.453211
21.658167 9.571770 17.662005
29.498354 86.816982 18.142496
9.840359 82.883189 17.784822
5.748367 60.378738 16.378446
56.467881 37.835552 17.153778
0.832021 16.398839 18.539905
66.941092 23.487328 15.641976
3.419152 53.150336 16.444830
58.192962 22.431310 15.578862
55.128341 85.503253 16.846296
80.990715 67.995935 17.401079
51.691967 76.524106 15.861082
72.577420 99.947968 17.852217
19.759924 37.456509 15.398164
76.907128 30.375201 16.490842
31.571918 68.562044 16.217507
91.318159 77.217667 16.029723
95.649966 83.919946 18.241326
70.825011 82.015715 16.123103
99.046252 39.020004 15.418894
60.325150 84.982064 16.181782
5.161862 43.226501 18.195587
4.886728 48.763322 17.767405
22.521958 72.293883 16.181860
75.930702 55.733751 15.580693
36.481093 2.834936 17.297997
76.924027 17.872336 15.977007
73.420744 70.856432 18.065617
51.403864 57.303812 17.908517
81.166609 53.378054 16.619442
84.697143 21.101762 17.233221
97.591999 19.224502 16.405000
2.065254 70.647258 18.551354
86.113787 14.838759 15.910882
14.233248 82.821085 16.484619
73.589523 99.595358 16.315749
82.628663 10.580566 18.589860
75.847006 11.721396 15.358104
38.630854 66.679486 16.385124
25.236471 16.528345 16.035833
80.251524 55.142932 15.455539
23.129749 34.179042 16.319398
17.253654 58.318831 16.117190
88.986071 29.466627 18.221114
59.147453 59.666881 15.215040
57.212796 10.616455 15.468993
55.478551 21.289325 16.422761
20.909210 46.877927 16.026255
29.046206 65.562172 17.496899
82.873970 80.912477 16.967522
24.073624 21.335773 15.142980
49.541335 5.090183 18.118520
86.309451 32.938531 16.701519
28.422925 64.672595 18.306291
12.439752 16.678247 15.247416
79.283163 44.410202 17.627188
23.596956 74.544402 17.931104
47.513826 91.850223 16.412129
31.728873 50.436396 15.874872
91.150315 71.131718 16.810988
14.251783 80.503150 15.103141
69.860956 68.382056 15.783148
58.809594 2.355072 17.760588
5.574128 1.640150 16.461643
53.819668 78.416485 16.962745
50.297955 19.231434 16.990535
11.155105 79.945918 15.853788
72.430617 36.306690 16.360883
19.552463 31.988060 16.709551
50.393192 18.732161 15.570941
95.467754 71.489239 15.765698
61.777872 82.625430 16.492692
58.929631 83.145440 16.183637
6.281045 61.607729 16.855476
46.817796 77.150122 17.159896
5.991300 14.138700 16.975157
64.395606 90.659745 15.947222
33.421370 97.329862 18.702046
93.299349 92.332219 18.272096
69.723674 44.627117 16.744429
35.658344 13.254934 16.720821
32.344238 53.972098 15.422184
63.258501 76.387507 17.606760
2.522645 50.095897 16.620572
76.571825 81.519509 15.603851
84.548098 66.810162 17.103139
74.539442 79.819971 15.274296
24.330573 57.368503 16.211116
39.736603 97.733369 17.348985
66.521616 37.159120 15.840801
53.816117 76.975728 17.178420
9.473692 10.136141 15.070410
89.724213 62.232376 18.051958
68.402663 90.859090 15.240804
78.393345 81.989044 18.464944
78.703909 23.848004 15.247425
2.463786 6.970181 16.289647
69.185790 1.028001 15.761287
71.987119 16.615821 17.350265
90.358261 21.911520 17.449121
83.440405 57.907798 18.155495