4.020590 53.052897 17.969453
60.076256 6.838904 17.415085
17.213132 21.881649 15.977132
3.266844 69.313589 18.026549
14.387113 74.477738 16.489785
51.014607 21.280825 17.277467
66.861858 70.461120 16.155360
10.210859 16.860975 16.017278
25.829435 63.568672 17.337647
29.065929 11.581755 15.279878
51.706329 37.538038 15.660462
58.233992 98.215755 15.625417
16.085296 53.774345 15.318081
0.371656 6.874891 18.137247
70.177865 70.656386 15.683229
3.920846 3.508657 16.378331
2.439236 17.936717 15.696471
33.801744 27.936526 17.531320
45.075355 99.807249 16.746137
63.349298 73.498592 16.550328
2.247358 21.421085 17.203727
81.358853 51.265299 17.387276
72.567551 33.725470 18.628526
57.213773 37.207338 18.468864
33.045353 75.665929 18.432298
92.309613 29.893541 17.178644
73.861972 37.745669 17.010939
60.869571 0.466977 15.158877
5.788893 34.824746 16.679456
43.110186 44.782800 18.471546
70.807346 21.011847 15.861889
30.811204 76.434071 16.630937
89.440141 31.372992 15.202601
68.060880 82.565837 15.457582
24.631500 9.791163 15.676977
29.448043 41.768449 18.509333
56.669544 33.651805 16.500355
54.236624 64.177446 16.016416
93.728909 72.683285 15.677807
22.388590 28.910814 15.369323
54.818466 76.731291 15.631926
45.369588 32.090201 15.548997
47.718384 53.499837 17.451986
78.470853 37.819959 17.949713
34.498797 72.581755 17.953361
10.506392 26.730924 18.129539
42.740370 83.002855 17.266823
22.647020 84.683977 17.083302
17.002990 42.784422 18.514535
46.729146 32.102900 18.279797
85.932031 10.985380 15.654173
63.665311 58.671687 15.001089
76.075931 56.175226 18.017941
45.286870 2.595499 16.595832
75.043938 50.801742 16.856150
19.703179 23.752813 17.584826
20.391934 76.892955 15.828988
17.138774 92.111354 18.533208
7.858919 72.279353 18.547488
63.127747 39.780992 16.352339
6.632817 83.166833 15.106902
83.876285 68.639968 15.624515
43.101664 1.039233 15.688674
62.774613 61.935282 18.159186
53.482476 77.741209 15.728641
98.832333 90.660017 16.746889
1.188804 23.481290 15.925451
1.337371 23.522719 16.462668
85.671681 18.795979 17.467816
89.612968 19.084317 15.616019
32.387152 73.367978 17.142913
99.536671 72.490681 18.600444
56.776355 95.236583 17.645339
48.284578 71.969094 18.124404
25.916138 80.294583 15.012404
74.542749 45.607381 17.534010
60.428096 1.584366 16.024805
8.912001 75.513450 16.568688
79.012402 45.936769 17.260139
51.416532 7.872373 15.537529
78.651204 16.512943 15.614537
84.916179 20.707277 15.309918
25.754630 60.415112 16.352009
42.678360 37.523593 17.344972
22.808641 12.455758 15.754691
80.272787 78.708101 18.139895
42.540742 3.022108 15.758353
21.141527 25.006613 15.543634
75.462400 94.682403 16.084006
46.974539 16.149421 17.364630
8.550918 74.078008 17.740615
76.455868 16.420650 16.462576
19.460110 13.339870 15.130778
86.295111 75.792924 17.928065
3.939720 19.909259 18.424771
37.716387 89.969737 16.901610
93.367788 82.476435 17.474900
54.470600 71.632068 17.256458
3.825385 34.276106 18.075923
16.775209 91.315612 16.344967
57.080356 89.547684 16.226020
46.656599 69.535395 16.609989
0.963686 90.909391 15.742720
23.807546 28.279853 15.475865
98.305661 71.831956 17.454529
64.212998 4.440337 16.491036
94.997528 2.625543 15.832836
64.816849 47.216181 17.864580
8.178821 13.479096 18.075055
25.281540 34.950635 15.388426
28.860763 3.223626 16.497282
66.446867 11.562947 17.338141
30.358248 40.353882 18.667814
9.390376 85.613207 16.780080
17.352124 43.326344 17.586223
29.965918 69.087577 18.223842
59.445512 1.811402 17.680880
0.096694 69.133320 18.230635
57.573508 74.214440 18.483840
48.387298 1.206155 17.861633
57.316542 48.494644 16.093885
62.335756 65.371893 15.238148
46.723842 34.101382 18.601447
53.290713 31.681402 17.461208
57.188712 7.917956 15.254849
66.820221 62.987351 16.646825
92.227383 11.975345 16.156805
79.757728 53.911551 15.568810
92.151231 66.373163 17.442833
14.621416 48.330202 18.259015
51.876886 62.834934 17.333387
75.447252 1.847842 18.641790
75.753665 46.720525 17.223029
18.709923 31.977827 18.047194
3.078034 57.604190 16.645239
41.179834 2.488086 16.653695
13.370794 21.361678 17.419345
19.845358 89.807455 17.678386
55.570272 38.086631 16.044714
58.746661 60.342344 16.435866
3.011878 17.738713 18.460335
82.941259 18.490297 17.850444
12.448984 72.192718 17.007603
53.340152 20.338393 17.019327
85.318044 33.320817 17.022956
25.409137 85.751912 17.202346
93.097725 88.124249 17.643718
53.378373 18.752223 16.739723
64.217832 4.025487 18.475315
86.717537 94.029542 15.557882
38.070797 99.961678 15.802983
45.875569 12.799916 16.000848
92.191509 3.237442 15.641570
51.629380 31.044360 16.280057
88.428154 53.175456 18.254433
66.364625 35.559302 16.900449
4.397628 68.945056 17.578457
4.552014 15.698828 16.841372
54.538635 26.158701 16.538068
1.844777 96.721908 18.054921
69.702754 89.340009 15.421508
36.922970 69.014980 17.904612
69.595508 44.139730 15.634467
27.645554 62.522394 15.228568
49.907602 23.710237 16.938787
7.294006 99.707409 16.629958
76.477203 72.512561 18.272510
75.749756 36.236366 18.106769
69.700694 62.481257 15.834415
65.707502 18.638984 18.651908
31.785004 11.050031 18.537034
44.859806 31.116367 18.541243
48.453186 74.824206 18.116879
80.211135 12.935973 18.706575
24.612642 98.191770 16.264198
97.472964 91.718196 18.519566
60.158466 46.264705 15.879293
30.311476 82.395069 15.240368
65.482467 5.710240 16.377889
67.315748 8.185372 18.640440
55.311857 13.766380 17.050002
17.283720 20.378855 18.468295
28.059482 58.881881 15.788114
1.433874 35.652856 17.401169
0.423152 39.151344 17.129529
66.595839 65.658693 15.053663
96.074982 96.145060 18.466536
82.591119 9.209762 17.991599
41.256984 26.891980 17.091672
65.630237 28.764180 17.592288
1.443335 46.300028 18.536837
94.371068 0.932568 15.369637
32.298574 37.515705 15.801141
61.919698 66.054949 17.143184
96.549062 17.204655 17.500822
7.230987 30.929095 18.192288
80.009754 20.315484 18.360337
54.373537 48.466323 16.466442
62.357419 1.928636 16.481669
26.579051 43.186401 15.709588
86.451393 54.791063 18.572130
64.079249 88.289413 16.853875
40.817245 61.277951 16.572847
51.671388 48.592566 16.447383
92.676712 37.302413 15.387289
16.737239 92.150598 18.564606
78.842889 49.575394 18.462549
11.341953 59.298039 16.963478
30.571216 55.804713 16.637855
58.835210 26.061331 16.571635
21.650377 40.615177 17.790857
8.861323 49.001063 16.943261
94.464652 12.211753 18.601891
33.831642 29.601541 17.289970
33.443317 65.029192 17.049956
38.857450 92.768448 17.143296
69.455777 78.397276 15.259447
92.917164 16.213902 18.296595
68.830979 16.048967 15.735321
70.531758 41.561296 15.280587
31.899827 79.150060 17.940327
32.060359 63.514748 18.136234
0.107812 37.989402 17.345178
87.509703 58.761450 16.731212
43.635486 71.926352 15.977987
97.086578 53.600745 17.643106
87.093897 71.488447 17.484312
98.558261 47.147324 18.449793
29.278183 79.255247 17.858738
62.498881 15.919089 17.676257
99.909238 4.674900 18.354108
16.272990 39.558302 17.538146
57.506664 17.836020 15.386333
9.659935 29.771262 18.206586
42.181514 52.212889 17.349229
21.326583 27.299536 16.131858
58.283611 47.356797 15.813598
45.635129 11.724992 15.659834
12.484981 44.072934 17.031765
65.669338 72.767422 18.539592
24.559447 21.672923 18.018284
1.687011 32.128855 18.422933
75.026315 11.598815 16.171589
35.574815 11.842841 15.897175
95.132691 97.132722 16.980165
71.427335 14.239968 17.504694
81.663762 30.898545 18.702327
36.286604 76.852751 15.296015
65.228504 71.715277 18.173315
15.876460 2.658310 18.172443
50.792036 77.527957 16.446470
34.794487 66.984295 16.401563
59.745663 31.834381 15.389780
21.488635 98.319103 15.065744
31.320826 88.630085 18.375747
27.674883 95.549121 17.320473
71.012518 57.644045 15.465763
31.654781 70.442122 15.110797
6.391732 77.043165 15.001175
65.028114 22.010841 17.549400
90.225541 30.549390 17.352484
6.137942 13.464872 15.712276
48.722874 97.927349 16.384316
53.850525 86.778180 15.539772
75.528576 71.691017 15.042592
80.599689 85.539651 17.226094
61.693020 44.300337 15.318760
82.808269 39.807819 16.038509
55.059733 47.908669 17.453311
37.524443 27.967359 15.714103
69.088540 5.436954 15.890242
17.092214 33.960099 16.792495
56.052196 50.093903 17.472057
9.443386 75.507766 18.626423
10.763261 7.747030 16.373234
55.157828 85.595609 18.420303
75.686702 71.214928 16.328242
73.295004 46.264527 17.678838
52.331239 82.148769 17.236625
99.976707 20.352326 16.148759
47.265671 61.477687 15.558330
45.169152 60.167197 15.456879
85.605222 47.275060 16.120521
30.627347 54.547174 17.156857
69.738655 82.897318 17.772476
58.198427 93.805771 15.455626
65.962442 30.182311 17.400538
85.779186 34.164612 15.978891
0.684357 21.812117 16.088523
93.959644 37.477562 18.050120
19.466491 76.128128 16.983296
70.635915 76.329520 16.357473
12.619807 85.591315 16.828880
7.847932 4.866402 15.651576
95.482063 20.907479 18.737351
81.981592 36.782390 15.057052
71.987227 90.258251 17.399279
97.654285 68.632697 18.667128
6.626652 58.366187 17.983795
70.290191 27.090601 15.642896
30.845011 81.565174 18.553615
32.592531 35.817081 17.629517
44.968387 68.558279 17.864417
71.421404 77.326588 16.730316
61.719952 53.377557 16.566789
67.319446 25.122564 16.621297
56.243663 80.427859 16.621572
86.043914 82.605133 15.292294
9.083794 23.662782 15.829899
71.318297 45.857133 15.963200
24.435157 8.067120 16.530359
75.692610 94.777100 15.328670
35.321413 85.355916 15.925672
7.075244 2.993794 15.846207
0.770959 93.115412 16.940132
88.772098 18.536611 17.911601
48.621208 9.827265 15.381168
44.857680 59.718804 15.698250
94.066207 23.743628 16.198437
22.592445 90.914333 18.212934
92.658150 9.571421 16.694697
32.363511 53.774587 16.309327
79.641088 77.425263 15.851590
66.002580 47.175371 16.303990
25.485229 35.339589 18.714093
7.008737 85.926431 16.492823
68.250995 88.922391 16.405305
94.338755 79.362887 15.182374
19.350712 22.896035 16.794083
36.631910 63.568002 17.642153
76.661575 35.867633 15.351618
73.639146 24.932431 17.473112
52.372526 42.825596 17.890418
98.760453 39.124819 17.535398
50.666566 68.879816 17.878181
15.439733 78.260925 17.375161
82.155499 72.446112 16.073705
96.162502 67.150630 17.827971
54.541462 68.971628 15.356744
26.119629 22.009817 17.822649
37.217610 52.882212 18.125123
79.525695 49.278681 18.706654
65.337097 84.206234 17.930834
76.914474 27.534517 17.053174
88.830123 96.549886 17.818594
37.704361 85.631770 17.347349
77.203902 79.641472 15.085333
94.669075 27.761767 17.370113
15.701267 63.390961 17.527113
47.331001 80.769357 17.444330