6.411957 99.630150 17.195319
3.106843 87.126939 15.486206
91.115801 5.255734 16.170863
79.515726 16.643655 17.744954
92.604116 59.015394 15.751235
83.819058 93.461575 16.616474
9.145505 11.412936 16.049145
25.593086 44.687037 18.139342
75.878125 58.141783 17.743684
39.147173 5.308777 16.679933
52.403828 23.479998 15.834490
14.217515 16.325655 16.577331
95.195100 78.866461 18.059535
99.511778 84.223540 16.022074
52.207583 70.260962 15.200560
84.285923 27.404543 15.041120
95.374794 14.769860 17.632058
74.646504 66.675235 17.566374
82.918745 51.422262 17.438101
34.583035 16.811656 16.633833
68.783607 93.221272 15.918148
3.090344 33.998222 18.009196
88.735696 24.197419 15.544310
43.924655 14.448676 15.840380
70.217230 20.771304 16.837939
59.048556 61.945265 18.201964
27.726404 12.982128 17.422835
38.838281 70.885519 16.560180
32.089343 1.596473 16.783215
21.841078 20.325213 16.979124
40.151141 99.752221 17.146794
84.231418 10.671482 15.394374
41.199101 75.823123 15.109962
17.930687 88.833177 15.761229
99.849377 0.048853 16.318725
21.853740 46.004408 16.967199
70.775811 71.501658 15.322212
53.234090 78.088491 18.439326
99.140920 34.944087 17.482678
65.438680 89.124624 16.551862
26.953098 18.879982 18.384740
44.650765 57.858079 15.742720
65.794791 4.935934 17.953898
55.692977 5.541578 18.256420
15.328885 85.271781 16.880670
35.210025 50.098666 17.576935
76.199099 3.808214 15.633530
81.918865 15.667673 18.091363
47.369283 7.161634 16.770759
72.584106 37.898822 17.615106
57.802579 54.504318 15.583926
4.772581 83.830567 15.198796
78.186639 20.642625 18.001857
31.523065 77.698470 16.446657
97.571306 76.218510 18.119771
3.056479 91.343767 15.396380
11.187157 25.605617 15.583976
43.651620 76.178725 17.609426
8.057498 58.475732 18.098489
37.357951 41.218789 16.382435
33.554573 25.566424 16.999821
11.181978 24.806125 15.092453
5.193936 67.366277 18.689841
15.758103 3.191426 15.551565
38.888379 16.570809 16.984737
80.209970 33.043732 17.162841
18.886504 88.869285 17.292198
87.410731 14.279511 16.754191
63.179226 84.413132 17.853823
64.158881 98.546105 17.083147
52.391103 87.405303 17.649733
48.750519 24.636595 17.646589
79.337581 66.256702 16.429718
0.586581 1.229389 15.770187
88.806149 76.862801 15.907955
23.459695 8.939270 18.683173
92.664656 29.785208 15.839294
54.429836 92.848640 17.190580
46.493001 93.729258 18.506496
75.935953 2.638864 17.582371
18.654145 60.459535 16.586226
24.936091 87.263212 15.652044
55.203891 13.422759 16.124515
35.995076 1.339587 15.649225
34.250876 46.534627 17.302875
22.761055 63.844670 18.354313
79.934857 81.826994 15.590075
90.574036 92.187292 16.495855
56.320507 89.030162 18.334268
70.655599 69.676373 18.431318
55.456093 3.789655 18.559821
52.212389 87.174516 15.701883
12.429908 85.330102 15.050568
27.703714 38.361001 16.861659
44.070776 92.067067 17.943192
54.077462 30.441674 17.069987
4.680887 19.974153 17.424746
30.909861 68.040742 15.531851
31.409482 18.908001 16.404832
88.777957 18.917492 16.475119
88.894336 22.260509 16.098894
13.041937 33.076919 15.356387
87.379076 4.215935 18.705697
20.384611 58.568536 16.099741
61.363804 75.288961 17.843797
11.641810 36.344588 16.709320
21.769127 35.954267 16.783375
9.251511 87.922373 16.282367
91.084958 14.244853 17.517036
12.162426 32.718639 18.745888
7.756666 56.080372 16.058566
7.285081 72.193616 17.435891
23.632403 10.041319 15.988985
53.333708 48.613091 16.505856
97.421604 12.338794 17.417107
3.597363 41.524590 15.234774
90.769295 40.864608 17.660229
4.568416 39.226362 18.086853
88.472565 10.208274 17.061128
48.714823 45.103353 15.639395
39.529353 84.993296 17.318803
51.627326 57.005696 15.014823
39.924690 74.080826 16.906849
81.249681 85.882071 16.752759
57.052735 36.970495 17.479466
15.773064 97.591800 15.762713
65.868277 6.523035 15.637022
5.723284 38.712348 15.674875
68.082997 84.263805 17.883486
46.029813 74.318126 17.275687
59.774643 56.928503 18.160832
20.751557 81.367031 17.668983
20.613970 37.954657 16.388519
24.215321 1.882412 18.101544
78.458243 82.086394 15.135568
0.349949 0.790182 16.942932
68.864394 33.585519 15.974199
29.781153 2.342310 18.600222
72.149391 65.419282 17.098105
73.033466 33.773674 17.921253
18.110527 25.872289 17.718537
58.932217 90.019691 18.301724
34.020747 43.533031 16.036426
71.877299 73.284398 16.815241
52.930838 92.844806 17.746414
84.996418 44.294902 16.698523
11.546623 25.740981 17.612493
86.500079 26.299696 17.495526
49.834360 30.769423 17.503164
84.788837 47.913990 17.494900
35.988689 53.400587 18.713927
16.196993 3.005816 16.721485
7.952543 61.015321 18.124264
91.047372 9.207833 15.607776
33.441893 92.698726 17.583024
63.971665 28.396271 17.020132
46.900650 25.212480 16.172957
21.552315 32.648788 16.968367
49.470746 99.222580 18.015498
26.347256 64.802459 15.800387
92.917494 97.617765 17.018761
10.247328 44.997842 15.132958
56.547261 85.864363 15.198066
27.730057 71.293058 17.575846
54.189957 34.951866 15.262738
90.912020 36.755673 18.121212
99.048393 81.255496 18.353600
92.941772 89.831223 17.614840
25.876203 50.502132 15.403258
74.718801 70.814481 15.099613
3.218809 65.266307 18.691985
33.322334 31.131802 18.591895
0.028168 13.845629 15.380677
33.717308 34.739832 16.462036
35.322073 9.005265 17.186977
62.390863 61.717859 17.449052
98.918848 86.120984 15.907067
71.490742 39.460189 18.113417
94.093726 31.368517 16.663089
42.268589 79.595577 16.239211
60.987125 21.821488 18.129261
25.692723 5.945179 16.877079
41.148559 14.595671 17.338471
28.743374 60.554219 16.757747
58.774274 36.806645 15.533215
48.060075 34.003590 16.408234
32.983081 7.210169 15.199682
54.574447 67.427813 17.476359
43.455054 46.168130 18.367771
56.530512 63.728226 15.547441
72.442818 18.263991 16.900507
85.136814 64.043063 15.293583
57.365485 88.552552 18.156103
93.504085 7.971388 16.030256
52.470622 33.030211 18.283992
94.875130 63.280323 15.315035
55.665766 96.024888 15.071983
68.671291 54.299698 15.954588
66.002181 52.288161 16.239488
15.640299 60.696229 16.631081
82.022869 71.502245 18.413049
38.334256 25.993082 16.122140
87.387122 61.487200 15.537536
74.210538 44.049079 18.594293
5.136661 99.164645 17.510035
83.316904 57.972367 15.325540
23.656572 89.515092 15.515350
57.012580 40.579407 15.934816
31.422988 92.336624 17.303202
95.157968 27.169559 15.990342
7.579483 94.871286 16.944821
62.229925 49.676111 15.772451
21.076691 82.467328 16.845476
74.499559 7.518214 16.605449
81.830223 29.863287 18.678135
36.619186 8.743073 18.230917
72.235441 44.607616 17.786169
19.665012 36.735281 16.326589
63.749759 19.364753 17.218078
42.200220 16.596696 18.493873
3.273177 68.014566 15.029078
18.751504 3.682714 15.014096
44.118896 84.075577 18.405724
3.920364 29.032041 18.010423
3.943588 65.649904 17.306507
68.956511 10.374105 17.488694
53.202952 65.898328 15.513271
95.133954 10.517060 18.667143
19.528530 20.875406 16.144216
8.034111 62.847504 17.881107
36.469631 75.937985 17.599997
67.406023 12.442405 16.709818
35.268597 83.509520 17.691877
46.569741 83.639873 15.728074
47.411910 88.377694 15.402745
54.600962 21.138064 15.217010
15.838135 0.681268 17.972298
72.545453 80.803776 15.243425
74.626899 35.275287 18.164631
52.313565 17.756840 18.728336
70.179600 81.501301 16.087772
54.897166 32.422671 16.242624
83.112116 9.259866 16.733090
75.937777 26.921974 16.292169
67.687783 1.753476 15.702113
3.794518 35.604373 16.150689
50.807754 95.415370 16.751571
39.142490 19.483468 16.524282
81.695815 45.406158 15.965780
82.608066 59.115946 16.505781
87.252238 93.206018 16.732920
32.082700 36.436303 18.682367
92.674813 18.219216 16.725517
3.358095 39.589403 15.162570
4.090121 29.836592 16.929948
52.397866 64.632675 16.605696
99.045335 91.598614 15.541264
52.722235 24.365565 17.706122
86.886042 64.960202 17.490052
30.581197 0.758148 16.253924
39.819487 97.943767 17.751139
0.994211 5.823763 15.921768
48.789896 10.805927 16.611188
38.749818 99.756670 15.916688
75.582077 98.793334 16.299611
83.502511 72.932525 18.129888
62.081003 5.531290 15.338762
96.918255 98.368276 17.792592
14.061328 72.430369 16.942870
17.831211 67.492474 17.187982
73.535237 96.219684 15.875838
13.224712 62.460510 17.574400
57.005919 76.274763 17.427160
7.549809 57.177832 17.074725
73.954961 72.137327 15.299482
65.708480 89.144395 18.367468
94.094481 9.845615 16.842292
83.864195 4.132360 15.081103
12.061742 29.674105 16.122836
51.392549 18.680029 16.621123
29.068928 10.520158 16.299631
38.840508 28.735454 17.311999
42.361462 46.476790 17.249619
20.515609 32.251164 15.434943
19.321101 3.780361 17.460191
95.994790 43.138428 17.988311
20.270532 62.878994 16.302278
65.263044 99.257175 17.788495
73.837207 69.663233 17.565397
90.368516 78.483896 16.713351
61.434904 78.218593 17.163319
71.437539 60.749440 16.953611
33.026786 51.484638 18.333148
19.452768 13.398626 16.212155
29.942217 71.925934 15.531843
64.012659 33.748783 16.841118
25.241548 49.946400 16.135347
10.351246 31.512437 16.022668
89.441273 22.764867 18.043870
97.199861 33.762392 16.723033
18.239643 92.182592 15.648041
34.033669 7.771861 16.891469
39.154969 26.177301 15.441198
6.917158 81.251332 15.212895
98.902555 38.619249 18.745358
28.180794 40.927724 16.904911
19.898910 22.142942 17.384294
55.683211 11.852648 15.873031
44.616325 31.051085 17.506561
72.188526 84.975363 16.554133
0.076922 11.245481 17.996814
51.544809 96.202772 15.116514
24.614599 14.778424 17.341251
15.496961 75.445488 15.634959
38.278521 69.944495 16.528446
15.179413 14.548319 15.191294
20.793383 29.866740 15.098690
2.257202 83.112823 17.491915
89.581469 1.532073 18.251042
40.874096 42.099476 15.891469
11.335940 17.191571 15.012984
83.403548 98.969747 15.522722
88.694651 19.205708 16.001306
23.341043 23.444612 18.387042
24.742334 74.094713 17.069972
88.744691 42.670940 16.236909
50.107783 12.449321 17.087614
60.427402 80.891070 17.458718
26.255786 24.501165 18.233393
80.531239 94.002469 18.164203
66.101345 61.698868 18.036824
93.219052 60.308980 17.445505
63.744287 15.716102 18.596566
51.827872 29.493115 16.134573
3.046540 66.428267 16.593222
21.962188 32.543890 16.464853
53.658228 11.248229 17.271294
13.623755 21.996252 17.714190
50.091573 98.486134 16.245859
49.481232 27.469625 16.243752
14.029604 70.331766 17.207952
35.628998 89.259089 17.256243
45.734315 96.059228 15.104693
31.148485 46.476354 17.677642
51.309350 9.054533 17.933886
3.023857 84.758043 18.222598
3.351904 64.304357 17.903052
94.866507 67.612579 18.169675
93.339200 44.935562 15.311004
25.763514 59.203137 16.042388