73.700630 40.533128 18.500957
31.339365 12.106829 15.827440
58.826381 41.757058 17.723477
36.172530 69.372655 15.948075
30.177943 7.173192 15.621607
93.187228 34.249785 15.095568
77.665928 39.579260 18.276243
89.583242 38.786716 15.020400
60.625613 21.209798 15.921418
70.863049 41.918689 17.161077
37.105000 17.947656 18.480657
69.110112 97.708533 15.663209
83.795629 12.726067 18.148851
20.508790 38.610729 17.427940
10.832608 0.719382 15.664801
87.041887 91.464767 17.125839
21.924926 84.209369 16.276926
36.785082 83.060711 17.126176
43.689181 98.423315 15.182612
1.864276 17.908411 15.609325
90.890058 23.691067 17.533158
24.171072 86.668616 16.722169
94.545657 95.313640 16.087898
96.643956 78.783314 16.265202
49.741156 11.001582 17.176155
46.633139 74.466669 15.660459
13.618996 54.908206 16.108276
53.059013 71.738663 15.985346
89.395413 46.183930 18.521033
35.880268 18.406739 17.891609
39.878631 33.464617 16.865325
26.516764 17.756616 17.146331
92.467220 65.267173 17.627744
28.968806 59.183545 15.410092
53.379045 92.985440 16.360569
91.397496 17.120216 16.238476
24.179577 48.791728 15.199833
15.801080 61.163632 17.483051
95.433833 89.393956 15.872804
62.476901 86.440755 15.187620
18.840307 55.449046 17.308948
21.753663 3.694550 16.610279
88.123063 94.392304 18.402842
65.627513 74.882142 15.593812
75.086988 48.494732 17.133232
41.443497 87.132318 15.960146
67.636001 24.525398 17.057514
3.635099 48.171414 18.391200
84.951512 60.237441 16.498952
17.040194 17.045270 18.066690
3.117859 76.422238 18.705023
89.047560 37.403894 15.649406
82.241442 53.566289 15.496194
88.046465 11.240346 17.779051
41.003802 2.640478 16.356424
66.039734 86.365319 18.317516
83.684905 94.998217 16.758304
83.431570 67.145784 16.214711
35.945204 8.187736 15.157206
18.687311 60.304760 17.364865
46.082517 88.662867 17.315683
12.511386 73.672562 15.453467
29.505204 74.363331 15.667644
26.053982 62.325239 16.364097
19.176659 5.446496 15.368955
13.241758 16.555898 15.925977
46.220520 39.263761 18.374396
45.615152 5.172947 18.000339
96.488618 3.847316 18.733130
70.124347 12.870682 15.984418
17.812751 41.054191 15.224365
75.256063 91.058717 16.133723
2.473382 66.243354 17.239340
61.248811 76.050055 17.857833
80.417343 19.870481 17.483106
75.998421 30.528720 15.677836
29.960779 13.493028 15.666590
93.106266 42.696658 16.777599
21.673399 88.959689 18.085323
55.138007 55.285358 16.824064
74.281729 61.732734 17.810488
42.841580 87.923746 17.172746
93.348434 27.131777 15.811985
30.548890 63.736853 17.398669
88.981285 63.999751 15.077732
68.789707 2.219212 18.432517
9.349189 90.647030 16.780439
17.625334 85.897079 17.886225
4.804175 87.502318 15.553685
67.050965 56.140365 16.353034
79.090102 51.039394 16.763450
31.931850 20.689555 17.294218
10.888840 36.652089 16.839269
93.538856 33.899622 17.107215
45.366921 5.368349 17.550726
97.406306 12.201236 18.240751
69.287873 80.921665 15.991027
31.947654 60.070993 18.228880
12.606215 71.333407 18.321505
75.778015 42.539475 17.219431
29.117741 99.860748 16.904196
48.896876 75.354464 15.077786
13.119117 54.098057 16.077303
77.659930 20.733994 18.397768
74.502106 1.554762 16.544577
12.169023 11.188830 16.430885
84.791875 69.815858 18.034487
87.483313 26.810284 16.214189
81.698028 37.260260 15.848530
61.782284 41.739113 17.878756
27.896419 9.404031 15.747246
87.625958 86.253708 17.556177
68.593716 24.395069 16.427887
73.962748 86.525939 18.244322
1.742604 44.590406 17.164794
2.915599 77.679686 16.127936
31.848940 23.915272 16.413632
62.833065 64.368141 18.399750
52.509706 96.183979 16.637970
58.731942 38.701366 15.959734
29.515617 60.419807 17.313634
68.074891 62.021963 17.029367
64.899672 71.713323 18.534837
82.636112 29.530857 17.448230
14.786843 38.325081 15.278012
95.016603 14.031991 15.888563
96.294070 40.445535 15.160016
77.131371 39.914675 17.793871
49.416683 26.685564 15.108041
42.388057 1.486985 16.001413
69.032833 60.930118 16.720201
92.396001 36.697030 17.899924
93.205695 49.654702 17.195312
96.025344 0.920689 17.760865
79.515719 63.071241 16.204792
0.048614 38.490360 16.041381
91.566020 24.403365 16.889940
44.703230 13.008969 15.105901
87.208265 14.316469 16.717565
21.486536 11.384186 15.048122
35.068153 68.624984 18.398788
39.190973 59.251897 16.880765
85.413819 54.303798 18.258751
83.931524 60.054419 17.247388
95.831800 20.612339 16.712089
22.081699 82.496394 16.251955
5.851574 62.876890 16.323689
30.532237 54.491138 16.176036
76.190557 70.121888 16.170719
73.052217 96.202980 18.483385
57.569931 89.764337 17.680066
86.982156 92.469847 18.611753
62.245761 85.074294 15.744213
64.181111 48.148636 17.677795
89.878596 78.104794 15.985770
35.924989 71.508414 17.402638
73.498866 24.192763 15.154306
16.893760 7.328204 15.979337
99.333130 26.181571 18.726933
2.308314 66.318466 17.881288
76.215674 75.627875 17.841907
30.879648 42.430395 18.731231
55.230718 2.658847 18.349125
24.787421 16.695265 17.741301
3.107215 3.980269 18.095362
30.632556 50.488057 17.205173
56.073956 18.296369 18.091691
19.062295 31.965590 15.987417
64.457537 36.758045 17.105412
41.046285 84.751659 17.361692
12.219929 48.008316 15.490369
4.073304 71.777654 16.106728
96.280387 30.620514 17.739848
85.745502 83.963260 16.876703
9.804812 48.540213 15.976111
43.224486 16.833968 18.092646
48.323578 29.076788 16.389510
78.546760 22.005126 18.524335
23.152903 26.318714 15.239172
19.019082 29.476381 16.821908
90.312752 42.591828 16.385211
1.481047 9.550575 16.177413
81.638104 65.932456 16.152412
78.679473 32.563681 15.448016
8.503562 72.203766 16.975288
26.136484 19.713523 16.143532
54.197710 56.511054 17.015709
86.236795 40.325066 16.801567
39.174254 99.692800 16.029133
47.030767 67.638084 17.335388
79.461389 82.191444 17.312549
11.608736 19.190382 17.465774
64.443487 47.258556 17.199062
21.476184 87.247334 18.312426
25.669503 29.947455 16.745908
17.139731 98.859016 17.720510
18.082815 25.135313 15.555826
77.270482 82.521957 18.146830
5.846618 99.713507 16.186869
70.472258 7.074791 16.975506
64.501630 32.239313 18.454601
98.979636 14.183912 15.947854
42.664657 23.930211 16.077845
26.247901 81.327971 17.602810
25.120156 87.088097 15.519321
86.140005 47.729486 16.461636
20.777425 87.511606 16.158558
97.656677 6.022381 18.640437
41.028663 23.564959 17.894515
91.966388 10.658803 17.078988
9.659200 13.969139 15.917487
61.043373 22.462875 17.483175
89.606529 68.311761 17.873728
9.136851 14.842144 15.190738
3.480295 37.235063 15.806893
81.757358 85.867549 15.572771
94.488628 15.436222 15.195853
45.358060 24.792207 18.600805
14.412680 3.374254 17.122512
7.262022 48.806184 16.257032
7.156013 65.709823 15.072028
11.459504 64.467558 17.015726
76.703972 51.696413 15.533805
23.248955 67.507869 17.769029
58.163572 32.757822 16.785990
64.621228 62.274071 17.558343
90.552677 40.526485 18.295543
25.535807 27.765203 15.693048
68.814550 90.168656 17.710663
31.571496 59.441424 15.433355
29.473122 41.842402 17.486892
40.058834 80.752757 15.549522
6.157736 78.623359 18.388942
8.765210 24.444904 18.194775
17.270930 58.136321 16.363749
15.041615 28.281196 17.157364
52.267679 67.970396 16.666147
13.613763 35.740266 17.343245
75.937612 96.867138 17.931361
28.671036 49.284351 16.703658
31.012461 22.272785 17.586400
28.730791 18.603011 18.359380
84.684568 12.650607 16.809150
87.857319 62.939906 15.962426
94.087597 88.631417 18.245337
8.019193 34.135425 17.985959
13.938861 87.705926 16.270527
57.373483 55.242903 18.491409
38.913648 87.573909 17.956763
7.504385 34.936607 17.832187
5.107337 95.446923 16.599868
7.596402 2.751807 17.077999
46.214660 55.559432 17.127426
98.911930 62.548199 17.092621
78.275296 80.030080 16.941958
90.260208 93.681658 17.294567
84.963721 5.032140 17.944817
47.569988 38.535466 15.676371
25.630326 60.089519 17.480877
39.741351 50.622964 17.155206
77.550020 57.832051 16.154382
55.344945 28.007853 17.179887
90.576178 69.357757 18.532820
25.923466 0.722600 17.101773
5.292154 73.305077 15.350688
21.847616 15.086495 16.076913
80.114746 40.258577 17.683676
54.539024 42.051294 17.061669
64.540760 79.262888 17.827482
27.272898 21.099100 16.984682
30.173106 40.312689 15.375727
91.731925 58.567830 17.694199
28.827555 62.318143 15.726849
16.993681 86.962358 16.997939
41.201320 70.648765 15.737189
44.070571 41.759421 16.743498
33.312352 93.120703 15.201148
11.388685 54.650706 16.217624
77.304549 53.404640 17.139960
41.941262 68.345933 15.309821
67.058303 60.256798 16.967723
58.297499 15.149940 17.858206
86.543401 54.203721 15.359327
79.448293 68.208400 17.116082
47.434491 99.292905 17.004764
62.331780 39.314125 16.342544
87.018688 85.521475 17.129485
32.417662 48.583460 16.226305
81.866549 34.824540 16.512354
61.406250 37.689812 18.744096
38.448123 25.751812 16.764255
17.926690 4.733787 17.071018
85.509981 48.473460 15.522167
50.849895 15.847783 17.299095
46.702667 59.587249 15.072316
6.262812 41.896681 17.340972
96.671495 15.318460 17.642044
59.295167 75.365768 15.012791
40.777181 30.017112 16.770635
60.902242 13.214013 16.762819
33.093209 33.802985 17.788813
27.780699 86.148562 17.417332
79.738268 46.553692 16.644740
65.081414 54.308429 15.938745
97.143286 95.340798 17.976326
97.429457 33.758324 18.183063
18.622209 42.220858 15.178777
16.955908 62.709803 18.510920
37.610796 85.508782 15.992447
99.114360 14.022453 16.242375
26.363982 2.315796 15.590780
10.729394 75.274248 17.355783
32.984978 13.435088 15.192312
20.136675 71.772785 17.107069
62.006750 96.193125 17.401809
39.234421 13.255115 15.437801
4.412237 17.669137 16.208247
84.215710 50.956424 16.927268
46.107020 33.178250 17.927403
32.489252 13.386999 17.251343
1.791681 41.968313 17.230572
30.215488 2.455120 17.382780
15.635209 37.465097 18.058372
53.384294 98.870541 16.780258
8.271160 82.749523 17.646111
52.389802 41.404813 16.793938
20.463515 73.831890 16.353795
55.044981 27.065209 16.621836
0.797495 68.476625 17.557043
1.831559 26.913689 18.096519
10.638277 86.806244 15.571034
14.223123 67.521732 18.227887
70.023879 76.116327 17.431929
7.955981 1.675095 16.650240
25.629328 27.346521 17.680418
18.871599 31.534339 18.190356
61.082366 80.634650 18.494597
69.518520 75.239929 18.739117
92.173461 16.064494 18.275608
94.804837 88.784847 17.498803
99.167650 0.532617 18.584431
38.411002 54.084998 15.047802
13.121137 57.698361 15.843827
1.521896 99.736410 16.044026
94.883396 93.962231 17.955068
45.795671 36.002824 17.550466
40.580462 93.446756 15.753814
46.059059 86.615348 17.354596
85.445952 3.851036 16.527079
98.335572 47.417476 15.383680