74.212598 27.338055 15.412422
12.448156 52.763003 17.558088
87.935211 50.268681 15.650532
12.179503 45.436192 17.985823
14.087151 81.780012 16.275786
56.245015 56.242112 15.813729
72.615066 27.405861 15.163622
18.980380 52.290498 15.297425
74.742243 7.764885 17.784651
74.515655 59.274957 16.205266
39.383953 61.122500 18.721940
88.654802 59.081414 16.405205
96.687038 16.429922 18.181930
85.964540 48.048858 18.539162
77.860536 95.942265 17.332107
93.622148 15.476593 18.175308
7.607275 77.406138 18.113147
51.681459 7.668803 17.684601
88.426825 86.829691 18.222936
61.768187 41.163528 16.557758
97.571441 17.372567 15.628052
84.956636 87.002118 15.829430
88.275105 34.386885 18.663625
81.921308 29.988637 17.448456
95.455861 58.962257 17.667872
71.837532 98.002809 18.524231
22.475977 41.242685 15.274382
30.362599 2.935307 15.721001
42.274387 61.162362 17.200526
68.599268 12.255861 16.142045
61.534193 12.547994 17.570158
66.243661 1.457791 18.524320
57.788183 36.012091 17.504024
72.752168 41.797738 16.752808
92.435713 36.282603 16.407453
54.609463 90.787696 15.652354
85.101375 52.502656 15.875915
74.282143 74.793810 18.162515
10.175779 37.751673 18.047893
84.008520 21.544587 18.200957
22.889787 36.667066 18.467123
28.394549 40.937692 17.786566
18.891562 85.543852 17.963489
71.305563 60.674708 16.230438
0.525989 88.056080 18.020156
24.642662 21.217306 17.328421
77.694073 82.766422 16.674205
3.270865 77.482157 16.357140
16.214878 37.213930 15.548436
91.117034 94.197730 18.528047
77.403030 4.130913 17.271825
56.211885 59.168755 15.343370
47.546009 31.589530 18.080405
46.825403 65.473422 15.195206
53.824090 2.404721 18.668019
72.464765 76.100264 15.610212
40.444885 91.031724 17.909145
73.056265 92.776554 17.061432
23.138110 91.959297 15.855606
15.162416 50.379767 15.307041
22.722544 57.535705 15.993831
24.247214 91.663516 18.645793
34.598533 82.389317 15.995393
17.388011 21.158253 17.158541
84.231972 66.362130 15.760702
48.708956 43.431930 16.976246
13.127941 75.512521 16.100130
77.687520 89.297921 15.755232
97.391242 28.770945 16.666617
26.862492 84.445389 15.639558
18.913731 59.710520 15.691479
75.952608 94.241920 17.627095
89.368064 78.187178 17.250211
99.939617 97.569002 16.011965
85.179841 98.354004 15.715037
38.225067 97.680625 17.594149
70.732943 26.987694 15.680310
9.046234 99.419801 15.995203
29.106454 89.806597 18.709113
80.161844 62.682786 16.437676
6.597328 32.838939 16.403633
13.832642 30.992770 17.537872
55.401690 89.792732 18.407563
88.110654 10.201510 17.998117
24.053184 18.157397 15.292710
25.183750 9.515645 18.503394
55.622073 72.974794 16.725653
97.563413 2.931798 18.276724
35.443601 1.439696 16.896212
70.348011 97.830041 16.064434
77.717025 4.208826 15.136701
6.927865 65.560861 15.970322
83.776856 89.472376 15.346753
29.769855 7.213309 15.889001
76.981357 79.611274 17.864619
39.101539 18.502126 16.691622
36.629069 43.345561 15.574556
11.847232 48.346002 18.311934
11.113206 59.754112 18.586365
60.457804 51.862142 18.129361
5.883506 31.035603 18.670493
88.312319 72.776022 18.458384
10.035767 99.883337 15.534673
91.105560 52.026285 16.933716
85.664577 36.854315 15.311081
88.765086 47.003870 18.113681
28.973952 86.234833 15.278179
20.655025 93.859784 15.067950
7.863787 83.719528 17.822240
77.134578 50.592722 17.574352
95.702689 31.590085 17.883940
63.908352 67.233783 15.844632
92.278297 78.213425 17.721341
23.126957 40.677737 17.187973
85.080685 73.066134 16.016267
53.469697 24.463067 15.148398
91.039986 44.512100 15.690278
96.589295 67.320415 16.369365
71.573102 21.939042 16.808715
57.039049 55.480273 15.965591
66.353899 17.785634 16.801329
56.494696 27.703842 18.132218
61.595010 74.144609 15.977278
64.324759 60.083298 18.698132
93.935665 10.072626 15.291852
38.450070 39.566902 15.016753
44.142249 81.872762 17.530457
28.168481 83.376713 17.005126
37.116710 69.432238 18.172970
89.965855 76.864660 18.637931
14.056323 72.839659 15.431009
81.038986 3.415007 15.766286
13.303394 62.692788 15.987944
36.165685 90.933137 15.427820
23.413654 20.460534 16.475951
15.727951 20.713459 18.563984
45.188003 31.411159 17.044917
96.184411 29.450222 17.164336
72.654875 78.288965 17.363840
58.848443 50.789340 18.368385
76.483585 99.567967 15.895980
39.985261 14.685968 15.652241
72.128218 10.348803 15.208705
32.158235 62.362999 17.267908
62.703748 12.163363 16.084617
72.765984 51.469199 18.207996
55.963380 99.008754 18.629938
94.171055 92.580703 15.340002
1.260308 25.263223 15.850996
59.678833 99.240295 15.187212
10.947026 70.512605 18.548065
92.050877 72.911399 16.634840
61.693815 1.264898 16.131115
78.483873 20.064751 16.886236
87.107583 4.130767 15.468813
3.437531 90.530352 18.686486
81.543647 43.433617 16.728277
98.642396 64.937329 17.886555
26.588092 9.212072 17.669595
58.787558 80.747146 16.916597
67.597111 60.391878 16.666383
56.617826 67.039670 18.091727
87.735077 48.088592 15.797762
4.865860 30.155355 17.922096
34.553580 73.121252 18.419695
61.581808 82.745217 16.990645
85.134147 53.648090 16.114715
63.038904 33.364567 15.242623
27.403724 22.468993 18.429471
70.211409 66.943314 16.019724
97.792375 61.313512 17.553500
70.003783 15.356397 15.399851
97.762544 81.009248 15.786499
9.013764 7.213058 18.144769
76.145643 29.184263 17.657837
68.522051 9.963168 17.944599
8.762402 68.080176 17.450633
34.990983 36.796007 18.318687
20.646214 42.468946 16.808777
46.789243 57.984445 18.172009
49.756130 44.857541 17.599823
5.459646 99.258194 18.286698
27.220146 99.288394 15.545920
10.676661 76.563200 16.092691
90.612457 62.499704 16.616758
4.849198 84.690406 16.336414
59.780993 79.166527 17.737279
87.415434 36.018177 17.756822
74.433120 73.526775 15.850245
27.996139 64.155948 18.090860
65.772104 13.299940 18.194963
96.983761 32.084207 18.038255
79.154168 60.188561 15.653365
19.028270 70.418775 17.608214
33.139613 97.534825 15.922987
92.564364 35.941831 15.898467
96.381784 22.762426 15.721790
84.722148 3.742735 16.843378
74.943942 77.979061 17.939661
13.819126 1.651304 17.394620
68.052745 79.587227 15.421804
87.709494 2.670151 16.630340
17.681817 87.679849 16.400741
59.733588 10.774390 16.225418
99.769181 12.760747 15.869860
6.504727 34.056858 17.554532
61.535150 91.978747 15.976788
71.540380 43.759663 16.097314
4.793034 30.002869 16.042242
6.491807 5.615351 16.892533
92.724177 55.535230 16.005181
40.980322 96.158158 18.019801
27.318713 33.309623 17.282143
7.697050 52.125440 18.033033
22.037096 91.076049 18.006841
18.348163 20.096344 17.850673
79.369547 36.520340 18.643294
54.743506 50.818467 16.739929
72.744013 62.830235 17.136851
66.667178 67.516271 18.579480
30.806113 28.062949 18.384711
36.674838 72.765913 15.572815
99.525225 99.250701 18.736391
56.248136 7.551277 16.969999
95.668426 11.759044 16.615434
30.923105 37.913506 16.079690
41.782668 79.206244 18.535231
24.784689 91.560665 17.094125
72.508430 97.755478 16.621046
68.313579 41.752602 18.252836
3.856752 79.303960 15.752245
38.285488 71.999714 16.382869
71.446114 0.997275 15.133477
24.104540 46.265522 15.469373
80.501751 79.103543 16.111546
1.911384 65.668726 16.378320
59.846074 38.150425 18.340477
38.972302 17.470628 17.856234
83.869445 19.141112 16.259272
12.091946 75.881439 16.640143
58.123192 40.078504 15.590618
2.598946 55.578163 17.908809
37.699412 21.825887 16.381800
93.937696 80.467889 18.629520
91.951733 2.927544 15.610924
67.486297 45.057855 18.196679
98.587087 88.582400 17.699739
66.961729 82.107162 15.528192
76.853765 81.558129 17.663729
69.586553 74.911797 17.191441
48.632039 78.272964 18.207435
74.278937 63.376246 16.275012
82.483048 20.328302 15.784972
98.341326 60.722068 15.565156
46.406360 50.960883 18.515142
55.817530 77.482891 16.884740
56.219113 49.450899 17.844798
16.855590 65.655712 16.943419
76.266334 99.799824 17.054285
48.323056 49.195911 16.611187
34.613428 5.067471 17.426378
4.928874 49.802456 16.944414
83.626813 89.447616 15.233795
84.416792 41.473523 15.887958
0.512770 62.119992 18.447957
7.588747 15.481271 18.133783
64.736644 20.633838 17.479087
86.059806 97.289903 16.271229
87.962784 10.930528 15.941374
77.718465 98.208079 17.435078
68.683351 83.813898 16.050686
29.182521 16.305924 15.611872
55.699892 66.855742 16.318275
90.682641 21.688895 16.039142
22.443557 44.177189 16.991026
43.432890 28.450555 16.095854
29.090824 97.098766 16.078206
22.807642 79.228561 18.703355
61.982574 16.080802 15.065844
16.617984 13.162277 18.294192
23.317888 13.511097 17.916442
38.113732 92.455866 17.747037
90.213226 0.957954 16.237608
52.721409 2.560781 15.620358
90.414724 93.574099 15.835735
98.031034 52.273144 17.109659
73.631988 35.538164 18.687776
39.202368 43.683062 18.596885
56.858286 5.329426 17.814701
36.352197 96.547152 16.421951
47.495422 66.345324 18.014667
74.285297 94.223392 15.232004
9.162991 79.637761 16.270100
31.962664 78.910494 15.374673
35.631558 94.864283 18.220816
39.476049 87.525712 15.747332
74.126239 49.190171 17.315530
88.781725 65.516801 17.999535
43.455553 32.291809 18.037351
63.544229 89.482895 17.939762
98.264653 24.534916 17.612191
25.897944 89.195397 16.496848
34.734205 86.790495 15.971563
10.290413 84.967257 17.714587
17.460678 99.355153 18.636728
41.976451 36.950459 17.564433
28.438749 0.507347 18.354651
78.264828 2.078331 18.580015
75.901386 86.535159 17.984825
52.490520 98.496532 15.533542
88.193886 51.173431 18.726582
59.180889 85.692227 17.273955
44.887367 16.055731 18.501107
29.164281 34.473530 16.599344
39.114307 84.069653 15.086981
66.521601 64.862210 15.502453
47.714416 19.638464 16.182926
99.317009 33.025137 16.111795
25.709398 76.144018 15.194008
1.006078 8.279504 17.446790
55.197567 39.150796 17.401190
62.282703 26.079587 18.091869
60.909235 29.751981 18.570413
42.279900 28.849429 15.455675
25.808383 2.053796 17.929231
60.278967 95.348680 15.340528
65.853552 75.338075 17.536624
38.711256 24.748716 15.957104
94.175879 65.588859 17.342013
18.821454 60.663567 15.426574
18.063483 87.812205 17.639349
71.707458 97.815394 18.712962
62.332577 43.214074 16.756488
16.721993 45.267050 17.537324
40.594297 22.763729 16.027674
30.309961 30.111435 18.109294
21.562227 14.819102 17.894599
34.941647 62.713774 17.788540
62.699779 42.918819 18.598625
29.158573 55.420938 15.003860
9.610817 27.276059 17.902897
28.123382 81.360626 16.692732
77.453841 82.406826 17.367506
92.911703 7.008488 15.131946
53.739143 47.258498 18.268292
11.035562 24.330546 16.617561
49.224387 67.506624 16.584886
18.636797 9.948760 18.513574
30.152644 38.903533 17.099501
0.478718 10.584255 15.382927