82.658722 83.250645 17.336687
90.250988 9.068909 15.778377
90.088895 90.284921 15.661478
90.441061 57.759781 15.106651
71.700082 89.809781 17.306261
18.975658 3.233650 16.849272
67.650433 20.854276 18.482748
95.498174 43.785671 17.169328
48.486028 39.959613 16.293348
87.556894 81.845157 18.336856
64.450444 12.511044 17.165432
88.079307 64.830604 17.774522
76.086782 91.977499 17.900486
23.246561 79.967735 15.765959
68.948659 2.933494 17.657462
35.019986 7.583145 18.615470
52.946976 51.984338 15.529875
91.768657 41.735825 17.549250
66.203185 10.239214 17.869242
83.582544 51.108963 18.594824
68.711612 87.446968 18.390474
77.810342 84.123276 17.246889
55.777853 3.907976 16.891790
34.638720 48.831425 18.653615
49.212919 31.643895 18.596054
45.167666 33.234385 16.558079
58.891394 20.553112 17.902908
66.129084 47.799585 16.407087
94.736363 75.964797 15.287225
17.511464 59.330778 15.037529
19.034479 5.584330 18.059501
96.200492 35.200474 15.254992
67.408667 29.073712 17.299291
76.839658 44.103783 17.436590
64.375670 34.909412 18.710855
79.272643 49.810158 17.313216
64.940988 1.337013 17.857043
80.896462 78.005840 15.125155
87.968369 3.384762 17.783116
33.643128 97.495607 17.866624
27.983533 15.102320 15.675996
16.255566 74.970817 18.458881
85.278147 20.719397 15.070436
28.443965 42.524550 15.968004
28.298961 47.974238 15.704826
29.035299 62.498845 16.683122
59.290561 56.350836 17.617831
62.386058 26.607052 17.111131
87.197570 91.955056 15.299722
44.169320 28.433875 16.607414
67.971322 83.034295 15.570371
25.903098 53.008982 16.899372
33.669357 22.182938 16.508528
34.086404 53.747354 16.930422
96.639517 93.804681 16.680167
62.089018 4.766840 17.714071
87.268453 66.410207 17.725364
39.682797 73.019766 17.010312
0.344123 32.163134 16.744123
5.586870 98.072529 16.003918
92.265259 78.828997 18.381475
7.978652 47.858681 17.448379
26.664434 86.004231 15.514776
50.301028 91.425038 15.302247
50.136273 12.358122 18.318519
35.144946 57.726734 16.802550
8.621327 11.732318 16.201219
57.346452 48.571194 15.641775
53.526498 53.592856 16.105492
46.263000 28.250646 18.362866
6.089090 3.959608 16.772607
9.323560 67.666544 16.284476
18.116024 35.549727 17.662132
13.826047 30.889081 15.277796
74.879974 28.289205 16.961326
58.370674 79.532295 15.286462
89.025709 34.757916 17.031928
72.534569 34.647120 15.791971
24.763007 18.019409 16.662612
67.780273 46.815545 15.298087
53.379059 6.112237 17.972715
7.260221 75.124279 16.501570
68.538003 42.694300 18.299187
52.028181 78.148421 16.046155
69.480784 50.462806 16.374789
88.781313 33.625181 17.316196
97.596534 59.284978 17.377540
46.703669 23.895957 15.887601
88.416876 85.436886 16.298470
19.179503 35.916921 16.148171
88.401601 40.126021 17.929744
4.136092 3.019870 18.594048
62.374469 89.014061 18.644611
35.456345 34.768228 17.089408
61.499743 27.821202 17.267435
74.761978 0.186559 17.927460
63.166537 87.199617 17.689231
11.426558 76.903022 15.082248
4.217638 83.348129 15.265207
14.556746 89.981090 16.323145
94.590011 15.403388 16.904318
37.626183 34.155836 15.833316
33.688973 70.438850 18.237827
17.397480 18.057799 18.007315
63.993954 24.809222 16.996782
47.354703 53.007054 17.657179
42.437141 37.285485 17.108241
7.766187 80.248896 15.066022
5.788644 82.441848 16.921228
77.371166 65.176641 18.525125
32.521623 51.753324 17.283185
55.972594 78.481562 16.508457
68.886056 46.081875 15.239629
71.838403 62.125013 15.705217
16.582158 86.433284 17.230126
31.304784 1.707245 16.993414
3.067856 39.262038 17.515114
43.268065 88.160758 17.218288
51.415382 99.107747 16.881406
92.593176 70.487520 15.254927
45.926055 20.876854 18.383254
29.247557 57.735033 17.047145
50.618712 14.685910 15.663188
28.595569 46.126870 15.627529
87.789369 31.344361 17.497056
5.462114 13.160612 16.241964
23.605500 64.947534 16.623057
0.996947 7.990674 17.883456
7.263550 14.268463 17.528588
54.337083 51.643101 17.996213
22.085959 34.771224 18.665152
7.714914 35.657768 15.494856
85.035984 64.540853 18.576887
25.332869 46.955163 15.620556
73.733664 78.461156 15.373729
14.027428 34.345518 15.166388
14.379021 94.086253 17.751371
83.522052 29.034423 18.560226
51.050853 56.208118 16.920809
40.137859 53.738937 17.468976
97.404147 50.834425 15.509445
96.878958 1.479439 16.752384
78.079132 13.808361 18.131531
51.727184 95.367213 15.587196
26.747627 15.127157 15.286860
99.029270 47.488589 16.690406
6.991391 57.201725 16.247508
44.297139 88.556734 16.858993
37.660606 49.438363 16.195330
74.162278 83.378202 16.436250
88.342245 80.322742 17.278793
51.467895 93.095454 15.898691
73.604587 98.165377 18.109957
48.246403 47.256134 15.677936
38.044591 8.217474 17.018280
15.830201 62.644274 16.815779
59.983844 64.644905 15.725680
37.377217 67.538439 18.397205
11.631897 48.216894 18.072417
70.197505 78.397688 16.775373
55.535199 10.262990 15.474571
34.711276 73.231790 15.424423
17.368350 96.398881 15.193777
67.231111 33.143963 15.370137
18.583165 90.118178 15.918284
47.354563 4.333822 15.801933
49.090559 17.474852 16.225778
15.136443 66.191658 15.143608
40.629202 50.642171 16.199590
77.672478 30.496537 15.546533
54.612884 47.275879 15.935658
54.051931 30.594891 15.777504
41.334558 27.026995 15.694376
79.598971 77.602949 16.333486
64.095925 12.786142 16.148864
66.809596 32.879426 17.234127
81.753505 45.065926 17.633059
70.554300 30.985247 18.422533
6.966215 53.453801 18.695971
95.446742 65.090772 18.395195
5.880111 16.602059 15.571734
48.392787 36.258801 16.554959
26.774451 19.478014 17.974187
52.348193 78.516646 17.003774
89.274458 80.554622 18.648693
74.377656 65.556331 16.926701
1.849831 37.661230 15.532714
35.603450 21.272832 16.018519
18.342633 70.013847 18.344361
82.338134 84.719942 16.509796
45.373401 48.133579 16.490797
97.469672 66.446500 18.660526
1.340267 90.645857 15.888542
36.109826 57.751110 16.538513
16.998119 17.681547 15.194724
68.582844 45.321749 18.182929
87.690162 54.696780 17.117020
1.320265 7.146856 15.842848
67.407160 67.430480 15.630847
3.729274 81.756972 15.542266
91.832936 7.891918 18.157839
7.423249 2.569305 18.476863
64.888596 24.326962 15.770674
57.594109 71.011232 16.511823
72.952074 9.637413 16.583733
28.701487 7.220668 17.718390
64.962681 50.112714 18.561669
49.371620 1.689572 18.484364
86.639278 93.307230 15.945515
93.854506 81.156755 16.904763
19.722717 45.567542 16.542039
80.654632 43.194151 15.357322
88.548174 23.963885 17.026589
39.361388 21.227356 18.085379
19.788950 63.262267 17.243685
14.438604 48.699525 16.820856
67.210589 31.182630 18.501955
71.062701 83.278087 16.486580
72.311524 81.659848 15.551100
29.990297 76.413520 15.846310
72.018537 79.453595 15.415022
89.758104 19.119496 15.576390
32.085538 94.041614 17.977269
24.756693 59.464348 16.954364
38.168707 48.365218 17.750447
13.494773 55.443770 18.246963
29.156058 43.945781 15.175649
47.053608 4.645638 16.323281
61.042395 46.870398 15.207350
75.995866 20.631849 17.268501
84.945774 24.917295 17.472462
58.749526 48.303142 17.192262
76.071440 68.572443 15.797242
36.103184 22.472116 15.978957
35.149095 70.827804 17.740282
97.129465 64.627295 16.646557
69.628596 84.326904 17.703369
3.556610 24.540688 18.448029
37.604773 47.994192 15.224296
73.411451 76.210683 16.665408
5.931653 92.515970 16.234198
53.230964 73.432482 18.405267
5.069418 15.078282 18.053894
46.851793 88.036489 15.736680
86.180117 64.081476 15.317892
11.946250 66.390964 17.030562
86.388080 70.003874 16.040139
72.949496 69.762157 18.461892
57.571871 60.679331 15.415638
64.339256 15.158189 17.120135
96.210179 69.221249 17.076879
17.823248 28.286809 16.627213
6.299491 60.322143 16.759829
93.758922 33.156597 16.923532
29.391577 21.205950 18.356188
57.103263 68.096481 17.882014
73.171786 14.960549 15.693962
10.236159 62.236933 18.737792
78.176053 37.386647 18.022331
61.058229 73.948451 15.737980
14.887767 71.947247 16.262536
24.776315 39.082028 15.627748
18.974492 64.066986 18.246505
40.408601 63.216228 18.358707
50.949740 7.122937 16.187916
27.056706 23.799410 18.652235
46.648948 57.846530 15.936030
19.315643 51.343831 15.417488
42.683976 84.500473 17.221223
47.745927 55.362924 15.312627
51.356207 44.776209 17.524294
40.623154 96.323745 15.036157
29.563366 89.390583 18.658159
2.316204 77.150860 17.272910
10.153947 51.976101 15.670436
99.961249 33.245430 18.564057
54.448769 79.019573 18.309841
22.413016 70.352652 18.331951
2.029802 25.445124 18.014053
88.316902 1.464411 17.552415
55.176500 80.388378 18.654841
49.176672 46.922095 15.759446
89.751361 40.798041 16.066552
12.017934 2.010894 17.580615
47.942065 37.806194 15.517446
44.461191 32.750247 15.794856
3.810698 24.199765 16.591869
98.016890 58.286365 17.328849
70.168958 31.036351 15.782173
32.357850 41.086134 15.047157
31.499008 14.507053 15.613985
22.818292 74.615888 16.936002
19.445518 22.997177 16.155737
49.584825 58.579527 17.857613
77.362974 30.159552 15.831263
47.438324 26.038322 17.207563
35.597844 92.603157 18.708691
81.668293 58.297703 15.523391
63.353603 30.006816 17.232878
66.355996 93.844755 16.173254
47.430338 38.773272 17.991465
59.691778 12.366732 15.925563
89.748783 54.418947 16.577073
95.495447 82.715056 18.089508
85.205963 13.189320 16.756353
29.464829 13.194815 17.555713
7.616595 88.230651 15.079658
3.362992 48.620619 16.031736
73.140041 64.466330 17.326403
1.882186 84.251006 16.706948
65.897557 66.060560 17.983973
80.501167 39.959773 18.489295
91.332735 81.527455 16.351881
1.340889 36.463380 16.920557
89.802630 10.121343 17.290808
29.461605 38.963316 17.656637
48.471364 79.485246 16.718728
53.826867 86.388953 16.114601
78.862407 51.151279 17.695080
70.637774 58.729349 17.283887
29.217937 8.572251 17.007645
18.248925 6.376546 16.912528
12.033775 35.154058 15.212788
22.511329 77.504544 15.657325
0.720649 20.213606 17.958821
52.096115 50.626415 16.872771
85.621432 44.090304 16.979895
72.847093 38.731506 16.399268
80.849551 96.587962 15.416697
91.454302 77.191809 15.718489
51.653394 46.595171 17.908166
79.259166 22.940551 16.415194
18.389412 50.274255 18.541809
18.990848 42.636339 16.926454
9.496644 74.909413 17.452859
24.478214 33.213377 16.380894
42.961989 25.262269 15.312733
93.356808 24.344005 18.727321
32.586253 10.914606 17.515971
66.852324 29.347771 18.046131
42.576784 95.364470 18.502657
74.293755 62.525414 17.652825
49.807735 3.240772 15.164005
25.767328 8.740008 15.098979
60.025765 78.585181 16.254445
93.446844 34.037946 16.187440
6.136614 64.167075 17.264635
37.170535 54.776114 18.489386
33.639696 90.974793 17.555177
9.202311 68.007659 15.232036