92.728744 28.609375 17.854469
98.390243 17.226711 18.299342
55.125917 79.416831 15.339236
51.368849 82.190456 17.113763
65.358055 74.317773 18.514353
19.448832 4.694802 15.729339
55.036888 53.383070 15.485490
17.464921 94.189435 15.059291
74.509370 8.218373 16.597563
52.340141 25.617763 17.491378
8.265013 55.325641 18.117478
65.074622 98.281225 16.123911
77.323677 66.192279 16.820214
15.269985 23.925608 15.316540
37.830650 71.437271 17.138435
94.757499 55.331222 15.240662
4.979648 51.660246 18.258174
51.485054 19.062058 18.346216
76.039634 88.234301 16.057455
80.299724 31.588132 15.201594
13.697545 72.752036 15.579786
40.614124 55.211942 16.261656
33.566031 8.393356 16.599327
97.643693 83.789793 17.507455
21.181146 68.833290 15.315520
45.574882 21.598768 18.215453
74.074893 52.402352 15.335055
58.216887 88.143766 17.812744
13.545948 55.405365 17.521052
59.019845 32.176332 16.948054
48.590739 23.000866 15.103371
59.133248 74.100025 16.785824
2.709131 9.997881 15.833728
8.671918 25.122761 18.198068
58.324302 1.019035 16.187567
55.343062 51.405333 16.677498
80.060041 19.285584 17.076465
21.922719 68.698059 18.446462
4.114584 34.898402 16.673994
57.017783 16.312218 16.867671
71.246857 20.577657 18.296376
95.156289 20.076435 18.450166
77.948810 74.260869 16.907153
85.075632 6.010292 15.272072
81.018269 59.892678 16.930593
65.884661 45.056825 15.362898
92.398181 34.440056 15.530105
97.924094 80.025442 15.607602
9.890398 31.317315 17.146897
81.934003 76.512287 15.590723
13.141083 12.758013 18.139814
42.643528 25.826523 18.746459
66.167035 43.857989 17.875135
56.168092 58.496113 16.384775
17.399670 20.135601 15.937293
68.738527 67.749979 17.004910
91.660472 95.602791 15.378163
25.152732 19.619438 16.156504
24.193805 88.975101 16.668025
91.274081 16.756296 18.145827
14.062903 42.201987 17.774366
82.716173 62.550785 15.675410
25.213478 9.088514 18.555346
7.463547 70.505499 18.578479
47.761143 24.618324 15.496892
67.825887 37.572686 15.316697
7.987770 22.117526 15.422032
0.581165 38.925660 17.092740
11.239703 96.592338 16.649706
31.443710 99.552292 18.410246
17.244838 31.576045 16.238828
93.362926 41.212532 16.347669
80.731812 48.846813 17.371474
68.585639 26.597864 15.417910
82.869401 85.635355 15.276720
98.928043 72.564783 15.646461
70.833381 96.225188 16.650786
44.788676 31.060059 15.435132
65.251839 38.434329 18.339637
38.646430 40.714113 17.231107
90.636242 62.002608 17.647546
94.999363 87.914556 18.572011
53.670634 52.697422 18.048800
2.057276 46.546963 15.053013
33.306361 4.698188 18.313151
66.309367 28.125593 15.565756
31.076348 42.129126 18.738339
71.598639 85.436721 17.306503
15.120006 53.902199 18.300377
59.231430 70.833296 16.630628
24.689600 35.585527 17.585178
86.558199 76.513966 17.675801
18.543654 21.343886 18.200370
47.790618 70.843002 15.326141
79.044220 58.252948 15.432992
24.757856 67.678445 16.133787
30.560841 19.168122 15.450301
6.683603 61.253176 18.440476
79.457297 54.531969 17.783753
69.314294 74.237116 17.891689
11.958879 38.288348 18.555433
60.725783 67.211337 17.921468
77.035545 79.781077 18.466312
61.505682 14.958139 17.060930
91.853136 94.162770 18.224780
56.757646 48.240457 16.773691
41.542206 0.218719 16.935593
50.334006 95.159281 15.879928
35.850846 25.024203 18.159392
89.148601 8.484483 15.318774
29.872450 48.842662 18.343991
85.192942 96.906812 17.644410
92.015526 12.446307 15.611643
90.782764 95.478236 17.117332
64.938222 68.743796 17.273991
14.429929 25.800188 15.693174
9.513252 51.945598 16.157315
23.094207 26.333013 17.637174
29.780658 26.778449 16.450429
3.854446 5.933626 16.602061
63.569546 49.546143 15.291947
19.207031 8.881786 15.625408
26.185705 54.730018 16.761404
56.696893 11.123986 18.237930
25.729978 44.342313 15.349692
94.877186 86.932306 18.036353
72.329436 53.017843 17.954495
56.440223 16.885548 17.707828
69.112259 53.629464 16.316157
23.225742 17.708981 16.497997
54.451392 69.692992 18.352428
48.099089 13.025899 17.754520
0.131544 74.240621 17.685172
15.595140 80.157386 16.130248
4.389664 98.771544 17.026467
9.004513 83.212839 16.705964
98.099865 76.767669 17.219269
32.900602 67.201632 18.104370
16.140575 41.672820 16.643590
24.150870 70.061978 16.067267
70.295355 64.153682 17.098483
49.686873 96.556260 15.547607
24.497371 11.172814 15.059770
38.193717 86.241639 17.970398
95.045617 10.226951 17.544162
97.202374 92.863920 18.316191
38.030288 44.653507 15.669829
19.336111 73.940901 16.284545
61.315471 58.757738 15.176136
39.366228 77.174253 16.065393
99.862613 2.858448 15.183916
92.357561 6.210539 17.393452
58.660249 72.715059 17.557047
44.845200 26.650339 16.388462
12.933370 27.325435 16.209518
74.946854 74.181770 17.732849
18.759745 37.586315 18.233402
95.410708 52.760368 15.363680
39.479982 14.581749 16.353621
90.795314 68.945002 16.777283
9.051201 18.315938 17.334628
26.739589 82.823924 16.872955
17.338637 92.228169 15.532034
92.077717 79.426880 15.827824
87.383875 6.505162 16.334978
50.170636 72.391027 18.489896
67.003054 16.181461 17.846197
36.834705 1.551268 15.197151
37.585252 73.469205 15.858813
75.938401 96.254691 15.396141
51.236690 68.684602 18.283516
61.060789 98.298361 15.395539
4.866241 49.790348 17.369163
44.218588 9.941137 17.423225
72.162919 69.886262 16.831200
71.243682 65.482618 15.500985
29.041852 6.709373 17.924899
27.641172 33.443794 16.652729
9.650645 61.864467 18.353200
61.740522 46.139000 18.332086
55.565570 33.008001 18.194138
84.748110 58.351007 15.775957
42.271521 36.496013 18.551539
15.898056 40.656054 15.014343
40.729828 39.021908 18.420453
87.017722 97.304125 16.620926
39.829123 27.328595 18.265880
50.379334 91.721627 18.024018
19.414734 33.727248 18.205783
58.788423 97.880331 15.151487
26.405017 93.906657 18.378530
92.964070 98.393640 16.240446
19.116301 29.723629 17.182472
16.786326 24.605330 18.582412
93.058573 25.485335 16.654704
55.316879 50.454183 16.800122
44.355167 19.983770 18.056660
62.364525 38.791456 17.862878
34.162638 27.985473 15.289504
7.813072 10.775568 15.833086
29.517507 75.891187 16.645105
17.808831 91.762199 16.317152
36.804440 79.737453 15.297070
33.934785 88.100809 17.092810
46.159634 7.842645 17.275703
70.722316 14.772527 15.232137
89.183347 74.672684 16.326924
47.610010 60.539124 17.600266
39.988912 84.040585 17.598025
10.909637 98.622334 17.747864
56.794439 26.178148 17.709481
75.687791 85.324128 16.414149
37.936367 87.935137 17.859189
26.935226 12.467167 17.605613
84.111857 91.777185 15.711719
94.593041 12.989475 18.489553
64.394604 48.044681 15.805889
91.696922 63.178953 15.784361
2.065477 71.818668 15.409183
61.263944 23.266136 18.653010
92.819769 3.210381 17.645023
94.608150 96.587473 17.040973
44.011041 77.344919 15.351422
9.782704 67.797160 15.057107
12.186916 29.702472 16.317937
3.691833 3.147956 17.114275
34.348453 34.636240 18.245501
35.615692 25.952096 17.484752
55.650691 0.556631 15.347356
12.626590 97.034992 17.194654
77.030013 61.902187 15.917786
20.259459 66.705312 18.539290
34.661088 99.316104 17.754475
17.330610 32.725949 15.118442
98.163951 68.823745 16.189956
30.692043 88.283453 15.312530
37.263641 43.111603 17.060318
41.875173 18.448091 16.402219
78.332653 58.041353 17.304551
54.840380 2.654169 17.157449
99.790194 86.860688 18.740608
37.653493 84.948776 18.005454
37.064921 39.798383 16.503126
29.455293 71.896094 15.574500
38.128268 86.580331 15.792277
80.327727 87.608661 15.403972
59.348576 31.867942 15.157454
46.597652 87.510320 18.199346
87.161267 6.641855 17.231356
50.917279 42.406264 15.311904
78.377614 53.534048 15.359929
1.085549 32.937061 15.322338
99.358563 6.690010 15.915563
13.632044 20.349984 16.924113
8.354826 52.917855 17.332458
50.286901 98.760004 15.356364
35.046557 98.009377 17.709051
56.656594 66.159980 16.744599
28.990622 81.337280 17.828518
99.493477 5.222583 17.035750
39.397836 14.687474 18.321430
49.702867 32.897196 18.587752
74.690228 58.933585 16.373055
95.801581 26.084792 18.407218
98.415911 77.410057 15.257319
43.878233 42.573075 17.780944
37.020811 64.203544 16.791579
64.515009 75.547372 18.445844
69.480694 5.313020 17.124413
15.736113 69.324569 17.764848
71.679244 60.670758 18.607362
33.202474 26.238582 15.447159
26.802785 64.404041 18.078015
34.381782 54.218058 17.950487
85.667510 39.908229 15.920876
98.597743 6.033280 17.602653
70.545534 56.212011 17.151541
7.483743 48.618150 15.803791
65.605657 58.452635 15.124188
45.056958 65.898537 17.343641
20.625437 72.174063 16.773275
20.243857 77.699877 15.082773
39.777643 68.815634 17.657697
33.682800 51.300183 16.323752
49.322080 55.261594 17.921160
52.506411 40.579316 18.337773
50.514864 90.734172 17.853877
69.483327 24.010266 18.260741
66.907119 89.733723 15.992525
2.804717 58.444105 17.072963
74.503595 93.313931 18.412328
70.309287 48.028134 15.968364
2.896670 40.463016 15.246360
55.883620 85.027028 18.192818
20.430437 93.684544 17.492872
42.638101 70.299845 16.709801
81.359135 15.756454 17.425650
30.131515 42.583018 18.366754
66.063701 4.818417 15.067167
73.783618 79.508928 18.342980
74.744978 37.138221 15.470508
87.200351 14.691502 17.144603
4.207747 21.811068 17.122715
92.483730 63.257848 16.370719
64.528166 16.865999 15.223987
62.123408 6.271138 17.682150
90.242617 13.583868 17.548751
96.637233 46.364687 17.249800
67.599825 18.811629 15.700584
3.242708 9.998657 16.337101
71.759803 74.501958 17.724536
87.827068 33.326050 18.483856
67.345557 75.038358 17.890138
85.360596 86.236783 16.756752
43.129760 22.949048 17.963351
68.360860 76.149424 16.324807
9.241912 68.598742 16.019656
63.819667 67.789840 17.910714
53.432204 76.760727 17.031010
74.990449 4.190475 16.788382
93.164650 98.971833 16.892187
3.783780 16.254244 17.615820
90.496321 97.046584 18.741682
7.627001 42.762568 15.772163
54.234539 94.498754 17.475193
12.324800 26.931088 16.918135
40.795608 7.169552 15.611441
7.740492 55.444267 15.410168
83.786417 67.929478 17.573370
18.133907 95.861729 17.205383
90.675492 3.956116 17.577205
68.583822 53.644827 16.188946
67.173332 5.314571 17.215491
19.210596 4.150885 15.343936
28.565176 74.277557 18.685392
22.805660 68.987189 18.277055
57.906725 9.536586 17.885337
67.659119 50.290446 18.266339
78.755967 57.987508 17.703340
12.474866 65.031092 16.475984
52.294754 11.424262 15.037400
50.260357 61.415472 17.671360
94.350575 75.807176 18.528533
13.401167 26.640681 16.539366
62.338321 40.698248 15.620826
0.657202 27.010557 17.215941
71.878920 1.196618 17.384420
3.578730 61.392917 16.342093
19.689611 86.570062 15.674819
43.449689 15.209562 17.384846
83.812159 76.584845 18.547076
93.012697 58.746628 16.158619
64.880481 76.983485 15.360956
39.776572 92.233701 16.985361
37.834062 7.274783 17.878731
84.864634 50.056924 18.266065
89.690014 74.173459 15.199020
4.533324 25.591323 17.714691
60.876626 81.887074 16.012921
70.995051 80.724236 16.810971
42.396760 5.477509 16.395693
13.394086 18.135806 15.915285
32.408547 65.086954 17.892554
30.377530 64.388789 18.048847
52.062676 79.781644 18.126896
65.265519 22.125191 15.414499
92.609019 38.525889 16.123492
44.332598 70.224080 17.810312
58.120843 97.558884 15.592192
41.765563 96.336511 15.232794
48.746574 91.642576 18.384500
42.439391 55.321251 18.142385
57.578765 70.493330 17.583231
72.537999 80.513093 17.648850
53.328044 99.338991 17.024181
79.503663 11.626677 15.045307
15.562442 21.682012 17.650092
51.185310 93.305490 16.817224
39.766313 31.389589 17.052642
29.979562 90.496603 15.380895
46.154236 1.620766 17.253309
75.509148 46.145982 17.246993
48.199833 60.616822 18.045581
88.484705 83.822656 17.534640
3.808478 1.728476 18.377634
14.035834 44.591764 16.163526
0.011382 49.954332 17.007356
75.202614 7.650228 16.269890
21.803382 44.736242 15.448891
47.474861 49.469517 15.358260
15.349514 18.445216 17.548645
53.039616 90.194931 17.881537
12.177160 13.093454 17.500419
27.111222 55.956686 18.181560
56.146979 38.306067 15.751604
57.310219 53.411302 15.888041
20.953467 23.563736 16.036006
6.172739 53.281425 17.035748
4.022072 76.078398 15.855562
53.767461 35.656057 18.613885