63.583390 53.527663 15.360072
90.482084 87.556163 17.976936
68.260678 79.562647 17.843258
44.727511 49.941061 15.314828
85.012213 74.054412 15.388168
7.500295 12.062570 16.803334
1.297574 45.061025 15.208839
71.089117 51.124795 16.438554
88.118614 24.841273 17.383378
37.366515 39.389568 17.969214
70.861979 28.013494 18.379038
57.065025 18.770320 15.726674
88.241520 19.243874 17.504524
45.510258 8.668404 15.378219
30.628792 0.768595 15.227029
62.358188 87.289293 17.559225
79.442164 68.751033 18.127248
13.841407 21.462975 16.180490
4.788600 36.816985 15.847726
60.939017 56.007297 18.688004
46.459698 18.880230 16.825428
41.067891 75.608336 16.048554
89.032137 67.176764 15.075741
21.764988 76.945142 16.217155
79.415158 58.341716 18.315206
36.133501 54.107034 15.245990
63.167949 71.433754 16.505865
13.195200 74.543045 16.173012
48.153638 23.413967 18.455281
13.748726 25.209549 17.577091
90.852041 60.609627 18.029237
75.496850 53.617024 18.620040
82.456077 39.723906 16.453794
56.133768 5.062388 17.267595
92.302529 84.349654 18.434673
71.210161 53.244586 17.396978
16.538949 18.456148 16.222425
4.575886 2.731315 15.316859
30.347933 38.741316 18.103532
28.406571 81.125981 18.143407
16.222694 96.554168 15.529781
9.488704 6.549727 15.762784
65.979896 72.061961 18.263454
56.196321 31.614017 18.176678
91.781589 70.032565 17.060885
39.366237 28.582887 16.429928
56.420034 58.048542 18.583041
32.414677 0.159083 16.800560
89.570333 8.940402 16.681309
61.446033 98.574770 16.559651
63.373979 93.184527 17.608268
54.161324 33.764944 18.672090
32.690676 69.473832 17.607450
26.800277 12.375740 15.616715
43.139187 84.419676 17.695589
45.397181 18.182655 16.316360
77.449222 75.103630 15.048295
64.474948 29.540153 17.684207
78.869802 21.951284 16.423421
53.240239 40.659540 17.311037
7.388864 19.136042 17.062992
79.141070 56.040214 15.752202
47.139544 90.701114 15.568295
94.241069 29.137309 15.971457
81.800330 0.734687 16.079835
7.622289 15.793402 18.534561
42.931743 40.821079 16.203097
67.641453 2.191818 15.015124
27.236093 99.406504 15.446558
22.987497 0.717318 17.286882
16.472476 32.748824 15.532833
64.927698 92.930709 16.182335
99.052706 74.067322 18.363960
61.480293 79.847022 17.460921
97.991904 20.470575 17.238027
64.129670 99.826206 15.428316
79.823651 18.834091 15.943832
60.997556 72.599606 17.938338
97.842314 6.288707 17.611342
1.330606 36.311164 15.095953
71.281157 64.492131 16.705197
56.142373 24.977859 17.409150
7.857989 10.032202 18.256179
38.009353 1.248916 15.197809
5.011576 35.188931 15.904691
56.991023 70.653600 16.304802
55.371217 29.164018 16.227201
62.073165 4.839877 17.023938
11.045506 76.896622 16.483412
47.418547 12.758557 15.365740
16.959520 44.681348 16.721186
96.037322 2.950934 17.589691
56.724938 28.760690 15.189200
50.312089 67.586396 15.217410
43.122533 88.378671 15.968511
31.575060 16.642090 18.184137
76.541489 27.038680 17.471153
80.063731 81.097053 17.083544
4.748966 13.619490 16.021192
19.955016 81.062420 17.126695
62.662012 66.639085 16.551469
2.330560 90.865188 16.920784
53.392465 64.381094 16.649092
49.045873 70.383509 15.464216
86.833657 37.051178 16.502941
7.859585 75.591082 16.303725
96.282206 70.722715 15.475464
87.535091 99.509538 15.806825
72.735158 2.893907 16.088201
62.814196 42.796813 17.877528
97.796002 2.016228 16.070916
26.716414 71.634050 16.542520
95.854043 41.376103 15.238645
98.520460 47.679021 15.380427
69.916178 69.400251 16.896967
40.856366 12.270020 15.333937
41.368472 72.746951 15.083088
17.618622 5.323096 15.656032
82.937257 62.805516 16.669288
13.183022 1.991953 16.714747
15.211094 49.566680 18.357206
98.871175 56.055341 16.626951
24.015185 75.447769 15.636816
76.491879 82.178752 15.434463
87.932667 24.404850 16.025588
14.345708 33.072796 16.350285
42.743405 54.841030 18.615583
13.700024 24.133927 17.192103
98.046082 46.498693 15.549536
60.038877 64.786376 16.425121
4.839896 78.217973 17.804633
43.202583 49.370007 17.431708
41.437672 86.085468 18.345614
94.538340 87.422979 16.483972
86.216854 10.637794 18.499195
54.602273 37.019173 16.996086
1.523437 32.002082 17.336274
88.189698 77.545012 17.193272
36.045284 44.438783 15.924706
15.181274 24.520754 16.271776
28.804352 93.666666 18.455125
7.789997 56.884283 17.536161
61.365480 53.842998 18.063824
44.781046 59.924948 15.439625
48.073635 27.076205 16.707462
86.828718 91.730791 18.342363
41.617937 74.771097 16.427812
26.713664 98.122974 17.060027
49.006956 53.568448 17.122487
26.876747 49.089126 16.994565
50.599631 20.563066 16.698442
60.594445 35.489364 18.410142
7.232803 86.479623 18.208972
24.692865 71.135109 16.609095
9.668041 3.241263 17.829637
23.894295 51.608361 15.807205
37.875433 63.002586 17.569828
92.147742 63.364059 18.622684
32.347229 17.763916 16.489415
50.861150 1.346157 16.649528
45.695739 86.125569 15.656163
0.562909 98.323458 16.805581
45.635149 22.739567 16.572338
16.859957 85.597848 16.115929
24.051800 34.201439 15.035825
17.585312 64.577274 17.358555
16.189747 24.033611 15.726503
11.150270 25.088507 16.436078
91.810858 7.148677 17.690814
6.339550 2.107773 17.749654
26.857637 95.734655 18.662051
69.566905 58.403641 17.643711
48.616604 1.924535 17.213762
4.094997 20.909450 17.077565
77.446779 54.977305 15.786968
68.624569 96.407316 17.065671
20.387526 86.932411 16.342344
1.500702 79.719319 16.877927
83.445998 75.297339 15.485802
20.916597 48.715979 15.590597
15.007628 78.165865 15.497765
33.805081 56.141382 17.983840
52.352462 11.626946 16.798984
43.923670 12.379681 18.587419
68.731980 81.117354 18.584197
99.891513 61.158786 18.120855
25.608789 18.297347 18.187925
13.229979 39.590186 18.512938
17.259013 94.534089 17.666261
25.272074 62.867836 17.454208
20.086011 72.973071 15.987181
99.591248 52.218172 16.171088
17.305157 32.380299 18.256108
61.123633 91.043335 16.880975
7.097716 72.555784 17.909352
15.433438 45.815269 15.581487
2.078107 43.933923 16.463849
45.898866 91.031125 15.451149
11.629671 54.505770 17.519366
13.734342 39.362044 18.601853
25.057130 19.391071 15.615166
31.487069 35.666381 15.717497
43.306304 57.016471 15.686246
18.725046 13.630406 17.828054
77.705676 61.399037 18.722140
87.741159 67.493090 16.102211
14.973440 35.817975 18.673525
81.864328 43.476213 17.409538
20.013341 43.967105 16.257206
38.002023 30.109370 16.998459
49.780834 62.460560 17.193923
1.808421 78.337080 15.985469
18.181091 20.475493 16.029320
66.979825 39.751374 16.531227
64.343013 12.407445 16.447063
87.172417 26.918823 15.416447
73.080548 91.275442 16.092152
93.444407 20.885253 17.458759
98.567166 26.464749 16.989314
27.221365 22.056878 18.575681
55.856165 11.899154 16.590919
55.445208 70.664205 18.591993
34.476395 9.069050 16.276881
50.110074 54.049523 18.699777
64.112750 2.266130 18.308546
26.974393 56.435744 16.516275
51.331367 87.332175 17.926441
69.893357 75.635125 16.375193
45.078173 88.174711 15.803156
99.627196 87.866182 16.072386
15.652981 12.398475 16.839931
11.432274 62.687343 16.707971
59.090697 37.382139 15.912096
5.686710 10.338946 17.151278
61.431923 72.575207 16.670252
24.050929 30.686447 15.093931
78.717382 84.460334 15.659007
51.953893 87.496577 17.766408
68.295924 22.545215 17.423847
95.594375 80.061487 17.928652
93.921538 99.394247 15.340221
36.879760 21.262059 17.232854
66.563935 73.374750 15.744176
2.281723 98.489604 15.437116
85.559883 30.526871 16.366527
25.594145 73.563163 16.954591
95.864192 8.507967 17.809223
17.315198 19.377190 17.222684
50.473571 98.102468 17.106757
79.186425 74.288397 16.905266
55.728650 77.045597 17.728997
28.515598 55.198273 15.895120
69.251456 31.384335 16.389687
91.248357 81.271537 16.069586
22.244742 78.124469 17.055404
95.086646 14.820822 18.457816
12.192359 85.535789 16.727568
60.805735 25.332885 17.346984
10.202030 34.743109 15.305401
74.303918 71.881058 17.184974
66.599435 26.252070 16.315741
20.970575 2.671347 16.549176
55.844814 27.660412 15.455628
32.343377 54.619719 18.706506
63.056422 27.590498 18.423957
2.828465 39.977547 16.588443
97.309135 69.514554 17.395717
25.340981 19.776440 17.730783
60.750973 69.663696 15.077516
93.531502 45.068329 17.481561
67.356635 54.289600 17.361382
32.717356 16.422987 16.744897
3.582444 18.761240 18.065551
2.158417 67.960285 15.306414
11.256781 64.867708 17.741199
1.622936 3.362838 15.282182
74.725492 70.725073 17.541432
46.945601 5.000512 18.307992
89.204499 53.015535 16.458032
84.160901 15.660611 15.530692
44.893913 65.261088 17.420449
24.076857 22.325373 16.553823
95.288696 62.454712 17.713155
40.243614 50.669458 18.729945
63.164796 89.684440 16.713943
52.098284 43.991679 15.189171
87.964915 99.821011 16.528311
72.773430 67.430161 15.380846
39.550017 39.824243 17.622581
11.302088 86.509971 16.812806
84.816431 19.922072 16.101637
13.050155 31.383990 17.362467
27.481298 38.969871 16.696114
80.163753 48.456283 18.360042
64.979363 45.804704 16.628929
75.440120 94.918054 15.464959
70.854772 21.567432 18.351949
63.222113 82.506301 17.945409
66.449136 66.756535 15.114601
60.527563 67.249099 15.665875
90.001880 82.359576 17.660751
94.887405 8.324767 16.651116
68.945136 10.396218 16.461966
66.959118 68.471067 15.435058
99.870159 48.572928 16.306027
33.411709 6.697382 16.808728
14.828167 40.652574 15.764061
29.500850 39.687094 15.095089
29.154843 61.860724 16.102482
60.894088 82.554425 15.439848
76.958908 60.069459 17.009085
46.685486 66.431950 18.580707
65.549980 6.933304 17.958980
6.547164 47.355324 15.755893
86.105562 63.673579 15.679006
54.705763 66.708337 17.054145
29.421365 91.753492 18.118593
55.863552 19.089165 16.367317
60.036383 73.143669 15.243056
6.793316 39.937036 17.932776
16.106583 24.584159 17.947031
49.419539 22.212234 17.981607
45.785204 19.915372 18.171394
35.710528 90.694823 16.393198
83.410258 57.129899 15.052589
11.626715 45.413861 16.296387
1.678787 37.845465 17.389223
98.208856 35.550479 16.626047
87.288558 6.861879 18.561391
76.478696 53.788665 18.079654
72.126005 46.374767 15.983304
94.800927 80.487209 15.960717
79.698994 79.282456 17.272129
60.656617 31.118175 16.211761
8.655693 78.947243 17.114045
91.632364 88.053971 17.091400
35.099937 96.806621 15.452016
37.106299 40.145777 17.703984
64.898782 14.974297 18.429918
28.383562 23.808401 17.294319
94.164910 85.453061 18.213185
0.091324 86.191490 17.644649
93.271180 41.465676 16.303934
38.442331 40.695631 16.152488
94.123393 9.566416 16.664268
60.562419 19.263123 16.929045
59.435588 84.451595 16.274194
5.206716 25.318855 15.670542
15.282574 75.424732 17.337755
36.988009 59.831829 18.248077
82.927000 90.125271 18.186199
86.609979 14.212278 16.317460
49.400563 26.753726 16.296418
48.670607 24.071694 18.709613
40.850575 44.079389 17.040003
64.886623 24.925860 17.730222
18.033620 60.223257 17.062272
3.939248 35.143475 18.179217
16.063668 78.332176 16.974574
18.943812 77.123218 17.003716
50.769094 6.755396 17.026425
41.495441 5.249071 18.274091
44.998217 31.856432 15.697244
87.798028 88.265687 16.221812
47.339133 95.838654 18.344019
29.661630 84.890771 17.568003
51.604338 14.528706 17.382800
57.935714 97.972767 17.863956
65.390762 22.481372 17.208734
56.364692 77.274444 16.846940
88.074558 30.237558 17.016406
17.042230 11.158243 15.348895
14.139484 27.083088 17.159087
29.863256 11.445131 15.834029
86.419521 14.224443 17.582019
46.662798 71.946196 17.478030
55.634076 80.816184 18.392946
45.851446 9.239773 16.717418
61.291675 39.543670 18.579961
72.518846 92.444620 16.074118
97.932044 37.877601 16.413905
74.853898 39.015204 15.463294
4.918263 22.805374 15.363684
62.620093 30.236990 17.877008
86.993937 24.282610 15.359106
88.327705 20.594680 15.092339
18.795090 31.321162 18.374050
46.482874 78.446075 15.475681
95.497200 60.652353 16.512864
71.553903 78.068961 15.183776
50.651521 7.204448 17.251817
85.661585 67.933846 15.709563
5.432712 9.397875 15.511549
71.580717 44.750048 15.623784
3.055663 76.457672 17.380299
37.281153 13.277531 18.204520
74.748439 1.514411 16.669250
36.400006 70.186737 15.108784
99.878901 2.571601 17.664451
63.115576 4.323535 16.481057