28.327000 99.142908 16.592880
17.381921 50.375968 17.175675
65.419234 22.883851 18.480623
37.521029 53.396930 17.982235
45.018036 71.998406 15.187826
33.219280 58.079652 15.904429
70.395635 88.828950 16.457604
19.927451 14.600403 17.120705
39.907364 14.379510 16.388897
35.527278 34.588055 16.418026
72.380060 95.596552 17.306019
87.777165 63.966962 17.572264
62.511425 4.259305 15.919971
89.001577 24.975427 16.108876
28.063059 86.460066 17.474437
58.842799 8.129413 16.556397
48.169094 58.250647 17.923023
70.719079 60.128475 16.377653
75.900933 28.807952 15.295761
53.210479 65.953858 17.436125
64.181842 66.186584 16.769924
47.135950 17.097479 17.173811
48.662540 77.735094 16.903528
9.549755 10.539071 16.426254
95.177700 56.994388 17.643465
5.673734 16.019758 18.608659
72.197446 13.186152 17.219958
45.405950 21.881946 15.976276
4.180042 74.110447 15.517386
46.818948 72.243028 15.094622
97.453828 3.440946 16.497783
44.918981 72.767736 16.798009
17.546186 32.236277 17.359383
89.467020 37.221401 17.694578
83.787572 12.329825 16.920392
74.354872 59.107457 18.210528
16.478121 23.178093 18.310094
99.029139 72.878321 18.232815
72.116207 47.568127 17.440682
98.260079 97.120161 18.567747
89.969258 24.190335 16.241418
80.577517 79.316157 17.407724
66.385492 78.189432 15.700291
98.857371 22.860297 17.884207
42.177740 98.246074 15.333258
85.420522 92.094345 16.184627
11.734582 59.623581 16.591804
30.241267 35.689155 16.720120
9.453125 4.885149 16.706048
5.145885 18.099707 15.775875
65.919887 69.892115 15.962410
13.331789 59.446202 16.956668
93.972600 21.141258 17.439409
38.003802 15.911978 16.157207
15.822012 87.839386 17.762463
13.783265 87.162607 17.465733
27.257746 10.493721 15.948845
60.220208 55.553499 17.720094
50.934017 72.761727 16.432929
87.249685 0.049777 17.437713
85.460438 74.669706 17.971989
88.597704 66.244697 15.367080
85.256464 72.566253 16.396161
41.378929 60.159182 16.932525
47.939129 73.375926 16.976814
24.360203 69.899777 17.792433
17.834109 28.774258 16.727124
36.125217 28.635103 15.240104
50.034372 85.651333 17.079646
76.741855 62.148621 15.791149
95.232251 30.137858 17.697358
36.529245 76.442716 15.784428
39.670463 61.149093 15.964253
29.304888 44.459806 17.392297
67.514521 27.439439 15.003604
33.820328 29.566305 15.763362
41.854374 30.163317 16.930841
33.358457 78.797315 18.334393
96.039413 32.077621 15.724047
63.171162 39.306368 15.938052
59.011923 74.300206 16.154020
90.379786 95.588949 17.887278
8.392951 52.647206 16.216323
81.431786 72.623103 18.198420
71.450225 4.553587 17.216539
67.606893 18.064778 15.325896
32.375719 56.131160 16.685212
37.773618 22.776810 15.961742
77.288882 38.376776 17.051025
15.790632 31.466073 17.417109
41.203484 44.619170 18.164037
11.864279 44.241846 15.764237
50.946028 72.429502 17.626536
37.571666 74.257616 16.245090
70.521024 38.372404 16.413714
67.540931 86.825927 16.431263
39.413631 92.565177 16.220126
48.337410 2.548523 16.979182
69.001158 78.831986 16.381120
48.137327 3.747224 15.189102
43.763370 78.437222 15.237188
82.381851 22.176337 15.047401
32.344185 50.352168 17.896059
31.024179 8.794895 18.353731
67.777398 23.899321 15.050486
23.010495 44.951367 16.864662
48.930528 5.643192 16.730323
98.258454 52.695879 16.979908
86.537530 1.167771 17.061153
95.171239 10.231287 18.104463
72.146482 97.148996 18.530931
89.488083 76.781758 17.920298
77.367578 11.761701 15.824782
68.231515 37.330829 18.385558
39.234096 64.965945 17.055504
0.464998 49.923868 18.349503
75.417400 97.487510 16.867102
87.820166 64.154372 15.921494
0.395927 49.358256 18.421339
97.153776 58.307187 18.144038
96.178688 6.661744 17.535621
74.447183 41.447767 16.946689
40.103795 62.891749 18.196220
26.261973 46.892220 17.158669
58.368892 49.166594 17.000907
73.294173 33.954330 15.837486
94.654853 45.607596 18.098897
79.816975 31.982796 17.073799
33.058784 3.312287 17.558377
8.895632 26.140715 17.333780
65.815889 78.750707 18.317929
45.045938 29.707739 16.245055
19.646801 76.712531 18.293609
44.728741 5.401893 17.770747
57.308661 85.088014 18.620509
52.229862 41.246976 16.135120
22.351331 92.069976 15.538125
3.577428 65.521492 17.854689
78.032532 93.444447 15.414364
99.593362 29.728553 18.058974
54.029680 46.568662 18.293320
23.124171 48.392793 15.434880
32.866003 21.041082 17.743780
77.661946 44.468566 18.299559
57.541193 44.794606 16.039743
0.087180 79.446477 16.200672
59.583047 96.840779 15.993667
47.240319 1.557067 18.625950
61.210521 42.430990 16.643445
74.438078 50.764990 16.899496
71.438296 93.106186 17.344307
19.335902 58.842320 18.370175
99.750991 2.979583 15.245012
47.302301 95.954546 15.294699
26.721134 32.963582 15.820597
2.804840 14.880845 17.823089
86.417758 82.271666 18.292810
24.386779 25.269175 16.501182
9.062802 97.129909 17.127435
64.838679 79.287944 18.200951
99.161700 55.051032 17.769998
68.411870 37.899144 15.745746
75.874846 54.754112 17.895301
11.386486 76.154280 16.903374
46.203902 25.136824 15.944188
4.967909 51.710200 15.678185
78.795674 2.669558 15.467445
93.419247 9.790720 16.706112
48.377370 46.397064 17.933330
81.847629 30.000540 16.108771
52.829808 84.997833 15.510988
79.933904 8.132259 15.982494
22.947254 62.307543 15.991338
7.599539 89.347022 18.571375
86.766038 84.615116 16.455014
44.100561 60.362753 18.172212
91.820539 19.187798 15.499177
30.970680 78.191862 15.169523
68.719568 57.576155 16.750152
91.982829 36.622289 18.507522
96.673542 20.001520 16.162314
23.484383 30.931289 16.187322
55.703830 19.211599 16.830050
99.783650 26.024282 15.669716
95.405848 19.501766 16.947224
54.127053 55.611783 16.304115
73.151136 25.085234 15.853963
19.706346 73.961725 16.863076
92.979005 80.373676 16.848530
66.401314 1.033997 17.637162
31.720418 45.682826 17.795018
35.684474 77.579644 17.402850
99.645751 62.265961 18.363736
36.537781 39.186012 16.360299
90.104005 33.313729 16.668367
30.610450 21.221439 15.545959
95.384200 99.114563 17.116985
44.555569 86.117057 18.068870
37.946318 58.928994 16.339412
19.782028 54.475626 16.938939
6.998816 48.445431 16.990222
34.645720 26.688234 17.094361
0.459463 65.157457 17.229614
33.945374 33.279652 15.344861
42.014797 37.500221 18.367408
62.701323 48.201956 16.032826
24.653026 97.536686 17.150665
21.458476 14.347968 17.224803
42.973558 33.208005 17.388682
51.906648 21.090387 15.647400
65.360809 3.127365 18.587363
73.469096 50.117503 15.541705
2.095020 61.484542 18.715956
83.202309 93.573179 16.848282
18.177945 84.509562 16.751608
53.019303 45.548726 17.625051
39.476812 22.723210 16.959888
2.292780 55.275513 17.995854
66.974280 87.121064 16.094885
84.410907 80.592786 18.476012
90.958315 2.167435 16.448374
62.155021 50.954290 16.598823
14.032302 22.885030 18.749019
66.516399 82.215982 16.194841
5.462690 16.330190 18.513145
33.053349 74.984159 17.202962
39.520056 44.990378 18.324642
24.131301 21.694012 16.639706
34.774591 37.861767 15.196559
84.972384 28.118004 16.288619
18.960631 64.627682 17.217903
83.584767 44.838369 15.348882
86.330787 45.012855 17.901434
54.483317 33.616843 17.668206
8.654886 18.574080 15.256564
37.574716 59.642175 17.483844
74.049960 35.415488 15.706807
99.038246 85.480294 15.843729
1.791442 98.555717 15.673570
54.878533 16.719645 15.535963
55.724377 29.332877 17.104204
66.786736 92.274607 17.962576
98.060205 48.489628 15.103398
63.352818 95.942060 16.845919
40.074011 94.626521 16.281219
40.531223 53.255415 16.845242
58.584553 3.075788 18.714409
89.811850 31.697338 16.506209
8.510950 88.827238 17.043591
77.479574 59.868011 15.923257
41.252122 5.062736 16.580524
58.743952 82.273683 15.389277
1.093398 45.154890 17.870809
9.456650 18.255710 18.027149
77.166207 36.696038 17.860494
99.630972 10.854409 17.713704
74.511951 28.274433 18.037292
79.426459 48.934866 18.348503
22.578887 43.554910 15.215080
42.827488 55.612640 17.043387
9.912461 88.173780 18.225044
37.866723 99.468641 16.163677
94.978153 16.982224 18.293131
6.841085 14.845207 17.562262
14.044650 13.739639 15.342852
93.160157 66.468242 16.578843
76.769309 80.904962 17.124580
13.321868 2.147134 15.892719
74.252571 52.404481 15.304563
0.299672 39.702427 15.293072
95.299710 46.458643 18.619851
54.657729 29.771547 16.792877
57.452138 60.478940 18.647699
0.336433 28.565291 18.019790
48.359079 98.269147 17.233857
14.178249 68.609949 16.666890
12.984290 25.273268 17.107539
69.672273 35.220923 18.259703
35.141212 51.108882 17.103060
36.085082 39.888047 16.374625
25.948409 59.650130 15.409457
62.599343 15.083250 18.061047
62.515774 48.166307 15.157263
80.731604 15.887072 16.946551
7.541684 1.298673 16.370978
47.029410 25.326541 17.163238
82.838696 25.917051 15.647257
56.578028 91.226390 17.723570
20.024801 4.026192 16.437971
79.386165 91.561674 16.527862
36.667496 59.319479 15.149021
5.693134 18.166270 16.239051
19.422037 26.859453 18.087422
51.916350 22.090113 17.818679
53.134006 96.704335 15.846172
65.826098 25.427113 15.398675
33.345531 85.580563 17.676834
61.640287 91.333048 15.052193
56.819384 89.733412 16.315186
98.521219 84.504677 17.622375
4.050679 48.207155 15.954146
96.938408 18.261431 15.372341
25.142453 96.446304 15.138480
39.064725 12.604009 16.693920
10.938630 20.306485 18.277392
50.464016 29.898104 18.152422
25.905790 15.956045 16.244025
41.499999 33.097104 16.403712
46.120286 95.546330 18.443444
39.927146 98.317418 18.440190
64.774665 18.691376 17.803603
92.887413 32.175586 15.370714
26.529353 51.436489 15.970990
31.832453 27.390538 16.972787
53.632215 3.225480 16.654429
30.478818 21.886004 18.649693
67.270954 14.787082 16.146465
45.363211 43.733030 18.170747
80.316475 63.209479 15.590510
86.925365 90.696798 17.294492
4.216931 70.430831 15.176359
79.733893 59.384864 18.264710
94.202134 7.533674 15.621736
62.311711 66.454158 17.941742
70.897707 87.550682 16.921028
23.432041 23.125937 15.309928
56.727649 60.524119 15.056486
52.577464 84.500434 15.163406
15.983730 85.583657 16.887660
32.903379 64.871435 17.976234
15.644072 53.653016 16.844164
43.633359 27.093978 16.929535
93.452649 58.615278 18.734301
9.396571 83.949382 18.567692
96.290616 23.014240 15.634021
45.869724 73.372366 15.732375
24.337190 1.320190 18.202534
43.383183 76.135460 17.497709
55.949403 9.058565 15.776172
91.441513 73.249727 15.878191
14.663693 26.596403 18.484820
28.632016 15.049401 18.137396
49.601479 58.737593 16.584095
27.890018 53.414006 15.416043
88.225476 26.009315 17.367934
77.526915 94.113465 15.565395
45.832928 99.385131 16.586889
49.594797 54.004559 16.317436
44.275718 19.877546 18.494781
59.800144 95.993001 16.935064
74.957515 6.722676 17.757432
29.968168 33.326999 16.019606
41.149744 64.753443 15.687307
90.233700 90.936574 18.379200
9.847158 53.749252 16.408639
92.103142 26.793305 17.709220
73.802183 66.026605 17.235961
35.760071 29.262686 15.265150
81.907909 31.107205 17.808807
24.866448 32.648985 17.811071
17.101886 5.849443 18.527332
78.043097 0.985278 16.224269
36.872478 76.661181 15.589959
43.750782 21.226345 17.404461
49.576553 64.979367 17.911223
7.421061 56.190771 15.913064
43.057071 31.078277 15.139315
5.332862 36.677257 16.915678
40.347017 52.667325 16.353297
89.221128 41.462622 16.415078
46.372904 26.752077 15.641650
37.218469 15.860594 16.836264
64.556710 25.288539 15.533798
85.638654 69.112418 17.418772
96.973583 57.796413 15.277614
97.294494 53.733856 15.248669
5.897343 76.666542 17.434728
62.443372 70.052057 15.850320
67.659872 84.068992 17.587945
15.845154 65.337883 17.238717
89.285686 7.966730 15.198581
14.763025 52.540603 18.334080
0.745768 31.012191 16.010243
39.528440 13.540622 15.631261
95.858057 21.824289 16.114043
48.045369 68.815644 17.181412
7.536820 26.918344 15.040949
13.768682 50.007262 15.168910
87.068018 59.664613 16.474190
52.669302 15.711919 15.883160
32.045562 40.487112 17.229365
57.457414 27.648412 15.741395
19.447624 94.807473 17.500413
99.938776 54.534545 17.859360
24.620644 91.150012 18.281827
92.855678 67.134577 16.188951
70.956617 72.408675 15.775980
33.912850 20.456513 18.609024
31.210272 45.584531 18.666449
16.385977 3.295356 15.277148