42.816126 81.905080 16.817908
93.231118 82.149533 15.089813
66.786438 43.801092 17.823957
76.760458 76.523812 18.352580
30.759392 42.207631 15.615343
38.739426 67.848625 16.687664
69.916736 49.927337 18.231953
74.576840 11.554188 15.374013
54.995638 10.747548 16.434105
28.158256 70.791970 16.176617
19.442936 75.736791 17.025571
54.412773 78.784461 16.204808
41.257635 59.853587 17.173803
13.901459 64.474907 15.853778
25.789472 38.159853 16.044366
76.872840 24.910868 18.485348
98.854951 74.825063 16.272255
23.162204 99.604768 16.959719
76.154391 36.033674 16.547982
97.568199 43.498671 16.490650
52.232987 62.963397 16.270773
52.692943 98.336706 17.676016
18.636648 90.727793 15.615988
34.711831 54.322861 15.613179
57.100947 13.862569 15.484423
69.694278 26.064622 18.230711
48.312720 67.281598 18.471206
34.602720 64.444935 18.211674
94.663966 67.333644 15.495090
22.483537 46.636628 17.223307
71.221067 42.810900 15.005551
68.544059 11.196935 16.654176
42.453152 76.709329 15.874097
80.393281 11.409924 17.693402
5.733346 37.299913 16.767057
0.673768 37.240421 17.156847
31.725182 2.606531 15.708055
30.279216 34.932593 18.326188
49.346056 74.467906 17.247260
69.456749 49.245813 16.150560
48.568926 48.503932 16.290906
82.379738 59.848305 15.484381
10.630607 0.094827 17.010489
73.315154 26.407136 15.648100
80.085164 82.529086 16.752977
81.651361 40.664283 15.440227
67.598911 51.095042 16.388372
65.527050 23.174631 18.685384
7.098426 63.700446 15.122950
70.357004 34.877600 17.151735
68.128320 19.902720 15.981506
73.192952 65.515257 18.278609
2.251812 37.696370 16.617482
19.105277 52.151878 16.854728
57.664065 47.908201 15.730793
59.047225 63.948120 16.177384
19.722560 46.994504 16.480886
20.170767 84.071982 17.173162
90.378646 86.759413 15.298334
9.666827 61.052296 18.040030
99.748325 48.575024 17.223736
95.602215 97.171561 15.202305
11.051241 5.347668 15.035413
61.475232 60.280898 17.834054
51.175083 7.653197 17.144619
7.662137 93.376779 17.478426
92.587247 71.509207 17.018477
71.084204 32.919853 16.155870
64.360943 5.049865 18.014510
91.594685 85.309625 16.240669
56.767534 72.823512 15.266803
9.345422 85.016569 17.867814
95.779190 73.361442 16.144017
53.373350 47.269982 18.527708
70.639021 50.404577 15.431492
61.085056 15.943542 18.580798
25.746782 57.245347 16.742482
92.229078 86.490787 15.531435
69.092799 26.505154 17.548438
23.464187 56.943976 17.528044
60.677331 22.562201 17.207427
64.638852 99.341341 15.693335
62.896914 41.871634 17.189105
27.757824 14.370980 17.505840
45.526170 34.824732 16.591224
75.986031 67.455350 16.855182
58.338169 15.141862 18.399877
78.146259 84.055253 16.053294
94.853519 90.521398 15.548686
90.805696 71.771505 15.399456
24.167930 95.226104 16.439985
78.383121 17.862096 18.025173
73.121766 53.453668 15.420445
36.500562 31.902790 15.187446
97.034734 62.773288 16.132455
50.686132 11.501174 16.273984
84.805104 59.726193 17.547531
23.572058 50.989490 18.002439
5.333108 73.740254 17.360424
72.356061 16.618042 15.321344
0.093686 60.617141 16.627269
47.465747 63.575220 17.433219
9.936844 33.263470 15.889039
62.969336 41.188863 17.061167
2.625551 43.392359 17.618435
49.616686 19.619689 16.234557
22.733255 55.837815 16.749026
99.766128 53.496895 18.499704
99.009075 71.961873 15.830235
28.609864 39.723217 15.876848
26.765200 97.247244 17.633062
77.625505 16.643759 16.586224
27.893697 53.806623 16.927227
0.766186 22.697114 17.840123
75.392474 0.165581 15.739228
63.837724 94.444713 15.759803
52.652916 97.828802 16.717000
45.001131 13.293579 17.194924
55.150542 71.518045 15.990541
19.109365 37.557070 15.526004
74.728541 53.894097 18.671437
27.259341 1.110892 16.008409
38.378291 4.196974 18.523859
97.489390 5.598448 15.731006
51.479937 99.137173 16.039303
81.329683 0.250814 16.692899
68.267827 91.128945 15.723668
91.685995 80.015613 15.754985
47.421917 34.987168 16.536801
17.133644 92.267051 16.921149
98.196404 39.394310 15.809950
75.304769 56.216682 16.429077
49.414073 15.110322 15.106394
63.523389 20.428720 16.896545
53.980077 89.939402 18.593569
65.789966 40.338645 17.848420
67.433953 37.869172 18.724227
42.009677 38.739909 18.631992
69.227689 44.126055 18.681494
51.173997 65.249960 18.055863
28.422026 7.354026 18.738939
32.295986 5.691636 16.435255
86.276135 68.957575 17.373956
3.386893 44.505185 15.125167
29.315414 31.988060 15.930976
90.240154 18.241439 16.990350
46.475063 40.174937 15.776089
76.279121 37.732292 17.327743
73.516392 54.211063 17.442603
43.768987 32.388105 16.163092
12.153658 72.204937 18.703569
6.395923 76.331136 15.220131
48.058390 2.040608 16.679687
70.098659 35.396495 16.550736
32.819272 77.103334 18.691083
88.616243 43.141516 15.863215
7.291272 44.839803 16.675544
96.293647 25.882710 18.257470
65.085099 12.011166 15.472289
88.752674 33.974292 18.114564
57.037044 81.282407 17.358583
64.821159 56.493369 17.926109
70.451973 47.040678 17.210959
29.041254 45.897650 16.485885
40.209085 61.001821 15.152669
35.179415 28.805710 18.295071
40.520657 32.405539 15.484126
28.793568 4.368463 18.067445
47.164342 76.434724 15.864676
73.011490 3.757540 15.023545
65.419070 1.543578 16.673952
20.944270 73.484508 17.190121
82.516835 75.401646 16.556671
49.005129 46.988473 15.178103
48.385070 88.813340 18.693947
21.856398 14.387314 17.534853
23.898625 87.189815 17.015317
35.886609 57.446324 17.990682
71.599387 71.029954 15.339480
7.305458 1.481187 15.031292
62.414236 19.996349 18.608624
35.708007 34.137136 18.290485
11.482580 79.585096 15.310979
8.479019 94.168172 17.574144
41.580798 49.875800 15.238146
35.640551 25.789709 16.288869
58.658248 19.077031 18.392488
79.534428 0.261354 18.252443
23.024225 4.378597 16.890972
51.955171 17.420624 16.707916
35.021075 50.712755 15.302368
32.237219 81.034282 16.245201
1.545268 4.370844 15.750871
89.889187 60.198659 15.693814
88.998415 99.367815 17.638465
78.769018 83.856666 18.161493
32.903883 2.879537 17.751573
99.010470 88.824143 17.082030
30.682057 78.570142 18.360244
21.813309 55.131378 18.473310
3.424441 40.610189 15.471936
36.838361 19.199485 15.039415
6.298998 57.715506 15.797822
28.738069 84.825355 17.070978
51.987833 40.132860 15.705868
23.622036 4.663822 16.986530
48.803513 33.166123 17.968709
34.662040 34.493678 16.238159
48.724226 97.374959 15.038932
1.184112 29.363812 15.541784
90.441780 51.835524 15.786830
52.703209 66.581743 16.994922
14.273055 85.032115 17.664328
55.722707 28.603769 17.844211
2.401341 76.675179 16.809651
83.611650 19.332756 15.079957
71.725549 42.302215 17.232982
53.633810 23.687494 17.763214
97.019012 85.279658 17.783502
85.583939 28.715249 16.276446
48.478338 23.740786 17.611016
29.984096 40.201035 16.488287
99.788099 34.217237 16.425175
87.521684 54.589710 16.075667
53.592864 96.335225 17.440552
68.556316 86.242086 16.489532
42.215835 2.373586 17.124140
53.467300 57.296662 18.458928
69.532878 68.695615 16.097137
17.447337 77.237740 17.217386
43.427679 38.759570 18.604788
99.996319 39.084402 16.485443
98.884840 45.581778 18.689804
23.238935 15.272750 18.107623
72.563164 76.331451 18.547706
88.925782 97.137437 15.567190
27.946419 84.774631 17.008425
83.059466 56.840331 17.659515
85.230008 55.591304 15.467090
78.680056 55.626282 16.126112
7.349064 58.316860 15.159808
16.970713 21.500830 15.296566
41.952411 19.127662 17.748068
64.013666 86.953771 16.153297
12.502882 42.175482 15.871987
38.157048 89.910545 16.706740
55.563306 21.640107 17.955075
82.663213 50.987862 18.523389
70.488486 29.695229 18.042939
15.643800 25.397912 18.300004
80.774649 65.636535 17.074163
79.248309 91.636733 15.922895
90.000387 3.373632 16.812343
16.143894 33.194958 17.202328
78.430296 0.258936 18.419533
74.184770 16.749446 15.808767
68.050785 30.665647 16.609372
16.052817 23.512378 18.327823
33.391353 6.914098 17.175769
40.907915 32.138760 16.919827
92.574323 47.082223 17.861648
32.439129 2.560776 17.168191
16.256736 87.200801 18.399580
5.437633 10.078040 16.514039
92.290346 85.189290 16.811226
35.582094 26.154613 15.620619
63.753360 3.166186 17.031771
45.042981 73.764820 15.797091
65.029553 74.407775 17.479072
82.848885 64.320553 17.883293
66.319037 37.169324 17.689798
56.993431 70.887322 15.361533
2.675311 43.006347 16.214700
1.363635 47.457249 16.188649
64.610988 11.512209 16.425031
92.640247 94.648628 16.983527
75.145325 76.440958 18.244602
78.690843 97.462277 17.382929
66.946031 51.215961 16.328942
66.750206 70.736502 17.313943
74.801415 81.179515 16.319292
55.532295 51.173271 16.394428
76.135117 0.974910 17.116958
13.340748 77.662150 17.319337
92.113001 79.297788 16.684447
68.115244 93.901161 18.188157
43.989343 68.752250 17.120005
26.619859 34.798606 16.732933
60.290499 9.149962 17.039338
54.400063 12.838733 17.837880
10.512705 83.132275 15.878308
93.850012 86.700116 16.530156
59.820113 27.180826 18.086369
10.586450 71.311212 17.275588
98.153526 92.960196 18.062118
56.823249 9.411545 18.588622
82.875440 87.148903 16.478190
85.220142 51.154659 16.731460
4.342664 22.085650 17.933231
76.245857 26.163512 15.462091
76.836836 93.938554 18.633175
94.807684 27.415527 16.459105
97.017280 57.576469 17.304207
36.255404 42.580907 17.644129
81.643482 26.532863 16.127850
67.014113 59.384120 15.968085
1.191182 88.153434 15.554405
66.601571 9.998163 16.461143
19.705787 39.955492 17.759411
18.005937 0.730420 18.138055
42.424139 42.172282 16.896304
61.660400 18.286017 16.297680
43.386295 42.546760 17.986890
60.170934 22.194862 15.724439
69.886991 11.549619 17.797059
25.526036 4.142105 18.247877
0.325965 65.288905 17.922571
70.680181 30.807508 17.431019
86.751584 24.620176 16.802658
43.462522 60.177571 15.567980
22.782450 40.557341 17.480290
58.438865 24.067093 18.294776
96.698944 20.239582 15.987307
82.652219 27.668754 18.021466
89.322529 59.029037 17.398742
35.220778 92.317034 18.206477
42.319487 97.096134 15.020654
87.121992 33.612660 18.061136
62.216283 84.109183 15.808176
96.030193 64.090982 15.979734
11.323675 37.029113 16.348801
3.175039 13.594365 18.105977
41.631144 31.416330 16.140708
45.476673 62.159136 17.677084
14.617770 10.110774 15.520990
56.797596 17.929840 15.726271
71.093269 16.246294 16.397904
46.039473 95.809233 18.544325
19.909325 43.217296 17.531309
72.861987 43.736806 17.436070
10.796701 12.985934 17.761978
21.404988 57.331965 17.601471
48.492884 42.140845 17.761453
3.880536 69.537942 17.270363
35.560499 12.067645 16.076627
26.644167 1.136237 15.313907
2.071937 85.873001 15.957746
71.733474 75.174075 15.732103
49.802843 23.796621 15.488573
32.374709 89.582791 18.327900
16.862039 12.273555 18.036350
46.432788 96.652468 17.819680
12.777898 7.301015 18.082903
79.436567 42.020634 15.901909
27.152749 62.828247 15.325075
99.648461 56.900040 15.689284
51.391086 4.996776 17.239076
8.616632 48.094713 18.589565
19.922076 35.908179 15.458999
19.268054 44.779464 15.703139
67.676630 83.449653 18.414300
51.385658 18.531784 16.657025
8.408503 67.422554 16.390528
51.900072 13.167713 17.844399
46.572963 55.291171 15.690037
56.154030 2.291325 17.738642
49.190967 61.982111 17.509372
57.873214 21.734363 16.473925
39.778508 51.030960 15.463365
71.457858 50.644024 17.574332
41.945117 96.393019 18.329958
2.417654 0.154305 15.870628
11.222551 50.344176 16.397938
48.457903 74.267049 18.400589
31.527458 13.617258 16.742942
58.186403 22.375816 16.749218
45.591297 26.043244 16.278732
78.991430 1.169192 16.097689
64.359624 98.427155 15.824562
57.231294 69.842012 17.212620
59.693769 15.788625 18.434889
34.132547 17.827974 15.410700
20.208282 23.029555 16.018956
36.199262 51.970746 17.188383
98.807442 31.485493 15.577364
7.269135 59.634438 15.200418
51.696602 78.134488 16.598154
42.201650 41.635405 18.617089
21.701511 93.246335 18.410146
78.785666 96.002215 18.170739
31.941311 5.115492 17.450891
65.746581 85.550703 15.437251
71.775530 39.127183 18.407859
16.357292 51.940944 18.101985
24.348904 75.008166 17.796368
94.907296 45.025286 15.449021
4.787630 49.459861 18.490788
78.054607 97.860691 18.216507
66.381109 37.562796 15.128742
82.544558 4.314964 15.638506