7.898761 78.652560 15.704867
43.369573 18.177668 16.602629
16.183207 2.077817 15.446239
4.466747 6.634196 15.114062
29.050219 3.505632 16.970072
93.593137 14.176418 18.073815
49.338885 23.132159 16.761594
1.290038 1.878597 17.337489
76.393234 11.598056 18.048505
53.097987 91.348808 15.970714
19.308481 71.131640 18.380480
99.060583 31.249868 17.022880
93.399295 75.250802 16.697203
92.091597 56.302081 15.854050
61.653190 30.513972 15.139220
70.803629 77.480611 18.721939
59.662355 33.053481 18.540663
42.229347 89.813121 18.719069
69.686487 8.812606 16.661960
51.912427 99.590021 16.453317
61.906371 58.901791 17.964003
66.391465 21.171727 15.218910
82.623325 65.162189 18.672943
74.263667 98.894897 16.674363
8.669629 32.447598 18.071508
75.012492 10.892045 15.793106
95.749289 28.942344 18.593234
14.096720 20.011600 17.602336
21.778989 50.771119 16.788641
54.233238 12.654534 16.570817
8.656670 87.951651 16.741271
70.008179 33.295471 17.574359
95.757146 43.873435 17.682718
92.004704 68.710009 16.619772
77.395332 78.734012 15.146687
17.630122 42.340315 16.522357
78.980545 69.750792 17.178730
72.123715 86.520158 16.583699
15.254702 61.920461 15.282382
34.210043 45.262590 16.877241
96.850088 69.352055 18.631880
58.896580 59.940993 16.236701
58.603094 97.639128 17.019157
34.974082 90.625141 15.237148
72.386083 18.546197 17.477355
25.769647 97.516760 17.427294
98.616664 9.717318 17.216299
10.477876 7.996490 17.127090
67.946308 88.744663 16.363937
71.434074 14.818868 16.903383
47.703955 30.769825 16.904661
24.824158 30.779571 18.299971
81.214730 14.937237 17.684822
58.540249 87.479335 15.483462
27.818213 72.965076 16.852607
0.368986 42.848362 18.419960
76.832902 30.737524 16.450875
80.283650 54.010633 15.390874
39.636414 58.520309 15.248773
70.692307 50.240558 16.476064
62.906287 99.902702 18.500573
5.117932 44.082263 18.317866
6.215416 72.462742 16.216933
49.901560 18.179039 17.221119
15.522402 51.644955 15.434216
64.906360 73.190547 17.215210
93.139438 90.760525 15.797659
73.381178 31.250151 16.912995
47.176108 40.597718 16.886661
66.701744 93.347433 18.496014
72.903798 36.947901 16.394973
60.570580 25.548543 18.540346
78.906962 75.799052 17.826527
6.222581 50.968239 17.308268
74.656746 44.010796 16.119840
87.504425 64.626548 15.192238
14.964920 81.114526 16.755474
1.631000 19.149698 18.056849
37.815685 50.160342 17.937094
9.958230 68.785017 17.196472
45.137609 70.886140 18.717147
59.583966 3.157780 15.781948
16.779306 99.870162 18.053966
44.018768 22.974693 17.055622
37.945406 81.502846 16.015706
67.257684 65.536768 18.391688
53.723811 56.021654 17.999438
35.974204 66.367986 16.305771
74.897011 69.175813 16.179763
17.308427 44.680131 16.149476
17.143458 13.246257 18.056711
4.604241 16.002680 16.522365
5.851692 26.859401 17.450270
40.759917 75.019669 18.066449
35.079336 47.571005 17.228295
49.192974 59.521924 18.010352
24.539223 92.299592 18.124094
70.782386 46.724674 16.700252
34.729981 49.592082 16.931621
27.299179 25.613203 15.042422
12.058887 41.038449 15.214773
77.960401 1.609849 17.995743
72.379248 94.323727 18.175363
75.296522 81.924203 16.552758
50.966852 45.049128 18.011914
41.747911 46.131294 16.328989
81.630186 88.675393 16.854449
85.091813 99.189128 16.322958
39.981373 70.332029 16.958432
96.279868 41.538115 16.442916
43.639002 32.129360 15.385060
64.658028 62.694317 18.324127
25.854100 58.987252 17.207428
66.612185 38.512913 15.713025
21.094180 70.916148 16.616548
23.769743 53.294864 16.941661
16.208740 20.611501 16.137806
66.875734 93.282568 15.335942
41.080099 86.381924 18.229684
6.474071 3.960389 15.834022
46.195047 97.953974 17.536262
60.927200 43.593029 16.514364
13.465978 14.579546 18.063547
45.101706 18.649705 15.007189
41.256756 16.722520 18.676808
32.637757 9.230726 15.383288
70.533866 99.076550 17.972405
60.562382 25.768238 17.261344
50.668302 59.140686 17.345078
83.106726 43.138339 18.638465
71.421545 73.570315 18.265456
8.590168 71.463662 16.092286
37.992721 49.398106 15.868756
45.746377 35.779751 15.425726
40.638605 6.925005 15.746593
54.992140 66.280690 18.296292
50.125499 96.926970 16.524422
67.528090 55.493189 18.418151
54.805133 69.182913 16.868261
12.724374 50.706412 16.705840
41.659795 82.392707 16.614721
91.198693 79.403214 17.193842
87.315256 9.897586 15.059367
75.002385 32.895264 18.461631
80.047257 10.404435 18.093359
96.780259 26.279604 18.556524
88.554267 98.055760 18.615613
39.688966 30.757456 16.051019
72.928078 33.242482 17.309429
83.514774 58.090672 16.525190
79.124841 26.291135 18.539018
48.234881 59.356457 18.380697
74.996525 42.283521 16.685228
44.693700 71.790335 18.635457
57.915800 11.760234 15.819930
79.070394 38.509891 15.079565
15.507715 99.838979 18.116133
49.679947 40.146187 18.164616
78.063042 74.846502 17.698657
33.674891 97.667570 16.565768
73.772819 22.818061 15.408094
39.127455 96.886756 17.549705
45.838172 28.089737 17.353694
58.386572 99.215116 16.932812
98.507667 86.633327 16.268974
30.887507 26.476611 15.509274
7.930928 92.390461 15.884209
0.499395 47.673521 15.363531
5.039706 80.689411 16.404978
41.847325 87.662722 15.236163
43.138233 81.841577 15.353390
16.310014 69.966080 15.377598
79.229126 96.921681 15.056191
5.729445 64.339559 16.792066
80.805878 27.028115 15.687329
29.030964 70.549669 17.225946
21.994265 75.399934 16.351927
31.784867 18.981663 17.053089
14.476567 9.508247 17.220179
10.699993 45.550114 17.500292
74.128755 27.914762 16.763575
30.041358 98.494340 17.849984
13.241545 5.507900 16.920033
88.855512 79.086812 17.201720
18.844486 84.824958 18.398882
22.676336 71.688523 16.673088
83.656747 19.235680 17.359824
14.997213 13.404887 16.908327
75.308380 96.982154 17.477654
44.737423 91.163554 16.766530
74.540593 44.983405 15.667613
44.716263 63.555992 16.219631
16.071434 78.775515 17.557041
92.154012 63.988962 16.433431
30.378530 34.071486 16.054015
85.509732 19.344492 15.271397
96.400999 32.501170 16.109714
86.220318 50.975481 18.070937
4.197333 76.062338 17.308458
13.341603 78.918906 16.406859
52.181866 73.429259 17.812088
95.164668 22.209150 16.730663
17.691263 17.187128 15.918870
21.831587 14.777347 17.950454
13.632796 79.498425 15.879373
97.615971 81.326540 18.658782
81.802459 31.997699 15.732748
54.626769 79.506079 17.858570
81.133309 38.682181 15.639022
60.608064 2.616868 15.498179
47.233418 78.877928 15.143367
19.867527 32.233664 15.278141
17.059189 28.589860 15.696021
18.470561 51.097326 15.979848
63.041360 79.859592 15.655692
8.693453 10.402051 17.385265
94.009428 49.603765 18.574957
13.541901 12.996095 17.086585
19.850291 53.227579 18.302680
28.288693 47.924955 17.915457
52.437758 39.204818 15.980633
0.119447 87.460680 17.298344
8.542746 80.493043 16.297325
19.745807 74.795862 17.109427
68.519690 78.643194 18.061422
25.496036 17.208751 17.344133
33.463105 44.943635 15.338798
1.172483 69.562263 15.880044
31.516696 23.670732 16.082280
37.413282 66.847002 18.735060
70.408823 61.852235 17.707788
3.933559 5.873005 17.667197
42.426616 10.700311 17.615674
55.410393 98.668839 15.553184
25.947468 46.025237 18.650343
26.236167 66.343245 18.599143
14.731316 20.443757 16.677605
30.654323 17.525711 17.675166
18.318295 98.843668 18.100668
97.932026 84.239385 15.398876
78.758497 18.834736 18.541137
16.473391 67.093536 18.476922
74.377618 88.206767 15.995723
98.909755 81.585088 18.135841
15.524000 71.185298 17.174240
14.721623 58.989928 16.884722
83.418990 57.568720 15.615380
74.012700 12.840347 15.423410
32.844986 27.296823 16.241000
62.182429 24.984500 17.105453
37.951389 2.283727 17.155516
70.178836 26.652215 16.468864
13.018009 4.823712 17.552628
49.781712 48.565183 17.008809
92.604712 19.849217 16.770681
89.234447 38.111912 16.699346
62.294972 53.724174 16.569108
28.000388 3.269054 16.589721
39.947392 67.646029 16.779073
97.362809 65.472091 16.864733
11.172568 83.949639 17.712006
21.728861 27.797842 17.562846
54.666033 19.945459 15.693294
99.838502 85.065003 17.655348
5.092674 5.400404 16.020753
49.082289 40.945546 18.513947
97.004481 75.948556 15.300446
56.674386 59.178027 15.970761
42.898114 96.906209 15.815972
84.865802 36.765649 17.538122
14.749257 75.906652 15.308423
70.881049 63.597588 18.426516
59.777570 99.332900 18.485004
8.009166 73.579626 15.412316
21.259937 41.765993 18.415584
6.344097 61.511019 17.672093
43.186885 52.786453 17.355648
28.516224 88.129730 16.450292
64.845540 8.893229 15.026217
2.486268 83.951414 16.941811
6.776494 1.161024 15.566809
82.796626 6.533077 16.981007
34.019723 92.811893 17.754714
99.067208 62.106372 17.814106
94.835187 92.044934 17.357505
60.785147 76.283189 17.911633
53.678069 20.359494 17.718015
76.641737 27.273616 15.151728
14.929641 38.385608 15.490546
12.101772 9.783827 18.392233
86.634374 42.548606 17.368680
29.429572 22.728106 15.157675
45.364601 44.407113 18.682968
59.961188 18.284792 17.760186
23.643280 58.523769 15.765316
97.424809 0.106996 17.703891
46.302846 87.064516 18.632094
65.703266 61.445670 15.836636
43.298131 17.035689 15.685976
51.952441 22.471643 15.166862
65.530676 88.394673 18.734032
33.543570 8.448415 18.551013
18.795435 17.282347 15.602644
85.307352 65.655008 17.759940
53.024129 35.227699 16.677395
8.840915 45.538412 16.586578
12.421358 12.147584 17.707624
73.598731 49.616362 15.062831
39.409166 29.166825 15.529197
21.242025 15.187910 17.942525
77.834344 61.900080 15.780055
96.685563 39.964623 15.012441
57.339399 26.433967 18.245362
78.330518 99.827326 17.669644
96.107719 53.731827 16.688498
95.502068 5.154828 15.655935
99.114774 65.455632 16.867399
51.186591 11.592605 17.482301
55.502632 97.628311 16.012390
40.146898 11.176181 18.446122
96.471958 86.173931 17.721788
8.830494 19.523648 18.361224
14.630764 40.702845 15.375434
6.155780 29.746242 17.977072
68.567160 37.529261 16.152845
44.657023 15.160547 17.618248
73.457812 65.197065 15.426191
26.400507 46.705245 16.492908
85.260589 73.230348 15.136685
60.668696 98.186815 15.890025
44.642750 77.724493 16.908661
79.030904 47.292818 15.379533
74.218602 4.271881 15.049689
53.787742 87.126596 17.230961
93.239103 43.764814 17.589939
49.953340 62.366184 18.681965
56.802685 7.433450 15.269939
41.065784 10.766445 15.984876
6.918311 73.708705 18.547330
25.064139 62.960941 18.194724
61.387538 49.617389 17.989467
69.157965 54.256367 16.794950
48.714858 12.880710 15.225900
88.481316 46.979368 17.197671
3.277684 71.650403 15.608947
61.608989 13.734804 17.233695
94.056488 13.699062 18.475256
41.549010 42.171717 15.501893
70.684028 18.446301 17.531304
66.003546 15.461327 16.214020
71.374436 14.343198 18.445098
88.439235 1.011396 15.777948
10.492659 87.190457 17.604342
23.782189 9.545690 15.058331
72.185589 4.795744 15.904329
3.049246 73.715209 16.666721
10.709565 84.830229 15.124825
67.046603 98.677275 16.402944
11.655049 30.508047 16.405240
47.307343 15.054012 15.583862
19.398952 28.299716 16.724312
86.487628 55.781533 18.481395
19.508404 93.588656 17.096933
78.949754 94.638403 15.329767
38.810619 20.243358 15.822444
72.846620 73.020499 17.724708
25.982956 72.841893 15.154775
59.548829 5.712431 16.095092
56.012358 97.874260 18.371822
36.902933 51.285880 15.962200
42.384679 15.531819 18.424308
62.463785 76.521170 16.119328
0.632829 89.824854 17.306391
54.840087 59.673898 16.652493
50.129935 29.065315 17.364810
94.795608 41.032413 16.351261
1.469462 52.764982 17.909616
57.853493 52.588192 16.815795
74.099245 7.951372 16.502196
37.675678 94.272129 15.776019
80.982006 85.686110 16.915970
40.534581 24.065917 18.471861
21.347572 43.943323 17.338993
42.036911 7.478455 15.801127
34.980188 55.739444 18.669346
48.115515 94.567179 18.566782
84.472314 86.603617 15.044269
27.095505 97.798461 18.293790
63.818575 61.516952 18.274586
41.531336 62.461706 18.259839
77.142445 12.104766 15.480424
71.252806 28.827156 16.028586
76.744411 9.638716 17.438846
67.712806 88.461456 16.208784
43.389165 90.671579 16.523311
47.904152 87.371504 18.700819
50.329077 4.818029 15.118258
71.255233 2.839679 17.379323
90.876664 47.644673 15.761805
48.332792 78.807382 18.287379