24.861198 33.838805 17.830168
98.831271 4.351130 18.627586
13.905124 82.233014 17.078716
79.941437 73.379638 16.650725
57.091453 51.526802 15.583608
52.258130 33.629497 16.677371
62.399423 13.063264 18.581744
53.706508 5.609421 16.428125
73.155824 72.849677 15.340486
12.021248 75.432317 17.008831
37.866678 92.008930 17.799933
20.809776 0.584603 15.406459
25.999864 63.798068 18.446763
56.231484 40.041755 15.911554
13.339538 19.355636 18.590669
72.620363 69.540784 18.579561
72.648873 15.552058 15.249003
29.100661 31.554001 17.962155
22.868926 43.942223 16.226586
88.113913 36.346449 17.723582
4.645805 17.524694 17.664664
78.912911 33.933656 18.405184
31.319247 57.245535 17.291059
34.600145 33.204484 18.440812
85.695806 38.963242 16.085882
54.765404 56.104151 15.958636
12.409427 2.351395 15.283593
17.547154 99.037833 15.173119
69.212521 36.978942 16.926888
55.490881 5.590759 15.902763
72.304454 85.675422 16.068777
80.023852 20.996988 15.797236
85.309626 44.666215 18.460722
14.412744 53.506328 15.694687
30.093735 44.568287 16.498617
40.649797 9.823529 18.408029
90.317079 69.935436 15.770520
78.756259 87.792392 15.484109
29.473414 9.079540 18.332493
2.707993 25.992659 15.582106
8.358576 13.620506 16.518712
85.839041 93.517427 18.494131
42.735020 48.091125 17.336173
40.483445 78.858753 18.610495
24.874276 51.830565 17.544689
34.753661 3.303660 18.048300
52.680669 92.297459 18.042323
0.498449 29.000548 17.860299
15.711492 40.396136 16.282614
6.228180 99.988382 15.774820
66.183680 49.501040 15.079596
75.875091 61.545656 17.192174
62.210001 75.987687 16.158080
15.225487 74.524687 15.024269
62.522135 66.957964 16.855107
52.474442 64.478096 17.312731
42.870584 30.687814 18.035458
17.239445 92.087609 16.387115
10.672955 64.246901 18.332018
92.442697 79.787442 15.409680
63.794167 86.205857 16.666625
22.941958 4.180934 18.221708
14.268957 54.664600 16.318313
45.814376 90.767685 16.638412
84.819824 53.614936 15.309304
42.570219 10.843171 15.083239
21.868895 42.789493 17.540753
82.916803 36.274244 17.032919
66.528405 3.103353 15.464464
28.810635 55.408670 16.685799
62.449413 56.473528 16.930535
0.784690 26.671555 18.111326
43.563231 27.119946 15.548837
93.976389 2.700472 16.386406
59.419127 69.891350 16.878876
42.667655 26.638773 17.479738
96.851595 35.316300 15.386786
94.400843 5.729061 17.249327
93.126178 36.170256 15.146340
72.932114 63.708980 16.615258
80.142204 18.501764 16.053983
19.828031 7.799329 18.371699
67.079438 65.360655 15.375418
25.802767 48.040241 18.710243
57.128531 59.770376 17.787695
90.783446 33.628153 17.512887
37.712723 61.031007 18.528207
57.432017 31.364718 15.197763
93.255767 9.173486 16.459517
79.970066 57.424442 17.976801
2.085825 84.501445 15.469816
26.485470 21.587538 18.158959
11.887177 95.215913 18.220998
10.353425 70.128025 17.215051
24.491552 71.976253 18.731920
25.891161 45.042613 17.731353
31.463353 66.346536 17.352811
17.270668 48.944573 16.376088
26.220049 98.068353 15.069425
82.098807 96.674024 18.152195
46.478161 79.545842 15.737658
32.534757 87.796029 16.914323
66.478025 32.218197 15.666314
61.518064 29.674082 15.856662
22.838427 24.466044 17.399265
64.304107 89.831546 17.617838
17.990395 91.412864 18.082408
96.565567 30.750627 17.300776
47.657634 79.624421 18.202630
30.161948 7.827759 15.304619
55.883175 46.096850 15.433151
40.648738 38.656131 18.600883
15.924937 38.909339 18.330408
8.890267 31.095771 16.898217
49.302652 12.491655 18.275205
35.476331 35.734104 16.682623
9.791728 38.142646 17.394631
50.142085 33.406674 15.488481
97.958896 90.996548 18.619343
30.021384 78.147755 15.484843
67.501608 93.892094 18.077152
90.652971 25.327429 15.321238
90.277856 85.881326 18.207054
89.199415 2.307062 15.234935
21.798658 21.962410 17.244897
41.972816 15.270402 15.236660
91.063734 43.869894 15.086044
69.819519 19.797875 16.601826
96.437835 85.623160 16.016442
12.600248 78.420014 17.395749
60.449644 46.221049 17.977408
33.488746 76.578418 15.531449
43.403495 60.022953 16.401996
73.611461 79.309370 15.221744
1.723021 48.360274 18.223848
62.217753 66.445201 16.746787
66.980901 61.780380 15.237729
28.133993 26.319786 18.614548
39.466194 12.257739 15.310177
19.812530 37.329640 15.613170
30.778989 54.598601 18.129472
1.963624 56.699234 16.335610
47.091993 34.136756 18.656562
98.102703 4.133178 15.208926
13.675526 7.159835 17.042000
57.260857 23.777800 18.686865
0.488129 53.693007 15.090357
40.972560 92.794426 15.337554
81.529553 83.768146 16.331063
38.615323 63.441318 15.169826
49.170357 7.637205 17.546418
50.171865 67.937225 18.594350
73.610046 87.177593 17.828718
53.896291 54.301927 15.344873
77.370165 96.868435 16.504080
94.551929 63.503343 16.505922
69.976713 28.603162 15.137043
15.147222 52.760078 17.010697
17.742302 43.924980 15.731882
51.713537 96.038265 15.717707
1.985234 13.341144 15.366173
26.128748 78.930538 18.028818
72.438941 17.802459 16.902369
79.797905 31.411873 16.186658
23.514078 10.918171 17.349134
59.751227 42.950970 15.336519
46.647662 24.246598 16.541539
12.248108 30.068153 16.591717
45.034710 37.131973 17.125323
63.756985 45.102217 16.995286
26.831865 99.502030 17.832417
95.682791 9.301334 18.713227
67.784645 52.979583 17.814430
6.077009 31.435529 15.151119
61.607138 57.880571 16.396906
49.198540 46.379621 16.480137
98.030100 43.179497 18.043620
86.227648 40.114723 18.511546
3.505236 35.280367 18.206946
8.269492 4.137999 16.305928
60.002510 40.842999 17.019950
19.041446 28.610895 17.758210
54.140136 5.161974 16.392411
64.936258 35.961531 15.992985
18.285469 37.337167 18.063064
97.210683 65.089089 18.513056
33.213878 81.517017 18.056037
66.606797 6.234554 16.379303
22.259855 24.890559 17.342201
9.716055 28.893023 18.286866
35.610417 92.035692 17.586396
90.133989 27.617724 15.953941
18.294279 55.752976 16.517870
47.011564 93.147812 17.730048
5.783189 98.187672 16.091160
98.826268 18.627913 17.706221
50.573896 64.006824 18.356085
17.850163 77.241999 18.338535
82.133792 75.000926 16.192123
29.254040 4.143648 18.476346
97.230692 79.044517 15.037286
80.289058 28.447545 17.071424
96.360139 78.205232 16.121563
62.540516 75.825737 16.283155
27.938000 99.796332 16.724728
50.886353 51.812617 15.150934
89.858421 6.662683 18.172425
67.159035 19.633007 18.680892
99.724629 19.933447 15.636215
70.495699 2.395089 18.112020
32.648771 43.495020 18.066164
65.927155 22.447177 16.463808
32.257071 49.020403 18.341245
75.895717 86.250832 16.575955
86.555874 70.107528 15.187254
23.707361 13.892569 18.407375
41.454159 7.130521 16.556049
33.218510 21.994188 18.271742
53.392801 12.121042 17.694053
50.396777 78.733068 18.307632
95.912171 87.568207 15.381197
99.221925 49.680684 16.196460
9.357342 23.487262 15.787556
42.073353 98.803397 16.002163
72.003968 4.343287 15.536382
98.578212 20.872102 18.680172
33.620651 91.831432 16.390918
41.761754 56.236684 18.565691
53.646153 56.252666 17.117169
0.139771 77.090603 16.152386
51.950330 70.916534 17.079385
3.680891 42.839152 17.182922
83.544624 73.142030 17.530490
12.404217 63.412374 15.019782
50.661185 60.410597 18.514183
87.286993 61.149042 18.089656
99.928464 68.005091 17.794184
95.409559 64.614191 15.525052
82.973305 28.015483 16.986082
37.354503 37.424282 16.895856
95.643939 17.183155 18.166474
26.721781 92.359231 17.928381
31.573225 21.664865 15.052442
96.289286 57.289310 16.023517
14.221890 11.615319 18.595404
38.301538 53.116902 17.265234
14.377630 30.313933 15.821182
27.998417 8.191258 16.891017
50.383225 43.652525 16.204270
50.797386 57.307188 18.315451
82.223852 2.268748 15.968058
63.719330 14.336680 17.407533
75.918331 47.059808 16.301510
54.502736 63.011607 15.979858
26.009113 28.778977 15.175130
6.839555 85.554405 16.672820
79.045334 84.175728 16.087989
26.061144 45.711789 17.706488
78.020151 19.911950 16.934846
65.737006 36.863930 16.681989
53.845544 31.027165 17.792372
67.015142 99.732671 17.510908
18.364609 1.440775 17.955413
26.600216 83.242571 18.595544
64.026354 97.136248 18.514709
21.659016 70.524286 18.330516
53.117242 4.735853 15.618355
72.335392 67.694495 16.107995
52.200534 7.525546 16.097484
90.912366 59.907269 17.795744
24.701326 28.798883 15.023048
86.180840 11.523866 15.288696
66.572202 47.280701 17.080452
70.099446 8.742993 15.785034
42.196419 61.822282 16.115377
13.354002 11.064677 15.762390
61.425768 29.288810 17.598247
93.484869 74.696052 15.302554
60.037243 90.295341 16.833224
66.657240 92.795150 18.065010
68.800406 23.120447 18.023381
32.681630 57.017418 17.911391
93.280278 3.493819 17.791640
21.777348 83.270468 17.729699
41.156234 59.315776 17.769598
80.793753 44.513540 16.361757
45.237540 84.262914 17.627903
7.904630 43.780975 15.134526
70.019441 60.217002 16.975195
70.345692 59.530276 16.076940
61.419301 61.546815 16.803033
67.524295 16.181303 15.020477
50.597238 31.176015 15.408782
14.820392 51.704676 18.569374
34.125450 93.991236 17.873081
29.152256 95.559009 18.514214
75.359047 71.007147 15.039507
79.017207 57.179267 16.284576
28.385757 44.231777 15.920741
30.008327 68.812998 15.550100
21.893424 57.948344 17.754836
13.216287 35.489196 16.249381
76.257556 3.288780 15.850149
87.779023 38.221947 16.230529
33.878705 46.874315 17.866103
18.586986 23.846466 18.449726
92.238757 69.533382 17.496582
12.598533 34.905278 18.498630
46.250388 26.509515 16.944462
45.081801 72.417488 15.409698
15.313991 30.650426 15.504160
91.424385 77.284844 15.185305
36.738946 90.784278 16.594787
13.133524 18.649188 17.616272
78.758641 95.067961 17.816777
77.434807 62.384830 18.400002
7.975915 1.983356 17.324866
97.052884 58.167344 17.477591
96.648256 23.118220 17.641556
25.485254 64.515267 17.610452
59.322294 45.464096 18.159110
77.567710 77.908631 16.200750
52.319117 35.205820 16.893383
65.794221 72.688093 16.259456
77.691099 36.362658 15.622143
60.503451 30.646742 17.278990
42.983423 48.040217 18.034253
23.363284 49.886803 16.917997
0.279416 29.783309 18.742016
43.097078 7.433064 16.690685
56.577516 42.020487 17.038136
96.030184 22.913379 16.235628
58.109904 42.150410 17.908087
91.215096 24.623120 15.860230
99.265997 37.597489 18.349473
35.616370 95.033455 17.617687
8.032638 47.760280 16.065490
10.839419 18.677957 16.540618
27.399785 95.684418 18.397667
40.265543 9.713566 15.275609
5.094126 63.764729 15.920685
16.479809 30.196158 15.590473
22.660031 76.957883 15.412648
30.653042 24.070844 18.697133
4.586278 34.634836 16.502225
58.615311 83.472246 16.556595
6.043480 46.669670 17.883410
60.517846 33.270967 18.422828
55.967163 45.458208 16.046553
99.885015 44.664758 15.755011
60.373981 43.547699 16.340895
33.168245 38.188070 18.117424
35.634928 50.176750 17.000582
5.198229 6.582229 15.258928
42.320297 47.417382 16.723108
54.827555 0.863035 16.437630
4.371131 61.885782 17.470330
49.551639 84.661197 18.512902
93.765001 28.614300 17.956374
60.801244 35.694493 16.363100
38.864505 69.394652 18.371595
77.615842 43.996389 18.209590
90.249555 66.032170 17.364171
63.934440 94.389725 18.645058
28.925272 65.429291 15.265982
44.964262 65.624675 17.879848
96.638086 37.017814 17.917720
12.154614 6.340991 16.009131
4.488375 42.832902 17.287071
65.232966 40.718295 18.299640
15.671814 2.657372 16.698554
6.609236 68.934749 16.324366
79.672815 13.829651 15.906741
46.512466 30.177401 16.181501
72.888622 73.504492 18.225704
13.248709 74.470318 15.435327
35.319291 94.206270 18.634298
97.918490 80.847434 17.230601
62.518089 55.191178 17.554161
36.086671 64.298933 15.520129
27.243684 45.411104 15.419301
62.466121 2.868360 17.082247
45.092366 3.177089 17.654658
89.594153 17.692323 17.715974
74.997993 17.211199 17.977146
63.790471 66.019436 17.162094
16.480400 13.289772 18.088171
26.541002 23.898708 15.107470
46.096736 25.734979 17.076275
97.352271 72.844890 16.848786
94.515318 93.756191 16.854713
7.000873 56.398300 15.891951
7.605477 61.618476 16.693141
70.349878 92.803641 17.666425
82.704979 38.015301 15.290142
27.693487 4.021976 16.402005
63.847990 98.531838 15.399301
22.089884 16.641132 16.845275
63.832419 66.706061 15.433423
39.118315 75.384459 16.965723