38.915946 28.537038 15.827538
93.383903 40.925840 18.177831
63.975634 95.653064 18.113238
32.388239 31.099374 15.333815
26.217031 77.378732 15.582299
45.342788 24.602199 18.416048
73.362985 78.330694 18.646526
74.293285 4.148884 17.595372
49.475619 1.356031 17.045539
42.084848 3.300368 16.324384
27.598801 85.651330 16.229262
84.994947 13.313568 15.219915
22.354244 42.678647 15.510902
66.301585 92.294041 18.280210
24.700040 2.435329 17.634475
72.420956 56.980549 15.509998
78.406134 5.936668 17.303444
80.599988 17.371610 18.036005
97.080613 70.988172 15.512730
20.558616 9.336954 18.728346
84.636799 50.127630 18.357302
48.161359 58.232254 17.388120
6.657209 94.928818 18.399769
85.592528 90.237295 16.969328
97.959215 3.677078 15.524443
11.375438 11.770890 17.495767
14.857102 6.045568 18.569639
54.380807 46.336648 15.181009
33.708967 18.681954 15.661534
8.659529 16.152810 17.035973
51.461786 41.684400 18.000876
16.468182 18.799272 16.180483
47.336485 38.310567 16.846397
40.077139 14.435534 16.888914
23.487301 84.642604 15.149405
29.915670 87.930275 15.110721
62.405133 68.221699 17.104239
56.965112 46.896380 17.178872
54.092473 74.437553 16.710837
94.049332 86.823682 18.305737
50.815201 98.768871 16.726420
66.972800 44.889954 18.558140
98.444829 51.980543 16.416428
20.343272 70.899309 18.502045
89.146114 77.497653 17.754802
29.638961 22.810885 17.258071
83.039897 24.561513 18.578455
58.886152 40.870145 16.131131
27.546863 56.859424 17.414653
37.018463 29.676522 18.633451
64.275564 85.561711 18.061277
88.073936 79.444495 16.315360
61.461042 16.097448 16.332323
19.493482 19.126418 17.916872
24.098747 13.753857 18.131454
95.970017 7.857256 15.297056
19.534015 4.481773 16.288873
1.378038 36.328210 17.491763
74.039567 58.625147 17.306242
34.360220 50.539490 15.772387
38.860306 60.336332 18.262229
45.842554 96.473642 15.790528
29.841513 88.511482 16.814273
70.490378 6.853620 15.578533
40.363583 39.026985 16.354555
18.992554 72.421895 17.850088
64.085293 43.555857 18.284670
6.956674 15.034043 15.207729
20.361718 69.908242 15.134081
24.903992 68.304804 16.481322
41.970404 85.084317 15.943162
37.670994 21.596076 15.966233
13.055590 51.966677 15.309476
3.556329 47.575947 15.816924
47.967389 95.436721 17.352904
90.244152 85.881039 18.003945
8.849157 33.957009 18.695065
31.796429 60.046869 16.342726
40.078094 51.172857 17.155666
85.180500 21.393121 17.550907
11.892797 52.710706 18.074123
55.402665 41.460433 17.769138
41.224904 5.697214 18.346221
97.215018 24.232127 15.943665
38.138384 83.681587 17.677854
72.780901 56.032414 17.083548
41.463959 27.017690 17.354580
34.700451 77.812544 17.165472
9.975167 97.337581 15.116593
72.725922 2.353462 17.981312
6.528777 95.784760 15.742228
0.373612 28.353915 15.430372
59.191648 84.961809 18.374544
67.336669 71.696224 18.632563
24.771838 93.351707 18.115278
3.396366 30.809657 17.221286
15.607067 64.974553 15.073784
18.209306 20.096466 15.014328
25.576882 11.980403 15.805516
21.407085 69.644198 15.955183
97.772675 43.989690 16.495438
49.653358 94.921042 17.168802
22.833810 16.769026 16.936114
90.540318 70.727987 18.536713
12.434299 7.590366 15.039308
96.365806 71.729001 17.092468
45.590220 28.356246 18.507067
85.943909 87.151040 17.102712
15.959048 79.061025 16.967338
98.321473 96.246279 15.789907
36.015590 41.182706 17.289928
14.703986 18.985403 17.353403
44.725609 50.698700 16.081930
93.998911 64.279424 16.115907
47.454558 21.469570 16.678574
46.490805 34.028347 15.487502
6.890960 55.963541 15.939728
55.254441 2.290344 16.760670
84.548814 10.507578 17.887855
25.592359 53.387227 16.319926
61.249718 7.588727 18.170542
58.182791 93.910087 15.935961
86.763834 91.780906 18.016194
69.331071 17.655342 15.868072
88.795466 68.770521 16.877494
85.114294 28.434101 17.662526
88.558992 92.494784 16.332961
91.076262 79.229074 16.385180
73.915863 95.134461 15.134980
89.835728 87.825022 16.823524
39.114406 87.537354 15.031766
59.662313 57.200126 16.920855
19.039049 92.298341 18.199783
48.144499 34.190162 17.442081
61.081219 60.938082 15.197513
72.289721 14.793242 16.926598
79.021972 70.980982 16.681026
67.247512 28.558293 16.332598
90.146700 93.944273 18.177955
82.555214 36.873365 15.935876
20.409354 87.854490 17.350895
83.308518 65.346877 17.215319
70.241834 36.641455 16.753541
74.138715 3.490663 16.814777
71.245659 52.240946 16.177944
67.610581 37.864922 16.306021
30.784598 34.095122 15.222138
2.695620 35.529846 17.589334
35.936073 93.467274 17.947378
74.197579 81.774497 15.070206
81.493256 76.540490 18.085803
17.072094 31.389384 15.208218
45.212343 84.308471 15.802642
47.333523 83.754744 16.120646
31.090324 98.832084 17.245757
71.255103 49.453287 18.115106
27.349662 21.911996 15.498838
71.542465 80.748605 15.136909
30.703367 53.337185 15.767888
99.887148 72.203868 18.240461
58.561892 47.050192 16.894602
96.074373 55.307126 15.033975
8.252731 27.148019 18.492880
53.572188 31.419123 18.519179
6.158674 48.482166 15.776395
64.711959 0.617546 17.119353
5.293423 41.056985 15.359372
9.320138 27.132851 16.750388
19.387869 76.250754 15.692110
3.838736 21.526182 15.052007
7.622038 46.126286 17.256151
14.566231 41.618718 17.838031
48.497599 95.066215 18.651906
66.848888 69.033772 16.933502
24.419012 19.917203 17.340611
53.568902 56.094765 17.083224
88.380478 87.371185 18.409823
11.942425 82.366937 17.239279
55.991650 61.907994 16.198506
14.564584 51.174803 17.468646
55.585754 70.762253 15.250103
57.289569 38.318303 15.986130
99.340612 54.951978 15.359108
67.768633 26.590783 16.803159
89.253002 38.741360 17.432768
8.385322 84.293539 16.637414
60.085844 48.675190 17.862919
67.653046 35.602900 16.730468
3.555625 73.692685 16.106270
8.591686 62.254705 16.991243
78.594198 51.179284 17.275360
35.727806 35.689433 15.128007
42.788211 67.002890 16.886974
26.656611 39.721901 17.849151
61.118874 84.181362 18.516008
43.207964 81.050992 17.139698
0.507609 75.316884 15.124582
99.316759 65.777750 16.568388
76.761613 92.213330 15.457478
14.984100 32.420092 15.014198
28.994232 59.047347 17.088403
33.805303 63.405135 18.217055
51.888073 47.378483 16.147903
8.262438 18.946587 16.772304
75.742297 16.122700 16.602727
49.340537 14.699749 16.919298
4.751020 22.948749 16.334353
72.010011 49.065179 17.290189
37.838107 88.752003 17.095604
27.524728 69.624791 16.006282
72.926628 26.144703 15.383267
71.321112 89.229631 18.709787
89.833717 97.767196 15.582763
72.853231 45.791977 18.388459
13.085248 96.424702 16.801484
59.208132 6.894408 18.620740
5.221613 64.776012 18.381866
72.064689 2.906656 17.903602
34.427680 15.736387 16.416435
6.909020 56.056571 17.916003
1.630662 21.374829 15.154505
1.593078 78.023923 16.572445
57.725786 41.194696 17.096790
17.667677 38.553225 17.747550
89.205604 41.010181 15.526358
86.473919 15.339958 18.505597
16.971629 97.772975 16.694662
52.136138 83.973229 18.141363
35.360978 2.097583 16.203271
33.076028 78.796393 16.486842
69.116190 40.088458 16.199450
67.196248 95.168031 18.138391
7.376289 60.326711 17.417408
41.003075 32.643665 17.132795
36.639608 14.250536 18.027909
92.537414 65.350686 18.360408
41.377348 60.728489 15.319931
2.187411 69.267510 15.703061
14.916435 68.152613 16.952446
52.772510 21.515187 17.097563
84.435954 33.639882 16.495339
33.310944 53.751845 17.465576
56.647711 61.495747 17.874244
30.892536 84.354709 18.365811
82.200021 79.764943 17.417872
1.720752 8.320705 15.363989
63.985399 30.266059 16.375473
4.056243 30.174104 16.218635
31.043912 79.224255 18.626318
82.965292 94.885362 18.643465
7.451013 58.707819 18.309229
8.734199 12.729862 17.722974
73.839389 2.400938 17.386159
33.711802 38.832435 15.149433
49.622120 57.296902 15.793758
66.967163 85.515255 15.849801
74.639315 51.335808 17.563138
69.950592 4.283354 15.509481
44.772057 33.526226 16.942412
29.542840 71.345713 18.350461
22.334183 26.851318 17.918933
45.876859 87.018226 15.581444
94.526846 19.620278 18.526376
86.978287 47.594389 15.019556
68.380962 41.564592 17.205794
52.893307 84.876412 16.213385
5.788432 41.138561 17.200970
96.488082 71.429268 17.867467
85.060137 59.078170 16.965537
98.327893 37.687609 17.143062
84.220331 8.344463 17.347389
72.590075 3.504808 17.457159
39.138727 44.024661 16.265882
3.897740 75.646348 15.327498
91.670228 6.212177 18.732434
10.336682 67.825795 16.457202
60.841402 16.784004 17.925944
69.105522 18.881655 18.692631
36.232040 52.253465 18.398330
3.667904 87.654717 16.608113
4.122553 42.240818 18.381220
19.860405 31.628376 16.997377
31.862874 91.664625 15.515606
50.836713 61.408711 16.534515
36.781194 38.965638 16.162834
66.511668 5.392279 15.099988
79.873894 91.574287 18.332203
90.625488 29.634576 17.112575
54.513043 52.465817 15.303159
15.656834 64.474196 18.727709
29.710309 64.984244 15.931246
7.174514 17.270762 15.157531
32.349866 32.786785 16.221119
72.571654 37.164916 17.282869
46.121549 85.281482 17.891714
57.268410 59.496717 17.301568
42.958436 67.794256 17.811801
70.440318 48.081587 17.262700
82.711946 81.003977 15.952267
24.628387 31.406801 17.663740
39.758793 1.646809 18.274682
70.107560 62.889798 18.700960
45.957138 64.772743 17.460366
95.743853 45.339677 17.801016
49.304342 39.569404 16.069842
15.689749 51.481356 15.843720
42.232138 75.515829 15.596054
97.482011 60.944874 17.878158
97.850617 18.478097 16.730089
38.444590 53.338816 18.613031
58.614705 20.523401 15.805823
92.689042 39.489730 15.347894
27.018339 61.187255 16.514586
47.789423 24.243682 15.479207
69.734999 52.419151 16.578416
13.170463 0.152371 17.775037
53.778609 7.711480 16.986430
29.498828 92.056218 18.724202
16.249290 62.169688 17.424262
84.188398 59.869327 18.566838
1.956705 44.647073 18.001299
72.923948 85.534888 16.787982
2.725844 65.757533 17.244511
52.694543 83.893435 16.256560
72.304467 24.695695 17.048153
22.019409 35.618477 17.959105
44.496047 84.798892 16.350037
59.885618 53.224935 15.198365
83.749538 27.998144 15.533322
3.012967 16.066146 16.846357
11.148997 4.732164 15.948663
2.199704 76.923125 15.023652
59.640792 93.744538 17.752099
93.734679 96.572806 16.412602
97.891629 84.980923 16.090709
16.681569 15.313076 16.186596
1.624752 57.199056 17.951303
76.823110 71.499769 18.391244
24.359551 21.938714 17.352140
2.219490 62.353763 15.722114
9.996792 20.788521 15.763488
76.610895 92.663335 17.974560
86.075174 84.154171 16.422724
74.402748 60.965701 16.547585
93.602596 39.544553 17.881421
87.828322 47.249075 16.287243
75.146491 41.359452 16.782765
20.872706 87.898800 15.767481
41.338394 61.447044 18.391902
24.711630 91.801369 16.803248
66.813444 7.387506 18.150369
13.521205 63.149251 17.472994
63.679684 7.209994 17.845200
66.241006 88.640056 16.073895
21.064924 45.156498 16.052597
48.816180 9.989129 15.827843
46.196887 95.044738 18.545124
1.704184 61.667725 18.066136
42.732280 89.158840 17.621790
81.565517 74.865041 18.652072
19.158599 70.970912 15.000715
13.941256 89.973381 18.168866
91.825689 17.008388 16.698196
63.954944 9.521508 18.108908
97.429485 15.502518 18.282817
47.691683 95.626897 16.466551
38.701243 58.001685 15.234157
37.931750 12.175073 16.641791
96.808473 85.961619 18.253644
98.838929 31.469007 17.801871
76.088624 77.538847 16.746431
19.226489 23.461109 15.605189
24.153218 49.910266 16.443401
19.833513 28.086815 16.487884
23.591180 93.163680 15.481133
27.490920 57.586639 17.095164
55.034772 81.758103 18.584883
17.918778 2.474054 15.215614
41.682148 82.842698 17.319685
19.681258 25.351621 17.868543
66.800593 97.498492 18.067176
36.142034 33.356566 16.186257
68.099140 35.346721 16.096847
46.226842 33.781308 17.418206
97.662540 74.169519 18.259178
8.684044 23.707501 18.157201
47.552800 53.602914 15.468799
5.276618 22.800456 18.233082
83.464605 74.447410 16.231113
71.326760 22.276037 18.339500
63.127894 54.591861 18.240618
15.495999 44.383446 17.673422
69.059811 57.880026 16.737399
52.284719 64.439483 16.963418
18.762720 11.547731 15.656378
61.298806 8.705842 15.329877
81.027747 1.587278 17.715755
91.587715 67.725428 18.624851
0.511296 86.263312 16.073950
58.701564 97.100909 15.871847