30.165302 21.259502 15.031610
91.664694 20.361324 18.060035
46.382633 16.494761 16.457650
96.144373 76.880637 18.496691
18.908277 63.360782 17.534987
40.475470 19.185144 18.088269
89.751362 71.942590 18.286366
84.113158 70.186343 18.645300
84.867933 80.452563 18.066439
63.312247 38.927097 17.191416
51.912345 87.173665 18.551675
25.920935 33.524574 15.833209
57.396349 9.235727 15.316826
39.813497 78.145349 15.468724
19.027297 70.555282 17.957635
42.720726 32.008012 17.368228
51.202616 33.673943 15.245758
65.241125 89.486164 17.730889
32.629837 37.082337 18.730631
60.726036 82.871586 16.411026
94.111680 39.170138 18.463717
2.484246 60.025173 15.396472
24.000213 80.163661 18.119709
26.116979 75.299360 17.019964
56.216629 3.590772 16.849647
25.363238 63.833712 17.504175
15.042760 17.396557 17.564685
48.871126 15.284692 18.545091
52.340123 66.773611 17.207552
31.209938 80.480564 17.588134
85.409450 89.750958 17.107555
22.373656 39.733001 18.233965
1.496612 37.889542 15.836269
20.587032 17.707875 15.260607
9.493297 44.756521 15.491766
26.871653 65.637083 17.185119
67.675609 98.963371 16.264768
39.430212 57.135798 18.248435
75.540174 89.265489 16.789566
90.079492 53.081505 17.759210
64.204302 28.458187 18.606106
41.682985 83.543173 15.764437
17.423790 66.743673 15.251044
35.962183 30.341691 18.041832
77.192257 25.157056 16.460675
82.766181 24.886224 18.191515
94.409274 56.616554 15.762217
52.781094 95.621159 16.360039
24.970764 57.932443 18.340328
5.943941 89.016169 15.153896
78.143933 75.052946 17.080993
39.796843 76.256269 15.841843
29.278017 82.923672 17.015046
10.010166 76.836642 17.779359
53.703938 34.646789 16.307313
61.655654 20.180476 16.367033
97.015665 21.983939 15.059062
69.478297 71.316821 18.499054
4.082487 4.909349 18.109613
30.940055 15.207167 16.854759
29.553441 40.451900 16.089104
52.465705 57.829394 16.893611
15.671546 9.346514 17.072269
68.958786 64.537143 17.795754
4.740254 50.585698 15.835440
52.320408 77.311975 17.416320
45.873613 54.508438 18.469172
7.964610 18.497802 17.643466
43.082293 59.364164 15.559033
41.019543 47.349759 17.881183
24.293545 30.616852 15.847855
17.634806 70.510144 17.580328
67.760987 28.921582 15.432756
53.427526 12.518921 18.487876
34.453580 70.297082 15.164954
90.044078 70.068405 17.897887
74.214255 2.176779 16.336427
8.478888 17.415839 15.090833
64.433307 22.839571 17.868792
24.222946 42.572892 16.978202
1.999014 25.084682 15.762905
23.143184 76.966554 18.216934
68.593026 74.494307 18.524566
14.845639 79.141192 16.502767
47.273127 56.562308 16.124238
40.210716 35.288105 17.927497
88.761681 29.935372 17.962198
27.664385 50.356858 15.256078
84.200224 60.872648 15.129968
98.423568 99.108751 16.860541
83.696834 8.428101 18.742232
99.261304 2.861527 18.660920
26.849948 56.520339 15.576347
35.220494 32.569664 16.350467
5.734295 68.459329 17.793997
2.284383 47.480449 16.480154
36.029304 92.726843 16.501431
34.787600 40.186018 16.353332
60.543543 74.776837 18.317881
36.414317 68.197254 16.284980
18.523800 82.984211 18.034370
28.506205 42.667812 17.850110
27.824911 69.469828 16.357855
35.995115 52.110864 16.867128
70.542053 15.189817 15.498823
64.802668 59.643054 18.577682
78.317203 40.329411 18.670758
21.659912 60.593767 15.648204
45.069676 54.430357 15.113467
83.856272 71.744305 17.439022
33.094986 88.922624 16.203004
49.336358 54.553412 17.902462
83.799735 25.023375 15.178075
89.389691 30.736598 15.023325
35.341414 87.396401 15.341138
15.865619 24.031981 17.512527
19.269894 24.866206 15.293966
13.707437 70.937776 18.711697
94.025250 28.509367 17.907101
81.632834 28.996832 16.299695
57.969751 52.702171 15.737793
26.121217 89.397523 17.096610
67.213343 19.214489 16.768299
43.035478 97.517186 16.329817
65.357501 75.900167 18.226857
59.747275 91.069630 15.287254
1.374990 38.393815 15.345271
4.022786 2.486650 16.577664
99.730465 77.410722 16.802582
68.710960 49.247793 16.342267
85.035532 35.408613 17.794755
43.105929 83.338753 18.361204
8.648774 42.987470 16.429454
10.718653 20.671637 16.145406
93.147543 67.099043 15.828895
97.748041 4.336904 15.883591
32.238342 57.111387 18.091558
55.781384 82.039197 16.417545
94.532633 87.558273 16.611031
16.893491 21.559665 15.614368
0.732719 44.800541 17.141228
3.970797 42.881725 18.735700
41.169405 63.507020 15.309729
49.764705 94.403722 16.809001
2.671631 47.153264 17.484643
40.048817 19.737305 15.653644
63.834834 19.659963 15.309040
63.015341 39.542828 15.661742
93.404797 6.743984 16.135182
13.378462 30.199114 17.411630
25.473855 7.142407 15.136247
21.968789 27.282370 17.442735
86.046766 60.542485 16.791872
20.861968 52.906785 15.485530
36.239713 63.595975 18.373982
14.692242 78.415739 15.406859
9.074739 12.187529 17.276216
34.609592 16.402767 18.093399
97.509646 51.342090 15.988866
54.511756 45.352716 18.120230
52.781918 48.244766 17.064800
36.067369 76.970035 16.064777
15.858649 19.144219 18.415485
32.495672 59.940532 15.128126
58.308231 98.966815 18.222652
83.596007 25.214644 17.168257
95.208868 0.674414 17.074767
9.276773 21.633390 15.295588
6.406312 8.558033 16.822150
17.026150 44.196358 16.351130
54.023621 62.174859 16.901621
33.735763 30.446062 16.895014
10.570350 28.567576 18.019619
31.620199 5.148682 15.360985
69.589510 62.455672 16.872550
27.520343 89.302159 16.896225
71.349719 9.545771 16.701712
95.810807 0.265563 15.324566
95.519770 42.534478 17.449322
13.955042 77.868715 17.726861
38.955058 8.687924 18.259608
38.484620 25.517804 17.398510
75.558142 3.241682 15.153088
19.305413 94.880967 15.102175
42.484748 56.672135 15.176841
7.304073 42.935777 16.771077
31.238204 82.109354 16.530915
81.320694 54.282036 16.743175
2.003889 16.353141 15.317348
61.799051 26.752493 16.851539
56.661725 7.589567 15.464847
80.965130 0.363964 17.351559
52.250270 16.487495 18.355544
88.237254 48.625517 17.223137
25.514852 98.671752 18.138046
9.091443 90.659704 16.231157
17.503362 13.508124 18.194110
91.631898 49.368649 17.162628
13.374698 70.112777 15.190560
80.219164 14.663283 17.769291
91.255810 46.808238 15.813282
87.417947 49.301912 15.231172
74.051429 97.178871 18.652201
41.617761 45.692007 16.085170
2.003117 85.697001 18.636169
45.212875 89.991584 15.053301
97.113590 38.967554 16.886313
44.953487 13.713380 16.188605
83.466466 8.337959 16.939083
66.808745 17.232587 17.194584
78.548150 61.926022 17.567466
23.955774 96.285155 18.127321
89.566182 16.763853 16.107517
71.665834 92.577772 16.876813
28.712207 58.638605 18.136680
72.508467 62.738391 16.877565
93.409453 23.779202 18.486137
76.337615 46.822812 18.739196
59.351210 7.404252 16.078972
74.596121 67.745547 15.971471
90.104835 81.234207 17.935341
51.564253 60.985688 15.877652
61.425387 20.694041 16.023904
80.878155 91.098098 17.120390
31.557130 90.698557 16.685111
72.311208 83.439624 17.519768
98.465231 22.210287 15.992656
90.087510 10.065913 17.356713
51.311088 64.481173 18.003855
13.017667 4.323488 18.740731
95.480821 46.036698 16.836888
85.774775 57.940359 16.945674
28.084375 95.188793 16.483738
61.191999 56.672628 15.032559
44.377385 90.212683 17.709447
7.245499 4.902505 15.667015
98.372572 87.149527 15.758626
89.266838 50.027953 17.596493
77.138374 31.120322 17.544398
16.183128 8.017912 17.097504
87.258731 99.824280 18.365024
56.532314 79.966054 15.964371
46.291849 25.603260 15.619085
53.065827 30.410697 18.549524
39.730782 45.501405 18.444779
88.143219 77.458158 18.463366
62.706605 65.284071 18.414398
10.200071 47.587006 16.454216
84.970316 52.297464 15.244352
33.237266 20.810305 18.230198
84.497353 58.030025 15.325135
19.608764 41.223720 17.223386
42.392408 30.533273 15.758447
50.924666 35.719724 16.037848
61.640654 20.717450 17.461130
78.162006 68.993445 15.745252
32.937284 94.292569 18.703592
56.144343 63.127857 15.327968
37.574510 53.690254 15.465543
99.497801 91.010672 18.222673
30.719605 24.396897 16.246681
89.443515 37.490731 17.319415
27.033662 39.936066 15.760394
72.269830 51.965660 18.143442
1.561557 5.062639 17.021808
78.299577 5.936362 16.056517
5.014316 51.435439 16.089750
27.582601 82.517846 16.771994
40.422113 63.858791 15.133193
55.120565 57.534378 16.535460
8.510888 93.885265 16.392038
31.541148 63.565047 15.054799
39.099135 46.193977 18.572808
94.331872 81.671118 17.391498
98.831799 30.208643 15.033401
67.632236 36.209490 16.129865
84.642255 31.020829 17.328364
17.246341 15.260697 15.864697
16.625669 2.728489 18.367579
22.437372 36.743069 15.689213
39.693945 52.309067 17.458282
58.577647 33.963023 17.519137
21.878015 59.608540 17.880824
46.848181 86.129312 16.678275
94.033506 3.771940 18.154648
90.081951 60.469251 16.338881
21.107043 8.397274 17.702980
96.829721 7.548001 16.808393
58.924309 74.823943 18.473063
67.214495 89.059574 15.340994
29.001086 47.190113 17.413227
44.284055 45.405657 16.065446
11.401519 87.652500 15.172375
88.172741 13.897255 15.891259
24.571170 67.404341 15.151743
57.808481 19.765395 17.902251
48.765252 60.760267 17.084187
64.105493 90.341938 18.353351
76.883298 66.897914 16.181233
25.306310 93.724623 16.934116
29.624730 5.335567 15.040995
76.362648 40.408417 18.638085
61.583598 15.272597 15.724220
58.843649 89.150460 16.304471
53.981977 86.820491 15.859066
13.760640 73.661607 16.459537
55.950574 52.999143 15.795100
8.840604 40.374046 18.034100
17.667671 77.163330 16.758013
76.368031 32.703577 15.701762
93.539241 79.378301 18.663308
95.533822 66.054203 16.758543
73.942846 74.469249 18.337509
11.927877 9.874795 17.208097
66.395882 58.198553 15.122152
84.990410 30.337440 18.297961
5.325180 48.886642 15.307328
63.262621 53.551133 17.580240
17.383960 25.958362 18.641910
93.109238 44.273145 16.881823
72.176687 89.785783 17.433232
84.661867 81.285248 15.535545
3.412850 74.057132 18.311519
42.790842 56.924923 17.672042
83.671093 7.631349 16.601975
33.766976 0.359143 18.235929
42.813967 94.521376 16.796903
10.267983 68.007671 17.569055
44.313784 36.582038 16.002668
66.136633 84.875697 18.466086
50.220110 78.397041 16.626383
87.718128 51.533226 17.641056
97.585525 47.018891 15.342981
32.618011 26.225868 17.147755
33.540966 91.362431 17.989482
98.610279 86.558116 15.901945
27.748798 87.912232 18.052424
78.467331 16.678525 17.911240
83.477273 2.138877 15.129966
42.762272 93.914679 18.448740
65.417464 2.167077 15.491092
76.848649 80.956002 17.414933
91.311190 49.697007 18.069486
36.674532 87.588986 15.005419
68.027134 53.166862 15.762020
74.407453 38.750180 16.091682
85.884440 28.358052 17.464050
78.660497 39.806121 15.390779
16.120734 3.264791 16.200994
94.391821 42.845610 15.879944
57.410501 68.100659 15.745949
69.230591 67.952778 17.809383
18.966435 66.465859 17.655683
80.111589 91.978932 17.622947
45.117390 51.566068 16.754134
26.417255 89.021581 16.296028
80.602161 57.266105 18.010118
81.077171 37.623422 18.335962
98.972657 83.713260 17.571179
9.097599 20.958414 17.198467
73.294188 34.420948 15.414961
60.221246 36.321841 15.007896
44.971391 37.095959 16.513785
62.934484 18.631256 15.955453
76.308898 50.103387 15.834812
73.088726 44.975702 15.642718
98.828954 25.678970 15.342251
41.499478 40.336527 15.980304
60.304293 65.455232 15.267050
45.257486 33.646621 15.002056
44.582304 2.089373 16.523165
10.017527 28.401924 17.150450
42.121173 33.619404 15.016141
73.615323 3.299547 17.812139
6.771462 79.780050 15.529252
71.018118 89.514266 17.592926
44.573746 26.500919 15.682494
6.397071 23.770486 16.547638
5.287067 43.935633 16.688843
87.821880 36.233119 15.409703
18.078009 86.183211 17.627057
95.187922 5.945805 15.781154
37.288334 34.818502 17.649829
86.012532 8.097035 16.642085
53.156117 39.850108 17.554988
2.822605 12.013893 16.303919
44.911529 17.532225 15.221130
68.964085 3.651113 18.037137
96.666489 83.489764 15.418773
45.102088 24.438672 18.017108
0.926549 35.084226 15.467593
66.342276 72.353573 18.153314
83.081079 39.685187 18.441006
88.658146 27.731691 16.112309
64.100586 57.107277 16.887982
13.071567 10.244178 15.467807
42.315225 37.547229 15.147601
66.120095 39.200087 15.026422
70.618321 23.203626 17.451269
81.066436 88.460225 16.500891