63.341448 41.206968 16.080348
84.002555 15.659196 18.066820
54.470484 0.071030 18.353471
8.118032 58.026346 18.149855
30.556845 9.159551 17.755509
66.445785 48.252475 17.686425
63.104175 51.385022 16.845779
81.950461 63.684156 16.805011
24.253859 49.180491 17.759709
93.965143 27.047680 16.380522
82.795452 90.735377 18.582486
60.062838 45.204308 15.540833
72.559182 75.691067 16.421418
1.198008 94.053101 16.454426
48.383774 35.974201 18.524092
40.985569 31.091527 17.166532
50.356093 81.497438 15.966404
34.544158 67.682799 16.085495
17.421660 49.413266 15.417166
24.618782 92.919455 15.888380
49.126315 94.858688 15.938849
1.393793 80.386975 16.834827
74.547179 18.082276 17.626227
48.206000 12.016102 17.473971
25.945022 69.342459 15.569911
77.587815 21.411522 17.317557
57.613968 18.396058 16.972388
83.701577 12.002524 17.327484
53.044949 47.821722 18.102298
68.206824 94.511263 17.822915
64.093952 3.186028 15.828923
4.322324 77.224379 18.597743
21.494239 47.838898 15.575160
8.878976 16.817074 16.929578
80.315295 99.059205 16.322417
30.146694 69.393607 15.304458
94.307381 66.706303 16.303252
48.619577 26.422338 17.931526
91.777113 63.863977 17.379128
16.453426 13.040893 16.898656
43.134151 79.133073 15.470892
12.134249 62.807327 16.966174
69.730686 80.146849 15.977337
79.871106 49.650986 18.463933
41.515536 17.431137 18.179210
89.069274 43.677513 16.037669
90.419125 94.130664 16.168714
75.217094 74.776436 16.576188
89.027099 78.686127 15.312090
98.537987 92.183894 18.565109
50.388297 12.049551 18.431042
70.483193 80.533460 16.022850
67.791001 93.931538 16.511648
26.490656 86.806156 15.883897
3.639861 49.599363 16.223860
96.534369 65.600214 16.784541
86.221144 7.531200 17.092545
75.116817 59.536601 18.441618
91.647611 99.078037 16.992282
76.123325 42.149231 15.782613
12.302761 34.016692 15.629983
16.665754 83.900889 16.936194
49.325670 36.323131 16.695053
64.318789 21.060410 15.958758
24.299103 58.288142 18.060166
24.067271 38.452109 16.515292
85.449363 29.474758 15.887077
7.085941 75.247914 17.950525
51.587682 38.433968 16.062516
12.243249 58.743911 17.692622
55.845730 62.610895 15.472640
40.812918 51.960192 16.968278
72.781771 8.492309 17.273009
79.861477 65.615948 17.168584
68.467785 61.091639 18.052512
86.126378 94.807013 15.621838
44.497059 62.805953 17.770317
67.394546 28.551948 16.231120
56.154167 40.945394 18.247366
77.392928 17.401482 15.307362
22.786575 50.768465 16.313360
28.414553 41.504610 16.015664
98.936968 67.456529 16.300954
39.374734 64.961549 16.627570
33.506169 42.813225 15.234450
84.930670 34.253360 17.481013
24.652663 38.354811 16.236491
94.620822 65.100413 16.853792
67.004208 84.695884 16.115206
78.705658 38.007922 15.481379
74.616840 30.217209 17.411237
12.192598 10.046320 15.538551
13.680387 36.360324 18.274043
82.575801 46.305744 15.844628
87.677285 69.772454 16.418067
64.832775 19.862511 15.430463
51.035317 25.675542 17.191872
2.325238 7.868876 16.484353
87.107621 18.168992 17.020330
18.378218 52.674845 16.572082
82.020845 39.027435 16.575079
79.427057 69.343535 16.418628
40.598100 0.141049 16.780475
22.710134 51.632293 15.857444
88.338402 32.879278 17.526107
31.921797 98.850996 16.023281
71.859417 38.326705 17.266329
41.421880 40.065042 16.074846
33.107334 45.032352 15.040185
84.691526 77.495728 16.491162
42.624486 43.033641 15.999156
98.671526 59.556913 17.876257
86.531656 68.966217 18.701910
52.641115 68.953712 16.163317
46.267412 39.091342 17.306220
49.970474 49.841162 18.425391
30.533748 86.945615 15.630767
13.383479 19.612723 15.226186
0.787851 25.800385 16.504209
89.846168 2.951530 17.187540
63.177421 79.115226 18.220806
29.023207 68.945901 18.640736
24.741583 70.977455 15.095827
44.744101 1.900874 18.292738
2.903675 20.909049 16.361336
6.045187 83.604919 16.138784
70.361614 46.999762 15.596247
54.702056 60.851753 17.655434
27.293938 59.153825 18.624124
59.801728 12.044154 18.540953
20.306773 78.323761 17.585245
70.932188 68.097798 17.757346
51.010232 68.993173 15.744381
9.769373 98.871564 18.270880
40.499259 7.457470 15.102202
49.708353 78.699067 17.263286
75.695873 14.506196 15.143758
40.482855 33.370172 16.326514
64.018750 52.090632 15.650406
66.507545 24.271975 16.112367
86.735251 77.148284 16.331601
6.126740 53.432507 16.851912
18.054342 92.222522 16.478890
76.284507 40.317435 16.328647
83.984547 16.056242 15.564384
21.637526 34.404037 16.329836
34.267230 62.416192 17.862987
60.068013 57.978448 18.018084
41.967615 25.525813 16.984757
57.034182 34.433193 17.530937
16.430106 89.604908 18.282009
63.747121 91.270753 18.457430
52.762251 71.157030 17.630426
22.387024 4.928765 16.847551
79.944159 47.125991 15.347608
97.094629 27.608130 18.719398
49.664789 27.357149 15.112213
35.247755 13.086520 16.222525
53.168425 40.138913 18.122663
66.439006 51.864678 18.480175
84.850775 47.584424 16.160928
67.323993 56.474393 15.414336
64.369102 39.177906 17.708189
36.630845 32.019152 16.609207
15.926912 83.818391 15.537030
16.714120 38.729015 16.632081
16.560001 41.882581 15.921382
70.994945 89.639605 16.163421
99.740638 47.526505 17.247008
34.302762 69.477306 17.773424
46.509990 4.134845 17.129162
64.911263 53.795379 17.079400
81.163530 63.907822 17.222879
78.422007 15.250612 18.229599
42.562475 76.568813 17.297404
48.592027 17.178072 17.272213
40.983004 62.833942 15.040354
15.138883 59.430710 15.830238
44.895645 0.232749 18.630782
81.081366 34.578049 17.035626
20.803829 46.876831 16.212045
73.643086 13.070612 16.411681
79.723792 17.692126 16.817383
8.950129 69.852842 18.343624
28.457732 2.753182 17.944586
26.035257 82.307573 15.820881
6.425526 99.416446 16.219563
57.489717 10.653292 15.461624
74.984648 63.545538 16.022136
3.704702 3.199556 15.287224
34.731505 70.392897 15.335271
13.414704 44.425230 18.004946
5.606022 81.305153 15.845689
53.565015 16.376592 17.001719
83.319056 60.512956 18.602244
45.376161 29.896451 15.549693
85.515895 25.713124 17.157971
0.508680 27.759727 15.171466
42.493279 78.827955 18.199069
72.765884 37.520069 18.679027
72.689640 99.147479 17.807868
56.593653 32.833279 15.062690
58.950873 75.545878 15.992907
46.287102 63.293988 18.013148
84.614896 8.412770 16.648475
36.407260 60.755269 18.326668
95.535135 68.479200 15.701471
58.424930 75.343537 17.804422
36.356700 70.543489 16.377641
37.414618 33.105198 15.928228
79.603242 62.483973 15.697991
76.438073 33.240571 17.813187
99.390424 93.514612 16.378824
97.959716 42.961854 17.525105
19.719473 66.014233 16.480740
14.701796 32.892817 15.293610
4.874642 46.588121 15.987831
2.373934 55.590767 15.949126
60.892391 71.007985 15.193568
37.669640 78.635807 18.012931
3.849233 63.956692 16.371234
16.854400 45.029058 17.194380
91.673001 90.868639 18.530300
77.207332 54.794898 17.220346
8.475222 67.498735 18.264014
31.888346 30.050987 16.423309
69.725997 31.420642 17.041613
19.002770 11.180466 15.234984
48.945584 10.020537 18.306797
66.304681 16.532828 16.576014
5.642130 30.790018 18.530484
10.669271 78.657203 15.624736
52.178784 54.103549 15.080725
14.305111 81.617128 16.906864
20.160280 37.000489 18.204306
28.833037 31.262079 16.704815
1.749416 22.874250 17.467125
79.621060 92.537929 17.309867
86.957030 17.862941 16.444275
85.320790 49.482537 16.644705
31.995371 15.736705 15.425403
42.529534 58.048530 16.475160
51.981098 31.077781 16.951224
22.313266 65.213501 17.839752
46.443193 50.915492 18.190961
69.519673 45.563333 18.687458
26.739447 86.018560 15.556494
48.018842 18.858812 16.494782
80.285759 90.055842 15.950208
72.763165 48.630869 15.692140
75.304617 86.892815 17.990324
87.083634 85.764635 17.225104
50.252354 5.712249 16.464695
44.830602 76.553255 15.492257
43.150869 17.739900 17.651593
14.860300 65.923111 16.394122
38.659755 0.026077 15.518732
7.919343 67.672716 15.823813
17.784303 84.324750 17.022362
48.740755 17.719014 17.872040
3.575851 38.878882 18.658032
37.774583 40.762967 17.005904
35.152677 0.402145 15.930847
25.261096 50.120207 17.183118
5.549570 75.405576 15.749566
19.876823 2.660186 16.324794
22.733247 99.896345 17.089511
57.543335 28.594273 15.984123
13.335879 43.568063 17.388499
57.207045 85.846720 16.488524
69.903411 48.410298 16.730181
90.710884 56.047990 18.120151
86.975247 64.053727 18.239372
75.391114 69.960785 16.658549
28.975526 36.651364 17.894190
19.699788 89.930567 17.035493
49.191910 2.422730 15.638751
44.796863 48.828433 16.001858
39.549533 63.457193 16.260633
13.046004 37.602136 16.403333
18.453655 50.733418 15.356655
26.809946 36.446595 18.596519
80.483268 66.028306 16.119664
24.028703 59.480365 16.165399
32.836031 24.648660 15.653281
68.027637 69.244442 16.643870
0.722814 50.615816 16.766670
62.388133 36.614177 18.746658
58.690047 30.922715 15.508760
82.411654 37.410787 15.416896
97.627657 31.296368 15.857641
15.396048 51.943167 16.884708
25.562502 94.777531 15.510184
29.418597 87.630656 15.778763
5.149806 50.157463 18.359984
12.755441 43.952150 18.330355
36.925624 17.605510 17.390756
90.429179 43.122510 18.154915
89.422598 83.577158 18.722356
98.313222 14.721365 18.294715
82.409547 74.804477 15.715969
27.111866 84.275352 18.327756
33.815399 30.238387 16.580646
86.195012 93.697568 15.486152
60.797917 0.389726 18.545254
70.775951 9.072485 16.585167
36.546719 4.083145 18.370201
78.887082 72.784732 18.430446
43.287959 98.022251 16.445897
54.177042 62.742261 18.703468
31.201100 17.973534 16.705944
76.671145 0.377116 15.416991
53.815905 53.502274 18.285252
52.413184 68.220910 16.443810
81.291899 49.666796 18.607527
88.236004 25.845800 15.064343
13.732766 43.321224 17.710536
75.966684 89.718316 18.406765
94.258031 52.388756 16.238850
16.362954 25.967616 18.008292
39.323336 38.608738 16.360673
83.878593 12.806411 15.562391
81.222131 10.892336 18.587862
22.918682 13.373861 17.874636
69.696513 25.119568 15.603511
53.620969 93.170686 17.657485
66.198345 44.357293 16.212811
60.364074 57.528494 16.713681
93.102361 49.082214 15.763982
58.859526 49.002840 16.097367
72.849274 38.046976 15.879097
20.778307 50.942801 16.793516
2.788002 51.863560 16.195921
11.031438 57.477141 16.607156
93.856385 32.683054 16.384913
78.938806 57.821758 17.828582
10.204304 65.795798 16.958623
32.932226 52.346478 18.608913
57.826961 37.796630 16.715430
2.098945 50.332738 18.226252
51.115955 91.817073 15.091733
34.057997 4.926073 17.269329
71.406320 1.114906 17.556335
77.412402 55.300296 18.106322
64.130460 36.074386 16.112976
43.313932 56.821522 15.605652
85.067464 35.399901 18.524069
30.541246 42.715066 18.720874
36.540709 48.688742 17.192008
40.830263 72.291550 16.051883
96.890716 75.398560 17.931170
79.050430 93.593198 17.695503
85.341743 34.016329 17.049530
82.954213 95.031289 16.255197
69.174763 43.896829 16.943347
21.968624 80.280333 16.728494
52.502870 16.300588 15.939737
72.776107 2.232832 16.498536
50.494909 35.332125 16.483882
47.056791 45.333801 16.832683
47.431497 32.598490 16.263715
92.958224 42.674512 17.466907
48.238244 41.402273 15.585135
11.064018 43.689968 18.244400
93.421723 34.781192 15.997240
86.912779 75.406255 16.853721
42.860735 93.171270 15.390325
2.967881 39.437624 18.640691
37.838286 47.142613 16.988753
0.437575 5.987978 16.533725
40.990442 46.442879 16.307339
85.582797 56.314889 18.184162
42.223250 29.783271 17.152309
63.042661 86.234804 17.025710
43.813125 65.729132 16.414116
47.367910 93.772629 17.875197
50.529735 18.346671 17.387711
65.915385 69.821401 15.700535
36.493163 36.819370 18.200099
94.979677 92.047312 17.416451
71.786096 72.632823 18.218108
46.778579 51.721844 18.244502
12.668552 35.116006 17.735795
8.972116 51.946688 16.538347
65.441712 76.607190 17.143819
98.000162 13.848839 16.310023
85.753937 19.189797 17.740498
87.818576 58.703023 16.310406
63.995901 23.374566 17.839920
5.511493 22.360231 15.281737
86.374119 39.141007 16.727258
8.640614 55.092729 16.322945
90.458401 31.918619 16.484712
52.064222 49.527044 15.961464
48.779192 2.226179 17.914224
65.792789 78.706240 15.907146
96.146229 76.548827 17.163678
54.098693 22.942283 18.077474
66.493423 65.142805 16.216362
33.263121 93.067483 17.996887