20.801751 34.440640 34.896587
28.515583 98.289615 32.773244
23.707677 94.727762 28.923372
62.598025 9.635022 36.658148
80.465506 9.677545 35.921561
48.148703 55.363555 30.012130
44.946320 47.933006 32.868058
0.561291 29.603709 26.408901
79.913569 73.675901 26.168871
61.454311 49.656798 36.725408
75.529387 6.193217 36.529574
90.161446 11.330985 29.381620
35.133348 32.211206 30.438694
79.053453 27.894790 35.222167
55.035715 73.462593 32.916638
0.463480 8.743174 29.564549
74.233346 87.317730 25.363848
26.067205 80.219432 28.917087
61.588028 26.142285 26.271599
71.110196 90.514376 26.995030
42.108654 40.884086 35.702240
92.320698 40.792446 33.227862
88.069787 8.067289 30.188262
96.538281 20.023040 31.044181
98.713895 19.363019 31.563893
38.362932 91.999777 27.141478
72.945257 33.286832 29.761507
42.632851 86.017602 25.968554
60.852858 95.603247 37.499493
84.810024 55.961281 30.265433
1.016639 86.147348 29.671348
57.238776 42.672225 31.267056
29.077439 79.591943 27.425610
10.117008 96.050975 29.229324
55.409657 70.695293 30.758835
50.980717 56.472673 27.595883
1.271148 53.838504 33.409845
48.087422 96.452187 30.673651
47.717453 13.193572 28.970539
11.373878 80.943589 37.124935
81.446950 10.519475 27.054262
67.380609 3.034180 35.650733
39.005639 14.150102 33.614152
86.404712 65.754874 27.253342
37.958697 44.832355 28.780937
36.562269 80.591133 37.292553
51.528263 16.425322 35.271518
98.417268 51.292798 36.449384
73.238111 35.138982 34.999785
32.179934 78.689127 27.583791
1.085635 47.046893 25.922648
54.741163 44.620254 32.146198
86.966088 49.023212 34.612661
80.547927 44.013597 33.190049
8.941629 73.330204 25.789494
77.990229 76.127334 30.640683
27.410124 39.924828 34.882284
30.613660 52.009920 34.691872
74.970172 95.146497 36.743908
76.958546 47.816223 36.010219
39.770966 2.459925 27.782193
84.742669 19.503874 30.141983
51.266741 85.924475 27.218032
48.014377 61.234111 27.968525
33.536725 87.114398 27.060276
33.244124 59.285043 33.950371
10.699782 26.788587 31.294838
1.524691 58.462493 26.270999
60.201199 13.158721 26.864915
4.321285 58.478260 31.060171
6.383867 66.707591 36.307201
50.676660 23.733274 29.785480
90.183260 98.380612 27.192801
37.248779 39.517105 28.663201
91.253805 56.634558 31.055569
7.778338 5.594533 26.333179
43.162985 7.416848 35.149728
32.018517 76.378358 25.152569
14.885646 83.655998 36.605510
14.528737 98.266942 28.356012
65.598094 32.496360 33.865340
46.152987 81.408738 33.923650
82.365476 13.182698 31.787637
33.747721 2.885277 25.127909
54.786231 71.924188 27.662450
31.566082 11.533606 32.328847
43.086967 8.347019 35.124692
64.435824 87.081901 27.023500
24.611894 62.484199 30.034330
53.058814 31.132380 26.098738
71.689621 87.082302 36.096777
28.662458 44.556328 30.336588
43.568588 25.640486 27.780124
33.911414 35.955914 34.263893
95.823152 29.027996 32.143700
79.111335 42.034463 25.689678
58.066098 56.093680 33.369459
51.382058 46.606140 35.233593
6.577400 64.605847 29.874858
65.906523 41.372666 30.638792