14.178987 8.102644 33.795858
42.414599 66.026597 31.169560
67.559706 90.622745 29.533760
50.457932 18.389982 35.171967
87.174159 31.307809 29.517518
26.850943 60.025052 31.439887
46.114864 84.841154 27.007529
73.479002 29.933070 31.641670
31.160371 41.253635 25.369823
75.009314 79.431509 36.653921
32.685313 92.801620 33.841046
41.827949 6.607284 33.377065
57.456710 91.942559 28.108125
57.542557 49.215981 29.058412
33.962779 72.167050 31.980320
94.143772 14.571192 27.173886
61.068561 74.157853 31.471295
25.964753 0.567985 33.592327
71.555332 0.640666 37.217206
73.144592 83.244125 29.168706
94.514526 57.629422 31.693689
51.410359 36.468315 26.361806
0.350759 25.571701 35.140931
37.496055 61.164573 33.967796
70.731067 37.891245 31.743230
81.337401 68.216748 31.151844
32.707717 38.279241 34.454490
72.939849 11.016889 31.873205
88.548600 67.920916 27.389538
93.477618 61.410859 32.591720
89.938841 73.635686 31.314291
88.564623 77.854779 26.838614
28.712534 37.983197 28.206626
67.038784 15.288123 25.545007
9.761505 44.161494 30.941714
25.350089 57.924395 29.082813
12.865027 69.049989 37.164710
70.661570 66.075442 33.538808
29.979158 94.146013 25.059797
12.295093 86.647563 26.351372
87.309500 59.086672 25.824125
94.832944 58.945269 28.884168
3.005777 35.271352 34.952319
67.554855 87.728521 27.795415
26.643814 52.517692 26.974271
29.261809 22.022620 35.686543
51.469828 69.031713 27.425955
29.879541 37.122192 36.559941
14.939241 47.161686 26.519370
27.711803 62.384158 35.008712
17.850531 45.373541 30.605291
99.316889 79.871391 34.576274
89.942139 34.590793 37.452539
80.311192 13.307327 27.496774
85.088677 95.997469 30.324412
83.207365 91.722518 36.282413
16.119866 24.003699 25.312129
35.797179 76.796574 33.473084
62.837156 20.893556 32.071165
5.058783 79.051015 34.053649
45.449761 18.245442 30.018513
11.915461 2.409258 34.358108
75.012434 39.278975 31.209941
92.521889 90.669938 29.278090
34.508478 63.722133 26.657979
8.432152 88.882436 27.105911
43.607441 4.947242 28.306944
74.300829 16.353371 36.573826
72.913480 67.686896 27.924259
81.030973 10.893191 36.260433
24.604464 79.091300 29.025267
12.757714 49.470993 27.606454
33.849015 38.168658 36.880185
55.869199 29.967443 36.600614
72.669603 59.585103 27.925980
59.067607 92.217146 36.424751
34.887194 0.278097 33.463601
30.146078 72.361365 27.801059
54.411674 35.642382 31.741585
78.125660 17.946175 35.870890
52.609135 17.481476 37.267013
15.283657 45.855715 34.174040
18.922078 88.122500 29.475245
84.025321 85.804109 30.147664
24.997615 65.113708 35.008183
53.402282 68.863368 31.369595
81.095103 5.480904 27.077708
48.956449 86.347704 36.097056
64.726998 91.301879 30.052991
68.955298 72.194178 36.312105
82.240552 1.790191 36.943848
73.531075 85.501398 32.246050
65.961305 25.217566 32.057196
14.512668 46.190535 30.329200
61.015308 93.905778 32.320518
51.263640 64.342388 36.483872
50.829502 89.636187 32.186064
40.748175 59.871517 26.019564
72.639357 15.207947 28.628817
92.804879 5.633577 28.973979