84.606543 11.105881 25.720904
30.882073 7.287965 36.651611
92.211649 47.026915 28.090691
75.740135 13.871839 34.722976
16.907101 16.120086 32.441284
51.258366 12.507319 33.072275
13.950028 74.762688 37.267613
19.239417 94.507839 29.217986
29.562613 63.002121 26.508027
52.045227 34.576246 35.540266
22.843552 30.724897 28.641240
56.137124 29.716806 28.664396
69.224609 61.786747 32.207666
83.959934 12.279482 31.418295
57.788050 34.300946 35.756914
40.867203 10.899004 33.960915
92.254995 66.618437 34.604918
54.394271 0.188654 34.662899
72.987558 18.973521 34.428990
21.857590 83.093749 25.635900
33.482995 7.732689 26.514821
22.430678 9.348647 27.346343
11.391006 57.561764 31.717083
63.799590 28.330239 34.146860
60.834193 95.625838 32.212081
3.092410 5.574652 26.557326
80.561753 63.973406 31.734804
13.915044 80.338904 31.436593
20.106804 59.419488 31.063334
5.660176 92.223648 28.914435
82.006189 2.249485 30.752268
3.589241 72.793556 33.113622
38.748678 34.909879 28.847220
31.574854 17.230471 35.489943
25.414089 56.693393 32.713382
87.984380 68.858769 26.345316
16.147435 31.412301 32.336888
72.891887 96.763708 36.573171
72.117267 66.591567 34.453660
79.441196 78.544998 33.433550
90.212058 93.363124 34.935223
22.923216 3.823371 25.987201
93.245981 67.967872 32.881089
60.792616 15.769619 28.572413
52.332259 13.741079 28.219446
12.304138 10.359910 26.469096
55.809657 23.751554 28.472624
40.226975 66.643139 36.180602
94.079345 4.175406 31.138157
1.318035 89.019953 31.988332
92.090442 47.607648 31.329221
57.706880 66.941328 33.243798
6.262134 27.102292 31.870315
98.361535 26.687644 28.463322
9.832653 21.461248 32.012418
80.210669 36.401619 28.840465
26.364338 22.280718 35.287066
21.461834 70.792639 33.099882
93.724823 24.764507 27.716770
44.473818 69.351458 37.049893
26.724908 82.572261 34.823931
8.800164 61.369873 32.560408
76.234140 45.158962 26.596562
83.177939 90.774918 27.041065
35.150156 77.637651 33.869187
33.825253 63.871633 30.203841
68.053067 11.429962 33.146952
97.680018 70.740851 34.958168
93.976550 48.781516 25.519850
35.332737 52.981104 35.927632
39.584100 71.725530 30.299205
2.830646 61.419555 30.542675
44.327947 42.338450 30.894705
28.581350 65.207112 26.013286
1.853764 63.610978 32.746356
33.971792 9.027465 26.507667
21.955733 65.523267 28.615564
94.780286 87.916632 28.546207
29.634458 9.405904 29.199291
71.680185 22.367721 27.151759
3.497395 69.638382 27.321111
54.763282 67.425487 31.343448
13.003286 5.068255 35.878779
37.854666 68.055644 33.074093
64.637167 73.293062 34.918271
95.701566 27.265862 25.803225
16.276915 75.025156 36.386253
81.730604 64.465893 28.060778
15.871460 50.359065 27.359713
1.967681 74.636325 29.158938
18.150731 1.338752 26.758891
67.647009 23.565711 30.936582
52.510103 67.776021 33.733068
34.830007 62.518157 32.847875
32.768373 39.127389 32.794904
16.228005 22.214308 28.495200
93.136612 4.276064 30.310855
67.174991 55.339762 35.588020
0.268118 63.839380 25.345704
16.046377 71.554923 30.335590