4.095220 6.127590 29.352387
33.466043 27.082892 32.940697
38.136029 30.322662 32.557354
23.074999 97.503146 31.749248
55.824381 38.939774 27.274128
26.821032 93.154860 26.449938
1.698415 43.975647 37.491100
39.596707 98.215681 26.196397
75.495179 47.298155 35.329174
62.165413 97.094939 25.872146
76.541080 94.723515 30.210771
94.304458 46.900624 29.089883
55.626071 53.696534 27.834155
24.921352 42.311500 28.729887
79.680838 29.383685 30.927420
23.427372 26.182361 37.082932
9.343039 19.536481 26.062099
53.170347 85.723725 26.522486
67.034248 72.180493 29.321036
9.157086 82.795680 27.322384
99.027100 76.345647 36.745282
32.973307 29.230786 33.688455
89.986799 64.231472 26.196775
28.862427 25.007377 34.274548
86.592575 74.630383 31.448897
16.413423 54.056558 27.009903
98.707242 86.967517 25.720286
12.476607 19.980922 30.244678
19.367976 60.864661 35.057720
48.728054 4.354743 31.191138
92.608765 47.670875 36.181520
66.399894 66.889896 25.140630
38.038887 15.452570 36.819685
25.548579 28.514585 25.231879
15.525689 41.019409 32.420727
61.051338 20.035603 28.983088
10.857545 89.043915 30.227984
78.853288 64.127462 29.495551
91.686041 87.192184 36.252014
62.864854 21.243800 31.314411
89.946121 77.040465 36.209362
30.408270 15.923985 32.742835
41.786472 74.841155 31.705457
29.875037 25.276977 27.350966
33.472380 22.344416 30.930920
87.118094 76.283156 31.075659
41.040892 91.679991 37.237406
98.661968 80.329529 26.991331
25.884677 39.140875 34.289262
17.120086 37.496352 26.995638
51.228236 99.379988 35.927073
25.478212 89.488321 31.077050
13.076260 98.164269 29.641767
63.386194 89.242804 32.987665
5.911394 99.118166 37.296149
4.282917 94.168844 31.843746
34.548177 3.889903 31.401677
25.426479 31.193533 37.160446
65.279380 49.122562 33.327522
23.295753 51.735367 29.937614
83.657596 56.127495 25.235028
87.382077 31.573145 35.997994
68.054166 62.516045 35.608829
63.505973 61.662493 28.026701
22.330805 44.233900 34.476592
79.469337 4.938096 34.917304
78.314845 63.849363 26.436336
41.127867 33.105741 31.086489
54.505999 23.663650 32.436130
30.537620 83.334032 27.289611
12.856036 31.671134 35.193318
37.030536 32.988064 29.665098
92.751599 21.085979 26.202254
19.830789 28.883674 29.894333
77.297126 50.882350 31.151302
15.116124 87.410705 27.227696
2.292211 40.094668 26.934221
23.540683 50.999172 25.896197
22.791146 80.404422 33.332075
28.566544 8.777897 29.670685
13.116984 47.077600 33.234471
68.491179 27.059206 35.093797
22.180471 67.583846 37.187131
58.152655 38.371002 34.782217
66.810782 97.427825 25.240113
85.319928 42.306700 34.992182
66.893577 64.901401 29.538734
38.238852 3.629385 30.767689
84.730909 17.892235 34.030747
77.110084 89.690813 28.170164
40.833510 34.991335 26.151976
30.424534 16.774645 31.705320
14.077214 57.211818 35.329255
32.672209 62.869002 36.910935
57.005582 36.993512 37.320906
90.724643 60.819510 37.086781
96.070238 90.868481 29.233822
34.741532 21.497246 25.579708
69.827252 93.671933 31.375011
80.228137 26.612247 25.980082