51.391982 82.362194 35.043655
71.290456 85.429967 33.132296
79.293169 35.681830 27.900489
45.404966 87.883646 30.462613
41.167702 16.821061 34.075773
0.321344 0.966859 28.512768
48.515751 41.356529 25.137810
99.870603 95.906627 25.999120
6.581432 5.534002 25.216009
80.557267 86.758444 31.855979
48.444087 71.637196 30.026438
40.148839 75.400853 34.190274
18.743876 88.872744 27.970114
35.818782 68.162336 27.798268
48.621981 31.936111 27.938076
18.295812 24.560314 33.183683
52.452314 48.300078 35.624118
96.053401 73.153148 35.989787
16.565591 47.485723 35.247779
31.731616 43.283613 31.211708
51.121367 61.225452 34.451360
76.465032 27.775542 34.917930
90.444388 25.821521 26.731410
32.664153 27.969272 29.079353
32.203116 9.402164 33.851013
85.870445 80.217601 28.647763
30.098159 57.759012 31.651516
57.247019 75.242657 26.895951
72.116542 11.386725 32.690757
3.012346 98.382597 25.683814
33.092944 32.767239 27.188197
90.656472 84.141632 37.249846
0.442918 99.134949 35.839231
2.949578 12.010575 25.954939
24.544154 31.982845 30.125519
51.694042 54.881579 29.100404
22.213560 57.774200 34.119286
79.658355 76.311572 31.542913
95.194934 57.013821 32.200530
89.154386 99.709609 35.618189
48.008711 57.326185 27.564888
22.381847 83.695503 32.768547
94.640593 45.245435 36.072154
19.298159 19.910312 26.288856
70.495972 17.227999 34.871253
66.663902 13.175226 30.880632
62.735447 25.736705 36.318583
23.149017 23.018342 30.009992
78.522458 91.818287 36.345519
18.613121 51.075715 31.377849
47.130668 8.007608 26.850893
64.082553 43.684543 33.607675
14.185461 35.016031 31.470755
15.624458 95.803289 27.107676
34.939593 20.686040 31.894282
88.598860 5.213248 30.553852
1.819926 55.012932 35.953280
75.206045 34.689538 37.127160
34.852259 20.306014 25.035813
53.289912 77.325609 26.500220
49.246932 84.552447 36.687506
31.105983 96.297986 28.384347
7.925023 71.563415 26.815190
14.967016 9.891420 36.195118
85.338788 33.148056 31.449120
96.750532 98.232235 36.406283
86.748119 25.647284 30.892786
87.311978 70.016446 29.828380
60.181126 85.759680 34.220979
70.555272 26.620049 36.877759
55.446743 33.853553 30.345782
17.805411 62.190596 37.122701
39.556528 51.825304 36.344442
14.622878 32.079694 36.240615
69.685216 39.479290 36.048555
68.621854 23.167165 34.792476
51.314287 25.542271 33.143064
33.824898 18.617814 36.995973
2.626735 27.617055 31.218069
12.037241 84.034334 26.221855
99.456522 64.345341 32.413042
52.427016 16.059187 31.080868
37.419457 36.722507 25.868097
34.493309 73.016720 31.952076
72.890924 14.317005 26.897097
17.073475 20.218683 30.347278
9.029725 64.927474 36.745843
74.465808 91.658773 28.944595
70.930729 11.662629 26.846384
46.665776 19.118868 31.663427
88.824357 79.020923 35.468138
68.979695 7.758607 30.085824
72.369595 52.499884 25.761661
88.589586 81.973873 29.382068
95.414103 36.348592 34.690892
64.738863 48.772835 30.536773
32.645109 54.985532 35.717095
63.309703 64.138727 29.491619
11.146255 20.416007 25.474816
82.085629 48.604913 30.825090