62.962122 86.150179 34.680441
42.425892 22.402029 29.077735
43.403115 55.227443 27.457609
66.889510 46.110726 35.240988
66.975084 30.293687 33.681946
33.160064 15.661541 33.313926
81.784948 70.203147 26.331621
18.827265 5.800553 32.672117
31.094404 82.105797 32.664491
91.614731 89.295838 36.884505
35.571726 45.187393 26.728900
78.253143 52.651599 26.567605
46.113747 7.010751 32.954441
7.422846 24.681390 25.172054
77.564575 3.159505 27.032203
27.079319 47.023499 27.050980
54.806120 80.748033 33.925429
17.727652 63.516635 27.192155
10.402873 83.736417 30.627566
78.208432 60.935299 34.042789
49.533165 8.893840 32.036265
56.316054 59.479049 28.814777
6.399743 15.877683 29.693595
5.771835 43.002762 37.182097
15.252955 67.322576 31.848872
18.451495 43.252288 29.852460
13.612205 44.300310 35.513490
66.133483 75.295403 34.979204
45.123861 38.132915 32.322323
7.250003 56.803501 35.272209
49.345954 95.309581 28.142263
80.748448 19.850143 27.459501
66.108624 2.203779 32.725524
91.209232 63.226848 37.212533
9.777654 76.884524 37.247745
25.443352 84.811502 31.214263
33.688621 73.668509 28.363395
21.884924 70.912505 30.351058
44.284978 61.011030 32.059334
80.842850 28.138118 30.223080
41.385687 78.496175 35.600313
87.918668 58.059934 29.909558
1.916019 71.250149 25.624100
37.368653 13.728618 30.736548
26.974767 69.469920 36.642253
7.917157 76.659784 29.875309
87.312748 40.975831 25.745734
62.029844 85.001955 32.460881
78.905954 87.084676 34.129478
44.757052 28.934707 30.157443
73.052369 36.954223 25.231725
35.226801 26.881592 26.993802
78.751903 2.754123 26.142246
97.285009 64.614167 28.059312
17.175384 62.578362 28.894755
35.016152 75.026208 36.839702
18.176812 1.527019 26.495062
74.179601 87.469111 36.145767
88.064365 31.049816 30.617796
12.683203 91.794114 32.753308
85.891645 28.033918 34.072512
21.813484 2.917673 25.210118
89.589774 94.187591 35.794086
95.229839 3.281302 36.221710
38.708041 38.305771 34.837533
46.480970 26.246651 27.088376
75.958580 92.057334 33.991003
1.853279 19.503908 25.298744
32.488066 82.641010 35.125958
70.036337 52.931491 25.701933
24.577822 47.263735 25.441951
44.230409 64.077689 33.997397
56.939794 53.059807 35.151466
1.132645 44.793654 34.978830
13.290626 16.560911 35.005289
71.528404 81.771025 25.334764
40.797842 54.853473 26.836142
16.144607 76.615778 29.113352
56.884706 18.902232 34.553481
29.269613 19.676165 25.409494
89.610840 17.902332 27.917892
81.171266 42.845045 27.981747
29.021576 45.761359 35.745778
57.234429 13.820372 29.781092
97.783592 91.250427 36.816525
68.709457 38.101458 27.408886
14.116790 8.106423 34.634962
80.819170 44.197506 29.585192
82.473092 32.094481 34.465327
70.125064 56.842135 32.386541
5.519733 97.199255 34.874650
49.185034 81.724824 34.620155
72.491355 89.283105 25.362255
99.119641 61.208761 32.035634
82.114751 5.071704 25.920206
97.154173 87.392787 25.384258
8.248219 68.794699 32.411939
61.806910 40.283171 33.581349
53.822394 36.779733 27.613063
75.908283 68.615433 26.833802