62.362882 2.099997 36.043778
37.420784 85.306996 37.069372
11.162789 71.128883 35.443177
40.204383 14.636213 30.332515
92.186634 71.368539 37.484075
38.621637 25.786196 25.977904
71.116324 76.653687 27.594792
29.117877 14.503214 26.562618
14.421628 35.118199 25.305952
9.562356 70.641714 36.640407
39.968951 66.987088 25.177673
79.830890 39.043935 26.097726
27.344906 95.467158 30.873017
0.991704 55.007553 35.123329
32.440586 5.077452 26.537984
31.608208 43.534789 26.823638
43.622475 8.992817 28.586615
45.275555 95.364915 31.772294
61.036078 48.094707 33.803823
53.850053 0.330150 31.890525
85.034527 94.395299 26.422707
97.228614 58.088682 36.388483
61.485293 65.696370 27.051132
15.255853 93.349636 26.430187
86.884806 50.187616 29.933420
36.986279 83.294307 25.098573
35.380163 50.948640 35.705161
35.351974 48.500676 33.293442
13.750255 69.216896 27.978818
20.193335 45.529209 37.280544
40.319172 13.288696 29.731296
49.323127 21.846286 33.924569
39.024116 32.805947 27.956105
51.379908 42.850485 28.716504
76.691432 65.080517 31.566645
41.813812 20.146010 28.597049
21.009795 6.076470 28.885711
95.786724 65.927256 35.718438
6.505861 32.171322 35.004029
87.835274 53.832991 26.662813
48.669145 30.095955 25.762087
74.249047 42.511739 30.765644
46.627418 9.939771 28.519035
43.573381 85.406504 29.198174
51.893706 14.962098 32.677391
72.990256 73.734533 34.903700
16.505967 73.877377 32.233394
33.926656 1.064347 36.408817
3.069279 58.623317 27.751193
95.741424 61.941154 29.652436
26.633847 21.243855 33.046544
43.322861 5.445925 25.069272
68.945673 3.047435 27.778580
38.400795 50.043688 29.285862
26.932413 95.881188 29.660976
34.200120 36.685177 30.477232
52.892842 59.961569 33.022389
76.744154 92.844846 25.969832
78.814011 6.387574 36.757175
56.258114 82.476260 29.940653
10.359492 62.994756 34.797501
82.888109 94.135225 37.039837
43.920208 34.623184 33.799365
85.410850 90.139769 27.323395
39.372080 36.559326 33.542125
26.046317 20.325210 25.831872
95.252456 87.574630 35.400444
96.791904 57.421778 35.397480
81.218028 43.559734 28.839059
52.709454 54.567796 33.355669
73.649327 23.294902 32.923478
87.171908 98.344824 35.720345
95.089775 3.913343 32.987023
19.536013 48.676122 37.354784
74.492514 39.560944 31.787760
37.129320 59.458996 31.232268
36.634904 43.464659 32.408672
25.211615 59.290151 32.057519
58.782987 43.425422 37.150972
0.338156 65.774012 34.475949
8.957723 23.094516 32.209857
99.678950 82.046313 30.811293
46.406966 37.947354 35.014744
63.581111 68.900175 32.798502
34.901302 66.502216 32.972842
32.166507 15.831866 25.822756
29.226819 67.046955 36.590186
14.751083 41.247608 25.717047
84.185255 62.599963 34.934898
13.563471 66.768187 25.938059
75.783147 25.611893 35.738268
35.300066 26.290041 27.053017
56.168096 45.556228 26.721839
98.574170 5.694321 25.142941
76.516075 45.960825 28.660803
47.656593 49.814884 27.068031
82.869321 83.704449 32.888389
92.389479 70.931877 28.739087
9.394692 50.569855 29.757600
6.559190 45.565094 35.495702