51.733986 83.146489 35.446465
88.714842 86.090079 28.465971
51.639650 88.788730 36.254480
21.355885 50.094855 35.831831
21.516606 46.417752 31.749670
54.297320 80.424915 32.800714
83.533179 4.751625 28.721626
90.641696 17.310523 35.212957
59.804110 70.595795 36.753398
60.476224 32.612993 27.803719
32.490938 68.542150 27.641180
23.418757 19.339540 33.750451
51.454531 28.035639 33.944276
58.198008 11.557311 36.682744
9.600607 77.067713 33.205017
93.222235 13.655987 33.956065
82.774828 91.566745 37.002206
37.922813 28.177169 37.497407
63.431451 67.305187 33.658397
3.873218 46.609595 28.097819
52.994913 99.633846 33.324218
16.195598 58.739997 32.602140
1.069821 67.504053 31.969315
11.621824 95.809011 29.047241
78.220733 8.511748 36.655134
92.649815 98.887834 31.890517
22.721167 46.839413 25.255228
3.382943 34.412124 32.399963
35.736867 30.553721 35.954594
22.975978 10.839652 36.544927
32.410645 81.633419 30.917610
96.925826 18.767566 31.989113
18.988853 68.710734 35.556749
84.971132 50.537443 26.338537
50.346304 26.870726 27.365798
10.832275 97.457082 25.342694
77.318501 90.472814 35.029301
33.691105 97.103320 26.075136
51.661989 49.229670 33.504272
0.845629 25.559812 35.728216
85.425023 43.055789 36.562897
83.239509 22.362292 36.810455
24.915374 28.799828 37.141874
18.167592 75.687208 28.733333
58.947835 46.353028 32.256570
76.081718 92.283800 28.548458
88.009248 2.283020 27.360925
84.319608 15.732518 27.882801
62.737840 24.034797 37.343850
56.432124 57.630416 30.220240
64.811967 70.521389 29.308430
52.745997 17.112121 30.553059
5.159551 17.582854 35.884597
21.268226 23.865018 26.051451
30.145340 11.277531 30.529320
35.666447 38.570606 25.799285
31.292555 34.989943 37.117664
12.803037 57.822776 34.670366
97.258596 38.769791 29.317706
17.139334 65.780527 34.616414
44.216352 74.200049 34.540963
9.828768 36.212243 31.184577
84.483254 89.454999 34.285922
6.639083 59.965747 30.489632
8.324294 48.173402 36.131547
44.875357 45.034833 36.546766
60.178934 85.048404 25.983624
96.582201 40.293364 30.690301
86.856495 33.690938 36.806406
91.928489 62.211038 29.384707
7.050870 35.236269 32.081842
25.647036 13.066431 30.714316
19.184392 42.825379 36.560743
76.616981 76.738928 26.954935
82.009553 80.306646 28.229660
64.121529 68.764018 35.077601
90.446315 9.780291 37.493704
76.004471 49.474154 37.078025
41.582775 88.776371 35.331043
94.087289 31.139136 35.914504
19.523960 53.922325 33.629068
42.287956 95.147701 33.930073
12.599344 10.185091 32.858354
79.927735 22.118032 29.574845
27.182930 70.915413 25.772190
27.346879 40.196145 31.063489
27.143453 7.185619 34.215183
81.513489 29.693070 32.667543
73.204273 90.522229 28.607516
80.256251 45.511378 33.988083
41.301863 78.568285 26.922730
88.770801 81.771686 26.569038
18.141250 70.551044 31.802646
24.540644 23.278796 33.888229
49.654335 73.063003 36.404342
19.002806 63.713093 31.154063
55.009983 56.325676 33.911757
17.121434 95.330727 34.507495
35.243349 52.207402 28.590011
92.906322 2.859932 30.772141