78.831502 21.464160 34.081522
4.658478 38.074682 26.409222
76.625622 21.559551 30.657539
3.659529 62.869206 32.310236
13.408002 74.122997 26.534756
14.694000 95.226695 27.929719
51.912044 68.012313 31.394455
5.922960 92.955702 30.413155
64.767516 1.117687 28.323255
71.583459 16.544743 30.837645
85.282424 36.804586 33.677248
51.269517 87.838570 34.730523
76.476393 67.465043 31.176114
89.598372 57.416911 28.311480
34.924615 14.367490 27.767437
0.434094 67.581936 31.095646
1.171967 13.700099 31.200515
58.093210 88.582343 27.664866
95.427504 81.308534 32.348841
67.334300 83.469392 37.469118
6.446926 4.149529 30.408318
35.388715 80.974215 35.511209
49.049901 34.035867 37.058715
36.778382 46.555747 33.885131
61.018222 75.648761 36.588443
69.938452 95.034513 29.402704
21.729349 95.634198 35.415067
94.086075 43.306767 29.277975
61.151626 67.909415 27.131315
21.925653 70.091238 36.211373
27.167249 24.160959 29.852236
57.595609 71.156074 29.332618
96.664383 31.667857 35.368385
9.338987 71.518699 33.850053
98.577077 79.894751 31.623730
65.930387 9.579484 31.528913
19.960789 77.501306 30.297001
89.281149 34.823810 28.450240
85.142247 50.497621 32.110277
0.533174 85.506308 37.235086
74.614150 72.168373 31.305486
10.591095 67.213921 30.715820
38.471355 78.341496 34.238319
16.557302 35.080205 36.763720
13.331158 81.966768 30.548462
51.228090 36.911091 36.481151
71.553217 29.573731 30.312041
76.300668 29.570801 27.307275
64.867441 28.746891 30.624806
91.000705 18.176830 28.465248
67.010895 36.490154 25.363794
13.038463 21.166210 36.776850
4.648042 0.142158 26.521191
76.270727 24.925226 32.216267
1.442387 13.425460 29.908143
71.458209 31.903044 26.777158
55.243494 32.584414 36.218359
43.982718 6.950793 26.112167
82.723902 1.537822 26.701969
43.632753 44.271210 26.455182
50.171888 57.227801 29.884423
37.031683 81.627093 28.598759
10.351990 80.021569 31.676143
17.501947 11.829156 32.140774
30.405748 27.658930 36.724431
93.251266 12.167678 25.372900
88.219428 28.262377 34.238605
16.762825 81.629027 36.624217
73.062374 21.204046 32.386336
95.748562 5.262995 27.782771
29.304913 34.829769 34.237250
28.332311 28.569771 32.884221
71.586190 6.957440 32.081820
67.045033 48.310541 34.198268
79.069120 48.641991 35.009136
87.889488 43.608761 25.982894
13.087651 14.698830 36.385675
26.259215 2.361253 33.386654
89.065123 16.299967 34.885212
68.167213 1.824118 33.530772
62.386427 77.983743 34.296222
73.109909 86.348582 27.614656
49.434108 93.923986 32.570920
88.833221 6.837816 33.517265
98.127422 96.783038 25.188370
49.323742 91.588135 31.997910
96.587568 70.011992 36.843203
37.940155 97.811852 26.175871
9.826393 40.733824 32.909603
70.232925 0.373113 29.538065
72.292314 8.425643 27.275847
8.646694 83.786242 25.545967
87.513037 11.944610 25.216667
85.141234 6.578529 29.425473
76.370343 87.208895 31.898518
57.261420 4.361226 27.077575
40.336529 41.877843 31.180132
53.696285 81.890714 29.156318
65.104817 81.150588 37.030395
53.011528 48.719648 25.152973