16.817730 36.932703 36.718821
4.367615 99.345265 37.448832
99.738279 75.788171 36.000636
1.701783 77.232651 35.685266
36.411992 70.758555 29.957699
14.224330 52.977449 36.356176
20.205387 11.053711 25.736612
90.234110 96.121201 32.741413
76.659394 78.149261 31.058817
53.335471 64.569545 29.565645
90.689856 83.106431 26.143285
31.613857 99.517921 28.281456
58.528717 69.611452 36.928137
35.435137 86.212480 36.739547
41.996025 48.810447 36.885939
97.438839 86.411247 25.353791
22.070174 46.443426 27.473231
2.866240 64.227077 36.452490
75.265697 89.890907 27.244933
87.037199 28.881878 34.868824
21.876087 10.850881 25.297497
63.608406 99.128531 34.277331
90.207130 8.750268 27.699577
32.577379 71.533508 31.199820
94.413575 13.513029 29.648667
48.733438 93.611215 29.804472
10.595521 43.428998 36.528982
51.576059 58.413219 30.701819
38.601112 94.942097 33.125035
94.222548 77.957083 29.939684
83.311984 55.755365 28.057522
66.354692 10.067201 33.682918
59.735569 79.478000 27.521466
59.132843 6.168822 36.695151
84.645380 32.944356 27.613643
50.310167 27.360711 29.708855
36.912132 37.104653 33.529842
59.780682 1.103259 32.819597
15.685617 61.206040 35.175814
95.669716 39.343046 28.491150
40.164386 17.899579 26.218167
36.437045 56.004778 32.208828
50.240663 85.593137 30.335582
80.360433 92.179455 26.326837
67.886108 59.834344 37.197229
53.228997 71.697571 33.044512
52.088122 63.236861 31.405148
4.339106 96.715108 36.690693
86.163886 50.485913 26.447213
17.909818 52.927884 29.164762
55.412799 93.393132 26.356041
58.920654 36.733262 31.441341
53.185687 96.918480 26.060971
39.116299 96.842275 34.071506
69.970540 57.936477 35.236081
93.110895 57.841198 31.241106
97.219718 13.840595 27.596157
0.280223 85.994443 29.979802
48.276531 23.391023 25.308144
28.666174 81.598660 34.846346
34.307740 18.971364 27.127148
95.738084 21.877090 26.948475
47.549629 72.231632 25.088283
61.907795 21.191546 34.322344
70.288675 88.022244 36.691446
52.182812 19.029567 35.627794
21.827300 31.725921 36.542422
71.218369 14.856547 25.203998
20.617923 62.137014 28.555618
97.373721 30.705582 32.440470
12.564443 17.780730 25.045443
37.374472 67.798067 36.580228
85.263042 34.567666 28.249511
34.904282 29.808111 33.244192
47.610012 96.407354 27.394952
75.943802 22.904532 27.864971
68.115039 17.032317 29.747398
78.902074 55.230647 36.118068
15.893603 3.608148 31.474329
52.619020 87.665531 25.618363
65.423848 6.956981 35.760540
30.973003 44.087450 30.601368
87.221997 68.419081 36.090592
44.714883 57.967718 34.083762
33.857808 5.030956 34.171175
15.102191 49.462913 34.238211
99.732636 79.123194 31.754078
54.661097 87.014034 37.113548
10.525317 82.213622 33.229760
2.992490 31.711632 25.019512
44.458532 11.486092 33.554674
88.656043 59.225396 25.846983
71.461589 7.823786 36.240978
98.878109 3.188009 31.116731
72.652851 99.344346 36.561722
95.459394 89.346765 31.824924
87.385038 48.807874 30.686837
38.340185 49.059204 25.107670
48.092207 19.438405 36.982589
38.618115 56.051763 36.764010