63.457942 49.575289 25.518034
1.581170 40.627078 32.402232
13.774304 95.152708 37.007380
21.356988 22.811736 35.446546
32.293263 4.724059 32.797692
76.869587 69.136840 35.696958
24.600499 20.549354 30.586230
23.780662 25.804729 26.008718
62.948465 90.271698 26.635246
54.173838 24.583391 34.598280
52.119760 67.794938 28.708058
62.907835 28.468377 33.945696
53.209156 34.696778 25.155524
54.907856 45.298732 27.117681
22.083968 96.010804 35.833490
75.970825 13.679279 36.958747
68.891433 97.129372 29.040796
41.732704 51.010661 32.021594
88.514698 1.286523 31.944552
33.705475 65.190180 34.417632
18.625556 7.766572 31.952590
19.177200 59.394638 31.057563
84.680986 57.913167 32.253382
0.711530 26.615308 26.419654
69.106213 62.627682 27.934386
79.166939 7.603256 33.286448
45.912201 5.421213 25.066957
54.527276 56.230492 32.762466
1.785463 42.001966 27.019777
51.608924 79.921487 37.168600
19.869539 51.032731 28.231338
54.248130 63.809568 30.916523
18.803983 32.926895 30.017347
29.940908 65.134922 35.493153
0.370292 49.094953 32.074634
61.486623 74.640193 29.428439
64.733429 57.545979 30.642569
14.884130 99.627976 25.947313
60.974719 24.155025 27.566226
48.057305 66.104265 29.397567
93.018198 65.214579 25.848140
30.538270 12.976834 32.977701
4.054522 42.171047 26.584234
34.377460 40.018470 26.813387
79.728032 2.043300 34.681313
30.223840 3.014602 28.626296
34.375863 27.257966 34.802271
28.495507 2.071883 36.744288
65.174325 39.251319 29.427487
46.234777 61.147768 30.007635
27.055881 53.650764 26.365142
73.408792 82.892396 31.388034
99.401483 41.425786 27.558884
20.466223 53.339782 33.529232
22.289900 65.306646 37.340418
18.209711 59.116644 36.699046
24.164809 76.405318 32.929980
53.601272 44.294714 26.353660
56.165817 90.169851 25.494915
18.610243 14.121662 27.657434
41.716675 58.608432 35.073077
83.427941 82.423113 28.596475
59.581991 48.360506 34.028997
19.117670 99.876915 28.848067
5.599073 28.097101 33.466133
65.838716 72.760308 27.857532
7.969157 44.640368 26.677226
60.125321 67.582370 29.302871
65.296140 97.879057 29.085735
80.763335 73.553703 26.048959
71.612222 99.990015 27.056601
38.509667 1.965020 37.134648
64.122148 17.533485 35.414751
97.213568 29.293272 25.005210
42.886536 69.486789 27.427551
24.092073 17.615589 25.360195
97.734201 44.052202 28.346652
87.416938 31.261642 27.815538
50.222536 66.834874 26.161405
88.509681 35.881792 31.236659
35.602530 36.616859 31.119657
29.664217 47.125382 33.480662
40.987252 82.285768 30.040138
2.004092 18.849470 30.597351
79.809528 58.675433 31.090085
61.925926 21.214973 26.033477
63.222537 8.836553 29.379911
9.083695 84.145378 35.667289
93.564975 47.647129 27.107314
88.786784 47.934939 33.483964
61.120151 40.441478 30.272186
91.138906 83.938905 26.040471
65.085034 72.580783 31.727519
82.091380 32.401003 33.868166
81.518703 6.753647 27.029877
44.502037 32.452035 33.157573
8.828376 85.587270 37.053662
81.012434 74.280503 31.977396
63.628119 74.183579 33.021187
82.398239 62.258572 32.605479