53.357667 59.947550 25.644857
61.839032 66.404133 30.835476
32.289104 93.348905 32.811369
48.153875 70.731662 31.185742
30.829739 0.636140 30.328256
30.939417 88.281307 25.557588
62.534727 54.072310 33.180250
47.873814 39.519755 27.447096
59.954326 96.629388 31.175932
59.532276 4.335139 27.951487
3.147732 55.107493 34.005596
18.028453 46.591637 36.795028
23.508216 56.009991 33.330843
32.527169 31.516279 30.322343
74.845236 71.455298 30.604826
46.143121 21.013702 35.591891
53.449851 48.969123 37.455725
45.675533 47.920920 33.145710
64.046993 5.028270 35.527746
65.771348 39.667942 25.267557
89.452549 45.882799 34.476729
49.266679 13.766070 35.386659
53.672378 63.981568 27.293622
60.016413 44.551513 33.891297
55.105710 72.558482 26.564566
76.745254 35.271637 31.414819
71.267177 94.108911 34.386538
0.147237 84.213365 35.797843
51.072250 77.251063 34.832753
14.927221 89.197603 28.870106
31.747342 48.205702 25.764573
41.804440 14.436961 32.465668
16.490087 10.600816 25.054997
80.280494 55.892700 26.395895
52.043577 50.539407 36.300313
34.475099 21.611852 33.994783
48.872781 95.836799 34.965798
59.458599 50.492560 34.143791
9.606902 9.655033 26.610925
98.188356 1.938954 36.039858
71.433789 4.335617 34.812822
17.137954 26.746012 28.956760
82.335721 66.007694 29.320263
59.958480 83.578959 36.909813
51.600630 48.981883 33.537950
33.704460 90.373405 28.941618
65.694743 59.374765 33.524821
27.765937 3.675980 32.300170
24.629942 49.979016 36.586213
85.933521 82.644536 26.160089
1.052714 20.680421 35.705714
83.057406 86.126545 25.051319
23.129491 92.891833 34.961099
19.561493 87.291338 28.180234
97.796238 0.090651 33.885864
14.557745 93.329790 25.782233
86.445058 73.042359 34.025099
1.979086 1.811646 36.640314
29.724696 25.740996 35.762506
96.175978 21.019666 35.877445
76.313871 84.678898 27.667270
89.905457 84.276678 26.365038
62.852212 70.188469 27.879526
12.145429 39.052986 35.241840
42.945942 53.487018 34.686449
43.460634 74.799794 31.106543
98.367308 13.648989 37.086727
30.625010 33.561567 25.583607
30.383673 21.991379 36.145108
29.281261 77.465251 36.951027
63.520362 99.594276 26.031917
95.350430 77.070392 33.367076
50.145150 7.016603 32.070600
21.603997 81.614535 34.085091
35.043895 30.709051 26.146640
64.326097 5.778447 27.605984
84.518721 76.920634 31.830236
31.292432 82.923879 34.228320
6.594504 14.924810 35.333477
70.431567 19.634981 25.451965
87.732647 0.507958 36.653300
90.667153 13.745590 34.994573
90.532770 23.958852 25.786058
17.829011 18.085080 30.535824
98.450008 45.557444 25.907385
15.368245 16.001717 29.901074
75.140276 91.484466 34.526877
21.411567 65.484677 32.364658
44.868062 99.193606 31.469967
80.599371 42.411269 27.457331
32.719140 93.612006 36.454535
24.988585 58.767489 34.009834
74.794310 75.475939 37.495879
45.177241 56.243770 25.610112
66.868982 91.213985 29.334386
78.931422 0.684919 32.392933
54.413797 36.301767 34.313277
77.179749 4.129789 29.053221
51.416058 88.326597 35.239015
70.936544 46.891358 29.960677