60.851203 78.112141 27.494754
76.143368 45.330627 27.128504
48.616359 77.340567 33.341152
32.045158 29.553596 35.239948
64.875061 96.338778 27.559475
72.925303 57.015730 26.419557
65.068304 8.946586 35.399596
35.822627 39.903243 36.956381
34.066515 76.770887 26.939642
35.469190 76.234806 32.633907
39.190165 45.482895 29.460044
88.656705 69.547574 33.539381
15.150504 77.909909 27.675889
76.278413 38.196054 33.847204
47.218029 4.583669 29.403896
42.942066 32.089161 29.853897
37.230074 95.614839 32.753187
66.347786 44.368802 27.650665
78.558893 47.574021 31.370237
35.251598 66.684725 26.956961
94.398777 3.192978 26.080188
14.956922 95.349752 35.866013
6.249944 8.017460 26.750361
10.230585 33.437870 29.159989
25.126230 79.577698 31.026189
0.733309 48.161353 29.977547
61.091393 95.258459 29.864406
35.601119 65.704082 27.089053
40.434091 65.283067 27.232957
24.258436 54.076807 36.536835
15.106367 63.930974 37.103188
46.822350 41.032289 37.438534
65.983763 52.956897 37.281361
52.019408 25.442395 35.441239
2.612361 44.843187 37.351037
53.293447 37.887308 25.721773
45.733340 93.227044 32.867319
42.485890 87.785417 34.549354
34.337742 50.131685 32.823682
23.704722 48.066901 30.335473
51.701012 45.356018 28.921985
92.728844 98.146981 36.656272
97.159662 85.097444 30.203087
77.015672 66.858713 35.846008
10.596828 98.435130 25.517339
45.701282 95.934922 27.188914
8.737172 69.005338 31.715240
55.045467 84.010127 32.932787
30.489629 77.574262 36.700807
50.537132 15.634065 34.462806
18.011616 41.539514 37.486114
35.908305 42.774090 27.945035
75.996610 31.419267 25.099343
57.388861 25.593839 26.437290
92.048623 20.439031 30.757249
61.487651 60.775402 33.549196
10.395676 74.156444 31.405757
98.493016 34.178642 26.573510
87.593591 32.277369 36.720334
81.113138 38.646466 31.826958
60.372806 7.945386 30.463788
73.383858 35.332390 30.512457
49.920020 13.636077 33.634953
93.306631 49.826734 29.795368
9.145102 41.997377 26.834433
44.296682 1.985840 25.394782
98.810287 10.304098 37.276398
38.238705 45.288652 29.888887
73.387163 36.584407 33.327904
77.697939 44.831265 36.175370
58.146999 68.963915 31.289466
80.567699 52.257578 27.364019
99.793058 55.244561 31.202344
61.931111 49.903183 25.093661
11.711054 16.174384 30.405840
45.568061 61.627745 27.134422
66.578963 49.291484 32.512216
93.385454 89.385789 30.470488
74.617108 53.969188 36.172203
47.150312 15.645695 32.520081
51.801198 43.410119 35.115739
83.579771 51.717677 31.941296
64.293461 20.822023 27.182878
60.128580 9.389744 25.197828
83.910638 13.202123 25.126003
90.166928 40.427914 29.491009
44.473330 91.611268 35.714664
67.633698 45.674021 34.055278
75.343631 99.737374 28.883801
0.631534 71.092350 32.051276
27.185112 31.840509 31.635180
50.049116 68.048277 29.043006
21.358141 39.449297 35.439919
95.393963 57.783485 29.743908
80.435047 56.275543 35.084183
91.061463 14.379396 28.379651
35.894247 82.282204 37.372208
99.554159 14.900872 35.132063
94.624081 13.308200 33.081622
51.223108 34.122515 27.800076
46.478887 75.193518 36.288976
77.099653 61.651790 37.239165
99.758233 49.886568 25.389983
91.196044 93.648369 31.255873
50.536893 64.649937 28.391554
96.466411 78.821069 25.193791
5.621705 18.057163 35.675454
21.107192 2.638859 27.793948
16.854501 12.128025 31.317282
64.614231 90.065315 36.913994
95.294913 26.380753 37.135148
4.170293 6.012329 30.808035
90.491924 43.783544 35.670910
80.010851 20.733524 30.440730
20.306926 62.972224 37.144356
90.083393 0.390791 31.580872
54.273356 91.875747 33.888951
83.500934 91.016396 35.842721
56.320363 15.561837 32.261595
32.731425 51.217964 33.823941
61.892879 28.355161 33.086928
37.080459 96.781069 34.807833
81.348863 53.882207 27.189314
46.790095 40.473406 32.325175
2.548034 21.990357 32.928531
76.880799 11.960213 27.063299
70.434978 25.152193 26.360035
62.326490 49.862917 33.881324
69.109591 29.774695 32.298688
52.361745 82.854931 26.675579
8.749072 25.504209 26.210587
15.093007 9.743231 31.447094
68.580594 51.761092 26.901143
42.577709 65.844437 32.661465
98.866288 35.477944 32.526105
44.783658 68.237582 34.828459
95.464208 22.548952 34.700276
59.996461 30.664925 32.296832
50.103343 91.606329 33.601806
41.108149 30.156559 34.864395
58.784844 88.910343 26.063986
86.185604 19.193878 32.931577
9.209483 11.477587 33.346532
60.732579 36.355731 30.003041
76.360155 23.090418 34.304731
46.218689 47.461825 33.785687
59.278237 53.593785 28.759473
4.031275 52.682213 34.087531
24.774513 76.155404 35.196179
37.864611 77.805815 26.568070