13.219376 67.362696 27.139740
91.427785 48.375476 31.803634
13.944645 58.994739 31.133196
3.475074 54.961359 36.053397
48.099626 87.427933 28.140395
86.303863 86.763701 36.457059
76.558711 51.902728 31.139068
0.247860 59.518092 31.247951
71.386050 87.742419 28.652945
76.069179 42.971123 25.555306
54.980272 99.717987 31.802685
7.112254 35.758939 37.488266
63.128384 58.518024 35.282158
92.312019 24.940726 35.906160
2.770384 0.556027 32.670375
86.351808 24.007634 26.479828
28.823296 77.560411 35.612243
45.101624 19.692314 33.139748
15.371342 14.803937 33.716115
92.749324 48.288524 25.571316
91.430520 5.452802 31.356556
28.073445 40.858385 34.445656
17.169398 97.552906 26.386603
2.026957 1.802013 31.473693
19.434019 84.828936 27.461589
85.415969 65.670389 35.277670
57.255664 92.090007 32.187565
29.605591 91.463212 30.061774
42.145820 68.853439 25.521517
82.244494 45.046688 32.370022
74.366251 14.035663 30.031291
58.966783 57.646451 29.020502
5.545409 91.510766 27.610587
94.934114 60.111461 37.296830
27.773149 43.478987 26.443903
93.123709 10.316302 28.595214
38.698397 39.462945 33.352167
20.464917 70.504181 33.855765
76.802225 63.834596 36.528791
58.575877 12.537161 30.915901
92.919139 46.476483 32.912029
23.081180 49.303391 36.072233
53.741707 22.777210 36.823278
15.273130 28.287666 35.078944
31.478386 32.468829 33.592730
2.255640 34.204655 35.134605
99.394676 32.426815 33.647646
79.203127 55.773336 25.412625
6.805631 97.961067 32.411878
36.619039 69.330043 35.285878
57.739594 12.231544 34.928300
16.289667 51.885948 34.036722
61.168098 23.591344 34.171309
97.055875 46.503892 36.817277
34.011715 30.895932 31.562333
86.402573 25.142589 26.189670
84.014125 55.133772 33.328420
9.884648 29.461482 34.750169
4.984762 64.394195 28.011518
64.896719 38.815661 29.870673
1.546482 41.624655 27.939586
67.179356 74.801443 28.473609
61.244594 71.566056 26.859000
17.872325 62.631141 37.351761
26.609690 31.946461 26.256413
30.718519 10.339050 36.418569
80.340603 41.851934 26.870779
85.346920 56.574924 33.402923
26.016448 29.229551 37.398238
51.352175 84.585374 28.101475
11.859307 34.089013 28.500058
50.084556 38.273701 30.458225
19.240465 91.556275 29.852468
83.895040 61.286805 32.278959
78.555111 31.113217 27.576431
73.000177 73.216312 30.150010
87.067709 21.917604 27.830123
68.036119 59.249085 25.538728
46.142661 4.221713 26.591325
2.035767 12.001373 28.047122
45.914411 30.019504 34.458997
99.671622 60.139922 36.753530
28.661268 48.543225 26.875030
0.555750 95.520631 30.895575
4.511623 43.355604 31.279046
15.045477 9.720189 28.869147
58.362275 19.080227 30.730798
41.037279 21.670731 31.225265
2.148148 81.322022 31.846560
24.151242 99.644442 35.499705
84.634082 12.400516 32.967845
5.802404 89.478917 31.058871
77.251885 49.147623 31.869648
36.093663 36.584314 32.866340
53.904555 46.625391 33.877553
78.553901 69.942945 29.573293
56.680384 51.050173 34.506210
88.778722 5.734592 26.882932
54.817602 72.222033 33.395918
27.709117 75.057129 27.682571
26.074808 46.949896 29.746153
11.434433 1.196831 30.544119
24.783891 62.546095 27.726336
68.352593 67.189320 31.813937
24.355968 74.913692 25.738798
58.277065 35.984333 34.094553
75.804939 83.754692 28.407710
91.512319 66.897203 32.024290
86.289127 93.135874 33.923051
40.242993 90.431645 26.965797
83.698747 58.674811 25.963496
78.166311 18.866315 35.875104
32.942369 74.859649 27.907830
84.982189 22.417193 37.091815
18.676914 8.289632 28.543513
73.275408 71.024193 26.014943
10.852852 56.413950 34.074717
86.938305 32.032737 35.667365
8.475861 81.534705 25.860907
67.135875 34.010759 36.382123
42.266089 83.567643 32.365278
50.415769 50.188173 36.334490
11.655136 0.539178 25.391951
85.470578 86.483038 32.649753
35.123289 29.389405 31.419269
58.427384 93.684526 31.386710
60.315188 96.485466 29.549901
90.549555 93.899463 28.106007
40.709403 86.730868 29.563377
4.799852 23.159067 28.263925
57.904332 60.307130 32.541017
63.641078 28.644370 31.103802
48.993158 56.881065 35.689914
0.852854 8.750031 33.503143
10.555687 14.193390 26.426586
73.239146 93.888322 37.461077
13.351647 58.545090 29.283471
66.051283 15.199056 30.853267
94.804020 53.525003 34.336712
69.828525 67.392077 29.146207
73.912210 24.456634 26.591326
85.987324 85.034871 28.297734
36.064761 85.488006 31.270704
63.307322 26.306312 30.276194
95.311526 90.960442 30.476399
75.039068 23.910418 34.301820
92.857746 36.576611 32.787504
99.170701 81.207243 29.342478
16.897649 56.489764 29.677933
86.585684 54.371723 33.686088