64.523242 44.787902 28.053166
84.713135 73.586808 31.557826
88.180596 55.955412 29.923334
44.080343 71.322072 27.181717
35.402690 42.135077 33.637502
34.777508 31.422001 33.982128
71.697806 85.323322 32.669240
63.661397 30.780709 28.387109
22.991128 19.794119 36.019526
73.375956 40.122053 28.478315
89.682720 47.006368 33.803010
51.808599 37.449935 30.416961
92.869739 6.997284 26.982235
89.414747 50.992272 30.426234
60.332284 66.419961 36.574706
75.239338 20.139559 36.540374
29.017000 80.467580 30.279075
33.827761 69.734661 37.410856
90.434015 14.248081 36.110553
78.666354 90.889431 28.504520
76.678239 61.528369 27.091056
13.856439 74.445596 29.493752
14.728067 76.517913 30.264666
87.413200 74.290762 28.553177
65.757109 56.166720 34.319018
14.700522 68.175867 28.826942
35.385524 55.613256 32.280025
72.796238 81.627544 35.640318
78.091477 49.150620 37.313397
6.996815 46.440003 33.269779
84.547949 41.527031 32.735726
56.012650 46.213068 34.013181
29.682167 63.942620 28.724899
84.516808 63.107953 27.078201
65.385196 95.217216 27.186049
91.768011 22.534630 34.802720
18.002588 79.177314 33.749471
90.744223 36.693195 33.467034
6.005384 24.590562 32.024580
12.139939 37.610671 29.751022
97.110141 33.820482 28.886362
57.173329 26.430515 35.516390
17.274813 40.707312 36.324320
14.081654 31.619544 35.555630
20.687260 61.484230 31.698082
80.333306 71.228386 33.967592
23.342035 75.092710 35.545751
25.668475 67.241287 28.369399
54.952404 86.684926 25.512378
96.443778 53.287575 37.301888
33.978999 80.679658 28.862727
76.682185 33.327523 32.973423
82.884357 72.353956 32.087247
4.035419 24.312244 29.425759
66.727390 45.743421 36.306035
31.965813 15.428405 30.835152
34.145907 38.799032 31.250941
36.407339 55.078293 34.900042
28.310526 86.257110 36.821742
18.169173 90.961958 31.660627
27.206083 98.617782 35.164057
38.094024 91.970084 28.700057
49.828326 83.453453 35.595734
60.965056 46.974734 27.397003
75.240364 85.483321 36.827632
64.837462 49.174432 29.397974
93.121995 33.968308 31.525096
48.391525 98.742326 31.723109
56.887652 8.509583 33.054100
70.817861 20.770113 26.750615
53.389656 66.512636 35.987868
11.339553 13.290027 28.593243
15.896627 55.082173 36.850888
55.779602 42.209373 28.904443
2.133448 89.954006 31.324192
21.282212 68.557397 35.324794
62.411450 20.088444 26.045049
84.719664 80.352469 28.023720
66.542339 96.157903 26.810938
44.812331 74.644442 34.931115
45.763509 79.245492 36.969771
98.933754 17.428964 28.599560
34.979318 56.996342 29.170313
69.399937 90.796358 26.374973
67.075811 97.858773 32.698845
39.055107 93.467831 33.501666
23.531142 78.515485 34.266841
56.013791 28.156312 27.228447
18.469356 43.634616 36.117307
69.721474 32.380932 36.842832
74.720090 6.204019 31.619752
93.639550 24.175745 28.427179
90.045959 32.986327 32.794831
93.156581 22.976498 32.146290
6.995929 85.582856 34.178564
40.384725 25.972215 28.126452
17.861467 56.272262 32.769723
24.052068 56.441640 32.703553
41.537106 62.298654 29.200929
42.145543 21.659808 29.798301
3.043688 34.270653 30.604508
11.925294 50.011429 29.897508
14.165240 42.508001 35.681969
95.326149 96.147088 31.329202
44.505971 88.473932 29.245692
49.131328 11.360244 35.040330
81.516644 71.629161 25.620049
82.235761 96.455702 37.059333
53.064692 24.245189 30.406387
29.360956 77.967516 29.326372
0.289954 37.993733 34.632234
24.334105 9.251452 31.882233
11.844626 2.921460 30.819729
82.293722 29.433922 34.435203
46.004495 70.530285 32.981593
52.288307 14.082447 29.084278
86.349363 47.773536 26.570280
4.626015 91.604296 28.133263
31.284617 76.229736 33.526953
53.339751 89.527012 26.059430
22.728594 79.814822 27.758956
28.311619 28.735124 33.278700
1.504160 77.288143 31.437394
5.253944 84.876793 33.094141
56.236450 51.057630 37.352587
1.805066 53.771782 35.729450
98.466728 53.653763 26.933934
39.799650 4.830527 28.775440
83.776592 73.161220 27.965642
98.885889 42.497902 28.973963
91.396989 30.281151 36.084527
0.881993 94.862808 36.778285
39.863178 25.221928 28.750070
80.088857 98.687856 32.967811
57.845779 37.669331 25.173679
76.238283 12.892512 29.937381
27.455222 19.688808 36.850931
86.625141 45.691586 35.988567
32.436880 99.353636 36.406641
80.064568 39.776843 28.105220
74.375419 61.827185 34.942974
1.648408 42.503807 30.889269
44.578041 36.719705 35.773548
27.934245 94.205981 32.556003
73.928310 53.415302 28.156442
38.970023 93.653389 27.679776
13.155396 36.349213 31.090944
42.211809 89.818644 34.375206
18.669809 73.072454 28.007004
80.909908 76.166163 33.151999