29.163711 43.876588 30.064875
27.783229 88.415140 33.357434
60.573304 74.992465 33.602254
71.914453 54.579855 28.907338
60.218868 86.210349 32.151639
2.742657 69.984483 26.162203
93.359108 20.237508 27.649206
81.806177 38.928877 33.121874
81.435667 71.184665 29.672037
27.521137 47.379946 28.539829
5.278451 48.812330 36.016279
73.371585 68.415853 31.947995
24.739514 59.373013 29.527999
57.409206 25.708827 35.321112
24.477286 89.897996 32.989974
45.493238 84.209082 25.317580
71.344076 16.779911 28.563576
96.396896 13.419345 31.631533
52.368860 2.533925 25.425841
18.351222 99.699320 35.868232
43.607535 29.214393 26.307575
17.079416 10.645056 35.180516
79.667281 38.288472 31.562032
72.140992 53.468882 33.973408
5.107986 37.684634 37.366934
38.950479 64.447856 30.740640
84.728991 4.377778 30.272113
79.918783 32.772313 35.449727
49.425620 30.461823 31.332203
50.991901 18.452457 37.281980
89.523618 78.999606 35.645558
30.151797 59.657454 31.003810
10.977934 97.577142 26.251981
21.531811 15.194889 33.104952
28.256266 84.445024 32.864140
74.704182 30.860611 29.792491
93.545017 36.763347 35.370771
3.207665 86.527453 31.270778
47.299709 97.917799 34.471848
37.083502 4.835073 25.429636
69.072295 81.297714 26.771382
78.228560 24.180892 29.918303
91.694352 34.370421 31.359105
21.906995 81.855054 37.292754
25.266591 80.851048 35.057772
86.283225 1.250980 27.816156
84.280722 22.021400 29.605742
37.285896 65.211478 37.230109
74.388338 95.722834 35.249128
68.085048 26.415865 36.245886
62.823460 54.250260 31.859352
35.840466 13.759932 29.876675
82.653009 53.285383 30.629204
2.790893 21.508223 30.761316
96.180739 11.153197 34.463790
31.366000 71.699080 37.140258
31.030317 98.323946 32.590760
37.900767 59.967421 32.628268
18.868835 97.485858 34.765521
3.022409 63.907778 27.162176
11.464159 79.713710 26.501840
4.375906 67.098261 29.871738
43.376005 10.980823 33.826806
70.944506 95.611370 34.621635
10.861879 24.367307 29.272366
75.350655 99.391168 32.939713
58.485728 72.140541 36.536801
23.977214 48.825886 30.904723
36.830688 41.392652 33.954750
74.503963 85.891513 30.233741
79.633818 7.313192 34.573244
96.574934 33.502741 36.307986
64.299910 16.052516 35.987822
57.224338 12.849270 34.002964
44.737029 7.645137 29.328216
69.496547 3.505993 29.666030
63.573039 41.733771 28.895673
30.178722 93.039702 27.281721
72.058325 50.215127 36.532579
66.978862 4.565542 36.410454
11.245317 74.082184 31.657102
0.405835 47.557066 30.923868
73.024261 46.786135 32.816875
24.823959 13.445100 31.344652
27.174077 50.186483 28.769321
13.602733 19.780260 31.354583
40.389777 19.842945 29.454553
73.022759 94.432328 34.259915
66.275150 7.658983 34.879982
2.027578 27.629443 30.832970
22.528750 91.640987 33.561141
29.927129 9.659814 26.767195
30.934469 70.035652 31.364830
13.336799 60.593044 32.987625
51.507721 54.397887 32.719223
77.937973 87.783114 29.767801
77.526461 45.675591 27.177962
17.808397 31.851086 36.213452
16.323010 32.753794 27.794619
19.499402 51.023307 32.167923
90.340578 69.206351 29.677767
68.028224 6.595127 34.752757
60.872496 86.725839 30.315493
91.323870 37.072978 34.420857
2.838535 74.341203 34.266227
94.315105 11.320211 29.614956
59.941818 33.525079 25.735853
76.730232 50.706837 25.414422
47.627756 6.054052 26.175250
34.728176 99.224252 30.660734
77.533776 24.760051 33.198516
61.024540 28.146582 27.924615
3.132086 32.268765 32.639417
96.627560 46.666828 33.531417
28.330964 44.348419 32.213793
47.961710 59.452405 25.803445
79.581683 47.169175 30.592951
33.746603 17.099160 32.088506
90.397165 32.094909 28.094039
5.198150 92.164228 33.242903
40.331296 97.384228 30.677747
89.376790 12.382890 35.560200
32.004051 0.770467 35.241126
16.947898 2.024556 34.673177
86.260097 97.188953 28.844149
36.487794 18.126043 36.530279
76.665566 83.287969 34.029176
70.377481 69.280597 34.358575
63.978105 64.971986 34.242626
8.794744 34.253426 36.163156
18.540158 90.210742 36.431227
77.892867 78.789541 37.140964
12.900951 82.029062 30.451167
45.200864 79.689634 35.071616
5.758384 59.495147 30.678342
73.440118 93.458952 27.500458
72.253947 44.858487 29.521469
99.052014 84.570544 36.908775
36.067207 67.997464 29.514501
48.769668 94.024195 29.545064
41.929574 9.558176 33.485804
56.133070 2.852564 30.836424
22.218754 49.563313 35.484600
62.848557 7.894331 25.952634
12.610717 46.653482 37.107311
24.144331 98.723996 35.315805
69.978068 31.969576 32.494018
50.262577 8.887960 30.662122
22.508767 10.179404 32.868525
75.409883 28.727143 31.526444