7.422661 67.820135 31.400950
53.258390 40.651001 34.751084
57.848384 65.662183 25.132811
69.877341 36.794967 33.530765
69.279472 35.486182 37.186303
12.571838 41.323626 25.565911
77.871140 28.476416 32.534998
77.684462 27.284113 35.561180
22.179327 23.592882 33.759569
11.041072 74.584968 30.868991
55.484167 30.774942 36.487458
8.996630 1.208233 26.110185
4.970191 92.138541 33.808629
22.876609 41.653044 34.318405
36.615876 67.405819 32.966433
72.706850 28.564396 37.245767
43.427275 54.194046 34.168991
32.444276 39.096560 35.833365
78.701807 42.809602 32.080101
68.385961 97.186242 35.521238
98.557557 51.185759 33.864854
88.138170 15.539816 35.644880
70.427595 13.834228 31.737713
30.456151 44.407583 29.292847
87.056698 94.170886 34.004354
17.691995 56.762318 32.791872
83.854727 47.124603 30.906670
21.456613 68.799315 26.471757
83.709199 77.164138 33.674781
37.704669 8.232930 34.018683
87.739139 72.419271 36.710935
99.492969 6.591362 37.276609
69.221567 59.088709 36.013574
16.109716 48.984799 36.592566
47.331357 96.430410 27.365105
29.335680 47.292983 34.377400
99.102699 71.542193 29.143787
99.976846 64.981392 35.774104
39.028889 49.127072 34.429241
79.820672 41.281065 25.358581
40.491707 30.136188 26.559510
34.533883 54.317924 27.193236
16.413613 95.223487 36.184152
74.492842 36.271503 33.139568
59.185704 17.918004 33.693812
88.626779 13.832775 27.513981
10.736194 6.293592 26.059380
42.047718 66.277010 27.037855
31.583176 99.009964 28.342595
24.136579 41.777621 28.945223
73.843310 29.827613 34.924768
42.262575 89.015936 32.105529
14.981329 16.547931 33.260111
77.602121 94.803553 32.974712
88.616446 9.918927 32.849432
98.627801 37.752746 36.444512
97.065399 60.936936 33.901961
73.770134 33.022504 26.026953
24.689476 7.822502 26.287536
86.630725 41.043090 35.543462
10.401018 90.680233 31.075415
7.770217 80.314293 34.210848
62.329165 16.862917 28.586036
65.828900 48.024542 29.639802
84.693070 17.437239 29.764654
3.393168 77.325055 30.151396
54.560201 88.119007 26.767611
39.750792 9.961537 32.448504
6.330659 41.786276 29.156986
43.503125 32.879660 28.481167
71.769984 59.602555 27.383882
77.271671 81.356886 33.383396
2.807963 23.985191 34.444527
44.148924 1.233425 37.447611
49.916551 70.538294 29.763908
66.859956 25.873167 35.485291
66.078579 29.312614 25.485277
61.720192 45.097082 36.139317
8.356442 99.210910 30.815925
10.199003 48.268672 32.397692
53.441874 42.539628 25.569225
66.364944 2.442352 28.058079
42.229527 70.319601 29.046625
38.395352 86.600623 30.035300
38.510982 43.716208 35.786057
2.425812 78.235800 33.366477
64.922592 11.634886 37.191097
1.898691 64.747351 27.783122
83.045335 63.136316 32.624975
36.901834 19.354111 29.556416
59.068651 27.762249 26.175629
62.685529 46.937779 35.334964
43.874335 91.860031 29.919555
22.540000 8.180766 28.723056
1.443863 84.005072 32.042292
20.227664 14.065147 36.909074
77.427915 53.078878 31.014447
82.413533 7.496257 33.054085
78.325153 66.951749 27.456831
73.706536 49.481844 35.368496
82.502307 41.073212 25.127488
97.371425 11.098831 30.875695
96.395657 33.092623 27.655748
16.686264 58.343996 33.384115
59.896704 10.749777 37.088858
58.222451 79.976616 31.686347
84.458030 75.247226 33.072541
91.873423 5.464364 32.256485
26.742370 47.043328 26.595529
24.426129 4.627166 32.395194
63.601436 18.672108 31.179740
0.535792 75.739509 25.050208
78.411774 11.245632 32.821938
69.030725 57.296251 28.028556
28.109922 48.239861 36.447222
88.228425 16.243163 31.520807
62.003324 36.907993 32.605266
7.256142 42.250738 31.512621
67.232267 26.081078 36.095487
47.972339 53.176130 27.983372
87.130089 33.313665 36.445013
47.786129 42.541831 26.315582
29.300765 88.357088 26.445074
81.671686 16.373819 25.103304
14.031602 63.543236 34.072634
57.272120 78.810501 33.884948
91.417201 28.690681 28.400180
42.506270 38.276111 34.004307
70.300099 27.578790 27.662655
98.488605 21.732579 30.067758
68.795220 34.419142 33.263735
97.817188 22.841879 36.627229
55.192379 17.755629 25.804181
54.500377 17.469487 28.291134
52.525343 12.319652 28.128055
82.035254 62.676442 32.575428
93.602993 13.180388 29.342006
67.423039 82.793386 26.574111
61.301310 59.642535 29.742526
6.467409 81.994973 34.752101
51.182716 64.329782 31.568565
20.311116 0.267954 35.991169
60.602923 29.840042 37.108810
87.674203 57.809444 27.771410
9.244793 34.908335 36.321362
2.775557 85.927272 32.529585
37.930622 51.287343 28.430205
8.589894 65.363376 36.469951
51.513217 8.775556 36.653261
80.967731 89.288471 28.678510