38.808133 55.005458 36.058475
35.619445 32.331963 32.359035
33.453662 95.186599 33.429066
10.847367 86.274965 28.557358
19.320002 78.029215 33.061954
61.125059 48.814930 29.046362
77.390765 38.460279 30.920209
49.528598 5.872090 36.245900
99.556442 6.921943 32.926448
95.712812 2.877133 31.645131
45.436711 86.658730 25.212384
26.751706 97.732559 29.642514
7.017679 30.771894 28.061428
93.327121 50.862655 29.950880
81.100569 49.399987 27.772626
55.884287 26.005823 34.047704
91.370295 70.668705 25.208691
67.785819 30.621415 37.110496
29.459020 85.870868 35.329661
58.886464 98.167877 28.820035
10.027609 60.745936 31.304840
9.624361 55.695034 28.773060
11.703874 48.146807 34.212281
75.531791 42.827801 34.935829
57.592842 25.047761 34.138048
20.489661 69.212010 37.489629
91.780932 71.703665 36.527737
87.590486 19.730990 34.018371
96.468707 55.100608 37.065378
51.653724 89.188456 26.966253
57.699139 38.329881 36.195552
77.623946 28.272901 35.153148
80.282681 6.300999 31.850201
33.973714 47.163730 35.981083
68.016665 28.159591 29.067542
40.576794 49.639979 33.806319
24.781526 63.258212 29.455935
68.635130 44.920319 32.481809
12.572740 23.339435 25.991422
46.090045 56.048591 36.653187
75.595791 95.025136 30.467041
31.708462 96.234583 26.895100
51.251213 12.254083 28.570037
21.130117 81.761088 28.283095
27.138665 64.258835 34.846881
25.726023 48.974484 37.181050
88.452543 18.515645 28.973279
40.700101 47.507717 25.791482
42.486963 66.081189 27.470607
73.764822 56.321372 26.621246
8.370427 92.841862 29.642241
3.588938 49.223191 35.360302
19.547181 45.142745 31.421848
1.556011 80.803208 30.096082
89.691753 19.315915 28.826068
34.780107 45.032368 34.023400
90.295884 97.238429 32.902134
39.010473 13.794855 31.821218
66.984090 42.995058 31.371098
92.610890 8.916863 26.126235
62.972405 55.299718 35.271166
95.413692 72.838419 26.018186
27.220239 67.986111 32.013560
4.445526 51.745808 34.394615
72.824491 32.152556 30.512799
85.995602 81.366395 30.075069
73.440362 83.145407 37.202793
44.840595 16.630403 36.629003
82.281232 92.911372 25.121598
32.855575 98.744604 31.169688
8.328177 89.983606 25.995553
79.657686 51.352283 32.348014
95.079211 95.743066 31.010257
23.603567 4.665582 27.541868
66.416191 23.285642 34.295918
10.929560 19.903867 25.564376
3.531443 96.831852 27.723854
30.826436 22.319733 32.574148
58.973896 73.471646 33.221349
70.388066 95.097382 28.669325
45.700224 39.479094 34.283174
34.179194 59.338632 34.948674
51.531881 38.457884 37.396746
53.966955 66.526136 31.694077
88.477899 99.836586 33.880336
45.860604 65.331094 33.361468
7.049166 7.055445 35.690541
56.317064 16.558863 35.890867
80.012327 84.418129 27.393951
38.569471 19.896969 36.054292
79.681366 84.251495 28.684815
56.729954 27.238889 31.441956
68.741076 63.605101 28.952149
90.926535 80.412558 34.759981
39.551648 62.502161 31.504535
90.711392 68.343444 35.649645
50.406878 2.327661 32.088019
89.996002 84.222098 34.159068
7.467166 27.441816 30.967155
24.444888 40.822372 37.261200
97.351853 1.082167 35.489464
6.023384 72.492180 26.897349
3.080284 39.912116 27.328338
48.351245 50.851074 29.917357
29.056880 8.815748 29.916392
88.056835 49.045622 26.108914
82.566145 20.177749 37.290877
88.404963 84.719842 31.480020
50.156742 93.951920 28.286993
37.373900 7.832026 25.737200
25.623152 92.601360 31.198043
41.679695 71.377676 31.981045
15.368439 96.312329 31.076873
99.713211 70.667926 25.390529
54.126668 51.557178 35.484968
26.618722 44.267073 32.343802
1.584283 90.067513 30.346315
53.372585 24.215897 29.132773
4.492993 36.467779 26.100770
30.057991 98.842274 25.749893
64.756887 34.372925 36.210068
19.665282 62.501158 32.446883
92.775305 33.360572 28.948978
11.966902 41.873295 25.900690
60.177667 20.236832 31.272220
75.177717 58.738810 36.529146
54.327092 22.828088 35.580890
69.358021 57.623525 33.090430
75.604612 34.451828 35.125943
43.433084 21.258590 36.124123
45.277653 64.023586 32.195418
60.480231 31.949200 31.284223
91.232524 66.822615 35.621752
31.403953 58.232851 29.658067
93.927353 27.084357 30.571297
28.776862 40.599430 29.031688
93.552231 37.483967 25.255778
76.279536 12.350196 28.974764
51.715143 2.038494 27.818229
43.945383 61.260540 32.336240
93.275451 42.040715 36.266876
95.932788 73.714564 33.706916
98.179792 10.816857 32.501120
35.551415 99.252336 26.672698
22.229363 59.187202 32.086584
44.964120 92.398884 26.493253
23.667998 32.686282 31.209206
21.568782 62.887909 27.795264
22.840788 73.496830 32.712732
51.033224 65.610068 29.177679