6.768904 11.689892 27.904533
57.524036 71.554276 36.227881
55.325885 43.604506 36.035426
11.497788 20.542674 26.569638
26.363622 12.531151 32.703890
79.579662 57.222790 26.919900
87.951064 56.185733 35.871602
25.558821 2.745274 27.605390
44.489617 8.713299 28.803492
1.016003 93.583249 32.846516
43.005282 8.983201 29.603593
34.184160 77.602429 29.557444
93.157977 83.950973 35.186830
35.355283 5.592343 29.185012
84.382753 71.455002 27.116330
6.418433 80.578194 34.318929
5.742305 17.439744 32.234146
21.996856 77.557295 25.644979
77.570314 48.859149 31.820544
0.350520 4.086381 25.217136
76.256841 90.379107 27.708857
68.466104 65.747779 25.188120
84.256681 47.026580 27.662633
34.968674 34.359891 30.022981
19.166096 51.807881 35.873869
28.711805 62.149983 26.180967
37.470002 22.146976 26.133452
96.268196 19.281095 28.214252
63.783949 0.145132 35.788551
76.507334 50.199774 30.475912
78.018454 43.307503 32.021826
34.266258 1.448561 36.014827
39.199458 89.136583 29.425639
40.956861 63.362795 31.980930
72.538814 57.868661 36.204544
32.383575 69.396040 25.496382
49.024087 5.940841 36.162352
22.132601 28.089664 35.102565
88.419830 44.182386 32.433167
85.126227 12.394128 30.684492
79.626374 55.123836 32.813391
23.341720 50.311542 36.808304
58.407435 27.656017 26.890217
54.052458 50.692156 30.801293
2.526798 64.794394 28.782920
62.890409 66.583189 36.848772
99.776911 22.759242 34.440089
69.516211 19.781252 32.127549
82.598627 18.818981 32.617686
16.737999 49.340562 28.474317
3.215133 61.141338 36.846284
16.437348 87.324075 36.728049
48.130702 78.141841 37.406802
84.597049 77.766565 35.191415
61.284872 10.930410 32.852800
82.955961 64.007027 34.640651
6.354664 0.936515 32.024389
26.660594 58.060910 36.558249
57.575599 98.330636 32.527041
20.573881 47.734444 31.424890
55.352757 11.712346 30.135722
19.934927 29.529136 29.976469
30.439354 43.014563 37.140343
14.794040 33.184546 25.632874
59.966054 95.397103 32.065904
51.402673 56.497865 35.613335
20.905643 11.792765 32.240590
13.750531 44.032839 35.834013
26.156570 25.638100 31.728401
15.949021 34.287247 35.733801
55.896549 33.732532 30.424282
42.393115 57.205014 30.709833
32.908231 20.760023 28.464184
34.659613 70.648007 26.616868
76.676355 85.882311 34.598775
90.865116 39.185704 31.577501
34.884606 84.351054 27.372367
37.755754 23.688047 26.483845
90.318320 69.955115 27.958798
61.503138 55.620534 29.369087
96.100827 52.759978 25.050837
21.202317 81.608073 28.849173
53.623754 90.953803 34.229239
82.242836 76.024913 26.823771
36.850697 37.226361 29.180083
22.790265 32.186944 31.077145
14.797167 35.957348 25.042781
94.357252 45.743123 27.621131
41.444107 7.193318 37.066572
23.470236 30.276735 29.842041
86.148684 36.438939 30.406853
8.654209 32.767718 35.901746
87.108108 80.033919 36.649527
31.092160 42.857954 26.075349
27.817346 5.115809 27.563353
63.024385 21.499090 32.645173
9.551106 27.995853 31.932194
6.810644 46.579926 28.070287
51.310355 6.580796 37.464995
22.230184 29.889302 27.763875
87.710779 29.120684 31.245045
50.017231 54.752934 29.547357
75.085922 86.179659 30.784262
79.797222 45.563286 28.930273
75.012261 41.595602 33.958295
66.727332 97.630757 35.807916
21.142705 52.551131 30.372110
93.309546 56.700198 25.946885
46.931564 1.410023 34.882339
35.988751 59.058808 32.805999
56.469389 62.932301 33.655106
4.646824 21.674189 28.219143
88.709388 70.226412 33.675845
64.688623 28.756495 37.249956
72.521962 75.866219 33.889258
5.642857 96.479738 34.579375
18.921586 70.286419 33.755539
14.479551 21.901401 31.535299
50.170592 24.496938 29.292424
84.192322 38.567598 33.274073
94.065303 49.348381 35.006071
69.053011 14.123437 36.755122
9.666824 30.067782 30.289947
60.792766 25.253552 35.144456
29.638448 8.005275 27.997336
83.161816 79.904548 35.768801
87.428569 88.549079 34.551487
91.031397 48.462982 27.067268
82.924899 91.178108 34.132270
44.111146 75.770765 32.962007
72.548727 0.094724 33.338352
31.754404 83.673707 30.610619
40.828203 80.385417 27.047007
73.078755 85.258189 35.817276
66.290454 41.744318 37.122893
28.977031 46.322412 31.089471
53.328960 11.897407 27.225866
9.073819 97.514833 25.275948
91.650288 22.461532 36.294001
37.027740 45.535733 34.581673
45.681597 35.740498 26.430559
1.698365 84.485353 27.659713
74.418795 10.301941 29.633307
86.866754 69.570715 28.520277
37.272111 46.297408 32.840650
55.068587 35.456730 35.362136
47.659020 86.331268 33.121198
2.366194 11.358758 31.434495
90.394441 25.368071 36.161487
95.219252 27.643432 33.050693