38.481516 64.964098 28.082441
63.593677 99.220452 34.228175
21.302465 73.170666 34.731979
66.223407 91.884377 26.360834
54.838868 31.095306 30.623516
58.976595 73.829847 35.519979
35.541197 4.471953 31.203794
61.520043 96.649504 32.153115
56.003477 44.220755 33.821155
55.014129 80.795128 30.959374
16.387964 78.881209 37.473391
22.087440 46.824324 32.700796
38.617077 94.414693 30.612362
18.704820 23.311602 33.310161
64.092887 88.876809 30.853248
55.255847 33.469730 32.620318
64.865091 23.790068 30.319408
30.131341 58.899305 31.755789
36.611857 64.454434 27.550152
28.179697 40.284683 34.037089
11.094176 0.199198 33.530046
78.403991 99.817410 27.107029
81.651594 94.353000 27.699173
66.060999 8.699298 35.758725
31.165058 24.030067 28.051237
4.718411 14.534501 33.754080
66.215648 33.279741 34.108363
89.532656 22.592665 29.854014
5.850323 25.258971 25.661360
25.493403 98.892080 35.890353
33.063149 27.074107 28.440812
45.718201 68.157175 33.741741
85.522640 75.644436 28.775628
36.300634 57.892624 26.618768
16.643870 70.267522 29.919473
88.315438 17.524295 35.680009
45.989660 70.986736 31.569575
47.762443 4.372123 30.626534
45.908375 7.225233 33.766146
98.322292 21.100022 29.144876
27.386448 98.179593 33.911510
74.127594 49.010695 27.239383
75.379171 66.786566 27.747624
82.351094 59.825659 31.895242
74.957706 62.764599 33.080147
40.434827 11.340590 30.905089
6.358506 87.943898 36.096967
60.428024 32.688560 28.113753
29.711356 39.078819 33.633415
13.893686 37.357669 37.126276
48.114191 18.117974 35.927793
99.305528 4.392815 33.244670
12.246920 1.221561 32.464119
93.968874 68.101638 25.808464
12.806531 99.375613 29.413484
2.350073 86.893152 34.716511
46.471763 4.773544 32.792547
17.281393 51.305319 29.238651
39.375220 14.899362 27.317052
44.824282 70.470991 26.843692
86.858443 67.977037 28.159847
70.229740 5.120254 28.383282
48.880113 98.944557 30.924591
25.499084 15.155835 36.819106
96.127599 19.418754 36.502827
50.441284 81.855634 37.342544
28.498804 20.019284 30.838761
99.588679 65.303730 27.218370
43.044357 62.738907 36.782140
52.671987 87.289119 25.803179
57.430466 12.068899 34.306868
66.185008 51.993441 30.832886
99.462998 3.820313 27.102102
84.000316 34.274064 37.181930
48.313915 46.650771 29.505264
22.286842 93.260328 33.531182
43.608952 26.222763 27.266225
11.263428 79.602117 35.906165
42.779449 2.357469 33.766866
64.871554 97.436872 31.956071
10.803579 87.945397 35.758871
12.185281 94.469932 34.999823
73.936105 0.821325 28.655490
49.837796 62.974250 28.594927
57.808816 45.610111 27.690572
79.896715 16.956358 34.702182
28.662339 6.383271 30.127804
45.409285 91.669912 28.336200
15.589401 65.969085 34.736003
83.329497 57.929910 33.607146
85.219073 27.632331 30.799483
52.418768 51.136983 33.364082
48.784175 81.299282 29.342605
17.481557 25.216753 32.730354
12.189203 66.906980 26.824738
71.017637 14.539707 28.682589
14.446984 32.233986 36.755686
36.455818 96.741958 36.457384
85.705973 80.139656 25.167960
85.610173 78.421705 34.341349
73.233651 16.829505 26.915154
31.116827 88.072130 30.820746
13.107464 63.269461 32.216377
39.546603 38.110828 25.119662
47.653374 7.626980 34.347911
30.957784 7.505086 25.933508
25.317035 21.318890 28.492201
28.447423 6.226244 33.986965
70.906355 41.366543 37.134684
37.087259 25.061928 36.200482
7.671134 46.709887 30.885220
53.397470 50.742579 35.693904
84.099059 41.009277 32.537416
96.661274 28.119730 37.296407
60.145757 94.445970 32.152351
39.914679 83.988583 30.277824
53.839761 94.282890 25.827717
58.394962 26.299487 35.214853
64.600397 63.128375 29.284726
25.655917 92.248795 29.824308
1.896786 34.558302 31.063618
30.698524 68.007638 36.803970
78.675190 52.650582 28.550508
25.730014 63.529655 30.305152
66.154875 57.728153 35.006092
26.186231 60.474125 27.013308
26.631364 60.753437 26.401703
49.237700 55.256717 34.244868
89.430867 86.915434 35.957475
61.673004 47.691373 26.738837
1.496700 61.068882 34.718522
91.899927 31.089010 32.849679
82.582942 96.118792 30.568687
15.385326 3.082747 31.888957
54.740178 69.839690 33.326335
94.349956 68.493580 36.407752
1.023020 45.628800 34.472139
46.898784 4.304629 32.991516
42.591517 88.332035 32.266552
79.187855 12.846320 37.475627
38.019236 89.252466 29.990249
69.098054 21.106472 27.205429
47.228399 73.026406 27.981335
47.464141 79.743384 28.824428
85.721463 20.791906 31.721713
57.624487 20.260558 29.591790
39.647478 96.479975 32.101637
40.841025 22.402801 30.843835
84.475579 31.116525 26.213487
48.417548 55.265047 27.653146