3.229976 27.642663 34.148356
96.126385 3.865229 36.048982
43.843454 33.332964 31.634717
30.000968 94.068691 28.431465
78.163407 48.999280 31.464599
8.680488 96.849789 31.573811
90.767367 88.707058 27.056907
49.692554 84.866116 28.993298
87.828584 37.648333 32.012111
84.519460 18.928955 33.249455
56.722903 70.456751 35.522331
27.735741 0.130626 28.282483
54.763176 96.852332 25.095550
21.341587 92.474853 26.490649
0.707994 39.417095 29.584839
59.538011 70.922146 28.686065
93.998481 31.174360 29.798360
95.835801 65.452017 34.802932
54.920781 61.665379 37.172227
85.714980 35.749884 27.418680
41.106374 51.242292 28.094894
25.497702 88.136561 33.060608
84.403610 86.708285 25.301562
36.048978 84.671687 28.197986
40.263040 99.131778 28.132529
71.423543 33.758900 27.334379
35.039401 83.052361 25.047282
4.262282 83.049994 27.073661
19.435701 10.208470 29.667273
22.176782 75.164839 25.552328
20.481429 91.739557 29.373635
98.421031 17.768456 28.126339
6.198328 11.123949 25.558288
37.650823 73.630558 31.859341
64.239856 73.148627 33.858199
80.625627 4.966543 35.870378
16.775733 52.843309 25.820488
22.676383 48.076230 26.661523
27.025089 80.587964 37.046127
16.279098 59.839154 33.081714
17.302141 80.359586 35.905025
98.757739 37.974287 32.284422
61.345133 52.381455 32.591894
60.050774 98.646888 25.912179
90.939945 96.133635 25.818635
1.978528 64.475994 33.583672
53.857822 37.644221 36.494312
59.225884 71.762227 29.214346
44.536843 52.204611 36.281138
19.196229 87.313685 26.119804
23.997801 54.840782 29.965080
45.405958 99.271777 27.009203
20.109375 60.972066 35.013665
26.941341 94.660615 31.838648
32.110338 45.840608 29.030644
70.308153 65.350093 27.407619
28.428724 85.431970 35.972563
58.924803 70.943689 26.667707
79.933659 95.884816 27.353546
45.065905 49.780586 34.869645
18.842786 76.026281 32.009411
48.270949 81.638451 30.274779
92.724887 81.482220 33.770613
16.627899 51.677708 27.394271
68.413715 33.401163 32.531376
7.236751 46.055448 32.505123
50.961108 52.075562 32.002008
32.000051 76.997718 30.672973
28.406269 35.421430 29.688398
53.922276 98.834200 29.923336
26.694436 96.449003 37.090314
50.513372 89.686563 34.157242
7.597291 29.342722 29.822968
88.584716 46.546644 32.527544
4.698355 5.424035 31.019567
89.190123 40.786276 32.399290
23.048875 29.744732 33.864330
36.251258 37.719648 30.781194
19.655699 27.837317 31.908751
51.387341 49.961067 37.364785
49.637097 70.286654 32.237777
88.945324 65.987855 35.501743
9.454940 97.648072 32.466660
76.836084 60.347509 31.254715
40.014747 25.895668 26.592127
87.613646 68.509226 34.627429
37.936132 94.853019 29.977287
47.539620 88.350365 25.827147
69.690567 63.476662 27.263281
27.359244 25.774016 28.894753
59.341066 57.823793 29.212355
17.794549 60.293991 26.051876
67.388781 50.996410 27.861249
10.490977 83.498022 35.457121
98.685351 47.122918 27.373129
71.977672 20.409674 36.935893
47.044222 66.503002 29.062368
85.022532 96.512634 30.357513
78.915212 41.997398 27.900486
30.980150 26.821411 25.380505
68.367880 6.908083 34.177980
14.000881 62.217291 29.704560
71.745304 94.686743 33.638596
38.488803 68.557330 26.055102
60.696742 1.834479 25.897916
86.743988 32.072137 27.437242
26.750546 1.422483 26.138960
60.354539 40.218970 30.120337
88.539931 80.713208 35.899538
44.590695 36.141164 30.625890
56.475301 51.239295 34.910042
63.113936 77.481144 32.838169
59.007103 91.221114 33.912066
22.213279 41.211841 27.340947
70.624383 63.755187 32.065516
29.730044 74.927192 26.291774
56.601612 59.240977 25.003854
32.220991 42.408886 25.774223
90.830277 35.103542 29.023370
46.011902 47.237354 27.725683
45.116275 4.322918 34.163661
24.228690 83.170536 37.147489
84.932259 88.724816 31.502213
72.263934 53.097163 27.021907
83.609349 2.249912 32.743724
35.359867 26.618979 25.060500
61.941478 61.752588 28.670647
27.981849 69.419401 36.247067
70.143610 5.388950 26.331931
26.383659 83.996203 29.139933
71.090156 92.797217 29.535490
18.050910 30.713529 29.774739
87.715635 71.415275 30.532834
1.092342 39.450385 27.682343
54.236861 92.199241 29.578910
36.379129 72.555075 26.157717
31.887660 75.382180 31.256348
50.921900 4.394107 36.094039
53.067907 76.944605 30.546153
92.041499 21.342062 35.578230
29.893816 36.629048 29.863054
43.629190 91.736550 34.660327
37.624654 6.730561 25.867579
18.186008 76.342652 33.628970
47.872638 75.850750 37.020559
39.324201 66.663851 35.634544
96.527098 98.043637 29.308461
29.626731 11.355290 36.290215
54.018973 28.413294 31.668067
11.816105 94.118190 29.535190