64.093483 18.154976 35.739826
99.683335 65.892999 33.814147
40.509595 50.009400 32.009134
50.060946 12.330952 25.775699
56.221838 22.275039 36.868500
94.589033 16.262645 27.282649
93.872847 33.891741 29.663654
45.450464 50.872140 31.583806
66.528950 49.730907 36.032131
33.788948 42.436860 29.068448
2.789735 84.495192 32.112684
78.943743 26.234402 32.678639
88.850432 54.636740 36.793335
38.511778 55.478191 34.846461
52.246718 83.547918 25.158458
89.558380 13.474259 25.881162
98.092664 45.790631 35.670142
4.432503 53.182406 29.028367
41.860597 67.415860 27.625881
80.590379 88.856487 31.480847
55.079227 76.077927 25.234530
85.236557 4.371587 29.144127
13.029427 37.461382 30.172516
53.815027 45.004141 28.288874
72.833897 72.871032 26.133514
53.101627 75.392461 34.772346
57.114017 2.581245 36.330479
79.221378 36.761561 31.370536
59.705165 28.411218 35.310642
7.802187 26.832859 32.978132
72.481562 78.726142 37.289106
5.276418 42.919364 32.848653
38.738811 8.840235 33.130616
85.689656 92.925043 30.037814
11.388723 9.201702 30.195064
74.583774 30.492520 34.116176
7.062839 74.479809 35.704724
46.475013 13.418944 27.641321
99.517580 93.998450 33.339061
41.573475 58.480536 25.001303
72.450919 95.767604 30.314813
64.676438 87.738233 28.303306
20.786919 9.122958 33.795024
69.106059 50.044783 33.501545
61.939580 21.927723 25.445986
18.387576 47.873192 28.366298
28.072160 77.571873 26.110827
78.478096 15.334051 34.810078
50.608051 81.469184 30.039922
79.887419 89.093453 27.962662
38.234104 70.040804 34.437656
89.832181 15.872558 33.904580
15.341895 15.048242 32.985830
13.866557 10.408196 31.324539
7.144622 18.492134 34.385501
62.746246 53.018209 29.293076
46.344481 55.873126 34.959712
11.374896 39.413298 27.032747
62.544485 83.083050 31.711345
26.997781 80.277455 33.801350
95.851675 83.467553 27.658738
86.404786 74.927675 36.542461
47.726126 98.969045 36.546749
23.832517 81.747472 27.858941
53.773657 27.531602 30.174917
38.893174 94.720775 33.214674
55.776529 91.073982 36.154537
74.829166 41.880626 34.378202
79.397790 21.416764 34.780784
89.364596 66.363617 35.528190
83.126508 65.732873 31.023082
23.278802 59.323244 33.900287
50.439005 11.942925 28.935162
22.610942 2.585733 25.450107
0.243401 42.680667 27.332960
66.976149 63.692920 30.837320
98.380322 87.763207 36.692710
75.873823 34.751520 33.901794
97.426553 17.589093 25.474844
13.571924 91.415623 29.028105
91.236168 51.513491 35.278428
67.726157 32.453927 31.321643
30.976901 33.249860 37.113919
26.302366 53.334480 31.308675
45.045834 10.929640 25.998465
29.659664 90.783293 33.763130
14.770570 71.036120 29.535776
80.502194 42.880446 27.599558
50.013139 36.086801 36.558508
87.002279 11.616182 37.174795
22.717786 18.310236 26.137870
87.455751 62.833395 36.356228
2.623195 15.915940 29.023105
58.615949 7.887816 27.726169
91.331897 2.418129 30.711320
84.279349 87.409792 32.880977
94.596319 77.006431 27.017814
46.163333 84.370446 35.908343
42.219839 86.406272 35.874939
94.635811 69.025974 27.519148
83.139644 42.254442 25.285443
66.951834 10.780351 32.981201
29.488079 30.848088 27.411963
96.906294 51.547372 29.567760
48.822933 63.780652 30.170319
43.371443 64.753753 25.354535
51.152556 88.311776 30.398963
73.391059 73.958824 34.843899
8.918445 95.552488 32.412933
37.003109 71.397457 31.989242
10.314748 38.923763 34.822606
16.041788 3.584470 30.609522
45.950018 17.521785 28.462237
63.873920 30.557598 25.609493
59.288061 30.511645 35.890286
97.445655 5.241033 31.703461
48.992740 35.346900 30.638354
65.885821 94.025455 30.108803
2.680442 77.840394 36.604870
57.887999 43.519979 32.979536
78.798245 13.700862 28.323924
19.046936 9.173232 32.299677
85.050301 13.201343 27.890028
90.701822 21.009343 30.315817
55.857515 18.134212 34.548495
73.637005 92.802970 35.097388
31.484562 8.629637 36.966666
79.933280 66.826539 33.505261
75.536616 31.100302 37.092925
7.377879 10.159595 33.298509
30.106974 91.601267 31.272321
54.549519 87.617010 30.218084
69.480134 49.126524 26.283182
91.831412 59.466496 33.879408
28.332866 37.634845 27.795439
15.638555 42.163223 29.872440
79.203791 82.223927 31.630071
26.211413 95.981222 25.769344
32.276447 57.500880 36.965257
96.039218 54.207561 33.205325
17.153319 94.374864 28.147505
98.378576 21.865301 26.427910
77.062822 27.694390 27.481793
45.935754 79.167120 32.218339
56.018450 12.651352 35.341162
22.592127 86.444510 37.011050
96.759689 8.080728 26.825781
40.502167 12.903991 34.117116
92.854064 22.659563 31.949977
21.371440 27.375599 25.204123