33.331719 94.476257 31.270777
57.134935 35.305930 37.321144
44.549159 79.801525 31.783966
74.996021 55.594097 34.306716
53.619965 28.543628 31.104036
74.756618 16.383604 31.877558
56.166476 64.485358 33.982121
43.594040 63.658719 25.207212
79.522102 23.658872 34.840371
89.149286 43.681312 34.775445
84.900413 48.350815 28.579656
31.772626 54.579225 37.024903
78.729495 96.876929 30.434222
61.764274 15.668109 33.232271
92.528658 71.035387 27.245149
8.240055 15.232246 26.719366
85.473666 2.932182 36.594261
85.347280 42.646480 31.911296
56.568369 66.123840 27.680872
33.850644 23.446619 37.107812
38.816248 28.085215 36.175781
36.228439 77.046746 33.178387
62.751150 35.223309 25.048868
79.960399 98.398380 26.297610
92.730927 77.703568 31.636182
4.641205 78.179318 32.936734
52.676423 80.178105 26.862638
56.834659 98.606802 35.720685
49.457435 37.858184 26.486520
94.963362 14.485398 33.333258
8.377368 97.834232 26.090320
30.522569 43.035745 31.364505
71.869123 61.958136 34.915845
82.550378 4.374946 30.114328
91.117690 96.072474 33.770123
85.469031 18.252298 36.940388
50.183418 35.974676 31.047268
39.873624 75.638973 36.615859
3.135395 82.659794 35.153190
72.559664 71.220654 27.098820
38.420817 24.685232 35.186085
25.046064 92.393186 30.954244
32.878980 58.016212 33.620144
15.707217 71.577668 28.364158
31.885913 24.435898 29.851362
19.755131 15.678338 31.990331
39.675754 36.490110 29.575283
58.073180 97.186924 30.390511
22.392036 91.349799 35.275599
25.783726 93.498924 31.209548
68.379896 53.476601 26.366162
30.847072 0.711649 36.837533
63.456403 47.795745 36.024863
15.556621 18.376471 32.041470
27.636983 64.036347 27.201287
60.030215 82.641215 34.981045
46.506524 50.576268 30.755622
12.230560 85.156001 34.481254
50.969840 11.524107 25.669721
80.123414 93.114983 32.410151
65.249142 20.226249 27.719971
39.763928 36.422406 25.193645
58.839413 27.009138 36.332164
42.453481 27.682211 30.133536
25.317080 28.475506 29.597126
48.575978 22.191581 36.719810
21.791621 55.337992 32.976782
87.814029 62.633017 26.907522
65.772569 71.827834 25.914097
84.637035 38.637369 32.823319
37.719946 95.309531 25.705434
5.315297 44.589727 36.334751
35.884077 68.821528 25.594665
10.495851 67.573064 29.340215
71.718217 87.723137 29.383113
6.613899 49.121068 33.551077
21.729073 80.375217 36.567736
17.761221 31.468683 32.498616
62.838297 32.187938 35.842744
50.931192 31.477133 29.501401
5.949844 27.446585 28.437858
49.853893 70.103755 34.614960
56.356154 0.134935 34.954716
65.667893 86.448732 25.542105
47.490846 12.942754 30.283179
95.108696 29.703920 31.997512
97.467131 53.094533 36.647972
17.674939 65.202716 37.174689
44.532150 78.056228 31.676182
49.735517 74.751892 31.682480
97.003550 83.705836 30.563638
68.206384 77.404103 35.068280
84.962683 99.721901 28.034128
24.114089 79.672435 31.474777
34.917709 98.453818 32.360953
37.447088 80.309843 33.521957
37.289930 75.648804 33.592881
55.357425 32.089346 33.314286
10.199898 39.451576 31.436990
0.435463 73.615684 31.775131
2.531825 66.613519 26.446683
30.726599 57.403963 26.069648
2.807631 81.634195 27.948396
46.009218 79.144581 32.225894
66.076436 19.772071 35.708554
56.162912 81.922466 28.450482
36.164913 45.341429 26.527888
4.022628 57.353200 31.364243
16.378223 54.876403 25.756161
57.549522 63.378286 30.946804
18.967367 31.355251 35.360554
77.020444 61.432295 36.496094
32.373085 51.316667 32.101440
47.697013 38.757888 37.108598
16.646464 78.390466 30.494674
95.860603 34.989615 29.435011
42.469428 70.267012 33.232020
51.099479 54.389668 33.569311
24.097897 73.330483 33.259906
7.472182 6.003940 32.827658
40.070570 44.636605 28.492486
38.265307 93.753113 36.953003
84.854390 48.279675 34.084409
27.606026 44.518745 36.277048
12.054484 3.928793 37.168357
99.294059 55.327502 32.583370
25.025650 85.171202 35.986304
71.125143 35.488238 26.080992
35.968600 68.760356 32.611244
0.005757 42.271762 31.690124
26.691203 28.242480 37.148217
18.880035 1.258537 26.598979
28.066520 30.692570 32.944850
39.310125 89.649926 36.650192
11.265388 24.139090 30.056179
19.257392 9.284538 30.569393
5.303632 36.327538 26.627649
7.943284 9.369304 37.208192
99.117845 25.263439 30.479704
61.528918 59.840515 32.604341
61.807395 81.425570 37.350089
99.933314 86.832851 31.946908
8.550574 99.224477 25.481811
6.932162 68.905041 32.404689
4.405622 4.186629 27.616560
42.982888 4.598615 32.370434
53.091054 37.219677 31.862920
41.920246 57.073877 32.851693
8.127069 77.897313 27.468509
55.665876 86.452092 29.046863