63.472826 35.338625 35.912502
27.308300 85.032954 27.048114
56.887875 10.477353 34.118151
20.219895 20.761036 32.779945
6.015282 87.107692 31.451471
96.390621 41.791298 25.495323
57.545449 25.186995 37.089039
33.417834 97.659934 31.195739
11.376250 50.195813 34.997620
54.132091 52.265166 27.112342
25.017485 0.515046 33.977845
80.968182 7.285127 37.002055
93.404927 11.708129 25.835870
96.018030 60.362393 37.187780
16.675635 37.110661 31.301746
56.859206 12.754824 28.736596
4.617755 41.335559 29.199622
17.699021 62.510735 26.879122
24.867381 40.180274 27.380526
66.117765 38.903339 34.229666
86.852324 76.667014 28.868688
42.683210 7.837579 33.958518
88.724463 37.521607 35.551291
69.344301 90.759590 27.867838
13.726220 5.206817 36.243796
66.039294 76.697217 29.728074
12.161947 77.097100 27.951961
87.228285 46.238645 26.517540
86.567762 46.627440 30.361988
69.412821 8.908224 29.345695
82.792495 74.309971 34.062187
27.770454 4.297092 27.925667
78.944184 17.205149 34.602955
22.642695 57.010277 34.006348
44.414117 89.483711 32.899454
21.238929 86.464250 28.269872
66.735938 56.688242 31.589894
58.891308 74.377367 25.906988
58.160580 72.540385 34.157982
42.708433 97.399244 31.185023
52.614425 96.990814 25.847619
55.567451 8.245451 27.760716
41.108419 86.867890 34.251041
35.960456 0.428507 28.731353
60.501028 78.219499 27.980413
83.932085 50.455356 27.025320
54.524268 90.072898 29.429209
40.785732 63.991108 29.007550
69.305240 34.590732 26.104551
56.867978 41.494460 25.015305
70.949105 30.422586 35.937760
28.584989 40.932697 28.298676
85.285548 19.404346 26.804293
62.888827 2.270046 26.286070
43.581888 98.827283 34.165193
78.271038 34.712208 36.299353
11.437300 90.509513 35.923752
83.080133 15.309267 36.283785
73.127648 55.663231 26.555554
82.913927 9.608491 35.895808
66.910367 3.689880 28.189672
20.135552 35.331033 29.468971
42.430987 64.913642 26.051037
54.847916 73.760445 36.622670
20.266388 82.319215 27.030380
64.121274 66.733976 28.055907
97.580101 93.835854 36.952913
33.079185 44.849729 36.325483
20.110784 68.558859 27.229072
54.570309 75.367356 25.992505
35.169948 80.860008 30.981714
38.486115 10.805231 31.428987
35.171551 29.516660 33.774945
57.722338 1.606293 28.058715
22.984483 5.308211 27.807870
9.352016 96.532431 26.184806
34.188678 80.039238 33.559900
81.134183 7.486128 33.689412
59.065217 7.642155 32.401410
24.980005 99.092253 34.797068
20.941634 61.515620 33.976145
94.620788 68.256294 35.085187
67.799831 89.884608 29.204972
13.024303 53.137453 28.094879
75.367436 75.388043 30.615942
75.018399 93.464210 28.909668
57.125454 87.571779 28.547069
46.493202 41.044520 35.246765
65.999259 60.811912 37.097899
31.209821 92.436151 35.056051
71.752034 83.201615 37.404844
33.277416 55.506589 27.463186
11.357185 13.733016 29.532390
2.541667 71.245470 35.404095
68.374781 4.995219 36.002604
26.329772 43.017172 27.412553
98.791554 23.541066 30.210193
74.427081 74.080978 33.481219
60.147582 44.189270 28.058038
41.539261 27.524018 32.845422
8.097378 16.177385 33.307831
63.123346 57.706374 34.972579
74.415174 84.229596 28.409529
77.511266 79.799452 25.867733
5.793977 84.201771 30.948411
68.810307 36.808070 27.126915
9.565222 20.438353 28.741559
80.155437 59.133745 33.161214
25.869302 10.720602 27.899875
75.915253 12.129792 27.675556
65.572263 2.832169 29.791320
35.193495 5.631720 31.977613
98.910688 29.823787 30.384698
50.685578 10.872387 27.917355
21.452412 64.183181 31.068150
93.323905 23.877287 26.729177
85.479952 84.660374 30.326199
33.700666 34.127293 34.871815
10.687430 91.704458 34.504046
7.245260 9.962943 34.561977
77.562509 90.411270 29.142562
70.973313 50.062938 32.549315
30.849715 12.819276 34.817458
92.696234 37.601671 35.823724
12.819218 4.992761 28.309078
89.836003 98.481877 27.257678
47.850376 92.931939 31.875789
40.792969 42.342873 35.327135
44.621620 41.262005 37.301148
27.816608 99.794884 34.666355
95.637322 99.350369 29.619405
43.046135 84.226118 33.465663
97.549755 96.916295 35.511408
34.506816 73.246065 34.753828
4.316079 71.156285 25.543057
47.978918 65.378485 33.528909
38.419003 31.013897 29.595133
23.785223 48.336072 32.334426
84.466892 4.047539 33.113406
24.432858 84.368128 30.852662
90.884818 10.738892 34.604137
73.399263 58.455695 31.439532
78.181589 77.206380 33.471263
31.745018 35.155032 28.188740
84.947520 72.935416 31.334900
0.969909 87.018159 30.938022
77.846585 21.383646 32.098780
54.595613 87.622363 37.467083
18.052271 59.315504 36.233398
94.267653 77.286074 35.733515