24.384214 76.142197 30.721865
82.316019 89.286375 35.002254
53.091778 63.309334 27.412805
28.794185 86.877765 33.434751
78.238457 44.156275 32.203466
34.252756 46.524531 33.128445
89.633480 8.351733 27.889730
16.491535 97.064184 27.629761
27.043025 21.848350 35.726932
98.875691 40.367703 37.422751
41.613423 33.723314 27.348281
62.709531 37.135174 30.394595
85.265314 5.648103 32.413170
79.342884 87.034514 31.190237
48.131982 85.046255 27.996747
9.623572 60.271406 26.828079
49.472630 65.108956 26.461003
47.556262 73.154790 26.105915
64.606641 79.725160 26.180561
41.182354 22.488228 26.918065
54.903096 86.604722 28.722099
8.471132 26.312479 25.780298
93.813664 23.872293 35.198465
74.703410 11.450208 29.330928
30.926042 49.192938 33.226817
26.374400 17.756768 26.708904
67.401257 86.577799 25.440850
27.066614 6.576836 27.407175
4.590559 75.996025 34.332804
36.676246 59.448661 31.478856
11.937185 53.969763 32.779720
25.935116 53.817858 31.379165
37.030510 91.820180 32.148040
62.366579 14.755285 29.392949
71.645688 50.285631 35.530147
28.707419 19.758650 27.536586
30.692936 91.871884 28.511322
25.817793 4.054958 30.128265
78.997257 90.996456 31.799385
95.169273 9.722875 36.233129
90.451418 13.570320 34.344689
19.812446 69.956947 36.549022
34.377502 96.000381 33.603585
60.879844 51.816826 35.212637
45.165537 41.617289 25.837471
49.229221 38.380973 29.486911
21.827816 24.705363 33.301896
62.150591 67.492103 35.039287
59.776839 12.390956 35.567236
46.398976 58.167664 25.743291
85.921312 8.194394 28.761854
22.351879 0.410527 36.055237
80.859747 67.754618 26.575016
88.939736 94.919047 29.797797
85.924189 61.392349 31.223087
24.176630 2.175847 33.479922
34.794111 81.173344 29.386709
57.450195 37.528218 31.648348
53.197102 28.951270 28.181284
37.591616 50.548328 31.383056
14.441144 37.836544 26.473142
25.913241 75.417722 29.353956
77.231174 9.203001 28.240042
85.126687 34.418727 30.133907
92.008586 36.535374 27.809048
71.730107 47.868066 28.542403
51.034750 74.827521 28.363779
11.151375 17.337113 32.861518
11.662994 95.908251 30.104723
92.801156 74.715284 32.826896
69.259128 97.838741 34.524206
47.283601 35.068355 28.539235
5.351434 5.070086 31.066126
76.930654 90.118752 31.316663
53.186767 31.199277 34.771854
42.646591 29.894732 35.077447
34.851211 52.195705 33.809987
71.544955 9.951217 34.379299
17.408872 42.482185 32.236882
26.063826 93.787808 34.204207
56.028079 66.918317 26.944329
88.867393 49.916332 33.453312
71.753904 68.357259 26.550433
14.678175 52.759934 28.386177
98.303487 2.000430 25.459729
26.707629 0.970591 26.219332
6.762942 83.258622 31.565143
5.177492 16.925063 30.432990
92.183599 37.134375 37.194801
60.859654 34.456651 27.754126
35.224129 78.304624 30.514975
95.149142 1.825445 27.686558
15.613996 33.486804 32.061456
65.677233 18.565858 32.560325
38.645267 28.479138 33.210539
19.214690 43.869715 30.656371
32.318835 46.415888 35.216925
34.188036 94.508540 36.668107
91.897011 83.738000 27.357442
99.982534 62.640691 32.048194
79.831603 53.641098 32.237818
52.192004 12.334690 31.493467
91.715822 17.215980 28.818599
75.622635 58.449124 32.607536
89.082039 78.708107 33.913663
48.726678 40.382290 36.523191
63.788125 68.018079 36.133662
12.926987 73.361227 37.388929
52.723481 73.967797 34.652085
14.591123 7.332163 26.393710
53.858890 77.330225 31.723626
16.714197 9.104748 29.356008
11.783571 51.497463 34.373791
11.961481 99.801753 30.068902
45.031729 7.010343 30.818255
48.354511 56.774184 36.474388
4.291177 3.542924 25.973177
59.446592 12.068218 33.208214
55.040730 24.742911 30.059686
48.187466 30.249725 30.691304
0.393343 74.154154 36.594455
41.237586 71.147736 30.662860
70.404877 9.714385 32.628088
97.798767 78.358316 28.813108
53.854986 47.356540 32.775769
1.515779 3.457317 29.746554
59.301998 66.763246 28.353114
0.564908 60.751576 35.252955
25.203733 61.855498 27.975429
47.128557 55.764994 28.439115
37.777494 86.097205 26.187010
92.773493 90.415217 33.002355
85.731431 89.922328 30.515160
57.087099 15.064823 34.818018
57.748186 84.225662 37.009296
44.287123 8.209235 36.548085
55.204048 77.867505 26.715704
95.829964 75.136721 25.573389
39.802198 40.498593 32.743815
88.214001 60.811569 36.876254
92.913088 60.302017 28.702508
29.444364 96.424068 35.426792
33.318868 51.192036 31.072148
51.896704 71.693776 25.714602
67.430961 45.764691 31.298316
1.438839 52.796752 29.398156
4.193844 36.728078 32.268146
93.096238 52.649274 29.812005
21.701548 29.087614 25.243699
80.372188 6.853115 29.288389