16.509307 78.803734 29.097376
62.741033 33.135450 28.825914
36.970467 37.159640 26.172018
39.016932 48.618872 25.262478
3.714789 62.737838 37.307290
1.138609 32.351697 37.263579
15.446029 44.734579 29.296315
18.599487 14.451628 34.195867
9.820702 97.759647 31.682089
13.530681 87.287369 36.772680
79.102102 12.956866 35.792362
75.297043 65.926767 29.249189
82.315111 11.774602 26.378954
54.657547 88.391699 33.282103
28.736510 75.178130 28.566715
6.220259 19.423648 25.327695
19.514376 16.994909 28.922641
23.472096 65.586919 28.902430
79.323333 96.995043 25.262155
0.676928 96.494550 35.990252
64.386675 60.848173 25.985438
22.065275 77.526158 33.516629
90.012154 67.085422 25.934461
46.533755 81.047868 37.275481
49.339975 33.729889 33.324391
5.567475 34.425255 34.194005
15.491857 20.582074 34.240509
97.538039 34.242085 25.056106
65.473757 68.797724 36.966170
23.406140 42.563514 28.833532
80.020193 80.349093 28.016819
43.118671 28.313066 28.229787
78.112234 22.780349 34.922779
51.410614 32.309827 36.583526
58.406247 43.532603 33.317839
51.960495 41.586040 28.890324
5.734885 23.816376 35.796724
22.783230 72.780124 30.128304
23.520509 82.539312 27.491656
93.559299 11.175860 26.127653
34.270544 79.776266 26.296753
85.648752 9.296768 25.839032
68.703033 94.070281 34.514529
36.380237 91.276641 27.518598
29.631110 50.569646 34.936377
67.389737 38.892119 27.487157
55.646546 24.722884 30.795979
80.914167 95.632816 30.223272
47.981671 5.958955 34.621301
92.905365 28.410279 31.902301
56.869531 76.071713 25.379087
34.335258 28.741013 30.095511
70.926088 43.729909 29.870539
38.122081 70.991719 34.636235
60.173470 16.450136 28.982612
99.597769 81.206719 30.999290
28.588499 74.054468 25.825494
13.530654 63.507537 37.069300
72.114608 69.287758 31.750442
12.513523 71.605437 30.607230
64.928444 98.486675 32.377950
29.388702 21.436032 32.347362
93.559411 77.912702 34.990694
66.355384 87.520064 27.591364
37.538329 1.699277 27.112301
7.485792 65.589192 26.284970
2.538164 52.495405 32.880077
12.045557 16.846591 33.907149
77.923833 98.120337 29.036077
61.810038 4.111708 27.267011
61.369243 99.685366 35.224068
9.351788 62.863670 35.484412
43.202338 77.682621 25.094974
99.209669 57.025031 31.338488
66.119477 30.622105 33.340942
39.179092 53.523635 29.449229
40.671876 35.094570 25.933629
84.526334 78.792008 26.699221
30.375113 94.535369 33.404756
1.137375 36.071456 28.689201
10.046160 33.384288 25.132204
43.729998 61.711211 33.481074
44.575372 24.162383 26.553952
23.630520 98.150200 33.082148
8.213875 88.481855 33.030443
38.754169 22.966737 34.113463
4.225197 29.539913 27.553510
49.783673 22.433577 26.131812
40.534732 25.509022 31.180632
96.829864 80.372076 32.582588
53.408117 83.067364 32.501897
0.249559 68.788862 27.194531
95.164517 3.338413 32.663920
85.797373 70.430909 36.630722
55.143992 16.086512 33.046895
29.902960 1.092906 35.043838
8.253575 40.435285 35.707016
9.992813 95.887769 31.002759
76.876231 29.927949 25.435690
11.654334 75.003636 28.990960
5.848334 44.492001 29.604381
46.305273 53.144559 36.016221
32.594962 71.478868 33.253230
8.892194 54.757794 36.835418
64.098588 68.786326 27.999596
95.139174 47.142705 36.918943
7.293898 0.529704 27.539003
4.953624 88.381092 29.858775
99.908911 27.057408 32.148084
1.305206 66.454183 32.861426
88.048052 5.027796 33.673838
17.349104 16.840054 28.379200
74.936880 81.043768 27.909558
0.991023 97.484474 25.703198
22.722881 82.606781 33.326728
69.467580 45.159364 26.536047
14.661580 56.541097 25.273035
11.804498 23.564348 28.543327
12.471340 2.377182 31.488195
67.801413 40.987900 33.795784
68.906393 68.014859 33.225434
71.832306 31.498326 28.596081
8.837288 51.060390 26.304681
78.962700 28.738927 36.733568
58.973848 38.949278 29.957509
99.107064 77.377688 31.233267
1.226717 0.824351 36.541630
65.002400 64.455852 25.245459
79.665546 97.561210 35.096849
8.280934 55.512657 33.325214
43.703651 56.845600 32.202498
76.318561 31.326746 33.988598
52.631172 31.841043 37.419289
35.447338 91.292681 32.530300
95.787664 18.640711 35.472805
55.243030 40.729212 37.301406
74.266177 48.981713 29.338100
86.429644 66.652743 29.305888
91.247104 94.064399 30.052866
66.572880 45.833493 34.277392
80.715829 36.360907 29.098942
85.087842 52.228841 30.635559
41.011957 33.922057 26.698379
89.089904 68.505109 35.584252
41.747538 20.348552 37.355368
87.074494 89.748057 36.832076
89.800830 71.185590 34.300936
85.444210 11.754309 28.940584
54.650225 45.890050 32.155264
18.423135 59.726349 30.615496
87.606594 19.640987 36.607905
43.165018 26.978192 31.462091
34.693042 63.284826 31.798536
74.414988 72.025507 31.882454
92.735728 72.186181 35.002603
41.756800 5.698606 30.512607
48.730242 5.197220 36.457801
9.845783 18.348920 32.403042
49.838695 71.996884 28.673164
8.240088 68.037908 34.157299
25.335069 44.163462 35.856285
31.833572 64.891674 26.757755
23.045337 1.477146 31.368694
49.821290 57.895293 37.128392
5.961005 74.648320 29.797869
57.412913 51.423477 34.989583
83.453360 3.954521 31.295840
77.120057 84.662456 35.299250
16.651867 36.496680 32.365340
78.988667 6.821413 34.335821
72.981138 81.527293 29.468774
80.714304 51.621808 29.746883
51.766213 15.840274 35.582433
47.630730 3.180980 36.153162
86.460562 11.674356 26.250920
61.117345 98.611813 33.378505
76.861922 46.204839 32.763984
11.433731 21.867088 33.484098
4.016937 63.901683 26.713230
82.755998 56.405064 29.288354
41.447482 31.525274 30.370177
43.773796 27.792405 29.964794
91.882383 1.176175 28.630277
82.713446 51.953941 27.683328
78.568735 49.569263 32.625208
70.069041 32.322068 37.323644
33.072800 13.264380 32.725071
81.697206 78.884624 33.964235
52.841754 51.493355 26.623207
45.750255 58.189906 35.172407
54.744390 42.186723 35.360929
48.935629 81.766387 34.073895
30.477450 0.689309 30.163026
3.100195 71.101224 35.811807
49.039186 21.583608 27.848148
60.291922 83.692158 26.329256
71.279792 2.706527 28.102407
53.274286 40.537249 26.544097
87.137087 61.492085 35.988231
68.255731 91.054505 31.196765