18.327206 37.772329 27.492723
24.970031 55.269457 31.345895
2.586418 18.005787 28.318666
5.246832 25.787116 29.917453
60.725756 16.874678 28.435164
87.664794 94.135426 28.823717
51.073272 50.643923 31.133563
24.672230 12.866842 25.754894
18.273513 16.764500 27.880743
12.928418 39.805204 30.860265
5.329400 74.795878 25.145322
23.073958 64.266442 27.719894
35.841735 90.511360 27.737878
9.480656 63.197737 25.853821
42.698590 99.638670 32.261506
93.306307 55.605116 32.626183
4.724340 52.755945 28.640554
60.074967 57.009320 37.086026
59.490484 18.259766 36.840957
80.374417 69.484983 37.247085
32.091293 12.300950 36.570417
12.175218 67.101611 32.022631
43.467987 75.457738 27.666958
0.186204 68.118004 35.796577
70.367190 81.484739 27.284447
2.112613 71.078682 30.610529
73.910355 1.210189 28.496830
49.712419 2.587139 34.560079
58.972969 59.889879 30.288656
67.142398 61.971513 28.088255
27.228173 85.759432 28.231051
68.717018 25.408666 37.106222
35.559259 20.694000 29.971924
78.730513 51.814430 26.596892
93.651861 15.248451 27.095854
91.802532 24.220377 35.699992
60.246523 43.972681 26.583480
67.090785 91.744127 31.102589
43.705204 74.257317 32.139283
13.940669 67.916042 29.200315
49.342229 46.168714 30.100602
20.332485 43.590659 36.595036
3.982886 76.162214 30.763194
5.578025 92.164475 29.223610
8.147354 50.365183 30.588022
39.536935 50.961596 35.586591
12.954467 34.031829 35.406635
12.532573 89.527772 31.139972
47.669625 63.894052 36.012560
74.040601 81.398692 34.027543
64.021937 42.227103 28.388875
3.248183 23.583360 31.814411
84.583220 67.436372 33.254039
53.046541 4.780693 31.924499
99.396658 18.666384 26.898017
69.684279 97.424233 35.148903
81.798363 97.251704 37.322853
46.750104 85.551726 30.447317
80.356685 64.734889 33.023905
43.817943 31.667233 26.700405
87.850172 61.775105 36.801385
87.488628 72.579501 25.365794
11.087738 61.942116 25.101655
23.932911 95.096200 35.723535
81.104224 29.320730 34.352740
75.125623 72.826757 26.706192
57.463020 23.936911 28.336596
29.874080 94.327326 31.972344
23.465250 60.422707 35.143017
41.772015 47.295916 31.944653
12.002181 4.522323 33.949297
56.068047 71.785379 35.127852
4.635665 91.497328 34.728081
5.573023 75.583749 33.022368
65.525031 16.341063 25.646732
48.169717 60.483382 29.005948
34.302011 28.362424 28.048855
90.781286 71.418567 26.753236
16.273569 7.564281 37.146199
45.255504 5.462837 33.301676
84.935296 71.478351 26.641208
73.112323 30.105977 30.376694
32.691955 93.232403 36.420032
48.303846 30.834518 27.258160
89.163715 22.721676 32.732310
49.757644 97.653889 28.526948
46.481110 46.598309 35.501081
21.824922 77.417193 28.226170
12.838662 6.225731 27.006567
28.141991 96.371901 36.392718
49.804993 0.226091 26.497499
70.809825 43.854737 36.066244
62.049357 29.287207 34.789444
60.675690 37.259730 36.760143
11.421758 60.724709 26.819643
72.027379 32.542044 34.251522
85.096021 44.348165 25.040410
75.099869 34.154637 31.348491
35.277506 76.569335 30.028067
94.979000 48.869697 27.153667
48.083812 61.529836 28.216131
86.542274 96.772457 28.291800
30.070529 23.172787 36.397646
1.881085 67.184518 35.640367
34.982112 82.234391 35.781205
45.101700 25.135767 31.549712
85.401266 37.508830 26.569967
22.900820 77.398929 33.656299
97.117079 27.701131 29.190953
70.996746 85.249538 31.306358
51.813979 59.586906 37.433395
34.628324 86.926273 31.082052
46.179636 4.877212 28.487281
58.678695 33.778465 37.063397
17.145130 61.912932 30.876978
17.989512 59.519142 36.376207
67.043096 75.908055 32.968495
80.534885 31.588109 26.087642
17.801851 85.118816 28.741887
4.702473 41.417659 31.531411
34.568631 47.915966 27.896173
80.165117 68.899141 37.312068
44.526395 24.638340 36.642801
75.392761 47.077762 26.557145
8.957917 32.178473 27.498782
10.102702 94.476861 27.233135
42.713693 0.885158 27.677556
63.545443 81.796939 35.224708
5.933177 93.746914 31.033743
23.996123 17.607372 29.458820
87.578412 38.459588 35.851620
39.665306 13.423353 33.646533
42.657248 35.584037 27.052381
83.274086 50.033628 31.425751
15.585261 77.282882 26.736752
59.752393 26.972619 28.602959
45.072673 86.469424 31.927064
40.001860 47.625954 34.272504
50.470026 35.515373 27.839743
86.024605 85.484664 28.190341
4.724888 68.225108 35.506248
71.143463 75.034642 37.367470
72.429641 27.093887 32.075212
3.492517 23.156215 31.733689
95.712620 65.949351 33.244867
33.640608 72.826949 26.580706
38.214676 15.207772 34.285103
14.738421 98.166969 28.151614
33.908452 39.110323 25.549450
60.531649 52.244163 29.752022
12.142939 60.388538 30.092626
81.989441 63.737408 26.601484
80.221995 79.309195 36.638947
70.517010 99.955313 37.298767
74.323480 0.805433 36.524132
72.414942 41.391256 31.909979
65.517051 8.570900 31.886192
87.064716 45.923596 34.010199
9.611849 44.210789 28.175867
75.336068 58.480224 35.795192
20.862233 96.248276 32.497456
68.186528 60.275800 31.983835
20.432293 71.233087 26.492817
88.116961 8.963687 35.686942
74.777235 56.318867 33.275615
28.648026 80.977125 33.105597
48.257327 76.430295 34.710987
76.169477 5.658773 29.589081
97.206299 7.541258 30.500776
63.841571 22.934198 33.932075
68.138579 26.836333 34.615440
60.334063 98.453815 37.395152
60.678127 12.748299 25.123227
27.498536 22.618570 36.701879
36.939010 85.380015 35.585790
95.559914 36.910960 27.096564
23.018661 78.870305 27.407163
58.802178 63.380343 35.714618
47.636216 92.694356 36.005258
74.110598 76.841065 35.203826
42.508101 96.148455 30.622951
87.576184 69.558782 35.149832
45.533100 74.768983 32.067161
95.901217 28.749215 28.780817
35.722994 85.090162 25.110488
9.994953 22.791516 29.628082
99.157121 1.951935 32.653270
89.611548 51.792375 25.837552
99.648717 88.419718 27.954322
58.441701 82.572360 35.058154
13.416780 77.901127 37.214074
46.741061 6.067510 35.848436
63.043224 62.336548 31.297895
32.980025 94.137894 33.810781
21.874826 14.548485 32.994419
78.835611 65.359610 36.087935
16.915763 93.747529 37.139977
99.775176 47.242001 31.526053
40.322493 32.680898 37.034858
98.133274 88.731433 35.603008