0.875712 83.702918 36.726216
40.313667 79.447430 30.435585
37.578180 4.780293 34.718140
75.697245 32.956175 25.610561
44.117895 1.322345 37.004685
88.761509 64.244228 30.032913
94.634679 3.999552 29.662281
98.264415 94.847615 36.057272
43.901998 55.395724 33.161919
14.982248 64.755513 29.664702
72.656948 67.481989 31.101589
66.906246 65.710321 30.864879
43.703944 96.450098 29.555095
6.262835 66.783405 36.671764
40.941615 45.378856 34.405584
88.305994 40.993073 31.972153
61.394100 30.576486 36.640606
61.338705 39.286083 36.253067
67.085913 31.919170 32.239904
21.991974 19.090248 26.814132
54.425007 56.292850 30.568531
62.536513 9.088664 26.699636
46.473208 91.450654 26.505852
28.092943 98.708499 36.217023
38.680131 49.911315 32.576108
6.574561 41.838157 25.678608
17.237325 29.447877 30.920080
11.500152 9.937034 29.414290
67.557973 97.104650 27.282408
31.822459 31.892149 37.054758
43.515096 89.378587 35.301921
4.309434 54.458896 36.673213
98.628228 51.148766 27.566518
1.540144 83.500924 29.230268
72.246228 93.658339 28.872397
97.388138 96.099511 32.883421
49.460060 22.704004 33.231475
65.147724 36.366484 28.128892
73.182867 0.204725 28.200727
3.884702 13.948706 36.582637
57.132023 84.581036 33.907285
69.813755 22.750746 36.118009
94.221030 16.391404 30.084564
6.414176 77.863307 32.181453
83.126547 94.931742 36.418868
16.562072 21.951530 35.873737
42.805484 78.357032 32.857602
92.008480 23.103120 32.862388
42.954713 33.539442 29.932857
8.957572 91.875272 36.892104
43.195161 89.376475 26.458811
13.618597 72.822282 35.449919
55.756626 40.127440 26.006663
39.785827 19.512675 28.820492
67.028783 21.386275 26.771132
76.950097 46.360220 28.818741
44.639839 74.482145 25.655531
89.129296 23.043174 33.925983
79.078663 79.230039 29.452051
19.452523 2.027870 33.729222
2.252801 5.048911 30.697403
54.972260 69.285315 25.192226
52.845212 79.822551 34.441879
50.691381 80.294558 25.124755
92.809571 80.982175 32.650263
63.850583 83.081383 27.344721
39.979667 87.260865 25.873065
50.139470 22.423928 25.772049
65.311185 26.965412 26.187524
81.544255 69.255020 36.171134
96.183514 38.661956 27.197869
79.986451 86.337545 27.201266
43.900723 0.833750 32.460716
95.541859 91.141751 29.445546
24.460307 72.274860 32.816399
31.027850 46.532615 32.810641
81.084725 57.906126 36.088715
48.880222 25.406228 35.039741
0.539076 62.488838 25.127634
73.215670 12.451897 35.369894
65.842102 56.887819 25.666669
69.732767 41.659485 29.569834
94.927428 81.733007 29.243248
27.379717 58.136264 34.429921
2.901371 7.270408 33.051823
51.674336 79.596568 36.221561
99.874983 88.821217 30.360353
83.390204 58.539786 36.122499
63.251876 85.189377 31.056536
23.466530 1.782907 27.011484
90.101925 65.939894 30.537171
26.267783 4.864553 27.510576
97.148618 40.839419 33.544817
79.457850 44.639194 30.246900
13.117780 65.547636 26.767927
53.081241 41.318962 34.453649
88.731286 66.898511 36.965530
37.491449 51.199479 33.115263
92.102116 94.691429 31.235631
19.705117 76.238255 31.142861
52.237305 31.749715 31.905423
3.854799 75.075027 29.099601
42.205769 12.065110 34.421814
11.600971 97.172759 29.037813
91.234404 9.133339 31.285275
6.503645 21.961561 35.274201
6.756434 87.036552 34.879968
42.879038 60.565897 33.604306
48.898508 56.614813 30.907799
73.307988 29.036105 31.398339
45.996869 95.748709 32.074144
1.676877 95.743887 34.910864
61.861522 20.743023 29.768313
72.866447 40.862694 37.423190
68.874925 94.145037 25.723942
88.729175 29.887472 30.011739
1.646792 31.816883 33.927380
83.968169 32.450141 27.195932
35.762883 59.119493 28.825799
85.635049 61.117094 25.141225
84.734986 65.417687 30.866520
93.793112 40.207889 31.168424
90.058231 67.069952 35.013942
2.202364 98.303727 34.391450
98.015281 91.268668 33.639383
28.399618 64.907495 33.309697
85.718540 52.613901 27.449117
0.430236 26.525845 31.006439
59.478365 5.942857 35.976701
12.856416 37.700448 27.890675
96.825812 70.807077 37.038190
42.529363 95.525422 32.839446
22.691311 77.045300 34.236735
32.000450 39.546284 33.168069
72.893047 22.181381 27.959726
46.601292 99.250438 30.543071
63.100012 93.730005 33.100674
3.951660 70.552493 35.322718
87.833159 50.998894 31.210186
42.415295 55.353649 29.285740
32.365981 57.069787 30.629386
56.284018 70.230381 29.699892
84.560722 17.426454 31.402450
86.420278 93.610260 34.844035
55.636120 30.113629 34.328689
47.854874 72.287720 34.283142
92.952714 88.606866 28.498218
82.725307 24.500092 32.098764
23.292596 40.637268 27.605016
31.053043 21.651285 31.589985
85.828190 36.231292 34.011773
32.721574 3.217706 30.756890
87.390079 58.317023 35.021352
38.879053 60.527280 25.244964
79.533071 53.756390 28.861930
1.129342 85.362116 28.745853
36.545451 33.461004 32.864316
59.805333 71.055171 29.273044
75.255409 27.947010 37.264686
66.899049 18.975443 33.376572
79.074066 75.987643 28.925615
26.428048 0.864814 36.000683
72.789348 4.463055 29.870202
39.031212 97.289956 35.781667
67.511830 34.510987 30.183692
49.324205 44.338469 36.857968
49.310848 53.168060 28.229043
57.146832 34.856438 33.497767
77.365176 32.476782 36.327143
35.961566 93.435747 25.378863
71.754805 5.654333 30.576497
18.472148 41.685347 30.474519
84.392500 16.935150 31.820324
38.543554 32.273880 33.222624
62.480202 73.995774 36.686060
46.935123 87.505232 32.053458
67.892399 47.105910 32.159874
59.244917 48.359305 26.943336
8.972957 40.512900 27.561662
78.236669 89.803970 28.257849
83.138493 73.570169 36.839402
72.273121 6.562057 33.427091
56.939339 58.090989 26.005631
82.499145 54.040887 35.182215
82.370801 94.937548 34.819905
82.404147 87.060205 34.080414
35.544343 73.717527 27.826862
43.001581 8.083135 25.783839
41.809653 55.775048 35.539369
31.575489 27.858125 27.482705
73.937094 96.865351 25.428987
45.728991 14.014854 31.634008
99.939533 95.078787 25.863487
95.279231 46.329496 34.078761
35.790482 20.977186 28.175896
40.637283 79.201786 35.904856
4.721723 47.171655 36.780709
27.472464 30.645012 34.295553
32.783375 45.977634 34.144547
80.236870 18.004599 36.852034