55.061245 36.159055 30.551370
33.805995 8.974561 27.889399
1.424370 65.173173 32.222930
94.246656 40.717154 27.552359
2.906867 46.522468 29.196664
25.442425 88.875152 27.943926
73.554039 32.317233 36.070767
41.983183 31.682709 29.127521
73.179855 30.920126 30.980255
57.645575 28.704348 26.346675
78.587877 19.428543 31.275239
79.662399 87.789990 32.202666
24.478815 19.475474 35.111184
86.177314 21.937149 31.643823
31.252483 35.219591 31.248136
51.241674 12.070551 26.927500
8.915703 47.675004 34.753075
45.327524 86.621704 26.575211
49.265689 47.778941 37.324725
56.363480 38.376113 25.460047
57.828040 34.821969 36.863882
41.601306 90.268700 36.638674
35.360470 10.325108 34.715186
45.991451 38.475159 31.199809
40.896735 64.940972 25.211357
33.325330 15.479049 35.459686
34.698240 22.656778 28.423125
93.026956 90.418992 26.852421
77.757062 83.996340 30.785414
45.875651 96.260399 36.594449
18.895401 25.019027 31.683679
67.530478 21.173601 31.797804
1.440155 59.735018 35.771958
62.150640 3.857800 34.846112
22.053213 2.262141 25.228900
59.550676 71.924249 32.203213
6.895553 80.671610 34.381763
60.722541 46.352189 27.192296
80.182426 77.853850 30.307642
4.400881 43.079050 29.667898
5.549367 23.728060 36.879467
26.226582 81.403101 33.609364
13.520085 23.005672 35.635982
64.890076 78.010996 34.855152
45.677199 79.596755 30.144767
9.509955 26.011155 32.845882
10.698910 92.198155 28.514625
76.512702 62.021166 29.167332
50.658117 73.774381 32.589327
31.211803 89.375873 26.096607
95.429836 23.097713 34.851558
39.659295 91.778955 34.018799
70.886055 73.042665 28.129690
81.205346 66.128723 27.848572
45.794505 82.249639 26.127558
59.318922 33.228680 33.614616
94.855082 18.406988 35.766405
95.643571 63.348774 30.946531
75.691178 31.891106 26.545689
19.670557 87.092116 32.291883
34.983687 53.578353 35.673727
23.208866 56.424685 32.391379
51.673502 25.483511 32.016514
43.353617 31.167005 35.705696
55.103728 31.579113 31.158178
46.630653 43.597814 35.400842
25.942768 86.489203 25.628627
91.901371 89.621814 26.748893
34.821089 45.873185 27.384269
55.668257 1.287991 25.159242
53.600728 97.135300 25.487330
28.057365 69.906373 31.341244
88.775332 97.601057 33.017467
64.322570 89.978079 25.346963
94.408014 7.824619 37.340635
84.058955 37.124581 28.374831
74.940986 37.210936 33.992730
61.396309 63.670713 29.701764
70.872554 13.426431 25.526343
85.533757 1.056021 33.803034
87.516925 96.729308 25.260252
24.044413 61.088806 33.508885
58.319005 54.739127 27.614979
58.239032 8.742484 28.186228
37.514334 44.728541 26.493700
93.783862 94.228788 34.006199
50.468197 58.937906 36.313126
7.470051 89.703715 30.433365
50.713791 42.106857 26.750262
63.389033 83.099967 35.430001
10.317910 9.717908 27.295408
96.393558 91.764775 35.978744
79.398006 3.302123 28.879682
28.207840 13.638399 37.344513
5.681604 76.648942 29.213576
25.820729 10.219759 31.497749
22.837612 94.402040 28.903892
41.306678 9.947784 26.155003
6.325708 8.044778 27.125039
95.915968 1.160120 29.499055
83.131625 52.028505 28.378454
57.314070 35.582809 27.735787
13.351644 80.855501 35.111682
86.698831 22.142015 34.891003
94.001385 22.407481 34.557518
85.229252 58.067004 25.377114
76.779605 5.817658 32.023085
40.760550 82.218632 34.047922
76.778379 64.110904 30.794870
54.878668 7.784836 26.866235
94.003119 46.014809 27.902346
51.616528 2.688853 33.038160
88.184059 28.067953 36.094407
44.053495 78.150738 28.353718
75.234438 73.474161 28.851111
96.104955 49.199851 26.872836
12.078795 25.093767 27.340706
69.827915 29.019271 26.607023
43.503626 9.176682 33.084199
62.531383 12.458672 30.237650
41.125658 7.789290 32.910554
83.705071 14.063190 25.785795
56.777738 79.878061 26.957590
23.091851 55.594765 29.859263
57.389618 38.860076 25.911308
2.941302 57.176263 34.969413
94.630459 5.536809 34.038542
26.089696 16.058673 33.871161
90.719041 2.762523 26.914871
75.771288 86.443351 36.818926
87.597524 32.863023 25.588362
48.224757 62.304082 36.583766
62.463367 30.479350 30.737465
35.284611 25.544470 35.034698
61.546686 50.004398 30.024716
72.486084 6.759059 34.591104
79.673308 47.876411 29.713844
89.686199 68.140649 30.105380
29.154864 24.651409 30.442446
24.149113 17.124835 34.619613
90.592048 75.432939 25.232347
7.385176 20.775098 28.172619
55.572254 10.008296 26.885680
87.481317 84.449885 28.277893
61.408601 60.770819 28.444001
55.314104 78.871169 35.607162
28.985846 58.364692 35.565794
46.555551 28.469985 35.192218
7.214949 76.380586 36.481669
53.707090 84.285844 35.803006
30.899898 6.395061 34.967353
90.957187 80.828169 27.252428
3.976411 56.108216 33.426920
43.240800 82.056126 28.333473
24.261304 76.307360 35.216922
29.668608 89.076709 35.270665
2.761711 91.192434 25.095589
14.373419 81.718849 28.856457
5.785914 87.057431 25.385610
3.516729 88.226665 27.272011
2.209101 57.601244 34.833181
3.195651 12.421285 32.640818
10.383436 55.056033 30.013705
75.463740 77.014581 35.199021
64.729908 71.543498 36.776886
63.048098 1.766473 28.031972
5.143962 3.127317 36.104268
50.495490 57.957223 27.227140
24.372570 67.903380 29.512380
28.542034 77.477478 29.473751
10.845280 78.164193 32.155057
72.368315 93.507507 25.261295
75.866765 7.467522 31.744892
96.924683 22.465225 34.638305
79.612667 70.211630 32.369624
92.887252 51.785670 25.071325
0.496880 37.049179 32.890317
14.403895 69.943822 32.684867
3.173828 13.352471 36.244400
43.036442 29.155579 27.762990
30.118345 60.589605 37.338439
60.549178 84.210832 32.326907
66.779143 54.792893 35.183571
18.181257 56.618567 30.256093
25.913727 55.596104 31.422752
88.745423 71.160933 29.979847
33.535792 62.642581 35.111726
84.662331 42.836698 35.959822
34.228793 4.415712 37.376167
20.006163 76.150115 28.412200
49.884805 14.012820 31.013373
35.720835 24.678060 29.065965
60.613213 2.142039 32.500671
2.820885 66.715970 28.964987
22.728498 63.008744 32.562557
47.956515 34.326072 37.019483
49.270522 52.805879 31.837295
97.787645 21.312337 28.606209
0.571341 62.447585 25.920354
91.292343 28.491767 35.318469