24.804658 50.906993 29.704380
77.141305 8.483812 27.284483
18.665002 95.315617 26.129804
63.808727 24.495218 27.450092
88.486665 61.014048 26.647990
3.618842 71.651372 26.309849
15.010007 99.789480 34.894427
16.901989 93.396813 33.070857
77.701023 24.335513 35.613384
91.594325 0.097270 31.257009
44.107090 45.978736 25.118624
14.699382 54.182508 33.770666
22.060976 27.975539 36.641689
18.710653 64.623292 32.276602
70.096208 63.666111 26.841069
87.495426 39.077632 28.545588
94.317479 74.895985 31.326843
24.001520 4.666199 36.329325
5.691027 93.974357 34.709297
69.480324 35.703650 28.704016
13.667751 43.110142 35.545743
88.844870 96.790861 36.974486
59.577238 20.776485 36.324951
83.687028 22.829050 31.983685
60.509533 23.233660 25.432283
89.251013 62.042190 33.278371
27.340149 12.528364 28.968295
41.153711 39.688703 31.377362
54.021613 45.728873 36.232651
86.804003 91.985461 28.867881
10.690102 72.688032 36.601527
4.415619 70.305898 28.673601
63.824777 85.693341 27.543822
63.584853 13.984715 30.800693
6.837771 48.560099 25.155200
78.437253 64.916849 30.121381
62.380690 89.134850 32.121511
70.332138 82.265529 29.883854
4.631953 68.206428 25.005739
5.325565 70.423182 34.618176
55.136825 85.620565 26.574907
98.180697 81.231097 28.271644
6.299314 86.708695 29.907744
22.127209 77.733602 36.796226
88.585845 83.602076 30.290810
81.420211 86.861194 36.123292
15.964146 34.478445 26.670786
41.576070 63.680272 25.018151
88.031098 91.967443 36.266151
90.124805 71.946927 36.507687
92.031413 92.531460 25.737314
74.084579 77.501530 32.410369
22.208936 76.739468 31.607614
55.499576 10.358520 29.659720
14.705930 83.810319 28.790982
82.265037 93.228114 34.129397
91.003374 47.166901 32.155784
68.779222 18.646380 34.877517
5.543532 62.664278 29.016976
60.520230 78.276903 36.363056
4.387168 43.625640 27.189674
86.995923 20.920607 27.904044
86.257141 7.575067 31.803102
98.089705 83.303736 35.375452
30.689925 8.873965 30.602643
18.475886 4.355182 30.197409
37.962389 93.729318 34.930042
81.636446 33.642212 25.413470
24.782516 86.178779 25.454002
38.089196 72.898871 32.328108
87.825678 67.625655 35.868118
32.587571 46.845612 36.447191
95.875686 46.171143 34.712224
44.901873 60.335710 33.125177
45.006301 37.608944 26.917205
82.213105 27.955892 27.675604
46.711192 68.238343 37.070668
44.846544 48.407539 36.842097
98.584825 97.766438 34.234854
31.547006 15.940423 31.709527
54.790233 86.757631 28.772968
20.496118 73.433217 32.167474
95.100195 94.363297 25.036991
17.243302 7.561640 27.130422
79.002272 78.024672 32.984066
12.851311 12.758046 31.165809
77.152973 36.109752 25.434451
90.815441 19.633001 28.965397
83.202565 75.544055 28.903719
75.026974 92.093148 26.396518
12.884339 96.939047 31.136737
9.320464 63.297299 34.828111
33.142326 13.070909 34.570214
23.726598 85.167055 36.148019
80.027902 43.053264 32.883955
55.693068 76.721641 25.388164
30.595184 91.781079 32.818079
6.030222 83.456848 26.942786
14.153557 75.034241 25.064169
48.041909 68.161094 32.016642
39.806331 67.416406 36.411160
33.873199 57.855205 35.978708
26.811399 5.382531 26.327843
11.863047 2.207062 31.267365
44.396282 6.967132 35.650998
18.329403 12.756947 29.715062
42.246902 40.022743 36.019092
15.769262 38.453934 35.032441
55.592379 2.332297 33.810393
49.816856 15.723446 30.725378
25.494297 16.122977 30.491430
32.443262 13.990805 32.291637
91.863635 3.639264 26.045777
71.606211 88.703469 31.827210
89.477925 7.419428 29.280613
64.404045 39.599622 31.219379
2.155859 49.579186 32.618565
65.311371 61.100326 25.746416
87.452910 54.221808 31.479212
68.059995 3.955561 33.730323
41.806532 49.421193 27.195194
33.155955 89.563188 32.216081
25.652882 54.032232 25.756435
82.189816 39.077861 36.495687
65.855764 82.161066 25.834528
90.807322 69.474131 26.447350
70.379268 44.517405 35.144701
69.662855 90.782536 30.003636
13.186258 71.635956 33.084450
26.640959 90.179768 32.508836
9.147000 66.250044 29.208175
1.609881 89.327882 25.970499
33.782022 46.386255 28.346689
39.749032 23.683089 32.739264
58.499228 53.509675 31.872488
51.856228 63.369043 25.029742
95.566580 90.425601 28.444000
45.961285 19.484922 26.831941
96.744414 16.056374 29.586909
61.961060 68.173642 32.453326
4.890541 62.455720 25.246703
31.799189 49.666533 30.734759
58.241459 5.940118 32.529252
21.717865 56.173539 32.187376
19.766559 50.256207 37.071718
94.171968 17.172779 36.081578
11.769299 36.467734 27.379734
83.300260 69.144526 30.996637
29.204515 56.276291 25.858975
52.542627 18.451318 27.305725
30.022809 99.912110 36.167166
64.415242 83.489410 30.151490
59.822890 46.636692 28.891618
7.821802 23.277567 27.953327
36.897659 1.437124 27.750946
48.468460 31.084963 26.131095
12.816483 89.910746 32.605340
98.920338 88.663843 26.748678
90.736009 85.116990 37.144154
28.803681 89.361480 25.113950
61.878517 51.453081 25.506393
32.635193 70.070132 33.633302
55.957030 39.760328 37.250919
88.905337 58.889268 27.437519
3.286954 80.009460 26.843610
0.474812 29.020361 36.685034
0.214124 86.244644 37.338088
48.518018 32.376074 32.729207
25.133993 1.367511 28.412714
45.275023 65.608472 32.730185
44.339695 30.050991 25.357458
47.389671 83.020495 28.603297
5.549147 34.027559 26.595918
92.008571 80.625325 33.318390
17.696200 69.061592 36.173486
61.106673 37.089532 35.351262
24.504456 2.907367 33.221008
78.419899 35.103126 35.162157
69.606422 62.901573 35.311542
17.509487 18.879831 29.246290
42.287475 82.162281 27.850646
85.804698 3.674291 35.800863
16.584112 67.539305 31.960987
58.607903 36.893596 30.341219
82.150343 48.425538 31.203634
81.006067 74.356423 26.678329
97.597937 81.725936 28.544995
51.792667 63.154490 33.767684
97.333915 5.693494 29.566069
63.535842 43.501589 30.498017
13.267223 42.218393 35.166084
89.634431 92.653031 26.687126
94.139724 80.243871 27.176485
64.267232 86.553085 29.370727
85.539474 81.787275 33.586103
12.366429 83.144263 28.106531
7.123626 95.818017 37.421751
44.545532 97.760316 26.310247
65.473590 86.801099 30.395142
93.147826 42.556241 32.585920