49.707894 35.457639 34.232179
30.340719 55.638837 29.808974
45.387526 46.348096 32.846207
88.115838 98.363289 26.173897
27.363604 44.310755 30.952412
83.179313 43.102369 28.504037
88.736704 20.122688 28.245334
68.212384 45.342365 30.868857
88.909088 28.500540 33.728502
1.980619 7.693035 26.549731
83.499306 21.573827 36.760656
44.275967 82.671678 34.333110
85.188519 25.755439 33.218411
4.922205 47.311676 34.224833
19.055849 11.325873 31.698965
71.141562 15.090619 27.939810
48.639493 3.624635 32.589120
6.349121 61.071565 34.435193
95.186915 18.997608 26.967735
19.163334 60.255322 36.688242
54.744529 20.942288 27.634348
48.701134 70.180263 31.221776
79.110619 10.785788 35.809520
83.342563 69.065420 31.299146
32.418246 36.643375 32.971566
35.836144 73.747920 28.610355
78.983361 66.176406 31.105794
84.847250 19.277001 32.309105
66.276136 86.662155 26.393171
49.761377 99.748250 33.134900
71.901419 23.764830 26.585786
31.646442 51.804840 28.068520
36.634641 93.646270 29.501481
51.523977 59.095586 30.979501
88.584386 76.016821 28.482253
83.375926 2.466050 31.605628
35.085488 82.587482 26.453769
66.033801 13.571212 25.463686
70.831988 85.018518 32.934920
67.196675 25.296119 25.494377
4.958223 50.594335 31.996240
37.181366 61.672547 35.449554
18.334594 50.521817 28.508497
92.924892 1.891135 36.036348
33.437407 19.400221 34.613932
76.534589 92.000484 30.069247
95.592165 22.554183 32.659496
67.588854 97.778023 28.759425
92.604897 10.685302 27.627044
44.563111 93.931084 27.487876
75.300387 6.916871 28.096098
94.050618 91.190282 30.485215
97.555392 8.298085 30.322870
27.374315 8.619236 26.991954
83.841899 12.086498 26.421820
97.326166 74.492946 27.357193
91.185181 1.464793 35.900125
62.310734 84.632593 26.177284
92.293527 87.594868 33.166689
98.744415 23.767687 31.033436
73.844251 55.495948 34.023364
51.722729 4.603475 31.539492
14.993384 85.932440 33.746973
72.623631 38.832531 29.053228
56.423628 74.443954 28.230175
0.710961 56.222308 35.707124
10.411399 82.555465 35.330461
12.043903 89.840512 27.457231
87.312721 62.849169 28.015379
82.709729 92.550515 33.393317
47.824790 70.560983 33.566145
58.722645 15.975880 35.796138
16.443470 76.402680 33.010168
29.335560 58.234633 26.295548
67.662252 31.020412 26.051606
94.115455 96.993617 31.552442
96.944926 54.789730 28.133442
71.587615 26.922267 35.200870
38.967341 9.686309 35.159198
12.746845 15.240235 31.126512
71.472681 30.290439 36.230869
46.081229 89.715544 27.321419
47.567693 48.299083 27.302766
37.241833 75.776961 27.794529
98.155017 18.923582 29.416833
73.635235 23.147477 28.443782
1.403727 76.412554 28.369952
46.515737 86.162381 28.309145
62.586031 67.719245 32.781842
47.331996 74.095904 27.829012
5.040307 91.891212 31.622362
53.535014 20.340613 34.281986
74.775820 19.511771 26.715926
34.246627 44.724747 29.815359
26.582958 39.316778 31.760367
67.910000 76.923166 28.004279
95.689691 86.482703 29.109083
71.915303 58.782609 35.553409
84.443487 20.366866 30.654760
3.176849 58.701463 34.561807
40.478405 81.207304 36.900577
31.291450 67.979156 32.040176
61.830539 46.873150 36.300254
55.018222 75.759137 33.218349
65.162744 27.415517 31.086614
88.716791 86.675446 26.819513
35.857757 76.293230 31.582818
40.392456 76.116457 30.564832
16.026169 99.997234 36.567709
7.358230 88.510377 25.144381
55.108517 28.214360 29.787354
44.837319 71.232258 25.620233
7.276688 17.581445 33.996604
94.702295 51.715501 25.883572
94.653167 22.176674 27.529146
36.363162 65.895475 31.239661
1.321168 80.287690 30.980252
57.013501 58.780676 34.666151
17.862670 6.182139 27.224348
70.053364 50.833444 33.880329
78.825145 0.125885 32.093035
48.157461 2.865408 31.315099
43.197393 57.908802 29.971169
88.808665 77.380118 29.047912
37.233426 59.392183 28.658939
13.827117 77.412041 32.756106
39.420477 24.785967 29.351548
20.260684 85.066973 29.421422
66.389393 36.029566 37.215722
65.361914 95.091788 33.137696
60.902052 55.407756 37.140751
20.191993 17.168389 36.423449
91.080933 62.125798 35.416170
54.932247 12.495620 31.957264
18.803754 72.113601 26.501792
64.719082 11.326956 31.412348
12.079461 95.935502 34.372369
87.484561 39.942004 27.517862
4.547427 88.380231 34.993484
85.624318 81.994167 27.609346
5.592643 80.441178 33.949029
18.576208 28.416836 30.158682
50.430173 43.391160 29.511408
87.308055 96.159198 29.654186
9.596589 32.269364 31.280980
60.553247 59.797779 35.131546
20.706523 10.985614 30.133378
54.993765 1.487682 36.234868
46.073405 68.152805 26.892140
42.498131 8.346004 28.097550
72.994407 19.917552 31.371086
6.251703 72.378936 28.881708
70.153960 52.507091 33.091617
98.105908 85.886696 32.986557
84.032082 99.025173 36.937672
73.174497 19.688732 29.659183
5.421647 83.544477 32.900100
68.564179 75.197689 36.266384
87.691033 73.605735 34.290810
16.145463 58.706773 27.370383
63.761606 25.727410 34.640334
49.918594 28.282909 32.695851
43.834892 2.740330 33.626854
42.420019 34.728823 36.456631
46.866034 33.779319 33.677934
32.425845 78.659351 30.060317
50.721462 5.746720 29.008491
17.430547 91.256664 30.531048
31.888424 73.252866 36.935560
50.564049 66.340811 30.243208
35.308204 32.549824 26.236626
26.375998 58.399323 33.444072
25.748305 75.458262 30.292542
17.223754 87.885018 29.566678
48.441478 78.368106 35.516608
61.844786 4.168481 27.392746
76.839704 30.172910 35.855201
33.227980 1.248340 36.402878
97.168442 61.667720 30.151493
12.252016 29.269549 31.011182
35.056439 25.904975 36.535019
82.847852 49.761575 26.194559
64.294490 69.687351 30.600478
94.112005 40.151108 35.107563
79.735454 82.565039 29.436560
51.654757 19.152043 30.187879
80.131051 6.062746 36.610255
27.582796 34.425447 27.212144
61.120913 90.226310 27.545164
22.474630 73.352533 32.416560
67.659637 56.473336 28.958451
84.089578 84.125334 29.629747
34.200352 51.928940 27.630524
35.338352 4.156055 36.336371
41.934863 60.548258 32.898476
32.849613 77.640238 35.330075
77.473646 25.271076 25.176590
64.036675 71.546854 28.724713
75.082800 95.259299 28.797453
79.893208 79.877282 36.003027