4.234457 58.021738 26.590213
24.321653 85.826355 28.627932
70.004346 82.308109 31.879092
12.870846 11.812977 25.979322
47.428566 89.017108 27.797350
8.864655 71.379265 27.293052
16.388255 59.704927 25.091336
23.807283 29.742371 35.259473
10.557091 60.693655 33.370886
96.172857 25.956539 36.214467
82.846597 34.151126 27.953961
46.532523 98.637190 32.491623
79.800904 62.295506 33.876318
59.764837 28.839655 25.285319
61.998247 30.108136 28.520761
26.164776 49.661735 25.983995
65.349513 24.401517 30.374304
52.939849 48.837197 25.471478
4.617450 28.450472 33.859891
13.631842 91.468085 29.635315
60.710515 18.364449 34.422290
81.448762 89.548163 31.744986
2.082834 73.772850 26.401449
56.490552 99.668967 28.307083
81.339406 64.732952 26.333885
48.614488 85.245169 27.627164
15.609670 81.032802 25.698757
14.223736 5.078124 31.790515
82.333410 28.225644 34.883316
65.191569 95.913736 26.513800
88.515385 71.061812 37.144521
28.315300 94.455657 30.940163
13.192023 15.954648 32.267104
63.123332 96.826894 28.656206
75.014973 35.244005 25.905475
47.817206 22.210037 27.032500
3.418308 75.558641 35.371366
62.910436 4.113355 32.340835
33.485154 4.961617 25.169538
4.743019 36.960776 32.052364
98.531369 71.414630 32.893559
34.297462 96.249998 26.832493
40.044275 2.216275 29.187105
50.177858 36.416405 32.388705
1.054270 25.120701 35.319178
40.912927 96.639938 31.741884
20.283080 73.448709 25.682062
69.360956 94.108096 30.048577
5.026750 15.989159 26.135901
17.599095 44.384070 25.114631
12.012222 46.570567 26.785574
30.335276 65.930923 30.591166
79.966952 59.567587 34.859307
38.658563 2.294541 35.453518
26.619572 9.503063 37.497228
15.074299 70.688157 37.388977
3.060122 51.016360 26.521255
95.990000 29.933630 26.476261
80.036495 55.803654 30.729330
89.055881 29.522805 25.184657
97.421388 68.535483 28.817871
68.012431 77.799972 34.031240
76.068980 56.236735 36.003937
33.119431 65.282583 36.419970
28.357258 33.016921 34.254984
73.332562 78.299879 26.332681
73.264483 93.400381 37.258222
52.888767 6.196557 31.814789
53.996498 86.339280 31.884976
66.496017 53.504337 35.913721
0.993020 9.028957 36.366187
86.011300 70.901044 26.422567
90.601352 82.347218 26.818394
58.927447 75.263867 32.213771
26.813194 97.426961 35.468032
89.908504 38.058816 35.813896
35.012618 27.436352 30.137717
54.955555 49.848313 32.897253
30.325558 29.177689 29.391325
16.275999 37.143789 27.977850
8.157573 38.782577 35.771580
94.919095 32.182148 30.342377
5.874209 89.749524 30.237489
57.023702 64.401693 35.891989
26.728825 76.546233 28.179502
87.122098 75.762539 30.027009
35.380542 59.568658 27.365026
6.317485 5.135554 27.336048
25.101624 35.454230 33.628737
36.163423 88.492289 35.401763
57.580610 21.833868 30.582318
70.554862 64.660730 28.017776
0.121017 39.874801 34.582305
75.721190 18.483290 36.294995
37.580059 9.118351 27.829168
10.040456 89.236170 37.165953
63.219228 17.162262 28.114206
46.577964 28.659531 36.199552
9.114959 43.731513 28.429774
15.863119 42.240899 34.394636
88.156211 63.832875 29.567494
46.218510 24.371955 35.663723
66.044908 59.279986 30.334384
45.356108 86.349557 32.046524
61.823059 8.386699 31.871776
36.208208 79.627367 29.509624
4.727922 42.740672 30.963886
69.733373 57.714883 30.534628
10.248878 46.320951 30.204861
28.238438 2.259221 31.250805
71.051867 6.561627 35.291997
82.346105 41.464113 27.845403
89.887363 77.528910 28.102679
5.733673 86.257505 34.655505
57.661399 57.702915 25.459490
48.460358 37.043439 26.189532
72.826581 13.204390 32.449496
14.610084 72.236376 32.822760
93.635306 6.226675 25.623563
20.518427 52.642928 35.949613
93.326731 57.815503 32.222214
59.969172 39.622371 29.070998
80.231591 7.230099 34.256091
80.603407 6.734727 31.303025
1.226309 25.283568 29.725023
18.409113 37.307496 26.232177
92.574433 80.304179 31.118895
67.673236 73.237705 30.599195
17.326462 18.943687 30.139717
8.724830 92.770818 34.835585
87.171194 99.840893 35.382110
34.676383 92.028680 25.989886
83.013562 90.296556 25.087618
47.411033 52.366835 25.128667
75.651117 27.358828 30.966047
38.909034 71.639740 26.197411
13.088544 90.357856 25.321232
43.279217 98.861303 37.383804
24.977346 13.082194 27.773656
84.497569 45.495998 28.747419
29.719093 76.186480 35.642664
29.172012 13.396317 25.498028
33.019984 51.259345 26.550595
68.630511 70.831458 34.471337
91.791551 62.106691 37.065004
92.008785 34.753721 29.116946
5.417799 74.004870 30.647107
69.977352 83.182485 27.162159
40.942062 6.741659 33.676710
75.136436 59.876857 25.363295
13.753632 8.674891 28.359319
97.525767 76.292113 25.160675
47.537139 12.174813 32.952495
78.463437 4.191976 29.324633
63.533647 92.560661 35.839265
78.884334 75.031556 30.188007
42.163588 80.727073 28.930108
50.711266 85.636174 26.499271
15.829520 34.271380 29.635055
72.119528 36.376856 29.149213
65.481906 9.465563 31.375388
6.327813 49.650591 30.226234
81.580526 99.303384 32.164906
21.038491 17.953537 25.673141
59.248551 93.439579 34.079891
77.181652 4.038817 29.474966
93.098388 22.964846 25.998160
96.447792 25.168312 35.692289
45.243614 21.230261 28.965954
51.346076 87.539668 32.287932
72.906028 16.959973 25.363618
85.654752 30.846122 27.964120
15.707701 25.367256 36.205482
85.278766 63.269412 28.206310
70.562909 5.137727 35.543571
65.935223 60.178067 25.965479
15.967368 46.404539 28.069718
18.397840 53.301729 33.711182
20.871395 51.151087 30.452086
95.590270 46.089295 25.526077
52.083765 42.896725 34.094006
10.865079 78.133779 34.980529
7.581364 91.765566 25.940535
34.829731 55.673349 34.788693
97.074775 38.835898 34.469239
85.166542 34.125556 25.929864
87.929474 0.633969 28.990280
58.048066 5.637505 30.598695
43.613598 22.134877 35.154140
19.173579 38.049201 33.020529
66.000073 56.141433 32.661617
42.718134 81.226202 29.313295
49.279604 58.353068 35.721367
43.114274 95.301477 27.131838
62.618828 6.591084 34.162575
38.406687 49.761795 36.261021
27.268796 41.632542 30.385748
13.031709 42.659639 28.392342
58.988084 55.218520 31.694602
69.532664 10.374174 30.824025