29.091192 55.685597 31.857792
17.221456 32.159064 33.023890
67.306843 1.212051 29.067664
46.037309 77.446061 34.023410
0.812960 68.273383 37.391788
45.883534 29.018397 35.000237
71.020983 71.986565 31.628335
74.612805 31.744869 36.440393
87.037816 70.358500 33.191174
31.007867 15.659307 26.242857
54.854917 68.170310 28.656766
14.797459 14.375026 35.149326
64.281441 28.982748 26.550126
17.300194 9.449295 34.635078
40.426569 16.944891 34.490924
94.741226 1.110267 26.218754
15.084417 18.003598 34.757769
65.955960 59.243439 32.600423
0.914861 78.555434 29.042900
22.225638 6.383293 25.997192
48.634278 33.568447 30.908718
28.138040 14.694891 35.940826
83.665982 85.311976 30.029367
85.197786 96.920312 36.983355
94.719379 71.248720 34.686539
99.721814 54.166470 26.405005
39.155833 58.951101 33.176369
66.451303 7.490738 33.004025
78.497937 89.089314 25.120124
14.169497 56.114885 36.257253
8.550024 90.508338 35.187761
29.717502 6.116023 35.899184
49.444603 92.774230 34.607292
21.811310 71.927537 28.925432
39.055426 3.186564 33.570462
46.654387 89.766825 33.848975
50.389843 85.344448 25.516395
80.293172 27.123572 34.594814
20.164262 57.301573 27.232724
25.402611 83.042336 27.955701
97.534717 96.351425 27.353366
18.332735 33.652492 25.695405
54.872174 81.030543 28.841440
16.114456 59.504123 31.072068
67.962799 26.414233 29.926990
78.354556 8.441329 30.182544
35.956500 21.964715 31.695612
85.874422 10.656229 25.743215
4.481600 68.636738 32.333823
98.306949 4.424640 28.496650
56.451514 22.865394 26.086989
52.022646 87.122893 31.933966
10.350982 34.520685 36.237693
75.402961 32.139432 31.476949
6.463475 35.295123 26.195920
76.579617 61.790466 27.800945
80.248184 41.464393 33.974425
29.880500 61.874385 29.780176
59.017816 66.816552 29.854540
93.841864 37.491530 35.835318
35.213393 43.635768 29.301749
95.208086 54.400052 26.785637
15.216360 73.905040 36.800592
71.767167 18.247436 27.729862
48.778113 58.187576 33.431637
91.649931 85.125601 28.269747
61.353728 1.809888 37.281762
58.714926 51.745529 33.009354
34.963612 56.021905 30.080307
44.682699 17.452387 31.127927
28.823085 14.807477 36.125853
33.374230 98.699164 27.729435
21.848384 95.697788 29.201882
24.477196 54.716617 32.895479
79.359021 54.840259 25.352647
31.101676 65.715473 30.384174
2.302510 68.893777 29.643089
56.121387 72.680260 28.400024
44.321357 92.842082 33.958734
80.767884 61.369954 30.882229
56.572180 46.272745 36.281643
57.987583 34.843209 35.661176
65.609754 90.001480 32.859919
39.832152 94.908787 28.552202
59.851851 10.177512 36.735966
80.115470 71.111740 36.168704
94.034366 5.780870 30.677310
6.493613 38.498210 30.375916
14.950543 7.040790 27.914276
83.199630 22.942777 30.296746
9.271988 74.784876 36.192521
27.185938 35.024234 35.374829
7.611004 63.077854 35.235541
65.288126 59.896190 32.565894
1.681624 84.028521 25.965817
23.143507 47.607118 29.284722
89.674755 3.575398 29.525401
52.020968 58.816713 27.982124
31.202985 21.874531 30.649902
23.531787 89.705105 29.041273
83.240480 66.248240 32.109373
24.064260 40.789763 35.534180
51.443009 71.020349 33.810620
92.595548 12.153308 37.004072
84.722267 77.155068 25.020338
23.736193 75.233173 26.766866
90.647948 63.808477 34.344565
18.857613 54.655330 27.945511
60.954552 6.289227 34.944302
8.521150 35.494735 27.779085
99.368918 97.843582 35.280570
66.517391 68.629108 33.130057
28.084790 51.112395 25.507930
20.700071 40.198065 26.187120
79.172211 27.563177 30.251677
72.573574 8.934391 33.740342
30.422261 70.322252 28.477419
32.202461 94.466107 30.934095
9.124787 62.419551 32.728698
40.308556 6.464388 25.171453
56.144065 39.692211 30.524119
13.054997 47.776769 37.230021
39.477811 49.445120 29.070290
75.603092 28.154986 34.874245
34.925461 4.211967 37.249721
16.826359 83.527300 34.632058
86.901296 98.621776 31.875945
21.066405 9.906364 25.346570
34.241229 2.180488 34.582449
82.642532 0.319806 29.374521
19.551054 57.315650 35.798610
60.302070 46.644271 29.818290
34.271052 82.455413 36.668422
99.063526 8.054449 30.465363
23.692952 8.076144 29.846720
14.069262 42.408257 28.329184
78.641233 57.406505 34.800413
41.905803 62.024498 30.597772
70.882021 54.524018 32.697089
25.766884 70.069716 27.244434
17.146924 85.137276 35.118681
2.828284 80.977038 35.461750
42.004992 17.482647 27.977449
35.943838 62.043293 32.727919
27.769352 28.727067 27.628040
56.935354 71.939704 27.193572
90.579572 9.083647 26.159473
47.332029 40.312709 36.603484
95.815201 17.257623 26.953682
49.651979 38.556483 37.461382
87.400091 27.184228 29.029503
25.688391 82.738328 28.114937
1.059629 80.082305 32.272225
16.054419 38.418680 34.760237
44.368832 33.451830 32.232869
31.408425 48.575970 34.349119
70.189673 38.085010 30.335050
8.513799 74.699169 33.945783
55.328143 62.693771 25.747875
17.257189 44.353906 37.112347
95.623361 97.548208 32.537083
94.795633 1.899211 35.668957
99.879590 78.106197 30.366987
22.226856 23.450818 29.645358
45.825333 28.029008 35.201847
4.711658 14.916995 34.447871
92.149225 61.943516 36.065044
44.466859 0.546230 30.230229
61.584066 75.069246 27.348463
25.677018 65.016911 26.317603
53.388185 88.961501 26.660638
81.434909 6.936806 35.667178
31.020923 34.541485 30.218709
14.592682 86.014760 25.704887
36.755446 92.383108 37.277588
72.234090 21.578137 35.780630
24.537205 18.694139 36.462017
57.091047 12.969061 29.719436
44.470998 6.151178 36.078560
34.535206 37.525792 31.741786
74.886346 74.350531 33.157380
85.063653 73.767964 32.895844
97.453006 35.781088 36.128097
68.847735 27.880902 29.376136
85.829426 14.431341 25.065709
70.764445 33.362093 28.330101
20.497960 17.889921 25.448926
70.371436 97.808260 34.611908
20.520282 67.694518 29.219734
66.559017 68.701200 34.193271
0.122282 38.334036 34.648174
34.658593 64.807190 29.798315
81.658269 60.975114 36.565482
80.099820 4.247819 30.991872
19.448198 58.746990 26.919302
50.480891 69.077175 26.720810
83.417881 16.453809 29.504648
12.131048 38.482007 28.371691
35.874988 79.629904 32.338717
87.171819 87.073477 30.002776