15.277690 89.566655 30.051386
78.612164 97.920991 29.771118
12.102916 13.035635 31.678670
82.028620 66.511501 33.792385
58.740936 57.655351 29.354818
13.490930 95.085367 29.196861
63.425687 3.262668 30.945622
75.541997 30.596343 31.925605
19.758472 12.551664 36.188479
9.763407 16.184481 33.365788
44.768747 28.144792 32.915075
47.100262 20.940769 35.755551
63.673140 86.679596 31.331508
8.220070 82.882135 32.992330
98.015721 88.169144 28.924643
58.285958 15.277493 29.248468
90.396363 71.899552 33.302548
84.203033 6.814727 29.180136
31.415298 54.449272 29.846599
52.146854 57.315750 27.173555
93.851505 57.680945 33.293512
2.083538 5.950898 35.542754
0.506752 23.897311 26.691840
55.194173 82.671876 32.053019
73.493268 92.185507 30.242170
77.964228 59.522162 32.576618
10.575376 98.202195 35.230781
42.643823 20.144493 26.427195
77.226038 20.653706 25.600161
74.683239 43.393555 25.132797
99.956086 89.856923 31.956224
1.134870 70.780967 35.071523
29.106938 47.528021 27.738384
31.783424 52.340590 30.981796
75.415870 66.878436 32.962125
81.857289 71.999873 27.634833
81.366497 64.046689 36.010192
99.918997 20.155610 26.237179
63.058510 50.354601 32.437712
11.761758 38.286301 33.558120
38.865235 85.149567 28.850259
25.825815 93.479940 25.563918
72.001433 67.510961 28.748652
13.316937 55.567899 26.949842
35.085223 56.842729 29.929573
7.562453 67.304288 29.426647
30.916648 10.316744 27.774269
47.972500 24.461217 27.353920
82.248545 69.088177 31.323475
39.150814 93.828852 34.095639
92.315859 67.485787 26.261230
65.535444 59.542867 32.588809
3.945192 89.693030 25.513076
85.761506 67.203561 27.673922
25.073117 35.948556 35.570259
10.727230 13.837346 30.887639
93.555262 13.413439 36.578513
52.193406 35.178665 28.093221
50.994042 30.469252 29.694897
40.048695 82.373421 32.794433
78.514569 93.421924 25.631014
34.021576 72.876653 28.026077
51.831405 13.721984 30.225121
49.278370 63.121520 35.989284
32.763301 26.960372 34.522741
62.079410 31.074380 26.085667
74.527712 95.117146 27.660973
14.144969 86.976340 36.362176
50.532909 47.122034 26.764677
12.198322 79.498775 35.082876
83.128881 47.678074 34.442803
41.742306 64.145457 31.352244
53.991733 18.605166 27.251392
58.671039 69.217246 32.457581
81.135460 64.760152 26.022643
80.998940 60.753842 32.669585
80.718951 17.615931 36.799417
95.761922 40.815229 29.991876
55.787650 4.672101 27.129391
40.044711 84.457492 31.844838
93.130378 26.638723 29.986560
55.542229 28.737805 25.989722
10.469162 47.302853 25.704426
19.713964 35.801177 25.680718
54.966484 9.249194 34.982521
85.416466 64.131884 25.109878
97.923736 82.306847 34.887113
48.862656 85.583954 36.434759
8.458394 43.359432 26.129128
89.383209 65.103982 30.375494
74.099948 88.233324 30.772748
96.485649 3.471404 36.849982
23.203060 33.576159 35.751637
38.430297 98.676642 33.080609
12.581454 82.309317 29.226890
3.484859 2.010944 26.314292
22.641345 63.840578 29.094952
26.936822 38.183076 33.025143
99.146873 16.653153 32.403818
25.573601 92.913763 36.801599
83.562289 90.205430 36.100996
87.384146 71.864730 34.711150
3.005987 91.790382 28.822741
12.761672 83.296156 34.360603
44.832911 2.687272 34.979889
39.554857 0.354469 28.484119
28.583645 32.770935 29.936312
27.501639 77.453330 32.509488
15.991141 61.969874 25.355106
36.544576 24.074620 36.048098
23.210905 72.696592 32.415960
58.946349 13.874165 32.080384
69.982098 7.524367 27.905058
88.693224 28.030237 33.921589
11.318202 58.756306 29.512283
2.956614 53.476404 33.546825
72.606468 50.586755 26.942470
42.872288 60.506483 29.564868
23.172672 53.530868 32.894706
48.559527 89.009741 34.525077
37.125207 33.185543 36.025398
79.102529 99.154764 36.433312
64.081747 15.824057 25.075925
11.771902 48.715850 32.404578
62.597490 17.963168 35.609236
55.650089 45.221728 34.663379
41.663747 24.443834 31.166846
47.739862 75.505042 26.792641
11.424661 33.435513 32.667949
75.707275 66.394571 37.034471
78.365864 97.650413 28.807117
94.624021 15.018822 26.948621
62.081403 60.310690 35.254717
48.549916 40.445949 34.872665
13.789472 22.148020 32.289985
86.598726 53.538253 29.862359
18.675540 78.295420 30.155474
41.574598 34.794165 32.481919
98.936548 10.801228 32.477825
99.688108 18.384479 27.347481
71.029717 80.736099 29.419386
98.579217 72.208589 37.286621
11.600005 52.549202 33.039277
84.679754 4.261257 30.528939
0.237223 36.017952 28.233572
54.714533 41.056748 30.051650
76.543067 28.264466 27.344327
90.277098 29.197894 34.491117
76.097422 39.706709 29.852137
39.826253 74.022797 28.791833
27.389543 57.317908 25.574575
31.565251 93.619728 36.381869
79.975348 31.935003 25.343550
24.551283 98.319659 36.054425
3.509934 36.041547 30.576190
91.292644 87.823210 31.503362
8.686880 96.666117 37.417470
4.596075 20.773610 25.402415
87.241103 58.615408 27.099070
11.560450 68.782103 28.679005
24.441079 59.365080 27.742134
65.030583 81.098557 26.157414
29.286565 73.181380 28.525451
56.275670 5.490131 30.323818
54.153850 10.928161 35.031909
63.613201 94.210900 29.806550
47.204175 20.554922 27.667235
85.848023 0.075408 27.967139
64.081744 9.063076 36.342142
10.284246 57.925632 36.374109
83.545901 81.824133 33.985967
9.375233 65.505307 31.536760
61.027863 13.397563 33.098308
18.902822 31.425887 31.351428
42.651787 26.313104 32.092114
90.275472 25.993983 28.564841
61.844174 89.485097 32.224166
8.342181 69.367727 36.758109
29.189630 11.503873 27.641605
27.408246 75.478151 34.655947
80.370543 17.131261 36.099632
98.631526 1.065967 30.145787
17.302195 48.558893 27.179764
11.938842 65.433183 28.638096
94.088885 77.300852 32.105609
41.384951 37.416672 35.396019
15.224821 29.473017 31.224786
85.049730 93.853448 37.437264
57.449773 35.661913 29.207204
25.159461 46.219938 25.508677
81.770261 25.527443 35.547320
30.787528 86.119004 31.400575
80.359671 90.992048 36.874516
39.982761 29.021903 34.199307
11.963952 13.698222 31.198227
11.000903 16.168924 29.569252
87.742039 66.720830 27.813460
28.088709 9.792763 27.890037
78.642623 83.349226 28.884718
64.577525 76.785217 29.917057