18.166636 12.314823 27.883210
15.433510 92.066059 27.195358
52.824420 74.440456 35.301597
94.809285 21.082635 36.123597
1.424817 53.442788 26.901558
13.663451 19.915594 31.934269
17.802253 44.618876 33.987558
46.511465 35.121184 37.184160
56.484829 1.856961 27.652199
43.167081 9.301706 28.504169
39.121374 39.671354 31.346290
75.399070 69.917847 25.904196
60.925295 8.671471 30.437945
48.927679 67.954705 25.505360
16.813932 27.468780 34.036708
61.991330 26.685572 29.628992
0.377181 14.202398 33.720394
48.042957 42.602933 32.440374
5.709709 41.302546 28.709369
60.809743 46.807950 32.004363
93.424190 74.380626 28.179634
49.222887 46.758818 34.864193
20.405616 62.418994 27.176978
52.727166 27.487002 25.908451
75.640687 5.002321 28.422657
77.572507 91.687895 35.298717
63.914588 12.669580 36.336023
92.082464 83.297876 28.678904
52.375398 58.236480 34.829759
81.352196 79.154767 36.778389
2.650820 17.485744 28.175992
69.232446 57.014990 29.968013
30.552742 14.828615 25.564144
45.287832 49.041095 33.379463
80.535778 81.526320 33.882044
21.397837 46.540276 37.169682
6.217795 46.397020 25.667699
60.316483 99.358416 31.907955
30.654859 59.966692 25.101257
5.323743 76.203350 32.426014
0.969677 31.957023 33.397239
83.813290 43.132835 27.432069
43.338646 32.187474 25.595962
39.579836 45.116730 30.705232
43.998792 40.679754 27.307658
49.468087 62.378894 35.273570
6.536411 57.690548 36.228670
41.138785 43.362047 32.658557
83.225780 26.809331 33.415582
23.091209 26.051771 33.457694
36.494468 52.739969 30.975311
87.080362 47.534866 29.827013
50.900947 54.596348 34.069822
35.108426 63.134498 27.580904
43.232814 51.382610 35.584331
0.091179 27.636988 37.388184
69.960623 86.254413 30.696087
73.806978 66.324279 36.425517
86.728756 86.806799 35.305539
26.956787 91.885114 34.741220
75.387356 72.584310 34.075764
21.536292 44.231001 29.664420
78.387357 54.484192 25.662602
66.120367 0.555257 35.248149
8.946912 5.178711 26.592475
65.271608 97.595990 29.814537
25.324842 76.713578 29.494921
10.669583 38.101150 26.837249
88.520630 95.903860 33.040435
51.137933 84.494601 34.033956
31.620810 62.162112 36.927365
61.659738 99.064914 28.700976
72.701859 70.814006 31.434430
48.623616 30.799311 30.000811
14.846723 28.321887 32.170901
75.237706 70.120329 33.389173
61.534452 13.039867 30.614901
90.178456 71.977570 37.348768
64.354383 6.503387 27.349002
7.722404 5.443993 32.156629
65.319821 64.593834 28.109773
79.694409 56.092193 34.226688
51.884248 28.854982 35.184826
64.905438 20.961860 32.455274
0.531297 15.926309 30.232580
0.574627 8.411156 36.985473
53.007259 5.405514 33.973570
49.337768 68.428905 28.746217
34.755195 74.658288 28.718567
67.755468 8.601819 32.571814
88.986970 26.933894 36.329743
31.599739 91.664113 27.266317
70.631629 23.631324 30.181768
29.935327 14.894225 27.715531
93.950807 52.530945 25.604357
20.803499 5.393461 27.381799
25.270729 91.532988 35.022970
38.694648 67.017440 27.629814
72.008884 87.777018 30.933208
68.128327 28.774807 32.868535
25.793836 34.075394 30.413175
51.236538 5.200214 34.538948
58.612792 44.909584 36.980376
79.086137 30.948024 31.858234
44.966412 45.236776 26.806981
95.642259 44.454908 30.374837
88.292565 91.213024 27.115480
52.702718 74.185908 28.236548
14.911727 75.813180 33.147867
96.258996 7.971157 33.946324
70.319600 61.283360 36.409648
55.256855 71.133098 27.445522
73.466872 64.256971 31.643814
5.849119 32.076930 29.003840
53.029929 72.291985 28.686489
16.282892 98.650444 26.950432
44.699697 77.660777 35.855716
12.264484 19.662610 34.198816
70.496999 53.514535 34.159233
63.144611 62.345161 28.574120
20.017617 17.886151 31.773508
84.530158 79.630917 29.220799
84.730740 36.854718 32.830039
42.627794 75.469244 35.649374
22.615192 74.754424 25.930186
5.272327 75.921039 26.651826
92.415153 23.430513 34.910166
90.296895 6.542590 36.338718
23.910523 28.291081 28.492366
40.751407 48.658573 25.097720
1.593015 35.666828 33.116655
3.942178 72.103664 31.350907
76.002839 40.518328 36.499966
60.124281 97.729819 31.959103
56.477440 86.358685 36.009660
11.713329 91.630673 34.882330
81.360755 38.335698 36.860194
3.282303 24.778357 33.346844
91.579091 91.206736 29.556022
2.435470 34.816368 28.007940
41.507502 5.459431 32.682795
79.133866 63.781211 33.724425
18.958415 7.200462 28.500538
62.217316 13.440039 37.396270
34.988930 85.767874 33.896070
89.918060 76.271011 27.884171
32.060243 23.729620 31.520248
9.973124 68.650320 34.441357
38.155645 87.253480 30.923617
23.028533 35.544654 28.028470
75.694511 87.956844 30.621321
16.391536 36.621434 32.672762
28.261773 48.325845 36.746564
4.331762 15.141842 32.501005
80.947065 80.828591 35.239341
31.178470 97.503270 35.056967
74.058678 95.354290 35.970392
28.813381 66.167467 27.640780
21.404993 59.211910 26.403686
28.989488 96.632895 31.152899
8.569468 51.752788 30.992722
47.283702 2.822754 30.230431
4.684277 65.156652 36.266935
31.047076 1.793524 31.844602
20.223852 20.901997 35.248347
62.927373 75.968404 25.565919
52.997941 82.162442 37.366416
85.232960 8.316377 30.107105
3.515688 55.363117 33.416478
6.254821 37.727614 33.953535
81.736170 62.044093 25.845621
74.001304 64.266259 25.596841
43.543572 3.663807 25.850922
1.450274 55.373958 35.059273
73.656635 2.994377 30.449365
16.710160 11.436059 26.977225
36.971971 57.417839 27.818995
45.538738 17.455872 34.939895
93.048707 49.158788 30.887043
1.868981 18.450739 33.540082
5.749965 37.983789 34.147746
37.056094 61.358527 33.124160
8.214838 59.266989 31.024873
84.400862 9.341778 27.822435
93.682697 62.433191 32.787715
8.584159 34.763579 33.290494
70.834614 82.527337 25.153154
83.858460 3.779637 28.601350
84.186167 26.201273 34.842960
29.192522 50.317308 35.282853
18.852603 44.270016 34.268526
78.141812 12.268132 34.086997
47.972591 28.310654 37.478737
12.061408 23.935970 34.238535
99.044506 70.656571 36.697343
73.693310 28.844695 28.116834
38.449562 9.899748 32.351333
5.029346 41.985517 30.529034
24.810230 58.588680 30.292396
25.644194 75.532989 36.313919