50.237582 1.802914 28.504106
31.571957 59.484310 34.571180
0.556867 3.818944 26.307247
74.384466 24.838581 29.223722
69.476224 86.330915 25.669553
24.603072 79.334230 35.842361
32.277001 52.902739 26.601357
14.965842 97.150055 33.320516
47.073908 85.622418 25.800509
83.529348 52.846288 29.121196
83.027682 37.717506 26.425810
1.938960 54.533191 32.128173
79.713980 8.867022 27.851325
10.906726 31.616765 28.507661
52.787407 77.292778 29.258915
14.667808 9.182945 25.586710
94.162869 17.091431 27.792843
1.200505 5.506636 35.656804
90.213891 65.312882 28.210711
46.054108 8.274809 33.496330
49.608023 70.235053 25.017621
95.847477 96.039239 30.556675
26.109117 96.911726 33.296589
50.345814 75.227434 29.607803
37.900218 31.427436 36.178666
36.085399 34.472647 32.853681
7.259619 71.376359 25.012046
34.290022 90.818642 25.989013
54.974540 16.030581 26.069006
42.057185 62.932018 35.941405
42.703315 3.888373 36.356070
30.144046 89.404179 28.795540
54.340909 81.243920 29.214202
14.464577 16.832938 36.563644
88.414139 99.210856 28.478153
55.041661 60.179895 31.439257
57.421376 78.004194 25.592594
74.740267 33.874129 28.088659
5.615102 88.752748 28.270502
13.477909 66.001665 32.489807
10.049728 96.910818 26.813109
90.967652 17.163733 31.021086
27.238827 40.413563 37.437536
1.787210 8.180758 29.319656
53.542710 34.361087 34.167803
36.321351 29.032475 36.261006
89.610952 10.609077 32.035373
81.961859 68.646725 33.376008
18.977142 29.167103 37.032320
85.908129 24.917373 31.678428
59.779943 91.819128 32.798096
1.314226 78.503813 34.883163
19.116873 9.524266 27.616268
12.134416 67.000718 36.272287
87.173606 37.330630 25.869156
89.008790 3.800953 25.775446
17.266349 25.850774 35.600369
19.593133 80.322237 37.074969
2.460174 75.787055 32.088880
74.731134 29.136410 35.042823
79.729299 14.450209 33.524867
69.053766 90.943181 25.933570
0.570783 43.605301 29.193582
2.543077 39.498950 33.335214
70.171564 14.748457 35.653341
19.441898 43.964309 25.655023
22.256043 51.479584 37.169869
69.457060 32.169273 34.044848
35.202635 76.678745 29.064467
79.104830 69.136099 28.955081
10.868269 79.852388 25.873005
37.206882 30.225798 25.741289
36.236224 74.684915 29.991390
79.043086 32.456758 36.566586
59.640933 46.581717 29.319976
21.084880 73.114960 33.025549
81.965795 13.486522 32.473714
73.165290 25.549512 28.387415
74.976543 24.285805 28.091642
18.268402 91.154722 36.771485
74.329284 92.219121 34.071666
81.478758 15.723309 25.074952
29.962427 62.675386 28.595454
61.740925 82.458294 32.553959
30.492942 46.504789 34.159521
21.684405 58.652395 25.380167
89.339529 69.031659 30.939354
33.199330 39.062500 28.581166
65.685513 98.971430 31.282245
43.984972 31.999979 30.054616
17.630026 29.064472 30.289915
28.258640 9.722631 30.929293
14.887935 5.070178 27.918400
30.562037 18.209538 33.048588
35.604103 49.062703 30.921086
7.397016 6.831209 29.558305
56.430869 95.322732 32.460722
74.253394 50.337068 32.825587
51.817763 34.149844 34.809058
9.025817 16.928828 29.585446
23.619753 8.862247 31.351695
41.131412 13.276729 37.035517
76.655318 75.003234 25.304988
66.920272 55.036809 35.237873
65.749747 33.218783 25.843837
26.812445 25.774495 34.271114
9.811914 63.213210 28.314039
72.239343 64.116216 28.701923
96.444164 23.064335 34.082129
29.597942 59.813388 25.635143
46.934564 56.695871 31.872819
67.211342 76.805840 30.793793
94.826834 71.715379 26.978247
80.034506 40.165281 36.547832
94.068105 8.444780 30.426884
15.886714 0.464199 37.173712
94.144915 94.415927 31.809119
55.049032 2.571805 27.878217
28.720559 24.718864 31.197315
99.250569 95.642829 25.001260
86.472497 58.266555 34.024876
70.019376 10.655198 34.960954
57.943497 52.714524 26.491465
34.393469 48.618449 35.989934
7.512976 22.779674 32.605643
86.814460 46.700051 35.148855
45.942355 4.207727 26.016231
82.281093 28.542587 35.057017
23.520387 23.430149 34.609305
30.270587 81.919050 25.661772
92.506735 98.120683 36.825103
29.250041 32.910213 28.640813
53.286122 45.394590 34.932785
26.196504 5.802528 31.627802
47.632622 73.839149 27.752202
8.836144 70.037618 36.396356
93.407516 56.185835 35.193856
84.134497 43.398723 27.209467
56.465534 45.771856 37.490828
18.759692 49.855701 34.918461
41.677169 82.710776 37.242463
58.242383 97.454790 26.002868
49.058623 62.864144 29.272229
25.957465 93.141103 35.462965
25.623021 91.830559 26.490606
61.278185 77.543729 32.299092
43.496786 38.193033 36.741018
29.371925 23.798205 30.307646
88.470977 95.753843 33.069122
42.827226 99.761702 27.750574
69.858266 71.757663 29.868432
33.933402 34.851465 35.232853
18.610958 86.835039 29.294811
3.879437 9.737011 25.117708
97.114453 55.202484 26.036511
39.377266 72.911637 37.471878
97.869353 13.922047 36.470135
25.193188 86.167819 31.357885
47.824912 18.007907 28.141147
61.469460 88.686704 33.944142
32.831107 95.605620 26.552663
21.025121 20.791451 26.423690
86.789598 88.369984 31.501045
13.623024 29.837542 30.398288
7.706402 39.838709 29.633065
17.470863 4.747859 31.680569
23.210799 27.726302 30.484869
13.074085 18.481854 28.939798
84.819084 65.104468 29.210929
73.791092 78.801792 27.475594
54.582241 29.363364 26.122899
64.873642 98.647156 28.913846
78.425296 97.820259 27.409244
18.756356 76.708879 29.625879
82.225165 40.463541 29.617801
90.456519 38.294020 26.758570
52.598655 75.009769 32.348511
27.227206 96.136230 27.729314
46.170406 62.089553 28.426781
80.317580 63.988916 25.533482
43.554672 61.504452 32.531813
96.895913 22.083691 26.953128
45.680259 48.508948 29.124666
79.191259 5.064913 35.580937
25.184481 38.372301 36.179921
64.975886 36.224871 25.557474
50.483006 46.839454 27.830442
30.624769 77.436162 26.226267
32.086138 35.293856 37.194819
82.346023 60.771405 33.422626
9.051510 53.486914 35.292602
30.265693 55.454247 29.206108
9.638299 55.071523 32.253988
54.771488 53.386220 30.129497
45.350212 73.579222 34.866387
99.781897 14.989158 32.233890
75.176283 77.193151 33.119884
2.949840 30.764162 31.016555
59.013908 35.766950 33.229872
89.386908 53.140976 28.843321