76.709330 4.945721 34.445310
84.914611 3.660488 27.914007
15.262563 27.535611 33.537589
46.458515 7.837022 35.364262
64.634765 29.228792 29.163758
55.943552 84.995841 28.173375
39.959954 40.812008 28.588837
36.914099 27.219898 27.849464
44.263174 61.642852 35.337249
10.072939 88.112674 28.796965
21.926558 94.697004 31.962219
40.390197 21.276123 26.965974
45.824106 90.904720 34.681351
8.868577 86.970896 25.960219
83.226990 69.858701 27.957016
14.796566 54.093863 26.246125
5.334050 32.415862 30.387775
39.533074 69.330870 30.797112
97.609514 87.626142 37.386062
76.071826 64.422505 37.320764
76.311290 15.612814 31.670760
62.962590 43.933450 28.020233
39.735407 94.663439 36.453153
77.759340 2.587383 31.551136
65.914032 2.283656 30.691655
28.541577 90.410901 31.885120
3.308809 70.690746 30.825254
17.830214 24.848668 36.160738
1.126757 41.460038 31.194003
69.167849 66.628230 31.802150
40.044248 6.992099 31.536491
6.421235 8.888790 25.954671
31.181582 75.254458 37.078268
44.216498 87.595567 33.443701
25.779155 2.763330 30.710451
54.693925 52.243925 35.412264
38.314123 62.039888 33.551273
62.733969 69.117424 35.100670
48.206807 0.099701 35.437508
70.719205 26.807276 30.389832
33.772479 50.529790 28.036022
6.828037 13.474949 36.761051
48.257730 28.970615 34.795851
52.106388 21.429570 36.188859
2.246789 38.067823 33.517934
92.866257 14.327991 34.256063
58.950986 21.388323 33.341222
73.764055 61.093064 30.177591
24.051455 84.987395 32.863567
62.093210 28.854615 26.452062
15.141699 16.887611 29.869469
4.402101 12.445179 28.641886
50.382932 75.242198 26.802672
72.881682 32.775007 25.799836
25.166510 1.765091 34.173249
71.353963 56.200717 33.984159
30.920896 94.450220 35.506315
31.119082 93.225847 33.930292
65.488599 60.163584 28.769106
15.005432 65.589626 37.003763
55.786740 46.714091 32.591564
13.598768 73.590335 32.589706
13.993039 52.424740 30.629186
88.509486 44.219364 32.119403
92.973318 26.059292 28.381345
40.060943 34.715252 31.600743
17.598280 62.262315 28.220416
51.930383 61.618373 34.420305
37.554513 6.343813 33.814209
24.269365 95.079608 33.889427
50.049848 59.361075 36.571061
12.708679 2.927062 31.058041
60.512280 15.994281 35.015983
13.234722 44.963167 28.671838
31.242136 64.364215 35.841632
39.040153 12.178068 31.925687
48.868595 92.451287 25.871012
2.168305 91.260563 25.212872
19.012805 20.957120 32.833386
29.303846 59.041024 33.531376
8.885641 62.999899 25.252779
29.208906 40.782779 37.491512
69.426361 56.476044 28.238863
1.039436 93.465275 29.049452
74.647366 96.620031 34.391880
30.873737 10.471741 30.690825
42.541068 92.155570 25.298572
2.644670 91.976314 34.204364
42.330723 80.641856 26.181817
59.210148 38.904727 25.081574
69.519044 91.625252 35.683381
14.088411 85.641850 30.056308
99.593559 37.482293 37.077947
39.829276 14.520699 32.481805
67.004353 9.130242 30.275885
36.134146 14.701353 30.545658
83.659933 78.620473 32.056547
57.979475 39.686354 28.866839
68.003491 58.180194 36.771623
35.741393 81.284742 31.573526
95.244053 90.314803 25.020091
47.932014 95.530528 31.137734
17.416984 40.843714 26.557101
13.651215 62.251434 27.618833
10.667137 22.378718 34.599018
11.765520 22.710301 25.391760
29.240203 14.426995 32.600525
75.761964 90.925700 34.980894
59.511638 78.758323 25.768054
99.330873 27.205669 34.994599
68.803393 15.818845 28.365592
84.343112 10.964667 27.227014
27.705342 15.009047 28.465512
85.872531 70.844321 34.294812
81.235934 97.030819 31.968876
99.283066 77.403703 34.038932
39.362985 89.246283 34.039142
88.053357 26.183158 34.808891
60.327277 20.334260 26.368412
93.753021 82.042524 30.918018
12.550081 58.548763 35.723251
27.056791 17.355517 29.070839
91.027448 56.031727 29.806831
3.287443 16.996654 25.346476
50.235049 41.839307 28.880342
40.878918 98.790653 29.147744
65.810777 1.771507 26.206568
92.580681 2.939156 32.278965
70.346489 13.740576 32.863054
99.573608 35.731369 33.381443
53.878167 96.557963 30.501966
53.468001 89.981355 26.231377
48.525079 12.480736 33.517507
2.401198 60.502073 36.365068
75.581419 94.052227 34.207239
83.667675 76.475933 25.782889
94.094467 78.604405 28.766089
52.691621 33.586141 28.684607
6.592874 36.974064 37.100638
82.222548 85.445915 32.815702
11.912093 64.354725 36.994103
4.573276 2.092655 33.073374
93.145493 10.796314 37.038243
0.961580 97.989383 30.099069
42.847780 68.741464 34.076955
21.740257 59.170184 28.870845
21.076484 31.251497 26.681503
70.352773 48.159992 26.861359
60.504154 55.090788 27.283015
59.302572 11.463921 27.778096
28.533864 91.374770 37.448827
93.533896 44.360007 31.772310
13.868058 26.301917 33.363224
72.922485 70.277051 31.850842
88.195432 22.342844 36.225273
87.061023 19.590839 27.239469
84.459335 8.938037 34.913495
41.203022 7.753595 26.996984
27.870118 24.176883 25.555881
79.827712 90.938534 29.850875
52.404195 5.472455 33.995676
20.162598 55.104291 33.077841
39.451165 39.863214 31.070279
47.294530 27.388862 35.453498
38.577037 13.468610 36.489187
35.244936 66.491787 29.254453
42.727647 77.733917 28.506987
47.579627 21.175555 25.004964
62.541419 38.366727 27.235418
38.119448 57.592172 34.244837
51.742169 49.013510 28.756349
38.119744 0.624969 27.158110
88.784395 75.867985 31.519671
13.991952 9.993663 37.249966
79.252328 96.673153 28.363420
75.889162 93.651146 29.909710
83.023716 32.269142 28.792333
92.604085 1.032596 27.794413
8.359839 73.532350 25.719788
11.660680 52.335234 33.383652
90.311333 11.955191 30.723489
32.074937 20.830113 31.372250
58.008139 69.346960 26.655859
6.311618 80.151366 36.867265
43.168779 34.089525 36.648615
7.989704 93.458532 30.217567
4.360135 78.536868 25.710482
60.343045 61.293995 25.692408
7.899323 23.897982 34.551687
56.424854 9.351515 34.954399
10.795657 59.000007 32.506644
74.382615 12.423752 34.573798
70.494350 67.279087 31.569334
46.943818 6.102153 33.103357
80.875042 11.596677 37.232695
14.951547 76.522804 25.826485
57.083702 81.339043 32.441481
23.887384 31.558027 35.292047
87.446746 73.817444 36.211614
6.238163 50.652878 35.516591