72.978128 87.988977 26.301010
70.887050 94.219650 29.734691
82.623869 85.919327 34.610835
77.171755 8.076573 30.565283
79.139082 67.765371 31.815851
82.972292 29.706311 26.884651
11.152944 95.874425 29.379450
32.650313 92.029391 30.625203
68.256742 45.244472 34.113006
58.326806 39.111327 32.204732
19.295930 13.630183 36.273812
80.392488 61.309592 34.202544
48.552162 53.179545 36.135221
11.340499 68.131702 26.645312
97.776990 91.920045 36.333509
24.534078 39.975305 25.193646
16.622011 71.701013 33.312098
69.398196 53.988676 35.075478
8.558151 83.813732 26.459971
22.888935 2.156099 25.720491
19.917893 5.340086 25.370577
11.977482 53.566390 33.576911
44.410924 21.361995 35.420715
70.336360 73.201318 28.685556
46.108968 60.868105 33.089284
66.552872 8.712576 27.656988
52.233407 29.719059 28.369938
57.232275 72.998911 27.705994
74.113038 64.861860 26.142791
49.123458 23.025069 35.556463
17.944173 89.424493 26.527731
31.818414 22.447829 30.942122
15.090399 46.450516 31.121543
9.709389 73.696122 37.430410
17.520069 45.827650 29.815131
80.662791 22.810945 27.106150
53.611908 80.507053 27.928179
67.708808 73.242794 26.564279
79.737695 40.638716 28.458117
89.283689 31.116022 29.361167
86.408682 23.937771 30.817961
87.392763 14.836148 35.608168
88.709039 76.298847 32.576334
21.672568 18.706849 29.436103
90.077067 26.923597 29.800470
35.994177 32.280316 33.251236
11.139637 21.802998 30.890078
43.305721 7.818780 36.087502
76.307645 16.990344 35.147907
56.988883 76.979071 26.460110
56.823031 63.118277 27.991580
61.385506 71.238322 27.724058
98.462634 24.989083 31.659327
54.691115 97.211507 28.591773
88.915532 76.679280 32.211947
95.877735 33.837618 26.514075
99.572319 76.542783 28.106754
79.393153 2.534384 25.375106
82.380979 7.769272 32.830360
54.816246 75.407424 34.986633
62.016522 78.279937 37.253090
44.452283 87.080875 27.105857
21.384950 8.546850 27.767068
62.112416 91.628737 30.599577
41.346358 2.506606 37.338040
8.656710 84.424159 28.044478
72.245177 53.147782 27.477272
74.317029 32.821799 28.153654
10.117959 45.735344 27.617568
64.980237 63.546593 35.921837
11.294985 22.706908 28.934386
66.990203 61.229459 37.326573
26.010882 4.588712 34.332221
46.826592 15.654673 25.314276
17.981341 83.426398 25.262143
54.701825 91.363793 30.167827
27.044353 37.108147 34.302484
50.477862 48.571497 30.641231
78.751647 70.348689 32.290020
10.128282 6.447267 26.794838
57.697373 47.251599 32.708498
80.889327 52.030835 29.825218
57.702843 20.990059 35.823381
34.850674 92.591395 34.293431
54.045473 36.997840 35.721597
67.175545 97.624499 29.181426
2.715614 66.471217 28.845269
76.517915 43.957878 32.003073
55.003971 91.489711 33.259189
16.651314 58.594902 37.496535
26.294042 84.678512 36.699721
79.887015 70.207995 33.645557
85.188314 1.275154 33.873151
27.348725 18.333780 26.313524
45.721415 52.499156 34.034589
61.082799 6.724535 33.103244
49.143738 68.422608 28.528100
6.356751 78.724788 27.990275
2.041474 64.759444 36.889580
82.940390 2.496146 34.487831
15.040468 63.589556 35.361224
42.934268 39.022911 35.218058
15.987651 30.116942 32.172637
90.656954 21.756861 32.467490
58.265203 11.222228 29.776482
15.433885 43.004499 28.409759
32.845532 20.247992 33.704155
46.539736 87.586598 29.251455
65.597431 45.172060 36.443661
74.826070 1.654502 30.113797
27.646790 4.162739 29.507447
12.067050 13.629479 25.699360
88.900576 73.032391 30.892741
49.950623 29.761698 25.467928
25.955218 82.107869 35.452005
55.570339 92.075397 25.466279
35.343942 91.160265 35.131903
74.745075 76.512591 32.083705
2.990465 27.083144 34.255413
66.145757 72.228726 28.363230
30.870530 74.473141 32.098537
47.232178 35.834217 33.080222
43.217503 22.025091 30.588552
35.373102 97.371457 33.062836
60.881636 37.509367 34.712331
70.053155 23.596067 27.712800
8.521354 9.243514 25.865501
12.823320 26.568481 25.180557
95.981109 64.872405 34.949600
90.196555 25.086164 26.808073
31.665320 82.626281 30.523172
74.823757 47.683173 32.713707
39.518065 46.195604 34.383471
8.964732 0.004881 37.380419
84.250027 65.344574 26.749546
55.213864 98.094218 27.927422
23.362887 92.383468 32.342069
16.866808 94.370100 27.952197
86.641596 59.013602 27.594379
27.526602 88.116481 30.968803
20.827055 7.328859 33.757051
94.582811 85.839729 28.673361
84.030847 4.259793 27.014796
77.071791 4.325925 33.153023
90.699563 63.739475 35.797094
85.869060 64.138047 32.908689
30.495839 21.006103 36.977765
61.282322 73.932797 28.396181
92.883913 81.928583 29.298958
17.885046 5.143941 31.190465
5.449904 82.045573 33.442236
29.043589 50.631986 26.470567
78.207082 44.207022 30.945598
80.370352 95.093626 30.901338
52.420121 29.398849 36.919201
1.597698 43.340488 32.223376
76.343500 30.433557 31.042447
29.326585 17.650171 31.945370
38.499018 1.699466 31.389898
1.212395 4.974457 37.364062
12.929643 10.258802 29.360655
13.157328 2.905507 28.149055
97.386853 78.285660 25.678648
64.782240 13.113255 33.807036
49.099990 83.295056 36.220876
22.459309 5.215999 31.861109
72.744836 94.425073 25.421553
66.334217 9.244905 33.780614
15.600398 76.338818 34.989913
8.955447 21.520197 34.653408
92.710858 12.721699 31.587079
0.743413 80.108010 36.838362
48.519061 0.391542 27.194574
46.277127 59.844631 30.258040
57.695602 64.882349 29.780307
0.226118 63.594917 27.443837
69.860409 76.740042 28.959070
84.291922 46.659754 27.489377
16.542735 47.797489 30.161231
65.674904 83.731683 35.103491
83.375679 72.842260 31.866752
52.892496 4.429853 25.063354
64.745382 60.058417 34.648437
66.642069 46.986747 34.400774
57.419375 19.681375 31.389921
99.117701 69.966874 27.331957
62.917402 13.318357 33.486980
21.796968 2.093953 29.318366
57.368199 25.960948 30.942202
97.288091 58.562084 28.379183
91.887944 28.744982 28.064560
29.846736 62.056892 31.714477
90.181404 88.338724 35.121339
7.854265 49.823199 28.670779
54.927674 21.887445 31.310218
84.041864 0.132277 37.182783
85.488847 31.273331 35.789566
9.805601 31.865436 26.858707
43.661529 83.312799 35.088398
2.549667 7.490318 36.291649
75.483684 88.933694 34.575456
51.713761 45.151291 35.466508
15.159616 29.925930 36.149566
81.552865 87.290233 36.619651
89.461614 73.497449 29.545209
43.932916 93.507823 32.255211
35.429392 46.209104 26.202715
70.288438 83.758659 33.965892
56.869874 52.843827 33.083245
31.007950 5.302000 32.392363
80.022029 49.571581 25.287259
25.344039 16.364453 30.397556
39.179148 64.676203 29.420837
57.029939 37.224436 26.398492
52.115105 77.394583 37.410569
39.030449 18.372999 26.112081
93.558879 43.448271 29.200105
47.174823 10.588097 37.296924
96.745918 67.462045 29.147333
64.172845 99.886536 25.073222
76.770265 38.214575 25.426930
27.393487 94.944874 32.698764
2.971210 52.242237 32.386317
27.905219 74.252948 33.230826
51.086963 28.847423 36.484267
84.254131 6.879663 29.423913
24.536183 87.027186 30.977071
70.731559 97.648073 35.399933
23.428307 39.689237 36.726804
76.509941 34.594159 29.435916
99.412205 25.623202 33.046837
44.182618 90.385352 30.901905
51.257518 24.776614 30.533959
18.786667 51.254160 30.762057
1.353799 49.338561 27.567139
29.123595 70.790945 31.397540
64.622377 93.888373 36.742274
5.407521 52.146007 29.546678
61.462581 3.475114 25.696467
84.348055 59.404537 35.949563
45.130432 7.551531 31.754372
27.125277 45.232514 33.892662
1.764505 75.643285 29.901628
32.498759 56.002803 28.351092
93.498921 94.702809 34.405437
77.643973 45.267676 33.341904
73.234313 78.208300 35.885317
79.924832 0.078896 28.437344
39.350324 32.403346 26.128405
45.158755 44.128820 27.558763