79.264745 54.809588 32.746097
90.066600 15.546733 36.511105
55.005833 77.389217 35.831887
34.598737 63.813774 36.368906
95.819689 88.830803 25.402420
51.993498 23.400054 27.079650
78.441123 75.393159 31.765798
16.062793 69.540719 30.821472
40.751641 22.318389 33.647349
0.544596 35.759200 25.361131
8.466973 2.954914 32.659027
69.161216 11.981969 36.040287
19.394808 78.026434 25.249058
81.889101 62.394176 34.712292
64.744279 94.148772 36.438776
59.939755 26.137241 33.474424
19.472531 44.373161 30.974136
13.110037 69.744903 30.362509
83.209445 57.992226 30.900417
16.276993 13.171034 26.309051
83.422476 68.387913 33.100886
92.017632 78.996389 31.575330
62.495376 9.496531 26.037401
20.721520 89.312203 27.247185
6.319780 45.020235 27.948277
86.892756 55.268831 31.170664
62.250336 54.291868 26.720108
62.355758 4.432097 28.437331
82.529772 93.029236 35.879072
80.557132 58.525457 36.705037
82.820736 42.986954 26.564053
67.334619 37.230932 26.798806
39.542006 54.617887 26.605268
61.857272 23.084920 33.513113
65.867566 55.324247 26.783465
53.206145 99.509499 34.790006
15.692598 96.829298 30.953884
89.516644 13.572004 31.760140
12.870328 30.597053 27.654489
42.400881 18.148788 29.253184
56.262778 41.611220 31.289005
17.028086 72.741642 31.278959
58.896863 71.768028 37.309914
0.423722 98.735023 28.655552
95.209128 50.046460 25.640836
8.798226 15.373171 37.009954
57.734768 77.397627 27.164303
61.537474 65.439978 35.065121
88.837266 97.594368 34.064613
17.107125 92.443851 32.953110
93.148413 26.050899 31.148512
10.154573 9.171493 35.777236
21.059197 44.555400 31.889939
4.684533 48.549788 30.870748
59.851851 90.072983 34.395577
31.809288 87.057049 27.865018
37.541289 68.879157 35.834954
21.837904 77.788681 30.733793
97.501009 17.377192 26.228758
82.857244 56.386257 28.360197
15.765752 47.015390 26.736510
10.192036 82.174096 36.322691
98.248275 68.964227 29.423295
11.835743 24.919469 32.150123
49.273848 45.539016 26.914308
72.948933 98.929134 31.550526
1.882311 79.918420 30.980655
15.328138 17.976572 29.242375
67.891863 54.261361 35.476287
16.488940 53.738724 31.164055
26.862742 59.297345 31.015561
6.075517 94.373264 26.969064
14.559513 19.514778 36.973400
62.796400 66.096077 28.788752
98.164076 28.377515 27.767136
6.029008 84.366374 28.291156
66.947178 95.471828 35.273715
70.961289 49.508272 34.684225
11.299722 93.465499 34.045650
4.908997 88.993470 30.828885
35.398394 51.232482 25.739899
48.310466 42.399580 32.681466
85.928708 14.317630 29.612388
90.215917 91.932107 34.791241
8.907457 35.264260 35.891522
71.392961 60.146600 32.815767
17.538125 35.725141 31.527770
73.250876 33.478635 28.568666
78.673939 93.427424 31.474473
72.388014 42.340421 36.682513
86.011128 88.308770 33.652521
21.710312 31.558230 33.442454
24.172883 64.304480 29.364707
13.318122 73.497013 35.720874
32.407844 94.032930 30.687937
39.328921 42.892629 26.418966
69.437069 62.169990 32.416452
11.586551 15.519145 31.892454
0.378079 23.746494 26.859825
37.732529 75.341848 28.971084
10.808003 10.246024 28.524495
85.004664 61.163147 27.492345
39.900324 7.835629 34.099655
75.230812 95.581516 31.052981
75.689277 83.835728 25.186360
23.148705 44.714553 27.496188
6.622358 14.783304 27.713725
70.049837 51.812110 33.499336
82.001697 2.791911 25.478297
55.656791 59.205982 33.855101
12.741291 44.647947 36.071208
27.529903 44.748768 31.517751
13.432229 78.156012 31.570245
73.748504 96.385183 26.337754
57.137643 36.096874 36.398104
19.211798 75.754838 28.886531
26.108346 55.959717 30.166837
44.440970 29.857579 35.744101
58.059868 87.863540 25.694022
24.123099 44.853763 37.273960
50.806632 41.762459 31.486996
43.731812 41.968808 28.218020
85.349527 36.508835 28.059041
68.827831 73.825188 28.976103
62.067429 26.289193 28.797499
41.346211 67.334417 36.707107
63.866418 73.441672 26.802908
81.964848 95.053304 25.927124
82.601420 28.849337 30.249010
40.294246 17.851165 29.071962
29.073646 28.871646 36.253332
36.151199 35.319333 34.455137
70.232355 92.740096 26.796490
41.386342 57.519403 36.958754
50.172517 79.539135 26.667951
97.550075 32.490016 28.251937
59.105551 49.615036 27.770659
35.176086 16.440408 28.435852
67.798502 16.819574 36.703026
14.328459 43.790757 29.372089
15.478821 6.501108 34.089352
44.683062 60.803688 36.882228
38.020028 54.695085 33.596431
45.161044 49.442790 25.819931
63.734015 60.318385 34.815973
40.333529 76.649999 29.143883
38.423114 19.124218 29.343353
46.773883 97.276223 27.113161
83.354340 64.752417 26.112038
93.790696 57.521317 25.689523
15.318121 81.749079 25.630690
50.104606 51.673522 29.521955
74.591076 69.148247 32.188006
97.123027 80.634638 33.002946
59.007300 93.348321 30.698554
32.235838 62.825603 29.655292
21.727880 86.706554 26.575336
22.083108 79.254367 32.212176
58.336607 22.059231 29.815748
86.869034 84.377160 26.307514
8.109844 60.625593 34.702242
34.483589 31.516602 33.409394
30.416415 86.901172 36.217048
82.855004 0.038835 25.538572
53.100799 70.179697 26.356706
95.558733 84.734872 33.449660
2.259983 51.135832 36.519882
15.090837 90.079583 32.070074
83.155062 71.986521 26.255509
91.586453 25.262471 34.546065
48.377489 66.934699 30.209381
15.851264 58.724736 31.616161
1.537608 77.352117 28.442341
41.017143 3.684697 25.453950
29.996505 20.370984 35.461255
88.946063 82.187206 32.593057
84.098858 18.804594 35.554715
98.826139 70.477734 34.963184
96.368400 11.270751 34.523185
40.594195 46.473024 35.641810
57.460091 27.899157 27.112914
79.772755 73.523403 30.459792
31.353324 24.429137 35.973272
57.597830 49.974817 36.426360
49.809957 45.199255 26.269692
61.044937 1.652654 28.912797
92.874823 25.345544 31.376320
22.804742 34.325682 31.671133
84.576487 64.235005 27.032160
82.365958 48.257223 29.085510
5.253737 88.580441 34.309969
70.675436 23.365379 35.560901
38.466489 25.972166 37.100790
67.836164 10.214710 28.320872
15.130190 1.987781 29.811303
90.386545 5.734652 33.873798
41.206615 64.938582 25.062577
46.555639 79.151542 36.410754
82.064920 23.780500 32.708235
45.893360 18.957770 37.193481
61.764411 4.092759 27.940260
78.587143 63.842947 26.070100
60.061543 62.464683 33.680270
27.530959 45.367004 29.781403
7.071044 39.649014 30.036431
6.101818 40.998754 31.266365
27.014024 91.358261 37.385495
38.402681 63.331000 25.561508
87.889361 84.180240 34.333093
11.459976 31.285711 30.839735
20.628773 0.346558 37.492432
76.642199 29.079025 36.599147
49.413974 47.437463 29.498327
67.189819 8.254749 34.941521
14.541293 32.952826 27.203545
13.301384 5.171359 28.947467
7.941020 76.040988 27.631045
31.930075 17.627999 25.877609
92.794554 74.155873 29.004332
57.377290 28.134119 33.984911
70.450622 21.473642 29.387255
50.034555 27.136107 30.119390
52.318688 2.132342 29.452371
29.834432 47.635707 26.540960
60.267581 90.456512 35.014212
44.805159 20.596599 34.022537
8.561033 41.145220 34.133638
11.195922 31.410713 25.899230
30.001306 57.541980 35.686341
1.934817 82.679514 36.318481
60.342991 29.155187 27.270854
48.567868 7.460520 33.715440
62.584341 8.870733 28.584272
55.148070 4.687114 35.362508
89.370676 24.340678 34.919145
74.958581 74.471937 31.822267
55.970209 5.913069 27.881062
74.901370 54.752988 30.221982
32.608450 29.332106 27.811907
81.911069 63.770955 27.581935
82.928707 93.439841 27.312903
98.082590 24.687540 28.706732
22.975556 75.835498 29.895533
23.141219 98.419390 28.917071
48.230208 44.420176 32.883354
40.032876 24.987924 31.960290
67.820768 34.816253 25.672417
31.842935 52.424707 28.199188
51.940494 84.783890 26.554123
77.407115 83.636205 26.829523