64.465852 81.340050 25.115123
92.072211 70.662344 29.520160
90.537903 3.227686 29.394282
34.460351 53.461713 26.548481
66.379843 66.886776 25.789568
74.228719 64.291918 35.694246
80.920051 21.534818 27.795109
13.905006 59.654984 29.839522
74.130829 88.857232 26.210707
8.828211 30.952805 36.329507
88.395523 84.234409 36.439640
74.792119 1.999196 29.120132
11.828164 72.674163 35.847676
97.904360 61.806175 29.491064
4.877072 15.394616 34.200541
4.174037 84.841617 36.005354
40.009899 60.390820 28.234707
38.848394 9.902947 37.242981
2.133563 54.853174 34.861112
79.660704 71.410419 31.311929
15.756074 41.463287 33.814893
42.558933 14.342960 26.519371
87.937531 58.074645 29.375087
29.940055 94.014594 35.342333
4.129223 92.479575 28.948713
63.798236 34.834032 26.181139
16.025711 54.882636 30.685977
84.250391 36.961644 29.468589
19.358662 40.003363 35.905308
62.065084 36.319745 36.569040
57.179097 81.585110 32.172608
10.927375 37.406410 35.312432
10.373664 38.362861 30.469961
76.536615 34.269429 33.049156
60.319305 75.571384 32.910316
43.019854 81.404349 36.356443
62.529585 12.017934 31.569408
47.657906 30.048766 25.360374
9.541755 23.736845 30.673127
73.981938 92.126524 27.232637
89.893275 13.641604 28.173901
67.999030 59.303430 26.523583
60.784852 16.180726 36.027065
7.693572 24.862178 25.074174
92.608570 19.061939 26.280126
9.654391 62.733009 36.040666
2.836876 34.776817 25.561682
0.992284 3.153123 37.105152
64.104799 38.670147 31.756728
95.225115 59.191778 25.724140
53.160856 35.652040 34.092779
33.250764 62.672506 33.771999
1.769588 0.584749 31.258929
70.685899 86.432332 35.448379
98.387902 40.331055 34.414928
44.087679 99.196656 25.585115
38.390441 48.113557 35.747399
13.638977 46.688373 37.009584
46.958686 81.703456 27.089203
22.523099 94.815835 37.273190
86.047783 98.305225 34.769429
93.936346 45.813801 25.620160
39.827712 45.164430 28.745694
86.670265 1.831531 31.700710
82.611601 6.620034 27.607840
82.350349 19.010629 34.312968
68.589084 90.680952 25.901870
97.647477 9.397043 26.628321
87.776544 56.446076 34.119526
4.713611 38.671229 28.412189
59.161778 82.581300 32.776631
23.880251 95.103373 36.856801
64.854098 31.499601 29.686876
78.662340 62.024296 35.459093
50.644643 79.937190 25.132926
46.479967 50.463813 37.163835
48.999369 41.189764 32.674220
85.849145 23.772319 25.061326
82.923818 3.072549 30.589203
71.196621 91.060745 37.393502
74.140533 84.496102 26.410517
99.346903 20.546158 30.135365
63.131310 1.849619 36.406944
49.244479 26.478584 33.599173
9.841797 37.661029 30.660924
53.741360 96.518717 34.436991
43.216212 81.804464 26.903875
49.283218 7.878159 30.159870
90.551742 40.569039 30.790325
51.408484 37.023392 25.706817
83.939241 86.312840 31.365604
9.259018 74.733207 28.803732
67.783666 24.230455 29.283855
92.873854 93.069743 33.437475
47.505317 31.708779 36.425798
40.611175 42.957848 25.894244
12.315304 22.532948 30.405630
76.497535 9.664834 33.270621
86.684464 96.094399 36.657238
17.324474 15.434471 27.509644
10.023491 45.193545 34.183243
13.464105 17.507555 29.723003
36.988337 32.157010 34.337254
77.213889 94.089105 36.707193
9.636938 11.594152 33.674136
55.364663 40.986297 30.448658
40.493368 19.256339 28.567826
52.465022 89.277279 35.617810
52.212569 57.914040 31.225399
41.758792 91.909167 36.700896
39.803286 52.359645 35.879087
36.271899 34.917453 33.152181
7.420979 53.955575 33.755303
99.559826 2.033120 30.629915
77.099729 23.913099 34.156069
81.218612 77.988853 30.023902
92.014447 33.756715 37.412642
70.681657 47.414841 31.940021
56.911834 92.980393 35.904419
19.061575 41.649925 33.801864
90.167575 52.793495 30.003039
92.778472 24.570242 31.378926
65.949376 31.078555 32.588850
44.820618 25.534062 34.831490
93.278498 20.465668 36.585744
85.778287 71.982195 31.156424
77.299292 80.504608 29.057716
36.993518 9.919957 28.757510
62.573210 12.351911 32.856865
51.221118 19.594797 29.246276
82.843493 70.923278 32.898703
17.220613 50.094788 25.195477
0.630105 62.513971 25.935907
49.462570 19.623918 33.068711
18.321935 49.877753 34.998615
38.887863 28.981232 32.574103
33.402141 26.481018 29.921798
28.846905 64.313913 31.698293
44.442341 8.862478 31.242961
88.341227 85.277681 29.941378
85.038739 1.040774 29.941518
65.387868 96.726821 31.355232
82.905035 15.206871 28.837982
95.126671 91.683255 33.527914
58.610988 43.262553 29.277725
69.858543 97.580871 35.046164
2.205176 90.195135 26.358821
81.523973 55.808881 37.268371
75.748276 12.678773 37.125285
0.579309 70.632033 31.553561
70.850975 63.839486 26.551846
2.008677 45.524834 29.202923
53.765507 64.823828 34.541780
5.610783 95.903599 33.590016
44.926186 55.222236 34.416546
65.121648 19.737395 32.637947
46.075058 96.206444 27.835896
57.901619 13.944190 35.698090
34.047227 66.089480 30.440007
11.372549 57.926970 28.726428
19.017937 27.799821 26.408611
60.680476 11.824802 35.980960
63.920957 16.800777 25.351849
67.464648 38.681496 30.056688
36.849961 58.780369 35.023716
2.509224 91.044387 37.084446
63.795769 2.432875 35.935432
96.902336 5.279154 28.998963
95.435942 15.515737 33.676194
27.669442 63.689204 35.630175
14.580530 47.352411 26.833635
98.079155 27.847059 31.241095
30.097944 23.031685 34.061648
84.960805 54.846925 37.017996
26.088743 43.318816 30.449437
24.531065 64.388622 34.949808
38.105100 66.300245 36.398205
37.890553 84.150688 31.899901
4.079890 29.019125 33.914959
50.819956 15.199399 32.618547
61.425183 12.639139 36.685183
27.389111 75.242195 31.962499
97.391182 98.752961 35.960567
79.635630 16.055035 33.846202
59.550968 82.620850 34.812506
14.546185 62.131194 34.033541
66.993834 78.358863 32.659931
90.180216 3.552620 25.996168
53.938432 99.196756 27.395117
16.875965 54.318657 33.620353
69.750029 1.621415 36.451123
48.359488 97.161944 32.267270
50.931682 32.753648 36.852609
77.036029 18.004312 32.872242
74.023488 32.365061 29.322855
75.494416 33.317883 28.665323
47.018949 74.133619 25.688927
61.094169 21.374745 35.278263
13.531490 56.016886 28.335949
58.047969 90.256896 37.045377
25.017542 23.395668 31.120007
82.727817 96.012143 25.795560
81.034233 8.101190 34.362670
64.787069 71.897934 28.877451
7.263252 65.839302 36.744886
85.257704 32.127559 25.667201
4.077592 92.481859 30.908777
52.480529 85.443768 33.440690
95.564196 15.547163 35.620241
46.503738 38.326731 29.694913
92.645011 20.160354 33.432971
21.350286 88.984876 28.895626
39.782651 3.541347 30.872097
17.879761 76.497219 36.551509
32.975550 92.644741 25.884312
95.154303 25.637896 30.545964
75.613300 14.097850 30.956186
45.296967 32.366649 29.910229
27.447664 92.979175 30.557944
78.169774 96.125523 25.191170
55.468065 14.185063 28.175867
94.126522 29.091457 35.143255
74.721554 38.362452 35.979565
48.284780 38.689987 25.459705
78.827188 79.577513 33.105636
35.598722 33.841977 31.366182
89.018555 30.770583 25.105074
53.770739 75.075114 36.770373
76.390733 9.730231 29.741882
12.932889 47.661405 33.751981
54.181475 27.766624 34.477410
18.420481 16.115254 35.919320
81.530477 8.944994 30.130665
32.412412 1.870449 34.981955
98.373488 52.200001 25.231936
12.481666 42.505261 27.254612
71.802504 31.147707 34.699770
28.179550 76.890650 26.470847
29.409649 36.480568 33.889512
50.401085 53.857200 25.038848
97.699131 74.993487 30.585094
22.647210 4.810057 25.556119
52.480821 23.788022 27.761325
60.403548 28.469864 26.445122
84.217568 81.482368 28.771765
28.641651 83.897670 31.118005
1.311422 86.728019 29.432608
20.259529 54.757547 28.118084
65.693974 54.182667 37.325785
22.231047 37.714764 27.491707