55.131741 64.761618 29.681957
39.002841 8.989140 31.994477
41.473227 3.673690 25.873580
58.160516 69.024351 35.789627
98.536751 4.831173 26.739366
29.369439 34.867671 25.978171
11.749562 52.810642 31.441930
11.071936 58.594186 28.165804
17.747091 79.573491 26.388149
75.752169 0.422971 26.930351
36.086053 37.240015 34.427503
55.522157 7.112242 37.016172
59.041006 4.514276 31.673932
28.354786 97.523639 29.139549
15.220802 34.443659 36.485393
59.398335 85.085260 36.236043
7.699549 58.762112 30.243195
83.526217 39.610574 34.031880
81.676556 59.622188 28.346814
99.853667 73.644687 26.876731
0.076110 91.082024 28.647016
83.183481 36.530537 30.467038
70.194701 86.846314 29.980752
16.485872 10.761642 29.127177
62.450544 25.035106 32.217617
82.843432 59.661215 32.643008
15.374804 74.268558 31.090443
61.843427 58.260430 37.206527
25.598657 10.102569 29.230860
24.651101 59.191509 29.540950
90.452961 41.156291 31.826595
92.890759 78.360260 33.784476
44.284005 41.389906 25.652722
34.070696 75.267922 29.107419
63.956734 88.026373 29.887217
59.639744 87.495710 31.733779
91.451528 65.249714 33.953527
30.269464 31.294905 30.251521
5.910955 8.987102 29.147174
58.563825 51.063504 30.918191
67.088592 81.392770 28.398775
71.576027 46.375000 34.765441
32.986091 24.280071 32.415841
60.858022 57.511639 32.907213
54.380659 42.669961 35.542360
92.878481 83.776865 28.518154
30.281284 97.697820 32.250041
19.986486 20.959767 31.901064
80.255402 77.846768 34.313127
80.164805 89.764781 29.815390
10.419766 56.307564 36.175067
29.384637 79.492208 25.903040
83.910122 42.953860 35.283197
6.598039 60.674256 36.719695
70.804185 61.133238 31.402856
26.450939 97.417914 33.098251
79.503658 96.009077 27.413718
62.701339 81.787621 26.890704
19.670698 49.396697 36.861203
87.360946 93.759842 35.613496
38.691853 34.361347 29.124785
69.395898 15.033696 27.744022
88.680334 47.690855 32.283083
80.308190 85.446070 32.219738
41.877599 42.940846 34.770320
58.621435 72.567813 35.589745
9.863767 85.782951 25.221115
3.668972 4.497582 35.993141
60.872924 73.591010 35.300838
32.177561 12.253401 36.243120
25.004376 16.945541 32.064178
87.083997 2.925687 29.524361
95.304166 73.586793 25.817028
46.362437 71.641086 31.158406
47.710854 47.647989 26.841361
55.468468 29.852524 32.411368
5.563865 60.820503 35.758376
97.293200 56.948723 33.839350
15.189440 0.930537 25.995253
34.847205 46.338902 35.848334
57.571488 53.419943 25.929346
58.070035 58.475571 27.567517
30.485034 45.893988 37.132737
57.282816 16.111646 34.833540
5.554437 53.467584 30.648026
49.143696 87.068886 27.683256
92.746660 88.229299 32.109194
65.980073 74.074865 27.759742
3.638474 95.721257 33.797211
78.601064 90.370134 30.389866
1.790682 20.046538 25.151336
22.117102 41.309997 36.791752
89.215325 22.596783 36.546554
59.134057 73.171860 28.876833
43.280554 52.524126 29.071715
47.682459 8.575002 35.067684
20.260032 61.630071 33.972112
94.288476 43.315039 35.056197
3.039798 41.774672 34.392055
77.722484 24.447618 34.599343
52.078549 28.220504 34.685726
44.137193 38.653035 36.469689
66.812493 61.828773 32.044091
23.041850 28.054323 33.285105
21.445003 43.224731 32.544216
21.603478 44.328621 33.350167
19.520183 39.669584 27.966510
68.531582 18.031283 25.729588
19.436020 97.862496 31.762621
69.867646 30.918181 25.110944
63.500346 15.219676 29.933194
32.075121 62.666160 26.360490
81.677362 0.345103 35.608877
22.218689 96.905726 35.766909
16.257992 5.250408 34.987313
54.365090 99.735988 31.400203
60.363694 36.623366 25.211314
17.830543 69.707564 32.161660
45.734062 74.238705 34.533032
32.605439 75.132338 27.126693
42.264108 57.100096 37.395284
84.638141 16.793217 28.574880
9.953754 49.202678 36.982587
87.596294 90.157605 26.760986
45.858040 74.254859 30.658440
19.797482 34.796161 36.332912
87.601565 8.589007 28.081484
25.833442 5.398132 35.976948
9.396462 56.018383 28.539346
31.440544 19.772754 31.283155
0.233811 14.818557 37.282661
90.889906 68.008407 35.911262
16.843482 13.913201 33.901662
11.907506 0.004111 34.533897
17.251120 20.264425 31.490377
38.057218 40.750709 28.708756
16.165699 18.645438 29.297646
11.376266 83.165399 36.556194
49.241087 31.903879 27.377210
15.679197 77.430173 32.631955
47.206336 86.192242 36.692547
56.026331 59.502799 27.245303
89.936473 51.716016 32.468265
11.024283 40.329252 34.900804
79.980919 72.600452 26.809312
48.315049 69.308722 25.200540
11.044856 5.888725 33.738775
89.215261 41.929120 26.477331
1.488971 14.662787 28.886396
47.324728 78.078395 34.270078
4.259327 74.575817 36.987543
70.019201 23.652649 31.756128
38.969881 71.163503 35.528696
71.584246 94.100455 25.015187
5.089735 4.149214 30.547620
21.898353 11.810696 30.596279
40.914741 99.372225 33.512737
55.852655 15.468778 27.862077
90.047999 59.252242 26.844280
70.842197 83.617472 36.550733
13.908049 17.060368 27.781567
25.528749 36.013807 31.334998
82.506353 12.902287 26.451141
33.041886 71.359894 34.820843
15.495677 37.862105 29.179977
16.619626 42.385339 31.337370
52.901638 60.166456 32.450932
18.095142 72.454128 34.279523
28.932029 69.310110 25.247340
83.486214 65.231280 30.019120
51.671174 15.656724 32.901514
28.049163 60.930355 35.823510
41.350594 55.541815 34.247541
58.738722 46.425885 28.484600
77.428218 32.163117 37.403868
85.468077 12.093325 30.552659
9.207990 97.468009 25.138223
5.976263 4.318504 34.058956
9.481682 36.943363 30.996746
39.169941 54.847735 33.700838
50.101754 50.529866 35.168963
19.987382 16.853562 26.094494
8.515207 91.644064 30.004449
50.106000 83.071905 27.152912
93.155623 41.538422 37.397937
19.806288 44.373377 30.957277
84.556663 87.534735 25.945971
38.116262 40.380901 34.178708
89.104733 54.308793 30.208355
40.249809 39.686322 30.569228
89.987471 5.911219 31.902014
91.413907 62.471587 34.683258
73.097500 3.877240 35.320099
3.827902 17.791632 37.066092
67.271774 50.591708 26.120514
13.937689 69.019605 32.191485
14.199354 17.651502 30.946058
98.219251 72.599860 34.397423
56.108627 51.739400 32.840794
51.794845 63.299621 31.552515
19.029923 74.714289 29.373605
3.384308 0.451715 32.859965
29.938620 29.575276 26.186480
77.667483 93.747491 31.494001
98.495471 74.135997 27.522901
41.397677 13.519799 35.532050
6.433416 72.719802 36.298514
51.797824 48.576854 37.055857
66.745406 52.755320 32.397395
8.713508 29.147980 29.569247
99.647124 99.446978 34.748273
13.371002 96.961653 30.295285
32.191396 66.298206 25.627351
39.076016 83.814089 33.465688
8.115316 13.727420 27.828812
19.177301 89.451365 31.087642
18.279053 65.758797 34.332668
28.150106 74.669395 34.484686
82.534371 95.625529 26.455852
33.919451 87.800081 31.462583
38.151234 57.280118 32.407113
10.023158 8.435369 32.522706
72.245649 55.499614 25.978504
87.797288 58.902871 36.655495
18.645753 52.282420 25.797854
71.762845 6.345035 33.282704
58.870221 67.860911 32.016326
2.950771 96.983524 28.125571
88.161171 95.953405 36.357303
40.007400 98.844907 31.113227
40.289751 65.652409 26.888047
21.584960 20.439995 32.113153
66.560852 34.153964 33.517715
19.269775 89.999341 31.572638
68.458499 12.723998 37.447314
32.103132 89.804241 31.172105
88.074092 4.674670 36.444079
4.344545 83.624348 33.500025
96.728235 26.047832 36.268251
44.534471 42.322953 32.318008
52.370781 3.779227 33.877713
63.032766 60.490640 33.368040
95.428230 22.462073 37.297081
42.511737 46.725857 27.278872
94.214302 84.502025 33.419774
42.845669 67.690022 36.363368
52.656730 51.155283 31.218441
5.942245 29.048156 35.547002
32.704464 61.974942 35.025122
51.430608 73.505250 36.221819