9.015097 76.924448 27.637104
76.907634 37.038349 25.832012
6.825011 44.732953 33.796540
70.072578 77.232963 34.718687
8.681252 56.034968 31.669844
65.172784 32.648031 37.323504
84.758082 40.108521 33.483516
95.381712 73.593453 27.483577
10.466364 83.368018 26.844712
35.255880 96.293748 33.733417
33.488999 31.426233 37.083457
75.337242 23.931298 33.899049
56.157115 91.414379 36.550606
32.196874 6.050467 30.350603
18.536191 35.653228 31.390883
83.532526 53.321159 33.974415
33.686462 36.397253 28.425919
65.198832 8.994680 25.229235
72.964553 56.326701 27.775054
58.165816 61.318032 29.662786
48.123367 47.861622 25.551620
44.008535 0.900157 27.977446
18.055412 34.327654 35.954408
75.524076 57.728356 29.282717
92.468081 99.144712 35.935643
7.783560 31.741535 29.507384
32.205153 41.398834 30.493977
61.022699 33.982947 35.099759
6.246870 65.586317 29.006242
7.247389 18.417456 29.821488
81.788483 7.898714 36.503098
44.939574 46.186945 33.807402
30.483453 21.520518 30.814893
0.164679 82.871857 32.678199
90.408229 73.440304 31.296572
19.738467 63.013000 29.181208
32.780258 5.162814 25.471929
78.451759 97.820235 31.045338
6.570427 63.024279 37.189756
57.320140 13.031160 27.864876
79.582614 44.093283 33.325047
14.016238 63.910719 33.526774
39.325176 50.785325 33.299614
81.140262 80.881434 26.981351
2.946410 40.990838 32.097666
74.365448 19.215837 28.149465
77.903245 94.992758 28.670702
58.161442 91.466332 29.304949
4.536090 74.848212 33.963981
30.464018 83.962950 32.088256
85.698302 5.951208 26.377034
78.070739 94.949280 33.370888
19.684403 80.535159 25.575550
62.415245 82.972010 27.858908
3.163592 61.413488 26.120113
8.704770 91.132996 37.173370
55.638461 98.153725 30.495557
7.504777 25.133387 25.490861
74.617337 60.118829 27.661813
78.881576 8.928743 28.688775
29.625500 74.064327 36.978588
63.579832 81.876656 35.294813
18.329965 51.402307 25.641352
18.100469 57.212651 34.339438
3.730978 39.084971 33.480806
36.210250 10.933775 25.978805
36.208447 49.543869 37.302177
27.960390 51.185318 36.397136
24.136613 21.497269 27.861580
1.576041 19.693181 35.153590
2.231793 78.169037 32.542827
6.400541 43.888663 31.035678
48.858289 87.509031 31.714063
93.408704 61.018399 35.431192
84.938559 4.764875 28.417653
29.276813 87.611800 30.150879
34.056471 24.188656 35.302135
3.064418 74.786773 30.896126
99.275295 62.657392 35.781401
25.562862 46.599037 35.839176
95.013514 44.437237 36.961154
70.059064 17.764020 34.475830
38.983393 26.011356 28.714357
57.969345 0.976315 30.829146
8.881096 73.601526 28.634210
24.528853 41.598141 31.784675
47.207534 64.787100 26.835357
89.942163 22.692573 31.012443
66.178510 6.762989 36.739022
86.450319 52.588136 34.532624
87.222025 92.719895 33.488787
41.278709 67.811441 27.528254
67.401211 66.882552 33.630174
68.864678 38.669054 31.360660
97.279532 28.553052 25.448224
64.019239 64.494547 28.674419
13.092662 67.233871 31.567493
84.945630 28.712404 36.183802
17.037861 65.879943 31.163053
5.570479 13.031504 31.051338
55.057421 87.043564 35.495278
16.442228 68.169522 37.063982
63.984708 45.517362 29.933779
67.719579 57.932757 35.182220
15.887436 18.829110 32.452596
43.604018 74.533835 27.819748
18.752984 33.766302 37.324589
2.524881 82.301531 32.391373
1.819774 97.899717 27.808333
71.572168 47.267112 31.964612
32.964386 46.150985 30.381397
11.545847 5.148471 33.029872
16.681576 28.663620 32.882945
41.496391 3.640049 25.979864
31.839937 40.987685 33.505709
11.597035 4.147977 26.942853
28.035836 70.214353 33.313726
33.326404 87.955991 28.909705
37.574237 39.759368 32.736985
25.303993 30.814397 27.194136
40.985076 53.528274 25.483866
36.376510 95.217090 27.849675
90.165965 68.070695 31.577246
79.120831 74.851019 27.856544
2.128363 47.208416 26.552843
72.343590 59.163185 28.762299
63.477564 17.326619 31.533635
81.022880 15.489725 30.211779
80.365798 68.656080 34.395650
74.874556 6.248732 29.070326
74.086568 19.402112 27.386000
70.903852 44.086229 27.105566
34.135070 42.646900 27.555227
62.111180 35.887969 27.224178
92.108082 95.101985 30.713532
32.252356 64.514011 27.908320
29.139505 10.372470 30.812133
67.093854 36.800329 32.619034
40.612096 55.300207 28.424574
35.634576 70.217637 30.866061
9.882366 40.365586 31.934224
80.794069 83.285562 26.348722
60.683597 18.576239 31.012280
67.280130 44.719511 36.515196
12.979134 38.200167 27.917508
89.501995 3.076390 34.325494
85.210165 91.453488 33.599774
14.697917 92.150733 28.051409
61.565733 73.754164 32.052845
30.362730 84.009439 30.003842
78.630001 21.761002 25.318352
21.873581 22.467279 27.164481
19.266517 59.507757 35.798907
49.895836 73.896403 27.411179
92.465407 81.532581 30.087387
78.251223 95.856590 27.079638
50.779144 58.681168 29.361006
19.262831 65.991362 34.876697
14.718979 66.607580 35.077397
93.381057 16.683590 34.708417
63.754269 62.301396 25.339477
24.445906 45.856432 32.713361
65.309686 93.786178 34.367706
10.232735 60.758388 29.115990
40.475723 55.738821 36.507857
11.422698 65.272683 25.789368
16.546744 5.085348 30.702703
7.494715 89.677752 28.729382
43.464988 63.614793 35.630012
15.768581 24.150405 25.587500
73.107835 52.479056 27.229521
2.178408 87.163914 26.536158
17.691938 26.907268 34.520891
89.304912 23.008677 35.150043
73.288974 18.992758 35.989894
23.406925 9.343741 34.126692
18.617238 78.017485 34.994912
76.568736 41.003712 34.096231
22.549535 63.826360 37.401983
54.805983 97.469715 25.884535
25.892051 43.572025 29.641130
1.568572 6.126677 34.100165
47.458213 65.936946 32.543606
36.388769 4.689554 34.169016
7.616404 97.072906 32.082220
5.634710 61.820104 26.262927
16.251989 35.427190 27.500702
32.532223 43.715527 34.233647
13.599527 73.050509 34.141548
11.508100 56.283799 25.472744
33.260128 52.583498 30.874905
0.097010 17.921048 37.464896
31.191077 77.496324 28.807180
71.184900 83.737545 31.489894
57.528407 62.899421 27.458549
70.992672 34.462421 27.521650
47.170162 84.448594 26.746596
9.146422 77.449354 26.211226
13.366915 2.805322 31.555870
15.288106 43.646222 28.270017
52.785060 21.719548 25.844118
82.301964 72.453596 27.718912
59.883868 43.518110 25.492854
50.565422 83.748842 25.979065
31.099065 2.361002 25.189165
71.045384 13.992736 28.481001
41.957412 61.434890 26.053585
17.133802 70.492262 34.965262
86.577064 75.797795 34.143969
94.844010 45.943633 28.502490
58.760464 3.437071 30.786572
59.812466 70.405398 27.352488
44.674671 21.207989 32.979982
65.060545 74.989846 34.764991
61.346305 98.501304 31.941614
42.400338 3.791594 29.303469
4.350173 57.050648 27.165673
74.801787 85.498505 31.994250
40.033343 73.123969 31.490897
59.335996 94.763466 29.561579
31.881140 52.736421 36.957740
29.678173 19.850036 32.768946
40.502839 8.717022 26.007671
20.344742 60.940425 27.133546
1.255411 90.460389 27.743100
42.778758 68.935889 28.396335
70.746483 16.277707 28.017413
88.375217 23.475679 25.570932
96.177493 81.294723 28.120316
76.496258 83.135980 31.425767
77.426300 92.872040 33.187277
9.422045 71.392196 36.637783
10.288515 13.428388 35.513587
55.466882 48.403563 34.704729
79.717510 16.056379 36.514053
2.980451 67.490989 31.460833
22.219525 95.597738 30.130617
27.773201 81.530984 26.005612
28.831422 53.721637 28.858100
26.715721 12.970330 33.792582
31.971170 7.780149 33.255563
57.450062 9.610597 36.531274
86.513889 20.917955 31.116774
15.949704 43.276334 35.265952
35.131101 21.952103 26.125596
11.342058 86.765888 26.172399
99.461414 79.332981 36.064120
99.947208 61.497179 27.264712
27.088271 66.435992 29.699866
54.958630 70.497221 34.126739