97.472526 15.682933 29.678832
87.800088 17.491475 29.599650
32.582536 72.235881 29.249906
70.077070 84.901942 32.416702
81.012375 34.605156 33.223219
54.603628 9.214348 34.107828
73.676236 86.233339 36.963774
36.305427 89.279694 29.806242
93.278987 28.030876 29.680617
65.026587 56.272474 36.364433
9.401628 94.992502 34.719332
78.528262 82.380214 29.125906
36.176830 98.040190 29.738436
34.086516 76.408300 25.557467
56.228850 32.959648 33.359271
54.963270 58.879375 33.814222
68.689380 69.457684 30.056516
14.749369 17.535639 25.228553
54.307883 29.175212 28.232097
93.326457 55.756324 28.083316
64.226552 37.897672 28.540215
76.050453 98.715352 33.646048
68.571159 4.972877 35.001905
15.269777 17.674582 35.263435
84.670866 46.354525 34.177084
86.849492 64.204210 35.904343
77.626466 73.637297 35.331994
41.096150 46.856149 30.959328
82.751982 6.821801 30.481736
69.397269 40.089149 37.085325
40.868851 19.496177 34.327238
49.955163 66.276816 31.537448
63.139593 3.720465 32.418925
53.757206 84.242165 32.648589
17.309304 16.499915 36.742261
87.433431 82.325585 30.627037
68.224305 84.160425 33.948675
50.588067 88.969264 33.566453
46.992146 97.443371 28.523601
10.764071 42.016160 26.662568
80.026790 55.898380 28.231635
14.964209 16.475535 37.106626
30.755678 98.912761 27.276836
60.151668 29.816932 33.126388
43.189406 27.182217 34.962368
16.629975 64.873444 29.181303
56.977569 57.371947 25.952015
70.914715 12.588741 30.973392
45.686808 77.145638 25.761069
97.569069 32.406233 28.501015
70.969374 38.656641 25.316135
12.308210 81.788911 25.472174
70.148151 12.187727 25.213648
22.418945 56.998129 34.820646
57.937885 81.246352 37.023814
67.893172 18.178820 33.933492
1.644927 24.375068 36.147431
37.824110 33.150476 35.845534
82.003888 51.795021 35.660657
46.858273 75.087800 34.535016
96.497427 95.578878 26.794397
26.164912 84.753745 33.231547
75.868738 96.237401 36.578099
96.654245 16.609962 30.838557
17.412697 52.958502 29.039415
32.025953 53.715008 29.661381
21.788823 3.369425 28.028354
6.782121 43.980129 37.461577
56.452822 78.473491 31.253111
8.586576 29.284576 26.733242
48.518131 14.456097 33.699097
64.184638 16.019991 26.205697
78.722178 18.145757 27.131089
52.805294 86.973464 29.256445
15.661113 73.937572 27.414178
76.770615 4.915726 29.701743
56.095083 13.940183 37.480177
21.009998 1.320047 33.444047
66.256267 48.402589 29.850759
22.235177 82.649669 28.744522
64.617000 8.250062 33.114965
17.529086 23.892137 28.579250
96.072409 70.104644 25.003737
93.693658 29.946646 32.119838
80.447415 83.061855 27.513475
5.194576 13.801722 32.769347
92.863849 50.860005 36.446933
81.467854 44.390901 33.837941
19.474376 32.919588 27.240718
24.637819 4.602083 29.854302
74.838013 64.390468 29.049662
37.621790 56.746298 31.441930
27.679838 28.186050 37.095615
87.754985 24.011202 30.685412
87.500364 85.138263 33.778379
7.445439 63.350875 25.847577
40.226919 18.135530 30.507663
32.649316 97.988262 37.072284
67.807219 85.259903 28.998107
22.854596 38.907940 32.756686
57.179611 61.540663 25.734793
79.125303 3.406218 33.366986
99.438617 15.525508 33.418719
11.277289 8.609759 26.062692
14.078392 15.529784 33.129045
93.864441 68.333704 30.171354
81.415086 26.393293 37.325455
85.271027 32.587649 32.701684
36.076260 72.757654 34.005148
47.269827 93.814209 31.882078
42.825719 13.219712 25.542123
67.176758 81.334411 26.847227
87.187464 21.858096 36.658850
60.348324 33.257702 27.946206
64.912755 15.012083 30.887207
73.585455 88.363444 32.544051
63.497965 57.509353 30.740288
15.835151 27.056552 37.298515
40.047872 22.827961 31.451070
38.516508 70.981215 27.740476
62.186391 26.005404 31.224241
49.315673 30.791976 36.626028
72.888670 26.404102 31.024829
61.684140 98.132119 33.825799
82.982398 48.012106 30.748895
74.202083 34.739945 25.522302
48.536060 69.367012 31.550301
69.045468 76.500663 26.731291
63.236685 4.300154 32.319905
22.250135 77.091379 33.575990
71.087307 80.731186 29.315497
34.845442 98.579646 26.653039
47.046719 13.190079 34.863977
26.630528 81.805180 27.528203
11.260279 98.335280 31.786520
57.572294 23.646573 34.253139
66.723906 14.062181 30.334822
60.626778 32.048696 30.526045
69.276471 0.800274 36.727019
55.169732 12.328254 34.840407
60.644752 14.684827 28.364839
18.420519 73.729229 25.477042
48.249540 6.096891 30.027759
69.696496 55.341989 28.309024
27.156072 89.569718 29.187788
90.048625 86.083044 31.647258
13.214731 90.620036 28.318843
66.231517 79.473069 34.555851
73.850842 25.117577 31.514134
92.765662 82.584714 25.254164
35.412915 74.257516 27.391991
96.973045 68.718641 32.493856
97.938953 98.468666 30.220080
19.377338 62.484106 36.808278
83.903184 73.396796 36.224533
31.624439 7.669346 33.782478
49.195665 90.517215 34.087266
66.256542 1.427992 28.674920
33.302020 33.945234 26.717043
62.632263 27.112896 26.612905
22.553490 96.242245 30.855783
23.694660 78.908152 28.770461
48.978340 11.350126 36.855941
29.910475 26.943082 28.503566
35.985827 33.590043 25.422959
63.507199 8.676729 28.276115
18.470512 18.880261 34.020957
39.379606 63.328927 35.515803
70.070797 94.542177 27.486745
60.726254 80.768008 25.782160
15.519010 29.469455 32.106465
11.378261 79.877461 25.324272
30.121481 18.882128 26.605220
14.583862 2.250432 34.797201
18.111561 51.645862 25.845124
33.767974 96.758904 30.870135
14.856930 3.052678 29.587747
48.737661 34.201465 37.035686
18.177984 61.830615 36.879784
82.294014 48.869890 25.850932
32.695842 87.849643 35.678336
82.706868 62.379329 28.507349
97.098685 71.830287 36.401870
29.528177 37.126943 31.931433
87.537325 59.877320 31.443868
85.916485 45.525837 32.580812
66.538453 79.966011 36.367152
89.849071 37.659281 28.095774
85.071321 61.682933 29.406896
33.290063 6.114845 34.832228
5.682076 90.053997 34.120548
28.780351 49.704074 33.918848
12.484712 93.285470 33.192360
15.481992 27.569776 29.826802
79.238381 18.411365 34.421410
99.902219 97.374805 27.093713
48.339534 60.880550 26.426451
5.132765 21.246858 25.906475
52.149883 64.022229 25.413175
22.333345 40.762717 32.758241
59.632801 59.836008 32.919343
31.540054 5.999975 35.718050
6.160911 48.779754 30.154738
20.067395 71.943865 27.096381
48.531889 34.002948 25.384485
23.223831 7.652206 34.211363
51.222464 59.134890 33.849401
33.677833 37.307584 34.506762
85.948320 6.958205 27.629506
39.773766 12.602042 27.441425
38.161177 63.935191 26.473202
39.351717 18.429725 27.750700
83.036094 82.586287 26.279522
59.862815 11.149100 33.489236
29.146620 98.555218 32.409670
71.631642 83.696596 30.191153
27.625830 99.444130 33.471596
74.408136 63.093142 30.255283
4.315837 93.794662 25.252005
26.361004 29.083938 35.051265
84.641776 44.335205 25.948715
38.059161 19.381053 31.566258
74.806860 72.450802 28.676693
97.145022 15.581728 31.888615
23.828816 29.009432 27.566645
57.602140 94.625028 34.216697
3.644282 88.421276 30.611125
81.109217 48.877833 36.944386
6.632130 14.052791 25.447259
74.339045 6.449235 32.278630
60.902414 69.000742 30.149729
47.581033 71.024057 31.564253
44.444331 47.281369 27.590490
53.878963 28.673385 36.422815
71.810693 63.489357 33.602308
99.416996 17.831130 25.597523
7.294960 3.568233 26.236127
35.828267 82.407835 28.648001
8.412087 18.890159 31.045405
5.270670 68.246028 32.696599
98.994038 52.030337 28.146483
48.743608 74.174138 34.228091
19.144622 43.893351 27.516617
97.279043 38.818837 31.603968
41.842743 88.267439 28.213307
92.133535 45.832386 34.725055
90.735137 68.961676 25.478559
90.171620 63.699519 28.358395
51.839944 57.371904 33.324907
36.633813 50.597716 26.827264