55.554657 39.458721 35.585876
65.477592 4.961337 27.738106
54.933969 71.429750 30.037592
4.806716 63.195500 36.394478
74.801435 6.453895 25.541882
92.765049 1.270272 29.588377
95.144976 7.987316 31.069483
61.087290 90.925365 25.433193
79.647538 48.955753 33.278441
68.961173 35.625894 34.737852
88.647703 5.803074 36.662633
10.691410 55.531134 26.825983
48.382520 1.199257 28.734558
51.067105 97.045651 32.505135
5.740628 18.453712 31.965987
21.527470 84.464864 30.344246
82.392109 50.456195 25.927807
1.389291 84.965997 26.091881
31.829408 72.113397 30.668466
78.317546 20.868359 28.808102
33.956329 35.274387 27.288028
20.923762 65.521099 34.534900
79.357452 13.450824 35.999808
91.462952 93.990660 25.927880
28.797942 68.220122 28.501139
5.819211 6.171458 26.899171
19.691683 58.473797 34.993920
61.585255 47.173948 25.001775
32.620295 27.729348 28.789950
8.876753 24.090298 33.528191
39.000828 36.152344 26.733089
65.755390 3.047884 27.899789
50.900996 0.116503 36.914039
80.417904 65.200529 30.399378
63.448708 91.337647 32.178273
28.647261 86.237410 37.226681
48.186993 86.744378 31.104498
13.527038 0.147618 35.148483
88.727584 12.224870 36.694485
75.923953 9.885603 36.544378
92.362950 20.625957 35.377336
47.497342 69.089171 25.951513
72.054701 66.677681 31.113164
61.475483 23.647244 31.153019
5.996189 35.880463 27.880084
12.316855 3.291426 33.943793
56.158929 51.436079 35.039693
11.065137 55.166665 32.486925
9.337253 89.603516 31.900847
24.784990 92.354287 32.704007
37.538437 45.659141 26.032652
94.739154 67.887815 30.090919
41.852455 26.809256 33.098106
69.623108 75.036868 27.888234
32.316796 8.735661 29.026063
24.449793 36.156425 32.440414
87.838497 19.898391 29.110095
33.397914 16.521325 32.331137
29.405654 94.811620 32.618874
9.668164 39.837010 32.054538
37.739716 94.876230 26.254315
22.544532 19.496851 27.139442
29.793136 98.012840 26.023786
20.620169 62.511153 30.675320
0.353103 53.706514 30.327097
92.307294 22.549359 36.565549
67.128411 78.900598 29.345467
40.819383 30.835266 29.897011
7.503650 54.647508 27.895236
43.985012 14.457753 27.994115
75.378139 86.296452 37.390923
88.164862 4.634091 30.657727
2.883927 82.103038 26.181626
80.621645 36.243446 25.241957
32.404622 47.976082 30.534183
16.184735 11.119868 27.165626
19.221433 54.943377 35.610421
67.349765 38.400162 25.085878
8.662690 51.921712 25.483294
58.723478 3.723380 33.605379
62.756251 19.394510 32.183247
4.740343 58.381829 36.705445
45.270980 93.830513 33.949192
91.816163 60.446629 37.397629
1.853765 33.130661 26.795497
19.024735 17.162160 26.248180
4.740130 28.132573 26.618542
90.871593 17.968714 26.747289
70.111119 12.590564 34.608777
72.546175 5.293711 25.303156
13.723757 9.429342 33.992928
88.174057 69.936277 31.120645
49.314036 48.154962 26.668368
92.591187 62.007169 33.854734
12.082092 49.966082 30.586354
11.203539 17.390703 35.505667
81.160754 93.992267 25.841324
87.075123 66.901107 35.679930
8.600157 35.778496 28.249058
63.242954 4.241682 34.041995
0.297260 79.769490 29.002461
98.402160 15.424561 30.130208
49.633530 17.262643 29.234801
17.578322 80.431429 28.082454
66.245947 32.635943 26.938484
58.889013 53.136493 25.134954
18.433517 5.061599 34.247349
39.040626 22.372030 32.441833
85.605273 35.135476 31.505468
82.892138 61.885009 28.677325
68.765652 80.528779 28.905517
23.159721 72.586672 25.199573
93.514512 21.102092 29.032957
57.382277 0.380307 28.810948
63.034659 31.514096 35.981210
47.749512 63.145891 25.231222
46.970495 21.979202 26.894806
62.865085 83.231012 30.776750
19.020351 45.903107 30.887246
72.751910 63.690575 26.475216
9.283710 36.304240 37.429014
91.149988 62.448994 32.418287
68.444695 81.595908 25.627745
47.722195 39.748957 34.887580
95.588156 77.411829 33.736661
31.372643 80.393121 31.430188
64.802324 10.136305 34.983786
89.670876 37.531319 30.045662
56.959772 71.487458 26.918552
0.573303 14.789616 29.807682
25.450027 6.273938 31.449468
51.867169 73.156145 27.917861
17.098486 85.082481 28.465841
74.973829 0.540473 33.306105
7.824327 84.889694 32.530540
67.217795 56.195815 26.134122
56.612873 13.352404 31.279877
74.665508 80.370955 27.305277
95.141398 46.489120 37.028108
40.218342 61.443870 28.930392
10.046613 90.286316 34.828766
7.399195 43.172025 31.705274
85.935937 72.844022 26.255160
18.790565 39.688823 25.637911
61.101995 8.832561 27.494519
38.409770 57.703697 36.563131
44.719475 23.269767 25.767739
90.684520 47.995155 25.195905
17.189341 82.950328 27.121936
98.457930 55.194145 28.013199
48.408190 72.069663 34.464357
62.701723 75.309666 34.496255
65.214116 11.266038 35.917738
56.624033 72.702288 28.907926
82.675049 55.353960 28.769055
61.344830 53.435215 31.414743
82.671269 10.138792 32.823941
8.095444 99.685217 36.394859
99.225102 45.190632 26.570655
17.983863 79.878403 26.869051
24.336282 83.404662 36.776444
81.748505 69.296735 34.130461
47.692127 87.730665 36.190427
40.521017 13.529594 27.803948
82.290538 60.700256 26.524596
63.826461 66.842212 35.122266
74.156982 27.463859 29.809669
28.340066 84.742959 35.552995
51.039012 72.667872 37.455595
34.259170 53.806659 25.177518
1.593045 94.390812 29.549701
76.572802 30.462100 28.658441
34.824707 12.985592 28.629562
74.691276 96.157538 36.548226
85.437365 70.027078 35.206349
2.468102 78.466400 36.855393
44.197945 14.495797 36.598565
27.528340 47.249697 26.527411
1.225673 70.300569 31.752188
5.589707 64.296508 29.614927
67.176102 52.111201 32.750048
33.383114 11.832049 29.547038
40.485122 76.130227 26.331860
78.201506 73.955915 37.255926
36.734922 5.924943 33.981607
21.655484 49.797918 31.553488
5.498184 48.450573 32.720838
29.950876 39.688393 35.190978
80.134962 26.116794 25.214342
61.045988 45.377393 26.406281
18.047033 88.479514 30.148696
33.662419 89.551751 31.842682
48.033535 26.286512 34.519320
92.741047 85.552672 35.524474
95.469189 63.739819 30.145517
95.852631 65.697958 35.399183
97.399701 54.672795 35.363951
53.722448 58.460936 26.351495
69.389175 98.723679 28.218874
51.827565 17.617440 25.624008
77.126670 97.001222 26.550193
38.472644 52.599768 37.450338
54.676434 67.076117 37.376615
75.590981 14.336040 25.607755
20.984596 70.844108 32.632034
69.623516 60.663506 29.127797
86.234037 87.269432 27.905151
5.708215 46.073780 29.892151
65.853638 91.131251 31.967791
64.618467 20.247186 33.305714
90.611300 12.404768 32.911077
17.694285 80.953321 32.686699
37.107853 6.831134 34.006771
28.318528 33.561419 28.621846
4.768716 63.689565 30.189116
97.155263 33.541651 32.761599
20.063843 25.117895 36.080567
41.314069 21.846955 30.015490
24.833547 2.033415 27.536813
6.920704 40.426165 36.298686
19.279423 12.459654 27.064825
2.453195 43.049428 28.301356
66.522363 24.168176 26.537925
67.865491 9.729521 33.484624
17.872387 3.408148 26.295335
40.566509 52.105434 31.989730
63.167257 4.238968 28.327045
67.488441 1.902008 27.113480
91.551527 5.973814 32.492460
58.629406 65.051081 36.854038
52.924882 20.590323 26.475248
32.333534 72.579241 31.023793
50.517435 55.137459 27.912581
74.657892 65.745375 31.924665
99.521819 87.659506 27.240145
45.485703 36.029317 36.101477
50.299438 54.820499 36.104198
76.695880 95.584687 30.533022
32.017876 18.138857 26.771321
2.843986 14.601931 30.131026
69.903343 17.446495 29.908475
70.593657 12.614680 36.598811
63.664408 45.759079 35.609580
10.191166 10.690219 33.953769
49.673148 29.298815 35.801249
45.804519 89.670603 32.608911
50.602396 52.114989 34.355868
60.377335 17.611890 27.437795
3.982130 16.335740 37.423103
17.056604 41.030375 33.110261