57.349128 37.350058 31.319812
30.383821 73.973817 31.617834
13.142248 90.622575 31.586388
21.629982 88.319040 28.234265
14.940923 58.106176 29.063337
91.160007 78.075219 34.269179
55.382261 89.797721 35.637504
71.691582 15.951517 27.715958
95.624291 55.307978 37.355604
19.270487 71.871534 35.184305
8.491814 58.443192 36.168235
37.116698 59.168718 27.399183
45.834079 38.014500 33.159778
35.839702 62.728157 33.649603
99.433800 46.516870 25.447660
50.747810 1.731898 31.067447
58.715258 32.286627 26.941914
73.377868 12.631132 37.473667
51.187307 24.660891 27.334892
86.589277 85.216773 33.109714
42.049562 27.323137 34.046241
65.331389 42.364816 36.139668
33.462085 74.155193 32.460561
98.925081 54.097561 26.676720
56.591354 35.293174 26.103648
67.932900 36.069249 34.766945
85.325114 21.159150 27.434669
62.237575 52.680935 28.596452
37.829092 3.561163 27.225241
96.099214 12.971460 26.500926
95.133959 77.672581 29.043654
99.571809 21.290008 33.548750
85.650158 76.981420 27.639075
3.189420 37.234554 35.560218
67.052813 85.759657 33.984362
23.971819 15.845365 30.090969
17.865110 15.458304 25.598355
81.517834 87.503684 30.859863
36.840669 28.957454 32.785305
70.878537 49.415898 32.150193
98.936393 73.964530 37.247963
37.361017 79.921447 31.520872
84.127659 82.779243 27.038738
30.481012 62.022458 27.874596
8.797953 82.947387 26.973242
60.498322 55.045884 26.848809
26.767678 23.334285 33.346708
86.872201 7.409960 36.177825
28.271779 42.959546 31.948314
72.082470 41.534322 27.116620
38.824072 0.881168 36.643345
44.966741 18.931256 32.033903
42.613755 73.971836 36.630788
95.950080 44.068896 32.032460
47.257695 46.979145 33.258438
75.844929 83.357629 32.377119
39.454149 6.493931 28.947676
47.841274 79.973969 25.554616
86.707669 30.133329 32.211912
77.348836 70.747845 35.220227
24.841848 40.413259 27.596526
74.838854 64.529841 30.289685
76.575540 7.720146 34.396097
24.507516 8.197347 29.095571
55.897607 67.898047 34.490817
48.126051 90.991720 31.650698
41.992999 59.661441 25.798300
26.253368 89.405576 33.928303
75.015617 65.633440 26.913088
2.424746 70.813638 33.459343
99.611111 55.441385 36.785718
72.388814 89.162186 33.046021
11.694224 34.726492 34.520185
16.323970 65.782371 28.106235
26.260656 68.440368 35.825833
17.307148 7.555487 25.086777
2.858334 55.797160 32.344135
18.921334 87.255839 32.706192
18.934261 34.587172 32.753335
94.991659 11.901995 28.330579
78.148626 53.207688 34.933015
34.846111 84.462402 33.419115
19.081960 60.225781 33.075043
49.937567 14.747535 36.592657
88.082107 17.627879 37.377563
63.679601 23.956562 26.015606
88.211884 50.525391 31.378508
91.184897 25.400125 32.952255
38.642258 72.926457 35.684840
46.174658 94.192140 28.815845
9.584071 25.292592 28.829058
70.914171 34.290064 25.951482
6.578655 33.050676 34.961572
4.744802 95.217408 35.752721
2.268556 94.678961 30.986953
9.302825 37.780754 31.950180
86.324030 50.385311 25.748358
4.790322 64.581346 31.509716
4.253916 48.322050 28.298649
69.215849 0.887207 35.719837
14.985145 96.839201 33.331226
11.371487 16.255460 25.169769
0.972799 83.604031 33.793452
3.878416 0.202373 28.445431
50.015906 14.779625 25.698603
10.758953 8.795021 27.998554
66.163166 86.075642 27.726631
65.880980 39.318841 34.287736
76.463883 17.923235 29.071970
10.271766 6.468320 35.819506
21.493700 80.943442 35.934299
21.474051 1.942670 34.456237
7.099811 58.372591 25.603988
59.758872 40.835987 28.135457
49.529186 13.244019 31.827192
96.101929 9.973998 26.615833
25.010914 84.514535 32.517104
90.016703 63.740003 32.378214
53.110867 46.689205 37.020691
64.260300 57.827310 31.721572
66.057186 0.412000 25.408891
93.389804 20.268889 37.286831
74.445007 67.347595 31.775178
23.720306 48.648138 33.034339
51.590312 87.334206 37.106755
29.168067 82.871920 28.185789
6.751488 31.639559 29.209863
72.434357 86.805695 31.916068
65.780509 59.295954 25.152951
68.901439 42.312337 35.707950
86.472340 49.323275 28.755891
9.281282 57.680297 25.800297
74.731099 38.069822 37.434681
95.461089 7.906368 27.795009
62.462673 2.115396 34.963311
41.809288 74.911006 31.559285
27.994031 26.958459 36.731025
56.966431 12.149660 31.472818
10.167919 72.437239 26.305701
94.190451 57.143186 26.946240
76.301365 10.660687 35.900016
26.444003 50.489811 25.963235
94.601529 34.165387 27.803189
64.139568 12.604174 31.402297
27.494175 63.262080 33.892013
71.695277 92.361789 35.431828
31.015350 45.272415 35.602108
40.701681 25.455188 31.269420
95.105271 65.018006 28.656250
3.791563 23.836878 27.250272
37.566507 60.731266 36.129671
32.353319 44.428680 25.911072
32.403076 81.269150 33.015418
38.482023 3.664309 33.294953
16.575054 79.754111 34.307469
76.704710 76.479443 29.263475
34.622983 20.449618 28.538842
46.528857 11.316154 29.110485
67.740671 35.560265 35.269702
29.820793 99.665438 29.091183
92.778696 88.577405 34.044877
18.702933 57.482458 36.103364
12.343048 25.101419 33.234298
47.806283 17.353975 28.276688
60.178304 91.600284 32.845371
92.041903 86.913679 37.103965
15.912187 52.693510 29.921508
48.001442 0.242415 30.765244
89.534040 91.850330 25.024829
61.344841 9.915926 31.289406
15.768912 28.459418 36.878681
30.611305 22.479533 33.370855
0.250376 59.982831 36.509230
71.961098 35.851927 32.897031
62.149546 78.936698 27.215604
66.510776 87.891570 26.522553
99.060306 94.581388 26.160394
30.000677 70.394312 29.597075
92.774283 89.716412 34.437125
22.238111 71.325821 27.822682
93.272538 46.479564 35.389637
37.037882 2.416123 27.261067
67.906068 86.259056 28.363340
86.380702 67.907771 29.359556
46.587375 75.853679 32.469868
78.966993 76.838315 30.417397
55.950248 99.992040 32.041209
43.257994 31.752947 29.089584
35.740617 84.104385 25.522896
60.569836 10.778408 25.343660
93.947850 54.290884 32.310227
43.197515 96.364560 33.912274
25.838509 45.789147 29.419892
28.633427 29.680426 28.304906
17.612972 30.688943 35.624951
26.289580 83.343257 25.456288
88.956543 67.339851 32.028173
48.702851 30.587482 26.334103
83.681992 92.096158 29.228803
66.970614 75.714278 28.726303
24.301394 95.198486 35.428354
46.158982 64.790817 36.326544
62.772932 74.290686 26.922407
82.994190 44.408933 30.980413
8.575000 43.134272 35.716775
28.243214 62.665483 31.749229
11.767570 44.738211 30.050602
56.983567 99.445106 31.057057
6.769739 15.623359 35.957189
18.449134 8.743781 34.228120
96.083832 89.044664 28.420285
61.219788 39.052335 30.157909
24.249080 79.965027 34.632374
82.348324 76.920137 30.816071
27.092980 66.873270 33.194212
71.625407 83.514451 26.019888
52.713451 19.805130 34.946707
89.432003 81.386964 36.836926
35.123286 24.104294 36.591990
25.104050 57.817606 34.944404
14.466226 43.905388 25.499913
23.736070 25.665338 29.879672
92.634316 40.734001 33.249519
60.084357 21.991443 27.094172
50.376350 92.999550 28.883692
20.809251 16.362526 36.298268
16.511179 68.364918 37.227663
35.709309 60.712917 34.075826
16.388303 3.174758 35.965795
38.183797 25.657478 25.771952
1.633134 40.381895 27.419499
54.185966 69.108480 25.703083
6.285714 79.135236 27.350352
65.817795 22.302987 34.186544
26.585731 72.844977 29.804432
80.277422 57.195461 28.081783
67.175165 52.867901 33.930047
53.968439 29.290597 37.076457
55.894377 95.345587 33.630834
79.182928 32.032522 31.285057
78.644694 91.666603 32.323527
2.349597 73.580189 29.425161
51.681044 63.079390 31.731988
21.153683 46.305678 30.623522
80.369425 54.810139 31.147076
23.042745 90.794666 28.783984
82.006453 58.900951 34.237003
81.985521 92.676978 30.170956
36.024069 70.982990 30.155976
3.229058 32.647883 29.834383