7.361867 81.770490 27.144099
27.978580 1.103135 25.151413
94.000804 21.375796 32.080046
94.997087 66.903679 28.877951
56.323942 45.334664 27.809398
15.955499 33.625248 34.210362
73.050114 70.238467 31.064258
67.239415 58.683480 30.546659
97.178610 4.872992 32.977232
63.204180 11.074457 28.731425
73.862092 97.463462 26.421067
72.988655 58.857125 25.616369
43.122591 89.705663 35.236894
69.313429 66.983992 27.406818
90.268140 51.416549 33.110608
26.496491 25.589829 35.763241
17.783583 0.256291 36.084825
8.415484 37.133024 27.370803
66.478806 38.218888 29.272452
97.031578 83.149788 32.277367
96.051221 42.826631 32.949248
7.131492 26.496840 35.348327
97.421870 5.122003 27.735408
11.170845 99.522852 37.471812
93.354140 42.669212 28.796912
29.517624 69.275134 26.590199
13.087922 3.960180 28.010567
37.063164 97.482157 34.089106
10.629099 28.615874 32.195080
76.884050 68.055387 35.164151
96.631674 47.269143 36.123419
2.693298 63.909681 29.985360
0.642902 28.299133 29.916660
26.564442 26.361840 32.149038
62.929996 27.998287 26.903000
80.568976 70.521491 36.492404
58.818701 83.420881 33.964178
29.979345 76.239723 31.352753
73.963798 61.021509 28.306306
96.794849 30.678894 31.470222
0.884279 16.530346 25.858521
7.845376 4.869595 36.049442
77.114898 5.160720 35.390259
14.738984 85.173869 26.885538
47.537172 60.481498 26.856573
94.557915 79.853092 30.346733
20.941793 9.755627 27.434427
71.153463 2.108210 28.513153
90.619912 42.017159 34.870015
56.990414 88.989671 36.869696
80.781231 8.827438 29.313903
33.293575 20.076586 34.061717
31.492795 53.413244 25.898539
86.715785 42.985094 27.221543
49.355658 14.606388 33.099829
75.255805 42.834242 34.065638
66.827032 77.313581 32.043578
73.034234 67.053245 30.329167
51.391096 25.530556 31.500325
40.297094 19.353213 32.966632
12.404192 61.963601 37.101260
16.574735 69.532814 36.507393
70.804177 61.027615 37.219690
92.765465 98.908924 27.976675
96.545149 66.170877 29.384663
91.038773 42.350702 31.612986
63.783412 74.369770 27.937757
19.727972 35.274442 28.156585
35.252711 46.572979 26.789233
95.734618 86.516135 31.889474
6.064399 33.676569 26.388892
95.887401 90.564959 32.211204
6.224629 73.816396 32.046080
94.623760 44.176860 30.048165
89.977755 25.799244 37.308266
27.677682 13.864069 30.312421
10.177362 53.392942 32.122219
90.747794 49.110432 37.181409
37.065438 41.658231 31.923009
94.307399 64.795489 28.087136
19.945931 76.771100 25.450617
27.906063 49.272394 32.767425
89.012649 61.178350 31.343642
84.146402 12.269484 26.451734
52.918126 65.706961 27.643729
92.987595 6.909915 35.004574
37.210169 32.744941 35.889456
85.712734 90.148664 25.296874
65.986757 13.140526 25.132541
1.663654 24.260672 32.624592
31.845180 94.640654 29.393729
68.053911 58.196522 30.910425
47.226102 83.374946 30.082896
61.891848 12.967926 28.347428
4.502936 48.411704 27.574033
97.111829 99.186900 35.089302
52.784615 27.038660 35.216673
94.746506 16.901479 27.899908
32.580128 73.146650 27.829482
42.737210 21.835472 28.528333
61.822309 8.601076 31.619156
59.006883 14.203349 36.464181
16.005651 35.012201 34.343860
15.520067 41.224307 35.414677
98.241474 46.835130 31.974289
89.740200 80.162078 37.401476
66.023790 6.869306 30.747756
6.187763 57.509140 32.993612
83.848723 44.766470 27.322394
88.706404 38.883285 25.630499
66.657580 94.139676 27.642664
99.028596 9.298827 26.550819
28.468655 66.076831 25.869041
47.853392 2.916741 34.732866
58.004117 15.890725 35.269703
59.799296 2.039469 34.389113
88.758922 36.745563 25.358777
71.610763 31.776261 31.210636
65.548532 54.165165 35.749296
67.689506 56.508224 27.633012
94.255251 21.841013 25.178753
31.034012 57.394882 31.389285
85.861243 41.524620 31.508129
47.491789 93.585277 25.736762
32.691653 35.232512 31.634692
71.077449 80.314838 33.757146
71.655445 45.293529 35.504180
11.951758 64.277892 32.511783
17.062920 58.573754 26.342879
73.392657 94.828312 33.236125
40.445172 96.753463 29.453786
10.033352 14.448379 34.884517
62.318791 19.106135 37.407214
70.305076 73.803326 32.691902
43.910872 51.909082 33.833374
34.268991 90.776845 27.433683
75.452414 12.909857 33.819555
37.738835 78.329053 34.599723
59.441576 91.753035 25.752798
75.299679 67.955221 34.019466
48.648729 69.334361 28.551561
84.414761 63.635325 35.595915
84.662925 41.328017 30.041219
85.819099 19.297456 26.918866
11.229574 4.443048 31.629566
97.216639 81.304368 28.405213
18.925154 34.959516 36.732519
98.361011 24.615597 35.484307
78.357157 37.183245 26.213717
95.791789 54.812941 33.288538
53.575919 24.337596 28.842169
73.686648 53.706613 35.651979
41.183131 81.977010 28.732747
24.936217 39.739003 36.929903
28.194032 79.207250 31.339725
7.952015 90.964908 33.651285
87.514665 89.398624 25.197902
67.070572 41.155358 33.721168
96.495667 55.709328 31.828811
25.781159 76.594970 28.491084
98.763278 88.216631 37.412850
59.477311 94.582981 33.111742
15.949980 24.320531 35.201449
76.559970 69.876945 30.075360
92.852257 76.440685 36.913302
25.841821 55.108293 33.965784
82.646719 9.151215 26.621894
16.422796 97.704159 26.795014
69.006963 87.357343 27.535398
16.777707 64.479949 32.467232
72.123029 60.996489 29.013211
23.927108 1.612735 34.716693
93.112848 28.375388 27.896793
45.782945 7.604114 28.267966
52.463240 65.229696 27.449323
0.515136 3.002602 31.167798
83.360656 5.468188 32.651057
82.038529 48.633084 33.701613
96.642505 47.459034 29.121455
26.914736 33.493080 29.603622
44.355940 6.661051 33.418320
6.277685 24.262854 36.630125
14.865106 37.326345 29.553079
39.534514 15.260747 34.561557
97.083200 97.530180 25.964195
88.351694 68.808592 34.414647
24.192782 5.409468 36.777453
79.688159 50.258606 33.694180
25.428598 64.545297 27.711772
12.683836 28.177467 29.670426
88.392218 33.909134 25.960996
69.758206 11.900900 26.727410
97.699061 22.459980 26.907361
38.205300 95.045273 33.975225
7.864246 9.535982 31.635032
76.926603 78.831479 35.447763
69.991825 70.393920 25.297655
36.785971 33.308645 26.786607
73.679242 95.442796 32.903808
42.475331 86.539623 30.812792
99.335677 65.451120 33.913984
74.968446 63.356838 29.070461
53.642433 81.481034 35.746075
88.144854 12.021097 35.866439
24.684590 93.890210 35.578524
53.017889 99.259244 25.223727
24.429819 21.904470 35.087391
75.961190 42.269309 29.820630
17.574293 39.439230 28.245277
30.766153 79.467152 35.665616
97.075440 45.573542 33.269623
98.080358 89.186987 29.273473
94.020898 17.275955 33.427152
62.377184 45.725527 36.709966
48.481565 41.541681 29.511791
38.382215 8.430128 28.105031
63.425224 69.412429 28.884161
7.034048 59.788310 27.654462
66.822367 4.061536 34.791911
0.745619 48.372346 34.182291
83.000983 50.502721 36.313961
59.437616 14.853100 28.345159
9.662041 93.928204 31.638843
15.216742 75.042331 30.159792
7.783167 48.151052 25.667320
12.138866 73.406850 27.152458
8.755415 3.443032 30.394325
50.941701 0.862076 36.812237
24.654373 65.279163 33.767650
69.767133 27.572605 35.832758
57.162325 7.186970 27.525581
58.388215 92.256162 27.429154
25.254879 26.962246 30.448122
34.882793 50.693565 34.733435
75.792649 92.041661 33.511283
2.251560 10.529730 37.067829
61.057466 35.497697 31.073523
2.480292 46.536031 34.543414
99.889177 81.931850 31.376031
99.335807 11.324987 32.404066
15.971788 13.049642 34.457072
82.437565 66.518394 32.493670
70.605961 71.107619 33.983138
8.380732 99.613522 27.000831
29.601700 42.823086 36.436766
91.312500 94.172662 25.123314
53.671882 59.370554 37.012757
43.867187 4.563437 28.899077
61.415823 43.816545 30.548044
92.013354 32.366941 35.563727