72.139875 38.797023 32.101441
49.187461 30.833398 31.837758
52.465388 38.814016 30.015348
57.494362 68.872794 27.610588
48.025658 98.476207 30.417376
56.155889 83.635206 30.528298
39.781684 28.842526 27.871397
47.479342 51.538224 34.457514
51.290690 66.380853 27.399723
96.278684 30.789385 35.134986
52.403776 60.593021 37.415724
62.595463 73.014706 33.295125
46.807787 51.943607 34.104900
44.078765 43.661503 36.140585
69.355667 18.659798 28.463193
46.084781 48.197308 29.964195
55.497187 7.997107 30.978930
96.216721 13.354209 25.423498
30.778945 98.228831 34.189615
75.866663 25.097380 35.972188
86.074512 68.292583 27.779027
90.951414 47.795011 28.418117
56.906446 45.929740 32.449965
61.218673 54.695634 33.941668
49.468002 49.318648 37.191698
18.631697 47.269855 34.606076
41.355546 13.047359 28.207387
9.890746 46.652304 35.508321
30.970263 79.512477 32.790700
41.237776 75.125980 33.919517
51.810949 59.444827 36.538554
1.129410 29.279340 33.916455
51.035102 43.549267 36.584419
79.895944 97.805927 29.168243
69.432601 72.379279 31.248498
63.860063 12.862813 29.737840
20.565332 26.843673 36.784120
97.899100 91.662523 26.504450
3.567056 94.179513 29.021786
19.645198 40.579596 36.737141
37.225950 73.962954 36.503553
39.632154 64.879663 30.259560
38.284262 64.693455 31.702936
84.964169 2.000837 28.722265
30.548957 28.346741 26.043335
26.566551 56.824528 35.642549
54.476772 53.722618 28.248964
30.932632 50.890152 33.442056
45.033325 6.037013 32.747432
8.413287 13.390054 36.967255
89.900822 96.943880 34.856832
2.468823 77.227557 29.324921
63.702799 95.082651 30.631419
10.692634 41.211268 37.481241
28.345734 33.571001 29.356563
92.242125 56.613301 33.382354
2.790859 66.882764 25.308824
21.280319 37.951654 36.966284
46.618423 54.526334 36.396107
47.866827 67.377931 25.268015
10.916575 82.489432 29.158583
5.307951 88.887041 31.648140
92.878552 45.380657 34.416120
90.233530 39.000124 25.110585
21.154403 65.518742 31.713383
47.894209 26.831075 34.020567
32.659110 37.499479 36.615207
51.912185 11.682181 31.123105
60.686271 71.088649 28.385815
79.935780 2.197154 35.819112
75.318548 62.640945 29.891896
44.722314 97.683308 34.534177
45.932708 42.820825 29.068341
54.398927 56.229825 25.974424
93.275742 68.896962 32.855207
26.078671 1.464693 36.515508
18.736241 63.067295 35.573656
54.897439 25.238018 32.113133
94.801486 99.277443 35.627669
68.119286 52.682194 29.961440
48.653655 5.080143 25.952503
30.600569 35.273349 27.480900
16.665963 23.812750 29.872317
90.858423 57.238294 37.176552
12.663505 76.694769 28.495459
33.372253 8.267097 26.340269
56.268657 6.281920 27.744276
68.325926 11.004606 25.715609
65.849554 83.532427 32.171845
41.046781 95.892847 28.858501
87.018849 26.338194 37.271875
62.007665 33.634908 25.393644
60.089929 99.321251 36.211411
7.227993 39.684840 29.502076
1.694963 89.760107 31.911238
12.333768 71.254671 30.844756
83.458396 34.376703 32.730954
29.266594 64.608972 25.770807
38.405537 92.036289 28.628495
48.006619 29.791744 37.336298
63.466792 95.085525 32.552980
42.536821 94.789015 33.539869
13.673656 45.350627 26.306237
2.389424 99.683931 25.250018
80.923716 87.555328 28.859139
67.473218 23.124714 26.672132
0.658286 65.887855 37.211407
21.915333 42.328829 36.395838
36.095399 22.429952 27.027387
81.779519 33.609290 27.193493
64.954669 42.807643 33.958825
21.307759 26.538869 26.968770
24.354127 38.444355 34.894242
70.146753 1.251319 30.193452
57.192138 22.463487 25.521680
31.253348 32.641238 33.620144
50.426841 27.694832 34.834882
49.845347 35.814003 33.006327
93.448553 94.462271 34.574711
60.258261 98.626033 31.881438
19.711633 87.638502 36.153598
72.436284 87.556105 30.521900
21.408869 4.550181 28.185080
81.878896 97.050393 29.004483
99.354885 4.938627 26.926202
90.261044 34.784532 30.889396
4.421550 25.048510 28.382642
26.448925 20.777950 30.620918
28.725160 33.995751 27.424833
4.946810 83.762673 30.433649
50.878289 16.207942 31.306185
65.402084 13.586075 31.305478
25.456903 85.960954 37.114965
60.761411 37.622775 25.800647
0.895958 38.120547 28.120994
65.080902 16.383862 26.053805
67.857205 2.849484 27.080901
92.166574 29.311805 34.050282
97.472002 23.456429 34.923912
44.794241 37.543859 30.468174
35.350446 5.234364 33.313707
18.789392 16.231339 31.488219
46.361499 8.855593 30.134669
90.420325 12.274372 25.957711
41.967829 73.352913 25.579304
37.753246 46.317076 27.657260
74.587692 94.182487 35.120455
45.507255 54.019119 33.995638
12.727620 82.709129 28.173967
36.775844 36.029641 29.132694
76.713182 67.570897 31.940993
94.788994 88.233038 36.456818
95.018225 24.753744 25.154306
56.277465 51.779341 35.857395
55.725135 88.321401 27.442445
22.868847 60.655321 29.036166
49.138061 11.160460 36.382176
72.248804 5.694481 36.817072
15.781232 61.519319 30.539309
50.363881 33.847691 36.575846
52.392903 36.891842 27.291966
97.744839 14.892319 27.128228
31.659762 64.446393 29.306947
12.151942 38.725285 35.675279
47.731050 99.520055 35.618962
39.513509 59.804462 29.420047
74.438327 13.297823 36.024893
75.289800 44.170064 25.141349
81.128298 9.748864 35.007180
13.804942 79.636276 25.533125
86.319237 79.169669 37.149824
19.421314 37.148412 34.721150
30.170097 65.015150 34.410556
36.515051 64.544354 27.832232
37.043729 16.744418 25.435458
2.903408 47.927513 28.796663
6.199449 45.326644 29.348404
49.787923 43.868160 30.072027
14.309955 8.186009 32.263566
87.113318 27.976971 34.548411
15.527680 10.730855 28.687187
7.814733 66.895521 28.929045
92.433114 57.974673 34.602875
64.805473 25.534545 25.688039
70.982787 11.335619 30.021586
32.733289 13.052301 30.397011
32.796105 69.932763 26.930730
46.520185 8.660073 27.246084
67.928729 70.210532 27.079179
51.803060 7.159721 26.280241
83.728920 98.082125 30.346757
4.744971 68.623645 35.113774
22.799438 32.128566 27.559988
91.128152 96.903871 30.313420
28.267476 8.132564 31.539251
17.861097 98.534747 29.702332
94.881208 48.330579 31.925286
66.554873 87.408491 31.660824
44.867063 45.639372 31.843189
27.882985 73.663275 29.688700
28.644371 19.198003 27.361872
55.521571 83.516499 27.840407
4.122541 1.331638 31.125186
99.463878 7.368796 30.332506
83.326531 83.036035 29.680425
9.633334 62.110703 30.669306
96.119404 27.179469 25.989937
70.591644 80.941221 26.756066
15.501003 77.206459 32.856476
0.194571 35.740334 33.292185
81.260081 74.011113 33.308572
26.844897 86.667052 34.155885
53.138773 46.927060 35.733670
30.479447 62.585553 26.709127
48.538432 20.980250 34.308524
34.426410 69.438405 33.926315
18.490127 47.801868 27.232428
14.743531 8.119582 27.758432
0.899662 19.584861 26.385467
97.489414 89.309370 31.552241
93.577071 2.713128 35.853961
26.866643 9.361045 26.146896
2.753708 40.881982 33.919293
1.817133 80.277610 32.889978
37.921577 71.853605 27.313102
32.355139 35.924727 27.153965
60.560234 7.140196 31.317907
50.443044 26.630702 26.184878
3.783961 12.836972 35.359689
44.812878 68.595826 33.642120
17.993614 37.008956 32.341554
23.253160 14.625013 33.076470
80.243673 19.426588 32.465969
34.628368 11.852243 30.817524
54.514612 73.062379 36.133628
89.053370 59.198209 37.049016
20.530968 5.017802 28.658724
8.380447 22.426550 27.237590
63.513896 44.509646 35.457379
34.094099 18.820948 34.995964
99.931265 14.051262 27.527128
64.631866 46.873686 29.000236
88.855642 25.337992 29.558946
21.108472 54.904940 29.050956
11.416641 7.895968 37.231070
85.315790 86.631819 32.694774
91.642655 64.216571 25.335855
73.784124 43.487862 32.046264
26.678693 64.801077 29.709775
17.527530 48.712545 31.812182