14.770724 21.263401 37.408814
51.638212 11.793496 34.584159
71.634056 0.287789 25.575155
59.179243 81.469596 36.123857
64.296540 5.599827 34.580128
25.954382 77.090001 33.867194
63.708501 68.282000 25.138108
79.442415 3.352321 37.436545
86.740109 93.540885 36.575189
94.472733 16.370516 26.491494
8.746125 93.619759 35.960522
42.123606 73.920437 25.317255
11.353467 58.048944 36.737229
89.218393 91.662140 26.056666
49.697154 79.700227 34.950678
32.470170 61.775961 26.676308
91.241890 42.276317 37.364867
27.946395 13.124532 35.200452
1.555726 98.767746 33.139885
17.350471 23.201431 29.411719
17.206614 33.262526 29.829590
45.499487 66.939003 26.275811
93.027036 27.321955 26.373713
56.429011 4.932510 30.649068
8.481941 71.583559 29.042719
19.988628 76.169754 30.392933
94.886158 23.003952 34.440948
60.086010 28.968794 26.762585
44.824940 49.708460 33.634599
11.519762 10.154505 28.659899
72.329255 81.224769 33.466362
98.525847 29.185139 31.329981
65.989106 76.056744 36.111886
63.134859 82.527838 31.574507
40.305190 72.171253 35.138914
64.790538 6.508121 31.548932
55.054616 61.036615 26.730108
63.377420 8.632562 37.304674
74.804030 51.777765 29.873343
92.942858 19.297216 30.339186
65.077016 57.027386 25.005631
52.033711 62.314381 32.117853
30.796844 84.111833 28.996428
5.988936 53.341007 33.552660
2.336970 0.964842 34.564048
44.645846 61.795032 32.778657
2.652647 55.037837 30.174275
2.074695 27.264772 32.331853
22.423949 72.405974 36.466415
33.335729 54.855170 37.435893
13.911730 7.689549 26.663858
9.953602 44.254528 28.206935
36.625041 11.555192 30.623435
88.412359 31.539537 36.539896
60.734656 75.082088 25.724098
67.419754 44.683507 27.214616
91.166018 18.816131 37.055322
42.910296 51.587782 26.480916
20.997930 28.216058 30.461302
76.707637 64.544489 31.983953
96.372205 25.705010 35.587061
69.383220 80.742466 26.452927
38.533286 22.362521 30.396464
7.774802 49.668431 31.773578
97.611593 38.238739 31.672246
62.741522 11.699340 36.930412
44.609140 42.012616 27.086998
26.727203 50.622600 34.262051
63.775297 54.410182 27.696203
43.964404 69.750855 32.326505
66.048997 92.833456 25.258192
9.527695 55.014722 33.045317
4.970503 15.357456 31.886356
94.853807 73.356324 34.885093
12.272439 63.026435 27.031553
36.770896 96.462941 29.419743
84.817677 38.226641 31.193764
30.694925 65.151877 32.044260
86.024404 7.834060 27.345339
28.377956 74.050928 33.103609
82.322566 75.017887 37.135501
46.824190 68.376781 37.182058
26.419419 24.802505 27.771858
70.106464 42.186980 32.912316
97.923707 64.122052 25.429024
0.225526 45.131709 35.934808
83.081617 4.152723 34.560208
83.605527 98.601684 26.952033
13.545391 31.435474 34.865500
35.266065 73.068809 31.323185
76.566771 64.577637 29.488582
7.930090 48.695266 36.087353
27.292411 11.135022 26.111566
67.646678 88.875087 29.011272
13.301913 72.207185 37.244018
34.778351 47.089501 36.151645
84.515552 23.076673 25.638543
91.557380 17.419902 29.035565
72.716550 82.096944 29.396110
36.588862 55.285879 31.001448
66.275982 70.415708 32.504233
62.029988 39.303002 25.444021
97.958051 31.468044 28.970898
10.417137 11.998110 35.574394
14.747855 30.199229 34.959355
97.648048 1.959094 27.926643
7.620710 65.196673 27.654867
64.616346 66.970972 27.146786
30.259271 14.433523 31.650080
96.599604 32.908884 28.667276
56.211973 76.111395 31.460004
77.856625 71.317734 36.695864
84.441215 22.779719 28.806564
55.698560 53.624253 27.150143
97.725865 28.226408 28.631323
43.039891 93.931331 36.701873
57.946237 92.161028 25.452538
9.017197 24.013326 27.781668
28.535991 12.179694 36.706156
84.970688 84.181037 30.123941
14.150914 73.551116 25.332224
13.395214 30.334249 32.452195
92.664735 84.490174 29.838506
44.740287 48.591883 27.395146
21.868182 56.959259 25.966183
42.514496 11.698020 29.003346
29.168169 6.072122 29.437033
75.271891 65.030939 29.145261
78.914973 29.939833 29.748954
60.905238 95.456234 32.751166
0.513475 67.294573 27.888958
15.944517 83.406166 35.973535
68.768514 86.975434 29.731305
86.816375 80.682584 37.054582
8.093712 47.217071 29.579909
79.481135 37.335078 33.289738
91.326148 39.975795 28.918911
52.971122 95.563800 32.267409
59.451731 47.763423 34.694526
94.329530 40.624380 32.567263
49.160891 44.470016 31.236153
42.181059 11.445764 31.607580
80.247355 43.843178 28.647068
12.914348 90.914164 32.345507
72.857488 58.150659 26.807869
84.456470 89.466229 29.926595
4.665963 35.012383 37.224775
22.385306 97.567665 28.730784
60.371649 8.315024 37.253680
15.177703 49.021868 31.806797
8.547591 76.164359 28.294300
14.900438 89.411953 30.411953
52.954302 33.987208 27.970003
81.581137 80.460821 34.121995
40.642837 25.149645 30.819330
52.087362 61.456970 29.955449
42.376432 23.089420 28.062660
57.210142 23.860789 25.601715
88.441846 26.350536 34.384110
87.972003 74.987041 35.829854
17.873864 41.048301 37.073779
87.993198 42.926461 34.297491
97.644714 95.409236 34.223677
30.482072 31.151602 37.244032
17.489269 2.715258 31.073319
31.590079 77.963984 25.294906
27.299733 65.379743 28.048653
0.469341 54.569916 30.641334
34.504157 25.505144 35.810071
83.641441 68.300414 36.420042
95.445338 43.871780 29.645051
53.478000 76.391580 33.750263
57.991669 25.799675 35.708745
16.468256 49.992468 28.565770
7.167143 97.437502 31.787520
42.361385 38.215277 25.127365
25.827618 86.380138 29.095586
9.286456 55.241882 31.616031
35.064894 12.821869 37.245684
74.896427 58.363457 36.192687
99.596269 68.698763 29.530516
9.398068 48.902162 25.628307
16.038755 41.599515 30.126840
1.182263 37.132318 37.483229
10.590454 88.523534 25.405403
34.168755 8.254214 27.718811
90.807046 3.188824 27.976955
17.410734 29.589120 34.081871
17.677581 26.509763 33.903831
94.043260 96.645356 33.114622
71.626765 65.572213 32.326955
14.606004 3.893455 37.466682
38.840972 24.120259 31.912350
22.871179 92.302644 34.420031
68.735791 5.234761 35.415982
76.373307 9.343036 25.393690
49.048828 23.562399 32.164273
6.430346 93.053667 37.217637
21.754209 53.194584 31.500220
4.163244 83.772232 26.157539
66.758075 81.861729 32.371585
4.719946 61.949384 26.131540
83.897275 31.688294 33.145023
0.458016 64.314085 29.298835
69.598726 10.691312 25.734542
78.844138 98.913712 30.605813
37.203192 67.066919 32.576200
42.602856 50.615054 37.041280
70.867146 95.491728 35.784399
75.972918 16.431284 30.787856
79.947139 17.406311 34.243818
78.989999 74.837162 28.532253
8.787440 1.722216 27.808816
54.726558 44.060433 26.978900
65.108143 50.449299 32.980652
61.096345 31.220191 33.772581
3.652051 10.814155 31.607358
80.267902 69.562862 36.395422
47.454415 32.939912 33.746131
74.630432 99.706277 36.258328
66.714312 2.531965 34.047837
90.310226 71.951066 34.847906
20.499612 61.762687 35.271957
71.996138 24.540909 34.601681
71.315596 28.770622 28.166142
70.001997 10.558936 31.969380
95.168751 59.297481 26.442004
8.047080 97.020829 28.032613
89.210535 29.494381 35.336256
68.709968 51.611955 31.120058
75.167929 7.911311 31.466708
55.059463 82.531929 31.628851
97.126531 6.363186 27.030171
80.542356 84.864786 33.986103
89.611882 89.959659 36.930686
64.262771 24.257299 29.016371
44.325058 30.146118 32.449551
20.539021 55.530087 25.655794
18.555464 61.128101 31.870737
41.593153 74.332292 30.936995
27.674215 93.309494 31.950704
81.387286 3.935908 30.643774
23.665968 89.305916 30.683378
1.237114 52.641295 33.137442
98.759235 73.338848 32.437612
58.750303 9.279959 27.837154
74.886685 62.843046 26.838444
41.423655 24.018973 26.812833
97.925166 67.963547 37.071589
58.509728 13.719145 27.719279