29.878586 37.019764 29.378260
75.008383 7.034653 29.870540
19.955557 40.531278 32.266610
16.767268 88.674049 30.117256
54.865491 64.992882 36.867194
29.078969 32.738918 27.455703
0.717812 30.343237 35.689501
66.774251 38.101618 37.472235
39.553636 41.328835 33.472908
61.404729 49.068648 28.339961
71.416224 72.555452 32.159924
94.737248 42.060325 35.823664
83.888213 57.562112 34.243422
73.786755 71.360078 35.419974
60.108405 62.051459 27.949115
74.805963 32.290889 28.065691
27.123911 32.530621 27.898539
39.671469 13.791817 36.271109
18.713746 34.118539 33.035595
17.734450 97.729348 31.508131
71.686558 56.507828 30.413295
36.588542 41.705466 30.579281
52.138279 78.001558 28.159268
8.520775 72.004747 27.818738
70.265220 56.508260 36.440066
40.908469 88.340014 31.435406
48.208443 89.156521 26.097692
93.064194 37.904337 33.266293
76.906516 52.786323 32.344198
37.447553 68.105896 32.015130
6.123811 89.351414 30.906366
54.709026 82.340705 32.426686
77.326113 79.011900 32.428620
74.989140 43.664847 35.632098
46.541104 99.685016 34.578326
26.124164 0.468789 36.080670
93.882374 73.624801 29.223430
12.888687 89.251052 36.284175
23.113215 41.556475 26.520680
84.279625 43.139514 25.416713
47.419764 37.831352 31.569513
68.597701 47.620799 27.777391
59.571110 97.057307 36.735621
61.916456 60.296414 31.628718
36.047189 92.730468 26.035229
26.247030 78.744249 33.482532
4.195525 93.945536 35.476464
36.619809 51.268338 26.171617
7.637948 78.148662 34.053673
8.096731 64.744055 32.794183
35.894294 63.324920 37.384772
35.783287 24.263906 32.972745
99.583862 38.033385 30.840190
83.518580 14.167963 28.966186
22.660566 1.428549 26.883256
98.280944 28.512793 25.574605
56.647415 39.027447 32.922289
15.673194 47.997237 26.277712
65.308404 45.621358 29.337372
72.167110 48.059378 36.791585
24.946687 54.909146 33.424789
63.750374 4.339050 29.522898
80.130747 50.288936 35.938351
59.017751 50.047116 31.340372
2.599301 3.931448 25.232722
5.579378 86.780918 27.811488
42.231381 13.639754 33.102536
49.635500 89.488475 33.320563
27.720696 9.811291 25.120600
48.758567 44.973047 27.204455
92.003750 53.263142 33.826844
98.185015 57.655808 36.283079
79.906217 94.710761 35.080292
45.666366 73.798641 28.497507
97.505609 37.063912 26.835469
38.366020 54.759943 31.926656
70.792152 27.957137 31.701020
39.063312 25.809814 36.801706
50.831844 56.579157 37.446075
57.020442 11.609333 31.670774
68.003615 24.517492 26.288495
19.341210 84.086912 29.111716
1.691105 30.391494 37.111447
90.837093 27.381478 26.486417
68.668231 72.632549 35.632558
7.755732 87.791249 33.005654
89.509088 53.800605 34.198487
87.229481 20.348232 33.860407
36.575713 78.878150 26.719713
80.537809 95.387171 27.030812
31.241878 65.938834 36.013134
97.238754 24.917782 33.810016
42.496908 92.659005 37.025749
23.087137 44.819066 37.398709
85.459192 56.241703 33.027240
35.884666 69.614036 30.260460
75.409354 95.627285 27.648423
10.056993 5.678403 32.356293
62.688095 99.859110 27.834853
50.697835 30.690347 32.305572
96.836726 62.547107 30.209956
26.972043 41.492828 25.669961
65.397110 17.792976 30.179345
56.437778 29.304002 36.416066
72.512226 98.415803 32.068853
23.609359 50.457210 30.313506
99.873415 32.352091 29.369128
4.458569 74.929127 34.443644
31.612318 86.349140 30.751676
39.450306 72.544799 25.378582
25.641762 37.582452 30.481580
50.417036 47.161415 28.005568
28.671114 86.743307 31.568409
23.640800 19.969738 32.326461
35.827406 88.434184 33.465109
14.244824 88.681112 33.957451
67.163177 19.202699 29.927597
58.850577 80.437802 35.937281
81.654995 26.238218 35.346147
3.694215 44.598624 33.070538
59.679953 60.097480 32.741018
85.357002 81.650864 32.535362
76.882811 85.462076 26.592926
28.131661 14.136310 36.689928
50.048943 26.543541 36.518287
8.749319 51.330958 31.949261
93.527899 1.383275 28.201826
29.992531 37.202476 32.406263
90.172992 85.009935 35.042766
55.432864 87.281832 26.445588
95.955267 83.465530 35.748887
68.745587 60.876458 28.776667
31.841981 21.217247 29.651027
29.359403 86.482266 32.849583
25.378316 98.593697 30.098033
21.524721 35.802910 31.511674
1.777780 4.096933 28.988105
97.293887 47.347398 33.562268
98.881225 11.868553 36.389255
0.353276 89.634267 32.399997
27.153576 63.959156 25.339954
52.139787 5.846150 32.325188
84.117225 0.706023 27.830496
29.440876 57.908504 36.229176
22.999611 63.232435 35.051715
15.332090 34.846263 25.973010
58.844064 98.716685 26.186695
35.289344 7.362608 34.613939
25.630758 33.012804 27.157165
77.968694 65.375154 25.381224
97.420016 69.089719 29.840477
5.442332 11.105652 27.984901
74.850620 95.984441 37.222825
22.620135 27.479668 30.982260
22.363113 38.050607 27.689479
91.137348 95.356647 28.228990
18.843546 91.933558 36.309346
6.098202 29.811320 33.763221
18.036146 96.301659 36.664723
60.507106 58.447977 28.802208
11.130512 72.886658 37.179441
92.607158 30.056802 26.420433
4.862300 83.055978 30.550688
98.949526 68.970434 26.271378
36.176439 35.229117 36.057175
42.585961 18.781120 29.982503
81.608145 39.505116 25.751136
40.691597 58.341376 29.631289
4.010352 63.294286 32.153213
78.410288 46.994816 25.044303
91.650765 34.037044 27.422045
65.744445 63.442163 35.184956
14.333822 49.853053 31.326462
22.014340 68.006630 29.683337
25.800830 42.940491 27.409198
11.919754 28.800523 27.035011
90.352978 6.955040 28.754604
19.949233 3.609367 31.692481
98.198087 80.650765 25.965809
19.894322 37.637191 37.055647
67.696302 38.790811 25.413540
95.860543 57.453318 34.783463
34.007819 65.406291 32.226847
93.474322 0.483131 29.168662
0.017650 40.593092 35.636248
74.202192 66.823224 32.746860
65.972861 37.788789 26.399203
70.384969 68.085496 33.968273
18.557618 33.423870 27.455364
86.725446 62.468199 30.094991
76.353915 1.728754 33.918319
75.628642 15.451728 34.005282
9.759940 57.004104 26.178634
55.927344 66.911185 25.429930
49.066097 3.036835 26.116029
43.242745 96.012953 32.409156
85.850760 32.413495 36.925078
44.602191 31.218629 32.790057
28.735712 65.697749 31.701088
68.448648 61.542377 30.553257
38.535064 56.371323 28.894117
49.074674 23.379029 34.110777
63.396933 92.474923 33.606569
35.041473 86.622359 28.635276
65.373965 43.592088 28.679868
31.902507 77.869520 27.360519
7.483729 4.771811 37.003458
93.652978 15.025473 27.135312
59.525362 82.224812 34.612248
49.173183 43.725510 27.374291
31.951216 50.184433 29.193459
77.600307 20.716620 27.413918
40.229100 85.257841 32.912693
22.599721 30.134557 30.698773
59.639339 6.276631 31.622108
87.005814 1.116473 35.809722
26.173774 37.057645 27.084344
3.622770 5.948589 34.498220
37.473862 55.351554 33.176651
37.911549 53.436951 34.968637
67.180928 43.705934 32.562972
57.351008 43.488917 36.711242
46.701497 94.051286 27.320641
64.342304 88.997951 34.793063
17.328016 86.414067 29.581287
69.876056 26.449163 30.744517
18.705953 94.617619 25.831885
86.501898 60.706493 33.992098
56.379225 5.226765 32.133157
3.691502 21.642608 26.281249
50.063968 94.137970 27.390996
28.695777 90.031512 35.129920
15.912943 64.997450 33.757804
49.240225 85.795320 33.698702
21.325009 41.375366 31.348805
99.133382 10.801372 26.770427
92.605656 85.791218 28.157951
30.975155 90.449166 36.793988
41.307316 6.728406 37.482902
36.348257 32.938662 34.874386
22.230687 98.441613 31.901017
7.441321 18.900011 32.225542
31.914848 77.285273 29.099053
93.426249 74.577353 26.649344
39.252575 75.824097 31.638208
54.969059 29.302207 30.795151
81.681815 64.930247 27.070691
71.240010 2.031441 29.261548
50.185022 33.813632 29.832326
47.076468 32.883548 31.359977