76.830879 10.409368 27.417940
41.528444 45.354490 30.355112
57.262713 52.859319 35.473882
71.598571 22.385155 26.557956
72.600022 21.984213 30.550826
51.945871 95.912540 29.946116
22.185126 51.137129 34.997800
91.714099 90.856903 36.955709
69.361310 96.423068 36.115597
79.416001 52.368558 36.266895
93.946043 95.917978 32.754736
32.458563 20.467358 26.614579
22.048322 21.495468 36.680270
41.697429 13.521189 30.206088
34.978838 51.281761 31.135828
14.604215 71.053228 33.264585
27.311932 63.624806 31.437404
54.073814 59.563199 26.796952
57.298843 91.774544 34.879720
4.276599 61.191207 33.157860
67.411416 1.288915 33.003129
50.961314 90.941626 33.885320
11.348377 0.035772 28.548493
79.789327 2.172371 35.156932
20.690495 38.679090 28.579994
88.722812 89.392960 25.971222
12.134061 97.579539 27.899439
60.722429 82.664036 32.302073
61.918460 51.218341 36.279829
82.828730 34.713081 31.466180
82.051005 20.047435 35.404065
13.048010 20.534326 36.622323
25.342692 18.381500 25.615409
99.463723 50.880938 31.492359
96.902282 59.675666 26.835772
66.535620 24.848141 30.238969
51.832155 92.217299 35.568223
66.503063 8.063409 35.897558
92.550666 22.428815 25.259554
45.270442 80.083021 26.505810
54.750054 88.419279 36.155093
83.881816 23.813117 29.024992
0.816871 44.304365 29.278723
74.045270 36.900527 36.374077
16.841535 78.383418 26.325027
13.222044 65.030570 31.105771
58.120339 76.047086 35.900182
96.029381 14.173426 31.634310
21.820291 12.684083 36.192104
22.113958 90.649832 32.505959
35.723723 8.269523 28.910176
9.131196 50.194713 25.476653
62.602303 79.376793 31.571650
88.391438 51.851765 32.831517
97.826270 29.133316 34.831449
99.442293 6.028699 27.653490
28.949514 80.815987 37.214434
22.985788 75.352203 25.127330
21.763444 33.996107 34.363611
68.784226 17.547441 25.138590
19.399896 69.530950 29.053826
59.693437 85.768320 34.652752
7.144944 57.433797 35.674139
23.320143 57.015341 34.604416
41.808417 30.283143 33.330360
89.970648 10.471300 29.344521
90.506107 74.884701 28.468709
42.059235 15.572066 28.745968
77.606010 82.155377 30.433053
23.154094 51.213225 33.728488
84.888859 48.335258 32.832012
19.471464 99.881413 33.019014
9.227242 64.005454 28.821649
75.798420 58.935527 25.987952
60.223058 50.233414 31.600651
83.949737 16.683047 29.961295
69.436501 77.732856 33.349357
60.344074 19.334970 34.788894
62.677571 36.323301 34.688057
28.755887 79.564738 30.653672
64.772740 13.594244 37.163301
21.479416 65.882890 37.235040
94.948657 40.595769 30.441943
88.278018 36.861772 30.929335
48.441348 56.713620 33.694438
46.092743 63.043336 32.519557
39.130914 20.638362 25.664553
41.021515 49.019632 33.003129
88.948062 53.544143 32.510438
93.219216 23.486400 29.156741
33.408428 35.390152 35.417115
84.078354 93.875942 28.684823
68.177854 87.793681 33.150186
92.234132 87.380376 37.382795
89.863154 92.140287 27.109659
76.955603 91.812974 36.849442
46.206621 54.170281 35.667167
50.797064 56.733494 29.558430
58.110820 90.005369 29.895572
61.082157 90.577626 26.458574
17.396371 28.640233 26.407310
3.947471 72.585637 25.102109
11.473568 37.374379 35.998024
48.763315 12.351467 27.820918
61.037917 27.981169 35.627173
94.049008 27.945208 26.174822
61.832451 38.390067 34.085830
38.106620 86.215912 29.871130
29.017168 56.052617 25.403172
67.723016 22.280269 34.120302
9.867198 99.772918 26.968156
80.201037 44.126925 28.501440
17.381989 99.247511 36.189281
31.901085 23.624791 32.255434
52.523704 42.793693 36.565870
83.418593 2.198293 36.922609
41.622155 50.780848 32.400874
7.351364 72.090983 32.691829
59.203231 79.507985 31.635470
62.375114 15.556858 36.586731
96.921672 29.163743 28.212696
54.233671 16.125046 27.419166
61.943893 87.434552 31.722720
82.591628 83.880498 36.353601
16.859663 73.922131 35.667699
10.228966 29.697979 35.373007
97.457150 45.222812 25.813956
33.774288 39.933386 37.277467
74.193603 55.301252 25.101918
48.037541 72.958232 28.211515
43.462264 74.150151 28.689459
68.262904 47.171946 25.326462
15.849487 50.158079 25.098307
54.300677 2.651070 31.512352
76.131981 85.942037 32.605544
33.175512 48.555504 36.883772
71.591127 25.636478 29.539907
16.000118 42.507446 28.870944
78.896163 0.701686 28.088885
55.146319 26.520784 29.236835
29.180381 47.828591 28.173383
97.066007 10.149659 29.196508
9.220273 68.440194 31.514758
87.605989 43.647425 35.332431
56.505043 95.853519 26.664600
93.162488 58.923923 31.573245
79.753406 35.951536 30.010615
98.526471 48.197663 25.861914
99.125306 18.306963 26.434986
92.753774 3.035965 31.914251
83.265559 19.474259 27.074085
90.196623 53.953030 30.024882
41.886528 94.299351 37.321815
61.926559 35.611728 29.979991
31.828833 25.079129 32.690053
1.359440 70.767956 26.580750
47.441376 47.600510 28.226043
77.669790 53.980304 27.422474
96.970366 35.206671 30.025931
16.775181 14.950861 37.336076
48.714455 64.268621 35.006754
62.960136 27.329644 36.175385
38.965195 79.394536 34.369378
49.215849 43.766426 31.446495
66.133261 6.694644 28.800052
7.604627 12.692372 25.680167
78.213222 4.998284 27.502671
51.326773 80.908364 30.489549
86.736027 83.913204 31.936168
4.568010 14.859051 34.930861
86.391828 31.756376 31.082341
11.268523 35.395092 30.798730
56.657071 10.265416 28.773247
13.410121 77.632526 31.734854
49.434817 54.238264 27.359207
71.052014 33.990611 27.768206
86.170577 42.790622 31.786350
48.745302 22.486914 28.300862
84.836317 90.473104 29.218328
71.299785 74.616599 32.957454
60.241572 32.539891 29.059345
78.595649 70.162649 27.536684
26.758681 58.030214 30.260382
46.365037 29.097705 35.847313
56.352675 22.453434 31.358620
83.658689 79.324820 29.595719
6.433437 81.843369 34.953487
96.112834 50.597471 37.463778
84.818594 46.474166 31.445313
39.749791 30.043323 33.057933
3.541726 91.058141 28.103556
63.657907 25.453697 37.002774
61.839150 26.570999 32.818262
14.822797 64.733662 32.068389
0.920063 63.873995 32.188030
9.423912 20.408966 36.844781
13.619005 6.790629 34.823648
92.026759 22.891753 33.653730
59.142282 39.848017 33.344877
3.076606 35.325337 28.211294
73.380525 90.380932 29.611090
53.067441 79.692524 37.265078
7.661159 34.669306 29.975345
1.103956 98.347155 36.726801
66.609649 7.594534 27.990373
90.234927 43.714904 32.786513
0.367258 54.209219 26.352225
3.167871 79.544093 29.096294
18.437248 31.726591 35.685331
4.258426 48.032897 35.988698
10.469022 70.397884 32.108290
26.038061 27.855073 34.746535
88.218716 9.533627 25.688049
6.762942 37.566165 29.709735
9.698251 71.173936 26.560100
19.752685 4.891551 27.512565
44.120507 74.683345 27.395601
72.308019 80.058351 30.279035
34.474539 70.518125 26.070805
90.920967 28.309338 30.109433
18.019341 2.899726 34.501665
18.250032 73.287714 36.779471
62.474993 33.305768 31.031442
77.557293 6.386156 26.192747
47.175958 72.288100 29.018221
93.257536 32.402005 29.883911
59.340309 48.826520 29.391967
9.459820 40.971968 28.058565
39.711081 31.123585 26.296393
85.349799 37.709916 36.028948
74.956101 81.405375 26.516299
79.330870 58.429197 26.690260
44.463848 53.478218 32.081647
54.886970 87.366594 26.948898
96.643967 64.981450 26.796303
26.583924 8.960090 26.625386
84.231368 41.468332 29.374044
31.772977 15.077597 35.187180
11.120077 87.464215 27.550002
49.561072 57.171482 32.047114
50.610831 45.850007 34.820196
8.770457 49.424644 34.932888
64.978921 42.678520 28.762344
95.822944 16.365620 32.551559
30.153317 52.292733 34.907541
65.953353 23.396384 35.863715
66.513589 83.519690 36.409911
42.849795 46.551104 32.844574
43.728753 24.351222 29.536121
76.342448 74.972096 25.727563