13.648275 74.408339 34.029229
43.025068 33.835032 33.507858
84.528075 96.575594 29.147822
46.837758 37.224124 32.252834
89.881823 48.638198 27.390017
3.057249 55.052282 27.091249
69.972118 4.819046 33.395204
69.639575 32.382957 35.281360
7.563056 6.035310 28.553402
94.973494 20.111553 35.982467
56.529425 61.221226 35.692610
42.498052 0.933404 26.419632
37.741254 47.869872 27.798982
50.301094 28.565237 37.304899
18.699798 89.043714 29.243016
24.402283 14.062792 33.113854
93.056990 99.456065 26.506747
41.336283 5.423480 31.891286
9.270187 63.116723 35.348257
33.555347 41.706841 33.496963
87.254996 93.999239 34.753841
67.080058 76.193426 37.216100
45.116835 85.056187 35.900543
86.607815 31.301289 30.114578
1.742215 2.492015 35.347856
84.261988 38.812424 33.863636
61.709125 99.075133 34.838302
29.604588 23.887683 36.505642
83.703481 54.260505 31.067431
68.837568 29.695190 27.175169
40.706307 78.263707 25.280952
46.686556 81.534978 29.842862
62.868783 82.585386 27.785977
62.525946 71.988864 36.071946
62.612280 99.271770 31.143892
85.288686 46.611290 31.391650
20.282457 60.829644 31.746667
96.440942 42.574212 30.760336
43.118895 40.411394 37.375344
62.297220 67.555857 31.080391
68.757978 30.020332 33.014777
22.372495 29.138489 29.755756
63.457542 19.160849 36.893870
27.189354 79.774878 32.388924
91.934870 42.921670 35.812123
90.021975 80.707429 29.930697
22.522176 99.141964 26.177087
64.970052 34.810730 35.028306
51.144867 23.809349 26.249240
32.649248 98.697169 33.616093
78.718767 40.063040 32.538422
43.862132 53.979335 26.051217
15.741464 44.834277 30.038504
68.928748 34.831812 34.452241
26.224866 2.180037 31.045674
85.075198 18.340658 33.858504
86.193315 28.697641 29.688232
95.114765 15.000121 25.081533
88.392558 43.708464 30.537840
26.349235 76.188421 28.372561
71.314883 4.288182 34.695186
77.440521 51.374859 28.576750
65.086187 56.998220 33.021445
73.719789 63.559410 36.706201
60.089661 64.620520 30.720335
49.751346 31.420424 26.687924
17.700990 94.658526 31.097705
83.182800 10.654555 36.758205
26.641014 46.904831 31.919366
44.885934 4.438492 33.821082
7.113424 60.836586 25.964700
97.211468 13.781580 33.249328
73.474417 0.449849 37.360448
77.168602 36.032295 34.057406
31.980141 64.199531 31.010933
46.152871 38.651817 29.723862
95.592103 83.427349 35.024298
59.591126 2.489206 27.314458
15.325337 76.126992 26.361398
9.357919 8.123806 31.515026
10.873188 84.077712 32.801144
5.972385 77.685659 34.999342
27.609914 9.071319 29.364865
8.343715 29.436896 29.235005
38.185173 28.544541 25.629639
47.377441 29.385917 33.591852
11.345286 65.339481 26.891759
31.666957 97.541240 25.466363
31.768042 77.001627 30.340669
27.047239 80.174793 35.756957
0.209400 94.869506 31.172743
92.123904 45.023675 27.276913
15.236560 85.930377 29.534083
98.677705 22.676083 30.022897
16.170830 69.130928 27.349702
78.025696 18.796424 25.336307
80.521822 52.956229 27.358760
12.500115 30.445131 36.467462
53.573425 18.910793 28.743714
28.040542 73.010649 36.054126
3.945287 56.743798 32.562815
94.393811 40.036940 29.952019
16.831169 34.721679 35.048921
47.412076 20.954181 31.901518
95.963688 55.643461 29.706615
99.461893 0.107981 26.917876
95.511744 94.460640 29.288600
56.904816 62.986713 30.339716
54.729629 80.053565 36.286761
59.920750 70.952608 36.819791
70.736393 28.724180 35.394033
70.497413 86.711119 25.225450
17.743983 16.673528 26.874713
68.837318 11.307231 27.385930
84.579083 49.104464 35.908401
31.949039 80.723109 25.855523
70.517439 27.423211 32.630880
52.151780 81.188555 25.480799
13.388509 49.477270 36.443034
59.703841 85.628825 25.785781
47.839210 88.924017 35.654698
31.272462 88.432351 36.909586
2.315871 39.339987 26.837004
98.778011 28.630279 29.291225
44.699232 11.133756 26.743037
39.679872 28.879724 32.041158
72.409814 73.186293 28.009561
94.674040 63.774519 31.357162
93.015552 98.014599 30.663146
61.012508 35.873051 37.095639
5.614757 1.881701 35.421356
40.379355 45.643091 37.348438
29.118107 0.185375 36.083676
56.636837 26.693434 29.778786
19.707440 88.917531 27.815845
79.944802 17.424967 34.366354
73.538408 77.016381 32.563508
65.882695 11.239354 27.957226
66.658504 35.921916 27.993117
19.088038 20.518569 35.809836
77.193666 14.357520 34.876881
34.172932 7.662806 30.383760
35.248195 78.159655 27.609684
89.447940 56.101652 28.156334
40.455770 14.273753 33.012061
39.796716 17.550146 30.626970
14.479957 20.452291 27.638027
13.441002 49.054851 35.690990
77.929505 49.124299 28.916273
93.583576 36.110930 33.417260
42.156722 60.439122 35.970737
75.314467 92.322526 36.913053
91.529355 39.962542 26.214066
46.384895 90.774241 27.959907
1.257378 68.370866 30.878620
71.854879 51.008336 26.190755
57.166880 90.027038 28.601843
79.917065 12.526513 29.513975
80.282211 86.879736 28.432054
6.393917 7.637474 37.460871
67.652764 64.169352 27.817624
28.446276 75.091620 32.031762
40.003479 10.546254 25.742731
75.995407 80.853033 30.250519
52.994305 68.002624 32.228738
25.113596 74.995561 34.395838
23.562771 77.279441 34.276884
39.266442 63.687786 34.442593
69.719268 49.555449 26.237231
18.487493 13.538302 32.921974
93.163976 66.986506 35.288827
46.296194 64.089802 36.538909
76.789317 90.819285 28.561398
30.473183 38.388519 30.777973
23.591136 5.309969 33.595456
63.337255 73.672943 26.498409
49.646079 30.531204 34.436753
60.753798 89.662492 31.268796
50.208913 76.831678 37.239685
90.032170 20.678499 28.523448
2.033735 40.773271 36.950900
49.350688 67.381455 37.180703
78.706540 58.394349 25.821997
20.256004 70.125998 36.347191
85.809495 76.914851 30.069906
14.292130 52.871226 36.545739
45.178110 18.956466 34.414992
74.767944 66.893384 30.241894
53.565089 30.178406 26.637973
6.801108 92.954950 31.219390
61.821392 65.344162 27.289994
72.148616 85.964622 25.762963
21.530203 13.455800 30.766820
66.072533 62.164108 31.567169
68.953057 33.505134 35.933179
75.657299 13.287519 36.088568
47.279557 66.668547 32.771723
79.123447 12.708933 32.109067
49.293653 2.676603 29.082438
80.154824 18.668595 33.589823
50.997269 83.814389 32.269580
14.606483 72.167315 29.788706
99.490671 99.341265 34.747630
51.702280 7.299270 30.049007
12.596931 91.495535 29.089297
14.056375 64.920226 33.672056
0.902934 31.104127 25.818143
99.782720 81.020898 30.106670
14.414142 25.411676 25.787848
60.911443 11.897914 27.367490
65.690682 11.345838 29.805421
30.305467 99.551167 26.142145
5.140251 57.241777 27.599328
4.896293 32.017375 33.360287
89.177559 98.708298 25.573329
34.598290 39.296204 33.951348
34.799317 71.932312 25.935675
4.328392 93.247552 25.760231
66.289920 50.818550 32.542206
94.306902 25.693060 36.920435
31.729895 95.958931 36.534412
0.322836 47.305052 34.045300
91.497518 40.095079 29.802496
93.067419 78.623071 26.094425
28.984344 75.877496 27.500593
90.298141 0.531898 32.242990
57.019618 83.956519 30.956561
12.213342 64.128553 26.562696
35.174691 30.566348 27.008052
65.692983 29.511052 34.134869
54.076542 38.660701 26.940716
95.884288 81.709368 35.048412
75.777876 37.270220 26.569403
22.835155 41.615042 29.671086
12.649984 17.172760 29.659020
46.187399 61.775094 29.706853
53.171178 18.924014 27.851268
59.915634 27.285039 36.796345
73.675343 22.829431 33.998244
17.657577 25.104470 25.804478
17.818233 90.365741 27.822239
46.976147 64.583141 32.489590
3.077417 84.580830 25.491582
12.368784 82.862129 27.661526
81.133675 21.731569 27.035062
52.426154 90.143352 33.104876
53.178883 60.099189 29.004134
98.140287 51.444869 29.399117
69.931138 19.635535 33.590705
13.236785 23.759465 36.667426