59.944065 4.944278 26.410404
21.791096 23.490188 33.980954
94.553526 88.458655 31.439568
64.057204 25.900025 26.808050
97.559792 71.934199 33.048752
35.034251 20.037774 34.124227
13.436662 93.239659 33.183026
1.219623 61.162980 29.416993
35.511797 28.588718 37.279343
65.751304 59.422578 29.973186
16.410715 58.625366 29.942406
40.216573 19.784755 33.946484
38.795079 36.686874 28.375146
3.996410 50.210260 29.119893
88.139657 20.402062 28.592139
58.487212 59.126624 31.257329
90.894873 43.619567 30.173867
55.991959 84.165783 37.288081
5.490687 34.594604 25.519413
29.282988 80.681873 33.443188
99.644306 88.037216 34.600187
99.546225 66.020058 31.523003
35.696234 15.019204 28.138231
39.558511 39.908591 26.280341
66.216539 44.728012 27.773911
37.465288 5.293006 35.613495
68.948348 88.914286 32.241273
8.970306 88.956124 25.165140
34.758503 12.072262 28.805152
15.429034 80.897126 27.978956
19.247167 47.969837 34.965963
33.370101 57.198208 25.217874
29.428370 69.311830 29.767498
1.391672 85.650963 32.448366
61.242275 83.534046 34.828495
7.838823 80.657810 36.557930
33.543648 11.087309 34.425611
95.571733 64.180693 26.034411
13.393862 19.978724 25.838987
91.940217 62.770081 32.956807
20.224085 70.112710 30.640671
9.354263 82.755342 30.799251
0.568471 8.693351 27.899338
34.030974 60.030186 26.981946
97.245437 47.985166 34.620945
44.004259 21.171796 31.944824
56.157718 70.740074 34.405107
80.008327 87.481755 34.888656
85.350981 56.575330 28.795147
25.783518 51.668131 25.102342
83.684370 2.522688 34.176638
0.333292 15.992207 25.194212
40.927609 21.424699 26.381838
77.416612 64.844407 26.625741
42.405877 46.510672 30.709695
1.229056 4.636786 28.010321
40.098689 60.452949 33.962636
15.471548 59.001302 28.696916
41.475113 42.066112 27.040075
6.683902 78.539778 26.773856
82.219479 72.139416 37.395714
45.951730 85.168213 29.997760
5.374459 31.065492 33.412880
83.894280 62.537846 31.196493
83.555011 53.469532 31.833463
4.145652 97.947252 30.335950
37.950203 16.353687 25.802269
23.560656 26.865653 25.110615
80.980564 34.100480 33.711289
68.194606 11.164459 35.215758
69.142098 58.879313 35.963488
14.653291 9.431452 29.578688
28.567452 24.220203 27.854534
99.305040 93.981587 37.189770
83.331832 78.156459 28.612239
80.620371 37.377043 25.790826
31.127978 88.061343 29.233545
45.529977 12.199967 25.101891
3.562964 12.786219 30.149024
76.527714 7.480753 27.577456
97.392846 58.279900 30.213841
94.236288 2.679093 36.429636
3.608691 10.914736 29.513749
14.133288 87.296606 33.244967
71.051118 39.415776 29.203848
2.248673 80.328814 35.025388
22.869718 15.399713 27.624643
89.918366 64.609404 30.444113
68.555287 2.438814 27.487814
66.678802 56.950173 36.096699
35.986234 19.942631 37.025891
8.676683 18.736117 35.536275
51.550183 11.274186 26.001102
57.478047 54.175306 32.917442
82.971744 36.422435 36.115997
32.168338 54.924260 26.843291
54.725030 60.897627 26.001364
2.018407 60.257565 28.224575
92.409807 47.540714 28.654922
6.844957 34.402008 29.968789
82.958945 48.388901 31.293982
75.915607 78.563871 29.256032
6.801908 60.835190 28.824179
50.350032 30.945638 28.466520
5.483834 21.773530 35.379959
23.414485 21.555261 36.035841
5.648193 27.219786 37.472408
67.429806 56.252740 26.305643
4.369187 48.570919 37.183452
95.996674 61.221997 28.799388
50.622325 30.423684 36.807083
71.297278 71.445199 25.845411
2.558848 6.408117 37.083233
45.771823 47.568663 26.224205
81.038231 20.036591 33.965618
88.152725 51.072940 29.689114
36.590095 2.771264 25.838617
94.667863 17.683502 35.539998
45.189757 90.945922 34.035129
59.845390 2.742906 29.341110
48.980880 73.813958 27.527660
86.826069 65.516908 37.432919
27.738837 23.765668 29.209470
54.014031 42.529665 29.310489
90.971400 64.939268 32.498627
84.400320 77.665371 33.592393
33.846032 33.914075 37.057242
86.517930 44.794193 25.400127
6.745730 32.613128 29.344017
35.906272 9.950180 31.689507
62.940495 31.189324 33.933347
63.347541 91.963284 32.944739
47.357961 85.923662 28.002521
97.447773 82.638442 29.268439
83.992035 49.316444 30.707850
22.551610 29.635335 26.451023
74.093794 10.755445 31.765187
55.249739 15.670723 37.344676
46.968170 39.998060 35.910487
39.398547 40.341137 27.207436
90.385447 57.752174 35.791544
34.039991 70.471899 33.959628
40.566540 97.442553 26.759121
17.853237 27.870735 28.383464
42.426603 25.913926 34.403407
38.220731 55.858849 29.243707
98.415841 98.326846 34.780064
56.540047 3.413269 33.651616
52.303215 45.541560 29.066212
46.770929 56.214483 30.671476
22.843176 8.621003 35.455460
39.598371 4.370296 32.534928
54.424493 32.172493 29.679340
75.322694 51.751250 32.176708
77.032008 40.644585 28.018112
31.438303 95.060461 30.761614
26.418604 87.536887 25.237763
74.576956 96.270392 35.702447
79.229930 85.300928 37.068127
82.067313 37.344414 32.567889
87.361307 41.112486 29.322278
32.387797 73.876307 35.634889
15.354878 55.153576 27.768390
11.801294 14.339235 30.142749
20.515213 16.229143 27.731755
22.125593 23.864282 26.286968
52.968935 54.552002 29.845472
31.092412 87.600285 26.542806
81.222124 70.832289 26.159288
18.385543 88.964392 30.325698
8.053790 96.443669 33.139096
36.257368 44.161698 27.375233
26.552290 3.288328 31.656280
74.960252 86.418179 32.399256
31.030624 4.544470 27.400160
90.756220 96.565005 36.700772
74.452196 28.929594 28.046262
18.136941 27.493939 32.332508
10.267557 17.057326 33.951002
95.565022 2.382177 25.000890
24.448963 96.976188 29.336464
42.656780 7.456920 32.317961
15.022677 54.039914 32.259366
47.673979 38.932161 29.437881
70.253664 35.605263 26.729652
79.495469 28.154150 29.440330
58.954309 24.856021 32.523830
43.437293 11.122984 33.699034
99.256554 68.413718 37.134247
83.662517 15.033942 26.585164
25.147724 15.681000 30.489822
57.026461 65.675146 28.485231
2.896588 31.230932 33.490912
36.606691 44.386291 26.006986
61.393554 14.494969 29.862832
65.357373 20.773587 34.258179
55.537997 54.563325 26.650991
11.064117 95.230731 33.281435
25.174235 54.854848 33.620671
16.982393 78.668915 25.730887
94.883858 49.819927 34.564054
61.288429 95.826558 33.367311
49.490001 62.946658 26.553054
18.583487 29.647220 36.544554
43.416116 86.512470 26.984499
49.574717 41.822892 33.340980
10.157047 29.377093 25.549275
8.153939 0.109068 27.357846
63.870127 80.999140 26.573452
72.715910 85.270868 25.182409
90.103787 79.491587 30.871886
74.980951 46.041542 32.553230
74.020587 83.449158 30.837027
61.387869 14.839946 25.320608
94.263817 11.595386 30.922342
11.376237 21.049319 30.175286
62.180734 5.696010 35.579870
80.604162 48.335021 35.875834
21.290821 93.517999 26.259474
59.507311 38.660903 31.352640
2.474875 15.315753 34.994456
67.617052 9.299357 28.202139
33.189241 86.923494 27.052827
81.369477 11.277011 33.404708
9.960875 68.715596 32.009339
46.316899 23.798312 29.418193
16.709333 80.999213 27.308240
10.633758 27.375295 29.403425
12.236133 15.306550 26.205759
23.708170 72.618586 36.118197
97.051406 26.854456 37.375975
62.387193 87.934333 36.465345
25.406624 7.387720 33.721734
56.176737 77.373494 29.245463
93.017817 83.166321 28.289409
96.567077 64.752164 27.771643
68.866604 47.482362 25.375375
36.221799 98.715205 28.374931
47.237248 53.269925 34.903992
70.004115 14.994483 33.392238
72.743693 67.572306 25.072026
52.149688 64.807791 31.812539
45.842680 59.720497 25.318943
86.165242 8.527812 36.464675
66.230373 33.718976 25.364036
10.085750 79.084835 31.573862
93.832136 68.328062 27.990927
44.078937 65.330552 29.908288
30.896497 5.330237 25.708968
11.206561 53.715223 28.562071