11.587239 16.931054 29.658958
18.402475 10.724277 27.271999
52.831252 44.932710 28.644601
43.876912 39.367850 27.108641
18.135446 34.014742 30.197162
82.016013 15.460661 32.668881
27.143657 37.938904 33.707901
51.566270 44.288500 36.504432
69.965430 85.987145 36.066848
10.007109 61.107227 31.185658
18.642702 51.729053 25.011491
25.970958 9.376910 30.168925
63.669632 1.424107 27.077674
77.868415 43.504700 36.403358
32.138276 31.964331 30.065897
33.652422 22.865666 26.321267
23.244063 28.160026 30.498270
26.307159 0.324798 35.828164
24.762806 43.549117 35.096148
48.331695 39.523469 26.155890
17.456257 30.050545 36.432124
16.154540 98.726471 35.594020
13.585012 87.902928 32.117254
58.789943 49.016979 27.616206
75.843783 74.048197 26.765726
19.136112 45.477370 28.151152
17.401365 80.964345 29.447157
73.459332 75.271528 28.681157
91.196647 14.558630 34.173708
10.087725 33.912059 35.281641
41.231327 97.433912 37.302209
74.360586 10.189979 34.458046
4.446013 25.711049 33.052706
58.453605 95.520304 27.051857
58.241483 68.758272 34.181831
49.665555 98.327447 34.902076
16.870247 0.433276 25.872421
87.711786 68.700591 31.152138
2.457270 26.287738 30.144293
83.624890 18.738931 32.557482
13.580751 88.927657 25.698727
95.021527 49.976538 31.664099
97.937954 59.975236 26.160532
4.813679 64.899006 31.894632
96.899147 93.576129 35.093339
37.959376 43.795937 28.466940
85.349783 68.943442 37.027795
57.761156 60.979515 25.031741
22.357769 3.422679 29.116418
88.187215 91.737457 26.528116
89.333458 5.631064 30.958716
80.644662 11.693621 34.631572
28.502434 60.461226 25.717136
70.006118 26.118732 37.176407
57.357743 20.178336 33.277953
76.451800 84.929804 27.989424
80.322317 84.838923 31.652059
66.832197 24.964194 31.050105
86.921216 84.092813 36.475639
2.957999 62.818020 26.308099
7.793967 7.264712 36.160542
27.338372 35.205064 28.166338
74.834685 19.642553 25.657923
70.698529 31.605449 29.636719
40.148107 30.152319 36.486414
87.712139 92.352068 30.828332
0.813023 71.812785 29.974830
6.234833 12.377708 25.197507
20.438786 2.620090 36.246098
63.672967 50.852090 36.149638
58.445881 74.672792 29.280459
87.395726 91.255584 26.895079
62.868494 11.484314 25.276232
28.145258 51.667803 30.174107
14.335398 39.682583 25.715914
35.397335 45.898216 37.316802
7.003703 55.033460 27.284435
93.762942 13.765118 34.745963
20.171939 48.809723 28.600136
95.717271 96.497871 29.406350
93.868608 69.933736 28.365160
0.300876 43.113089 25.256803
30.170381 9.650264 27.855905
11.771517 61.285223 33.024662
49.933987 71.650602 31.581088
14.436134 81.018067 37.434517
75.485380 62.392475 32.918697
5.203971 39.750801 36.084351
15.581153 38.159847 33.146864
0.232002 92.024286 36.412859
54.606380 77.125116 25.915863
90.888459 26.152139 28.345524
34.499801 18.584250 27.142341
75.673280 89.277931 26.271780
17.223388 78.776524 25.239259
90.047683 9.923629 31.763480
72.158996 66.238455 28.669860
42.042542 97.098605 27.662570
66.042276 26.642349 30.979796
43.944949 8.702812 29.987515
90.784179 26.319276 26.416085
48.266309 78.361533 25.521927
99.317042 43.264246 31.925721
81.235421 41.378670 31.118791
94.483344 39.594615 29.296164
71.334725 33.066730 28.144541
84.071572 82.008915 30.518968
95.100398 19.208003 28.327382
61.062740 34.566435 32.332572
20.538539 20.520115 30.972571
31.986382 48.125614 29.809077
23.603668 49.687936 31.203674
15.488704 13.389102 29.144975
87.284735 42.706947 25.559334
6.053028 10.203975 32.544398
14.399630 78.732237 27.510160
54.743190 3.391453 34.527941
86.197310 76.216834 25.887778
51.645665 7.317284 35.468813
93.897571 90.821213 26.797125
91.951232 95.801752 32.544190
78.126783 54.624357 31.124682
84.269332 74.659127 25.762335
53.282885 22.229934 26.270028
53.733967 61.514071 29.410885
47.236526 64.810599 25.132788
95.300692 27.533634 36.554653
1.993862 13.467356 34.450725
73.953227 93.008663 30.748310
39.730833 44.980015 26.567181
25.226991 90.472424 30.915317
20.212921 34.660423 26.227419
88.510100 73.393182 26.138308
2.128053 23.121256 25.171343
97.613087 9.850336 27.285270
96.631055 75.971631 27.412542
58.061061 70.607022 27.110662
72.597594 52.549723 28.826708
64.825989 53.741513 32.418804
48.429380 98.301029 30.754796
21.942030 74.064102 29.473432
23.451980 66.266479 34.847362
28.104488 88.332251 25.895505
11.668764 49.925712 25.078003
86.762569 54.090712 29.103482
26.141426 29.925794 31.234756
18.683467 98.685960 35.207958
44.206959 32.518641 35.248143
38.795829 83.893312 25.176435
97.537853 37.617342 26.463853
37.286941 67.184424 29.901152
79.285680 27.629080 35.324488
73.104996 99.303640 33.862285
20.282787 89.716370 37.023815
60.870827 12.627234 27.281225
49.055440 95.253541 28.428520
69.584682 49.942716 26.896866
70.727649 33.153273 36.136132
22.805485 16.903825 26.521039
1.885696 45.993430 32.447934
90.875446 40.752657 27.975740
95.685619 63.308365 33.833830
67.271603 6.394195 36.507142
38.359854 23.509906 37.041430
51.617667 10.223132 31.529969
22.396660 63.031427 34.249840
20.563042 21.415835 33.238923
53.816318 31.016919 31.991728
5.481522 55.883610 29.188337
2.516254 93.344509 30.976267
11.983901 94.006546 36.283297
45.754856 74.242516 31.993715
68.461394 27.695454 30.792989
6.262351 56.976246 27.330982
9.400184 35.975756 30.271319
46.317217 90.310966 25.125529
28.456014 95.809555 33.292139
29.873422 80.189808 25.878004
67.456643 42.245824 35.458084
9.916016 83.789446 33.526964
71.066565 48.857790 32.561836
26.272553 71.429572 29.060624
75.403209 49.171354 31.719621
63.054992 63.129223 26.731792
59.695518 6.876822 35.482746
46.379348 57.141316 35.347994
98.420573 90.656408 36.258902
42.774727 55.658223 37.379968
6.637296 25.962069 35.651045
74.116467 20.446983 33.277183
41.029917 81.551934 32.603077
27.293305 5.842915 25.426561
66.077958 81.770295 25.696379
79.428351 52.217264 31.150605
43.112654 9.875676 33.810853
52.823996 70.709183 28.662019
76.943305 74.789987 34.614810
40.722271 77.125264 32.771028
62.627198 15.633882 32.734787
35.515387 30.005452 36.581789
74.665587 42.797608 33.676957
84.232493 85.065736 35.519971
13.910954 99.827930 32.658117
8.627421 47.040979 25.508517
59.309033 4.439918 35.509295
13.806336 19.714572 28.776534
89.943115 73.678651 36.268884
52.404759 60.183100 30.681741
78.545171 25.961790 35.820695
6.463163 25.720122 33.425594
95.581795 77.145510 29.898842
90.437399 5.185925 29.500065
47.098709 75.955308 36.945747
55.033431 64.816737 35.779998
14.393010 69.525103 31.562159
4.577776 88.339800 35.680036
65.241371 61.142417 32.378442
35.032385 80.005935 30.087734
69.490369 88.670308 29.049204
53.958769 93.542527 27.507723
49.096695 38.963919 35.193550
33.230574 54.693456 36.049462
99.320752 28.373841 26.605741
98.127519 2.013385 35.630612
4.865751 91.887844 30.774545
44.490066 30.058201 27.899587
46.376973 30.640190 29.062839
44.602110 19.724994 28.957308
63.581261 90.544027 27.211301
17.835441 32.651328 28.960835
23.514121 84.451594 34.743348
90.091646 80.202052 27.335849
92.541655 84.658034 31.955247
98.525581 96.528572 28.241788
92.530066 89.875002 33.972336
5.626943 50.906243 27.243510
5.978296 84.263897 34.739638
69.522681 98.282501 36.950121
24.601225 23.319170 28.843240
76.500350 48.782228 37.186689
50.618477 95.235453 32.825112
60.835432 19.096817 27.662840
13.389595 23.151156 30.682575
14.321163 48.804046 33.286887
75.623033 90.237008 29.865441
35.548794 0.303203 27.907715
73.925534 49.462083 34.098055
66.972182 42.658056 36.964711
1.199789 68.497881 36.021610
63.202317 51.221373 32.187149
36.306386 49.499154 25.828560
92.272904 44.165121 34.993500
70.094484 20.074882 28.502906
26.580839 82.745878 27.935313
99.307484 57.950911 35.010417
50.449674 43.215486 34.822741
3.028359 82.493795 35.847020
81.446921 23.955076 25.285759
17.238852 42.286961 33.586159
12.529475 36.780655 28.302459
26.799341 50.408814 32.156057
69.386281 95.392791 34.051292
82.069071 50.010418 26.580635
69.640139 41.434917 25.551797
1.559860 66.768780 34.520225
51.034868 16.594109 31.086484
26.390225 78.322635 25.359935
44.523828 31.744752 35.559509
16.767685 8.162050 27.467633
93.489402 32.520819 35.332173
63.379673 14.236083 26.693049
66.388368 81.844715 25.571195
42.507976 17.002157 35.226873
43.857299 9.857909 35.312974
76.290833 85.333297 35.079122
1.830562 14.801403 33.440490
11.252600 22.156877 33.406769
15.033418 80.608199 37.166272
1.813773 14.077024 29.789860
19.396268 16.249356 33.742104
93.768020 37.207898 36.321442
73.780587 53.683529 27.574304
4.263511 54.138515 33.318767
62.459401 80.849307 25.033529
19.038250 87.325687 26.683613
61.750420 57.306838 30.623467
33.755150 92.639459 29.721527
47.305079 88.411035 25.622822
18.007347 81.247000 34.206423
63.910662 82.319557 26.477578
2.813107 40.271271 35.494477
71.951503 63.522214 26.745087
68.057865 54.311241 32.535951
7.831223 26.299809 26.970349
88.171951 78.179057 31.062959
88.993247 5.836582 35.031031
18.863625 14.923301 33.050076
61.170140 69.364573 34.508609
59.424343 64.609756 35.127571
33.503959 13.158354 34.305310