38.814560 98.210900 28.167242
31.732696 36.417168 36.485465
17.661179 56.526697 35.590284
49.216284 95.861558 26.826478
11.250928 78.155821 31.608961
76.432848 58.672933 35.001980
82.901754 59.705840 32.718400
21.411734 36.882618 30.792850
22.024122 11.846958 34.493214
90.681693 85.143919 30.365029
23.382504 46.349334 36.456250
25.557340 71.413173 28.401685
53.940116 42.295081 33.442440
12.533160 69.648300 36.076435
22.553824 74.408726 27.101461
17.056062 97.246438 26.610559
96.565414 20.971256 25.702792
23.106261 95.635334 29.122195
34.227628 88.466295 25.990335
11.411027 87.594458 34.939472
71.841070 94.567884 36.557443
11.635588 61.705684 25.259559
53.946910 88.281644 25.893439
24.452896 25.629093 33.903565
14.998621 84.828090 30.056756
55.488307 76.864035 25.541116
39.774479 79.826604 28.940288
9.730580 90.523611 29.822360
68.259358 78.779233 36.341660
12.680954 30.548190 28.583998
13.397883 53.315369 28.402060
6.740132 55.514172 30.013261
18.991184 34.120534 34.762138
24.079414 54.970501 32.260500
57.531780 45.882218 35.188306
29.123362 96.505182 35.907040
50.841889 71.097547 26.559200
52.644282 86.264070 25.621695
76.158848 50.705195 33.849756
12.977850 69.989323 36.498130
36.154622 66.357740 25.650508
0.710437 78.131016 34.932933
46.275983 55.754462 35.886903
83.684252 57.444773 34.044872
65.273265 31.179358 32.072156
62.647838 55.736224 34.907964
23.259369 74.182242 25.368932
16.113772 34.717710 25.509979
27.696573 33.963206 27.165217
68.304538 80.313588 34.713889
63.322452 81.203302 37.294804
79.231296 82.410562 29.650242
67.843829 54.790051 29.565853
92.772289 70.042947 33.514367
14.500128 72.499779 32.903713
43.432023 93.249223 37.391131
75.775247 56.089831 32.052855
33.928259 57.945539 32.611809
75.284303 64.366475 37.294896
16.755535 67.502672 36.828805
24.018357 84.178798 29.871128
91.816422 55.114426 30.430653
60.339209 52.964600 28.104925
17.934905 39.032204 36.210041
82.323066 71.220314 28.717111
28.256442 75.840654 33.861739
25.670136 90.355645 34.425143
60.403613 52.077291 37.241049
48.274873 77.624594 26.473853
44.363887 65.402858 32.926910
46.107868 90.472440 25.035482
22.998816 74.994246 31.043393
88.024867 75.721932 30.357992
23.951333 39.012089 32.929468
13.986701 91.510804 30.572238
33.215949 1.451036 34.260284
59.961123 59.034432 32.955321
99.623922 41.718145 30.874255
41.868612 7.259491 32.179826
47.505541 93.581111 29.778896
61.557636 97.105810 32.938817
69.498130 63.444859 35.510686
2.611910 8.744807 28.834926
29.435777 27.003662 34.868051
45.859642 74.781177 33.968309
81.102329 62.534653 29.754547
96.614311 8.222524 28.975763
18.348127 0.061073 25.567903
96.484476 76.537904 33.439578
99.804096 10.859584 27.198928
31.831517 80.217862 30.986301
30.721853 80.703829 32.930068
87.186247 79.025153 26.057540
54.596433 39.672744 36.705032
13.965041 16.098180 28.161653
74.824985 88.089505 25.688537
99.170571 91.466465 36.094348
59.497309 99.543271 32.956817
13.222300 71.395459 36.149683
66.235403 20.477132 35.504535
98.219968 44.986746 26.751020
58.731318 81.337350 30.206155
38.032408 19.735498 26.226094
41.359989 67.340927 34.710585
89.823057 77.528398 27.687617
2.308500 18.924998 28.093846
7.715248 15.015927 31.034739
1.377491 87.303961 28.051111
90.702120 58.937107 27.585120
55.315283 68.901824 32.059842
22.598560 30.779419 25.264108
63.476831 11.634374 28.905137
96.218265 13.589726 27.382181
15.479746 58.740800 33.426991
67.529040 26.978561 32.306210
97.476191 1.963935 31.546376
67.213491 46.320058 29.435853
95.901981 4.904638 33.733514
12.006002 24.676316 27.331331
96.225472 88.335634 31.119372
27.436364 50.947049 31.693040
9.491488 47.507493 33.187936
3.312284 47.683513 29.382374
3.654751 49.529719 34.587308
28.478428 16.562972 36.531230
48.732987 80.533522 32.644206
25.204977 86.141012 32.072880
49.961013 69.696408 37.217422
95.035805 65.397641 35.818310
79.060185 68.759059 30.683698
28.006810 82.412906 35.967132
50.150883 14.038901 30.035185
49.538184 56.476739 25.778815
28.745645 61.338714 27.867887
38.247560 97.099338 33.713342
76.150854 34.367823 32.827699
68.168686 17.860474 25.458328
74.140137 63.785703 34.008377
36.326162 49.044005 25.641240
84.340756 23.896291 30.784645
27.666251 80.078232 26.600386
14.042653 7.139941 29.026676
48.455571 21.012414 28.094852
97.756260 13.562601 34.390822
5.540222 15.081064 33.637173
73.037909 12.162687 25.810503
23.169262 23.096981 28.838713
89.399409 49.975897 29.018106
42.290630 6.788194 29.853107
55.171570 65.935735 34.392479
71.720388 24.573492 26.605336
30.135542 81.526368 31.318231
20.621312 26.898026 27.635268
25.606413 91.767953 36.306076
29.660061 38.478468 30.805094
55.357178 8.826526 28.298843
40.619582 38.993614 28.064766
50.750715 10.036529 27.868129
98.532932 71.153298 28.975751
24.361358 24.347388 31.525360
30.072287 44.120134 31.608581
42.657434 44.071144 37.180299
16.102248 71.343131 30.968336
89.077611 87.228556 26.030832
87.918908 22.757576 37.081568
81.285257 88.610422 37.059951
58.422705 7.164357 29.274186
66.260312 0.899331 25.508759
40.920587 93.194903 27.222966
99.430509 18.097003 32.366542
66.235703 72.826120 29.085484
73.571454 81.896971 32.974595
77.117575 49.735103 26.398019
56.817023 14.262591 27.216904
56.992942 89.434970 28.951106
26.925733 74.357107 33.203389
35.758329 29.789403 34.511954
72.576387 37.320913 31.999007
21.135358 32.863653 25.272825
83.449120 12.138981 37.248136
75.116174 97.104816 32.487313
74.989240 81.272078 27.383834
11.559555 16.876858 30.759904
17.082995 3.444056 36.566071
59.911662 85.362707 27.938578
1.433316 47.973797 32.741020
64.636553 90.384745 26.074121
0.569193 95.056943 29.006885
64.999311 41.044272 29.339031
4.438153 32.188308 34.120792
66.262919 80.240210 33.452887
57.751538 73.699436 26.222207
74.041489 68.569361 25.881279
72.713609 91.717253 36.775852
91.264967 59.416009 27.390647
14.807060 79.759259 36.133275
59.053771 13.373087 28.274128
55.899069 31.045335 29.672830
7.839960 25.022294 31.480117
46.950638 84.460086 31.811749
53.694520 74.490182 34.648819
4.809739 90.906127 28.889586
34.509470 47.906437 37.146191
9.736369 51.069732 25.145428
4.208581 75.881461 36.607665
68.700404 82.721346 25.405854
24.053790 70.991077 25.740756
40.655989 76.183488 36.290275
50.981260 69.648364 32.165881
16.505454 10.849923 34.728448
68.898438 40.688878 33.243980
18.954312 38.070707 31.448803
92.082116 78.626476 34.902668
60.822921 47.883557 29.625558
71.858934 8.962408 35.166613
78.323748 84.453383 30.752063
25.079601 37.378817 34.850743
14.455499 49.444097 25.092450
89.892257 4.138610 27.747896
92.807477 15.675316 26.835072
85.438637 20.989958 25.834372
76.613511 74.016466 28.822683
50.195736 87.325988 29.848502
55.384550 7.210977 32.034152
75.778518 34.403985 33.862262
68.437290 7.512743 34.520604
33.563598 5.495483 32.322664
5.745116 41.349446 26.054061
57.129823 23.722663 30.635717
85.666737 58.838036 32.269243
21.416790 97.148198 26.724978
33.490429 54.597930 25.656439
59.575711 82.871994 31.188869
39.412298 20.530784 37.417401
40.197652 35.530683 29.922367
89.096197 31.030035 36.666462
59.396752 61.903416 35.509480
74.778460 1.423629 25.194140
36.416214 69.399038 34.615876
86.768689 34.504988 30.059994
62.022463 73.581373 35.692443
60.811492 8.196499 37.304379
24.117233 26.578572 35.460723
86.887985 14.647777 32.212615
79.300566 32.019201 26.405118
90.430709 48.976217 36.990101
40.113059 28.916505 33.515761
94.625850 33.312449 26.711925
23.950118 82.839150 37.178404
46.779678 43.713576 26.417884
98.116059 19.451995 27.511041
31.239334 88.641338 26.820157
44.621618 80.067865 35.574407
34.579285 10.480139 37.081892
59.733896 67.680516 32.146724
95.958559 79.679863 32.400162
82.978186 21.071016 33.570144
49.938383 57.944857 33.103486
69.828538 42.025994 28.726292
22.587465 52.902074 30.535462
81.274891 29.206572 30.576672
82.642306 85.133745 30.573930
3.243882 85.004994 30.654693
69.102698 41.669650 34.158548
51.764193 78.700160 30.088828
71.741895 75.320124 33.659955
54.971255 4.944443 30.907498
1.684149 13.737774 32.762999
35.422872 85.895446 36.552143
56.024804 4.848151 27.193387
28.795910 5.791595 30.734969
70.674267 26.022244 27.286024
28.944087 35.399259 27.516199
22.252100 50.760524 32.225187
43.430441 82.024017 25.825269
26.675688 12.554279 27.308151
9.664338 37.306132 36.887726
48.900708 89.599923 33.521531
63.199754 22.272461 31.324101
48.477903 81.254891 34.997442
46.391015 77.869130 25.298335
67.334965 0.651944 36.880741
54.586117 14.553853 32.659374
36.132607 75.840735 34.431374
74.556175 43.887798 25.748100
13.157772 34.099405 34.138918
8.382708 97.163840 36.611700
47.978717 87.516913 27.001620
15.002961 17.477060 29.396698
76.016026 23.518636 27.507244
98.487145 99.384326 35.683361
91.977727 29.908324 37.467321
41.417208 21.036182 35.137887
59.437473 9.640662 36.920556
2.793748 21.070068 33.117625
28.828779 51.311325 35.084442
44.530529 64.372354 36.658576
49.153385 92.900475 26.820352
23.308031 80.479332 31.233028
67.308801 83.623840 28.048004