61.101005 20.157140 31.749654
61.357702 45.977055 36.678914
78.049051 11.445409 27.972081
21.283077 33.201685 37.208294
85.475243 38.238126 34.407129
17.753475 67.473154 35.744544
55.871223 82.535870 33.351713
5.820400 8.771710 34.457483
85.856702 16.820249 36.928848
29.750108 18.513169 25.312943
93.381506 82.055473 30.671009
56.330437 63.428792 29.708306
1.916942 75.251924 28.312032
39.681976 34.333996 36.273363
92.094149 25.497281 33.379195
58.762867 10.605408 31.560691
50.160123 64.289110 25.008769
23.837274 19.477015 29.739906
72.380980 2.360508 30.794182
50.033364 73.540183 28.218702
16.653173 29.405244 30.943020
4.580424 38.208373 27.018125
59.948813 55.596683 30.821801
82.775790 51.475886 30.527436
82.767694 76.345357 29.509188
30.667044 73.300872 26.724991
99.454197 84.112527 34.035261
51.644897 76.039647 34.435095
69.755507 85.079573 25.754028
79.322924 33.251460 29.958023
37.226901 59.999602 25.404932
90.197782 10.518263 37.122471
37.348739 76.511715 27.058910
12.730155 66.194884 29.481893
31.658102 79.643765 28.005847
33.853868 43.434130 26.540625
80.249765 86.417901 35.618078
58.517832 54.164979 32.979153
80.590827 52.979615 33.780665
56.887037 64.060024 34.725828
34.575600 23.601761 33.059993
81.475576 29.433673 30.917663
56.506441 29.200364 31.600995
77.308049 97.439381 33.191443
47.628864 38.911141 36.707314
60.901748 10.546274 32.164091
21.221607 85.240489 29.930489
21.823907 39.457953 30.059040
21.486175 72.186473 26.608705
47.823018 1.363405 32.757181
99.457890 70.935744 35.032258
3.229442 57.495219 31.811988
64.124610 51.793744 36.170840
70.452091 73.309890 32.341025
95.470439 80.643573 34.307528
99.531771 49.019165 36.354935
33.864767 23.389869 27.094965
39.910147 33.701505 25.268400
6.526692 88.140065 30.886080
5.405767 14.057802 35.006492
85.057101 30.489328 28.630908
8.557627 83.151933 34.533265
49.231359 41.426999 32.821515
81.818086 20.655864 37.178716
93.130363 53.669228 34.918629
32.037118 41.275240 37.381083
81.607531 86.338290 34.942165
3.593611 32.566988 32.949766
61.122791 71.361857 26.868481
41.527709 81.325373 30.605116
55.801193 32.111481 36.617392
99.714533 46.282123 32.945290
62.442608 89.370687 27.861996
16.164883 39.097237 36.601686
51.525189 80.256429 28.212607
27.336533 33.463660 27.273418
88.876874 79.852056 25.346558
97.675942 13.006495 27.607114
49.358848 14.281905 33.483412
30.709867 83.362108 29.344017
4.917694 8.743224 32.899715
50.972679 0.916643 34.910291
83.955078 71.209765 34.993751
75.260132 24.031767 35.220366
59.635201 74.938085 28.520525
92.775826 81.257916 26.588469
30.449877 68.765643 25.104347
27.138986 26.440334 28.697308
78.265505 66.888349 31.209429
56.898302 68.142231 26.755308
94.170524 45.778997 25.566445
85.922180 23.070495 31.201400
49.370980 99.184880 29.190699
33.141132 62.331349 28.263604
88.339263 90.086922 25.882510
30.532053 1.765981 31.060126
4.546916 11.478625 31.887229
35.379230 88.975033 29.026735
65.636387 49.564305 32.703326
67.464849 91.607287 31.495834
26.029422 35.912468 36.324518
38.611404 73.429183 34.522624
15.302411 17.252382 34.526110
0.677577 87.470210 29.802198
90.927175 75.852759 27.171835
30.300392 47.264798 29.154855
15.653099 56.735502 35.079247
33.832001 6.482712 30.803629
58.543993 71.455152 34.348508
44.639870 83.147118 36.451848
3.353227 65.684476 26.261877
61.187714 65.821166 28.859905
93.932310 93.685219 31.980118
95.475705 62.834012 30.222404
76.348520 85.845532 33.676509
12.923626 25.060922 26.712712
20.920156 44.236209 32.590017
77.968456 76.472468 36.172829
18.789929 26.290419 34.896621
27.904027 80.043001 36.099440
88.751254 67.496597 25.146953
72.297314 38.647803 27.884667
70.300289 29.906417 29.263687
23.853235 92.230916 37.444534
34.548565 58.175204 25.730704
40.898451 3.982998 37.307992
48.061702 91.276281 25.496564
3.100379 51.897713 35.544171
11.477693 98.027031 34.181972
15.195614 74.589803 29.147004
23.894532 94.832209 33.739062
23.655830 83.048314 26.406610
6.412345 32.682933 25.006498
86.364490 99.596418 25.192836
82.866824 20.320992 32.813065
1.026605 33.135639 27.121874
43.734535 54.919262 26.251129
46.600798 50.880440 37.005258
42.644332 4.512855 30.183771
25.945275 30.583959 33.634656
77.997949 6.995825 27.382536
21.096289 35.753786 29.757821
61.802970 11.226059 35.046339
56.650460 57.341908 33.370377
45.010188 25.969820 32.603114
99.482195 11.600801 27.046871
44.030533 78.712349 28.084352
9.340935 33.734966 30.131922
1.695365 38.845476 27.288331
47.131921 64.271640 30.862519
26.357807 55.352763 32.766128
79.555954 39.703519 35.411694
13.654751 7.093156 25.015365
15.967028 82.514418 37.381173
24.648619 70.026802 32.518307
57.694336 26.144789 35.426597
96.749331 35.474402 29.030715
6.161658 84.378831 29.463697
9.874160 91.604452 28.151167
29.566487 91.772642 30.322404
41.634198 6.636506 31.171311
7.099157 81.859375 28.186749
27.867830 93.616725 30.396976
3.481559 1.759680 36.122267
38.847383 74.264061 35.471590
21.944927 12.805498 30.790240
9.488305 85.820861 37.015901
59.580554 59.857004 31.040442
11.089936 91.734255 33.219679
73.729162 43.979616 35.114268
87.481349 33.254976 28.302188
86.631832 31.748726 25.918706
50.442610 26.474357 28.490368
98.612690 2.671687 32.500813
54.917729 9.892465 34.533077
35.274550 43.925457 36.094739
66.593027 52.121691 26.132344
50.742264 75.156353 34.146359
6.504685 3.122626 34.312614
92.565098 56.191827 28.355173
23.143500 98.708974 36.964505
52.817499 79.393120 27.931235
4.414738 72.904999 25.764767
81.760227 93.204288 34.488972
46.586882 38.368586 26.928338
45.745093 34.407141 28.437519
59.645891 45.828947 33.671362
0.105086 37.356497 34.188594
12.346644 47.727558 29.367577
50.705100 67.739233 31.411783
10.728183 39.041788 25.258900
52.217655 15.334168 25.657517
80.399895 18.730101 31.333862
11.417936 88.916713 28.772538
95.245169 65.088236 26.297397
80.293898 16.423030 36.292805
23.038646 37.147625 34.395918
85.485859 15.372451 28.618770
26.102801 58.211624 36.051927
95.941967 75.460317 33.794209
15.084034 83.170039 32.958865
28.064056 40.339336 31.593160
31.765922 30.768400 30.606937
65.514691 79.478313 31.626683
8.444346 29.623511 31.996772
53.503034 34.721989 25.862782
58.298593 53.869407 28.045911
69.624852 65.349153 29.018109
82.746768 95.759714 25.627316
16.330004 7.921642 29.792544
32.275753 66.514466 25.095235
92.975184 87.924918 28.898576
96.029415 67.764859 29.653291
61.546408 73.001347 28.350119
22.906712 70.572087 36.926518
87.423709 25.320952 31.477381
6.471351 92.334519 27.661206
20.856763 3.617250 35.646076
58.605635 20.439559 33.943390
25.676837 91.630797 25.186763
75.617844 35.782544 26.177672
64.623332 22.053022 32.099167
97.326692 2.210887 28.443024
36.688254 88.488795 37.361815
5.559734 30.658432 31.114258
14.779270 60.161912 25.038956
63.545398 63.791132 37.300430
52.907767 43.989404 30.344320
83.350975 22.247529 27.735965
14.717602 69.479724 27.626321
18.151621 69.072803 36.905413
37.047812 70.301926 30.744730
16.402289 96.910332 26.842865
95.169097 23.285415 37.143664
98.590902 85.666549 31.355721
51.565602 10.178322 25.882630
42.682114 75.777066 27.336649
40.748315 64.302912 32.434819
33.924113 55.381876 26.875781
29.323193 74.095182 36.313453
68.752018 23.674909 28.886202
96.706917 36.154738 33.984260
90.001387 66.295549 25.441701
79.010029 46.651889 33.339989
24.066443 27.605407 28.106516
76.158129 52.946534 25.789200
41.290381 14.526497 32.696974
1.120027 96.074849 30.144149
12.547014 38.478697 25.245833
58.132837 99.289954 26.599362
4.031435 65.673989 33.902374
14.066745 17.612298 31.394282
42.872831 42.574592 32.530232
58.020817 47.387922 37.107349
96.863305 90.317215 28.796471
38.216545 38.975471 25.502407
17.991065 61.928381 26.043809
42.820372 17.046932 37.381449
71.920446 12.262944 37.081371
31.663357 61.726546 25.047638
83.490579 9.745079 30.290913
76.314452 93.309866 25.752784
24.533859 97.049674 34.291015
92.067015 28.501444 32.574256
51.077463 4.055088 32.219497
11.144041 99.134670 35.618579
13.041886 39.257724 35.303963
32.023018 73.532159 30.672933
60.887606 93.529872 26.969244
83.656148 37.210178 25.226102
30.780695 61.576735 37.349639
10.090241 26.609501 35.990572
35.425548 63.061354 34.843917
96.299411 51.257332 29.228092
53.319149 24.515079 26.968137
44.402452 96.828632 30.636912
59.156669 74.989628 36.749429
82.181167 38.719407 25.593320
62.736096 55.418313 30.181628
97.425685 4.975130 29.978436
85.698120 55.741857 27.265049
14.797369 66.750456 33.395076
4.265676 15.967323 35.781482
11.223889 16.850944 28.026727
92.914191 91.543856 27.521510
35.111181 50.578920 36.925066
69.637720 17.279325 36.169004
87.774238 46.204906 26.540337
5.608946 80.466929 33.963593
27.821681 13.899005 33.721807
7.413394 60.034301 27.646813
49.364500 90.334309 35.043259
25.058702 9.151469 28.791054
38.989728 3.941724 30.863864
95.368517 51.627493 25.010992
56.140980 29.017421 27.355342
76.098967 22.720169 25.669771
14.732475 83.494406 30.811083
18.320986 58.594909 34.938958
53.333444 25.405361 25.390927