4.685065 30.022166 35.560048
48.689106 91.926733 28.131604
42.523978 6.795038 25.351511
82.673944 52.919629 25.084131
53.402587 33.206884 35.243468
79.586458 92.126695 30.551812
88.681947 76.357131 26.512051
42.730709 88.621260 35.608063
84.577959 76.317172 34.940241
65.677498 11.039894 26.871999
56.938003 12.558559 26.919190
4.669020 97.068754 34.734227
47.585311 77.306407 27.276750
14.699480 44.136039 26.105786
59.772900 9.848278 29.174169
47.169518 0.243553 33.969660
77.857198 51.821449 31.194717
72.986437 74.119087 28.749215
4.172445 50.262005 29.052966
26.358567 10.335703 32.149670
49.931800 5.283504 33.425006
55.564051 68.247196 26.943035
70.627443 94.781415 31.855859
19.996353 30.629289 25.307683
81.572770 37.774853 37.234673
16.151151 88.093778 36.152845
48.558790 60.861991 26.712612
92.886265 77.629833 33.456314
59.425137 97.011558 36.507127
71.276814 15.576602 36.229486
11.247939 22.753691 25.482926
14.934017 22.914618 33.291427
75.022795 90.480829 28.223074
26.627195 19.184071 30.968525
43.536224 85.332963 32.008784
21.872337 40.853232 30.129817
53.181364 51.431681 32.566801
41.398420 42.706327 28.712908
19.275132 14.707575 37.345836
72.541029 3.182890 32.216297
33.974020 38.978410 26.330143
65.483027 88.776004 35.729150
10.559205 51.871439 26.698276
52.754635 87.247272 33.458048
58.933506 34.084856 36.710611
72.318841 67.544940 26.805353
1.085780 38.480219 34.707966
54.955253 39.769276 32.255483
20.721231 4.734639 37.368210
75.036457 2.075885 25.263254
48.992297 3.913566 32.607331
59.244788 98.612009 33.945759
37.681819 9.825351 28.532443
12.756731 17.400570 36.446917
9.279965 75.302604 33.173253
56.926109 45.067284 30.047496
84.664659 21.700628 29.205535
63.497421 18.632363 32.839001
51.779593 92.454426 27.842515
35.561691 13.597244 30.653108
67.212934 99.376568 25.367733
21.451386 3.672938 25.721051
86.631987 28.571426 34.316104
43.389208 64.281330 26.372638
47.354678 19.927564 33.547782
69.983020 15.700219 30.281558
90.738017 7.151039 34.454425
36.151075 34.389811 30.208457
64.501331 36.134614 32.791898
24.727823 88.262430 26.822514
98.518227 85.030805 27.721168
41.483675 80.884163 31.924054
37.468806 59.338061 32.500930
19.983364 20.363485 33.070789
69.264846 62.059236 35.634555
18.361414 31.627148 36.907940
73.501107 99.389102 27.715262
66.741471 6.581212 30.524774
39.206925 54.872315 35.538792
8.276957 54.962028 29.448735
59.103273 57.461668 31.563855
92.027966 91.039271 33.302039
24.653692 16.843432 26.949851
72.775402 26.662200 36.722113
49.253358 98.768429 28.687422
92.021090 47.032280 33.229547
28.212989 81.140243 30.848754
60.419261 93.499545 32.912973
30.909243 92.948865 31.243481
25.197445 11.693143 27.889881
38.499168 16.157792 37.399635
44.870400 46.089730 36.305626
22.320513 3.059270 33.449916
82.092293 18.579309 25.192957
19.431927 37.588238 30.858873
16.661474 74.854671 32.517683
90.058161 37.544492 34.891847
42.260348 0.824846 35.209435
3.107788 33.533918 35.198828
87.818180 74.506154 33.038850
7.534450 44.057274 31.434174
10.570141 20.894560 33.418652
5.058237 50.268819 28.753080
3.060718 40.791758 25.803083
19.056209 83.287369 30.177845
10.205075 22.355631 36.871601
18.864965 97.729905 33.850579
22.059966 16.349256 27.362983
37.579865 98.379471 29.002960
73.527164 81.498652 28.282489
38.973620 91.571444 26.141767
3.634561 91.925452 29.484833
61.408862 72.788628 31.832613
5.772157 11.975804 30.283111
66.437128 70.653371 28.732010
82.104538 24.047842 27.936902
42.517915 66.840690 27.799193
66.895861 98.805206 26.806429
29.972943 19.192027 28.251880
70.688061 49.358382 28.986094
1.124362 70.877714 31.558399
8.641158 61.349724 32.268252
78.875908 81.131367 33.462739
28.659720 14.576643 32.959978
67.582505 79.265536 31.579386
1.785520 93.049176 26.319281
96.062518 19.024656 27.778505
59.740140 98.868909 28.303858
96.738380 18.909053 28.798470
44.950156 46.005340 29.156203
4.251435 57.392117 26.297894
12.395916 8.785305 36.042294
94.229489 42.497712 31.000379
65.551886 66.390069 35.429856
73.392488 64.115906 31.597118
60.310083 32.152196 32.160076
82.936467 41.318692 26.694804
42.718274 23.211692 28.209684
57.625855 11.803288 35.742273
94.329403 56.993446 35.657864
69.266521 59.163407 37.293851
16.112879 42.851948 35.514066
82.388429 55.949450 25.683349
17.018260 48.223798 31.512303
45.226509 58.453022 29.259166
81.893587 48.249572 34.764501
62.272816 84.357401 28.426186
95.758959 63.449958 26.122264
22.819892 91.650541 27.275668
53.044346 7.608813 27.120196
51.525050 8.535555 29.767084
33.409469 81.960572 32.865746
17.652666 15.919082 26.337760
84.221062 50.891544 31.040903
19.430803 22.833567 28.302223
54.851851 31.083775 35.277274
71.123895 55.139699 34.804174
56.050778 17.234120 33.229596
1.304173 76.622523 35.131235
30.168482 65.247066 33.502450
18.174488 18.700931 31.802258
92.984181 4.922582 37.071215
49.138190 75.432787 29.441005
68.371362 58.001052 32.040512
42.243815 29.461137 35.940936
75.441073 20.732634 29.848316
93.239603 43.455185 28.879693
31.980333 98.482928 27.194858
57.601112 92.533069 27.396050
5.407948 0.476674 25.097037
90.400598 97.945444 37.016751
57.776244 56.977950 25.829729
46.671605 80.233112 32.934651
33.521029 0.362587 34.049406
6.336379 5.378545 31.745134
40.851438 74.230625 32.820492
4.465204 92.271300 30.884858
64.178855 12.344056 26.041376
86.084544 2.273676 31.966840
35.796975 5.837532 25.435590
35.184543 34.463831 28.958033
38.926670 81.120833 26.120726
59.663369 33.110628 37.113590
99.893236 87.581334 29.314700
0.638470 8.880119 37.072619
96.267819 69.880243 31.490942
25.558496 18.095687 34.854929
34.071741 68.881338 36.299288
20.979302 97.055210 27.882908
83.290667 60.936178 34.986606
70.950603 27.702918 29.532773
82.084797 27.989187 34.493614
13.155694 84.522794 29.669708
2.272872 94.837807 33.078075
55.325257 75.635240 37.071548
85.185264 58.486165 36.897045
60.483643 48.094173 25.341285
38.117750 47.005878 25.911133
92.072568 85.784549 27.001697
50.893198 70.567471 37.230215
30.641622 74.241421 26.515211
77.377095 98.163705 26.052125
36.929002 10.051480 25.828549
10.858820 52.523362 26.491484
40.379157 41.227767 35.609036
2.943728 48.847873 31.570133
99.297356 53.143331 28.020113
16.037981 88.417411 31.966672
8.870016 79.751545 28.795012
95.436049 55.674461 31.100865
46.543067 30.433551 25.484827
16.388834 91.870490 25.070854
10.465764 29.503218 25.406867
99.446439 54.573200 28.864325
23.337507 21.718812 33.948395
91.521255 59.208714 26.498125
67.778541 46.668282 28.397967
99.988665 13.095733 29.502454
71.026707 76.208617 31.858028
42.291317 38.942042 35.774307
81.903285 42.721485 36.407487
62.352149 11.434576 35.720439
98.399301 84.296908 33.522944
93.355040 61.809045 29.856342
87.533056 37.546956 28.083152
89.417377 18.118743 34.203766
74.577366 22.102180 34.382698
5.913849 61.036464 27.714303
8.975270 17.554677 29.309540
97.863160 11.433655 34.031078
59.827381 93.959151 35.094366
93.773553 20.734783 27.386109
8.546823 52.931514 32.303206
55.622051 36.656782 31.804900
35.828940 60.365446 28.416408
4.422235 76.825738 25.021387
53.469039 67.962196 31.687483
99.877074 55.663089 28.305767
69.775436 72.151060 34.743714
92.023103 2.805135 28.529937
70.815856 7.643082 31.556141
67.962464 27.672426 28.559732
29.773211 88.254447 30.218009
19.367685 80.394036 34.591690
68.618391 96.725000 29.371663
32.089962 92.747865 32.527432
36.934089 38.495106 28.101560
11.052709 0.367296 37.029131
45.624167 18.504684 32.155755
89.681406 50.105442 26.955722
31.971331 84.511567 29.429322
79.270677 46.994973 26.830937
47.845765 76.420034 37.268763
66.623206 41.838256 29.659765
43.342356 10.109776 35.724884
68.524623 54.981093 33.496875
69.394566 81.057445 28.031551
57.104539 55.245843 35.713308
37.941413 72.884874 37.223319
98.813731 41.226991 32.359528
33.235500 74.618670 30.756891
84.543638 16.706010 35.327628
2.557339 88.357376 34.150054
80.222029 23.194428 30.108991
22.561448 28.977793 27.843436
58.618703 91.726682 32.246589
74.290837 39.837475 25.264747
59.158789 82.159848 32.448173
42.076458 78.632185 33.993573
94.385741 78.916906 25.580754
12.434535 78.990416 29.486709
73.376716 51.237473 37.003054
93.370337 55.552393 30.812746
44.855130 92.114094 32.342279
88.253365 66.089656 25.325401
64.721272 70.155113 25.170799
57.413539 93.512492 35.493751
47.889729 43.265106 34.662169
8.662321 59.006746 30.030203
13.465913 48.652693 34.766524
18.780445 69.237818 32.931770
0.781598 51.393001 36.789998
66.359782 97.247745 32.791351
49.420559 93.111510 28.345009
92.955793 81.062323 33.365320
29.412386 42.452188 25.594734
36.005239 78.477361 25.959893
39.620023 68.266400 30.052611
85.717578 4.002905 30.151766
27.289466 63.449393 34.155433
32.180578 32.501317 28.124936
34.304656 91.728897 32.700201
99.884132 75.910066 37.293667
86.085664 35.744823 30.553352
38.956779 86.772684 25.734625
17.859574 37.761232 37.167984
4.355330 32.279994 28.001495
32.938822 6.364062 29.847458
18.218992 80.892143 29.850307
4.659349 42.864887 36.399269