70.939108 45.750835 27.083453
14.487857 23.102471 27.908041
86.962339 94.953696 30.186124
82.008980 81.870894 30.387487
74.467935 4.529489 32.538316
79.720366 68.969101 25.323555
72.315511 22.383447 28.503299
28.988117 39.667235 32.185000
62.801978 27.613999 33.424058
59.355298 7.118678 36.669712
79.905472 40.444811 33.829287
4.880721 31.799376 32.672280
10.359774 50.227555 25.783653
97.043142 94.930739 35.771394
70.528007 56.024348 36.451952
59.166839 37.125880 28.022672
46.839263 31.285380 31.990621
78.423791 68.654138 35.574777
31.419533 74.457854 34.008597
3.365272 53.283641 27.887993
7.007696 84.597002 31.332076
51.305967 77.098697 27.137891
36.732073 90.434752 31.594569
22.295722 81.992823 27.857353
83.290037 39.528245 32.914137
65.273089 5.301902 25.839605
3.014424 76.410576 36.373842
63.703482 76.311165 33.865224
42.238598 79.173338 27.179324
30.361841 56.911642 31.260139
25.763073 97.946590 32.857433
58.456527 20.836347 33.507215
65.378881 80.490429 32.603402
71.330520 28.675718 37.070538
80.079907 85.305963 27.462550
57.630068 96.780165 27.283158
70.115834 82.785482 34.281379
36.860587 78.062562 31.479077
54.987525 18.885493 31.115759
95.185842 68.111976 36.454653
38.665544 81.184436 32.885221
29.016250 34.910606 36.488159
77.384358 41.281287 35.741443
87.534654 79.079562 25.319788
70.685952 65.005810 34.124127
48.530427 24.694686 25.060790
14.211340 57.497226 32.475736
5.099784 85.831383 27.072712
23.812412 93.028296 27.859736
29.834171 73.613487 32.371786
85.628793 55.329255 27.459832
34.669114 91.112665 30.071108
42.898202 80.133818 37.305256
59.555424 97.886490 33.528043
53.708746 72.982521 26.760644
38.687593 17.304144 31.026633
46.605701 90.726602 35.792837
83.786662 4.139380 36.078395
70.192641 82.790971 35.697291
29.575809 78.072374 33.427464
72.574266 7.155780 28.807918
91.543816 20.138104 29.326687
81.078889 31.097958 33.159004
96.134135 44.585188 35.590348
55.103336 77.727491 31.775867
81.184029 79.797298 25.362061
27.631258 31.930807 27.040947
26.617722 81.724248 27.030410
50.900072 46.168399 27.627150
7.983304 38.658438 35.015003
91.789926 64.769930 29.458984
77.593091 90.940103 29.387557
39.682046 69.474117 34.283730
89.331329 16.627519 34.375837
56.834494 31.837931 35.940278
89.455018 73.847852 26.465382
83.609177 22.849209 32.044649
32.253526 38.118787 36.212044
29.023793 52.897098 30.882639
96.790660 37.656619 34.346684
24.911221 62.700085 37.095267
33.105126 68.026161 33.062153
95.256957 56.667651 30.420471
50.166565 15.040272 27.175385
18.143772 80.689251 32.088288
74.898567 93.940679 27.322737
56.056648 27.044968 34.549835
19.102709 25.963557 31.832686
90.991352 35.118344 33.250429
36.085502 50.498823 28.782635
98.635782 46.649074 33.440657
31.358605 81.802983 25.900570
6.513694 46.969041 25.085920
21.784844 48.070921 33.438804
77.299241 66.481791 36.797862
55.406626 5.777920 27.543924
56.285548 13.542897 35.715567
95.773379 27.059250 31.997284
1.337764 64.335589 36.137904
3.381258 5.118780 31.850565
11.454736 26.822295 34.626501
27.728450 45.474917 26.730566
37.097249 92.849879 29.791823
53.182709 2.715470 25.495672
61.529631 68.495117 34.164956
0.070247 57.539090 28.636768
31.235103 46.237902 26.157524
93.612188 20.282335 26.397496
4.417870 58.289648 30.400743
68.628661 68.442124 26.103771
59.955948 98.483045 28.488632
63.822420 88.700094 35.040844
11.323915 82.040901 32.151459
13.250158 55.993777 34.449630
82.052506 32.422584 29.840975
59.880193 98.516522 26.556680
66.392465 59.470637 31.018120
62.364729 87.676485 32.589458
55.584422 74.798655 26.111302
85.699261 81.731330 31.003083
76.413354 98.822052 35.816347
16.817196 41.724406 28.671326
62.335840 40.843841 33.711760
55.306487 15.902530 33.588815
26.297891 23.371515 37.477275
67.700758 29.517923 37.342010
5.764300 34.086466 35.127961
85.791314 57.389994 26.482360
25.971912 84.375407 35.752431
16.023645 51.829475 25.026398
38.825306 15.465873 31.253267
35.867117 83.402961 25.541316
57.009506 74.528015 30.738343
12.861025 55.705382 34.573888
11.799175 53.959943 25.470750
89.457369 35.027514 33.926293
48.586637 21.039585 29.612503
24.886576 6.720297 27.520863
92.342764 46.359679 25.514490
29.035219 20.746904 32.632344
31.725393 67.443207 32.790903
87.781181 90.308413 32.195493
12.333234 62.406888 35.001093
85.315914 96.235267 34.675523
18.436046 46.752304 25.870778
12.267932 47.590529 30.699141
70.491128 27.420426 29.119654
18.458971 0.207301 29.404422
99.242335 43.358836 28.821869
67.274328 2.234944 36.704488
53.069654 57.451138 30.991232
30.154689 2.572540 26.275105
55.456903 21.834420 31.062555
62.980910 52.380123 31.745637
93.390401 10.921374 34.423918
88.606673 82.788496 25.679814
90.076486 32.788061 30.495028
61.463672 80.455042 27.759884
42.162709 68.602272 34.552035
92.385330 28.848055 31.684696
98.884156 36.156468 31.546480
47.177310 55.681136 29.966190
85.432358 39.063347 31.982641
37.642139 37.509397 36.456181
52.091395 62.408976 27.221528
20.362653 80.198655 30.651727
50.015125 1.345790 33.292639
35.270329 29.751861 27.411837
71.871429 7.463533 35.625707
30.250412 60.875725 28.370649
42.177986 26.613440 31.436024
38.597238 82.064079 26.553759
45.957598 46.043405 28.013480
5.487479 37.558635 27.350429
65.725420 6.729563 34.304602
80.970289 71.426205 36.765929
12.710957 12.037373 30.021994
36.442546 45.110867 32.749226
24.732892 49.415872 27.646103
42.077882 72.509000 34.567068
48.393654 18.011578 28.055965
62.625671 7.307973 29.678678
93.730792 2.513273 26.109933
2.278660 96.539361 36.241440
32.776548 61.204200 36.145612
90.965412 24.762162 32.113543
30.691129 65.102891 29.389139
58.838898 60.204516 31.819269
53.940694 28.890480 35.974589
43.843418 24.314895 32.530970
98.863443 10.769305 35.761957
9.666447 31.397120 25.715238
62.289531 68.962744 25.180646
65.519845 68.929429 28.219131
82.869008 88.107930 32.307119
0.465696 43.539388 25.324125
85.613975 59.356607 37.464065
54.947098 78.195230 37.032590
63.517351 73.957577 29.566025
41.572453 35.538005 30.621112
37.994832 73.760391 30.084799
99.949176 0.979425 33.644718
37.294898 24.823892 30.734528
55.901242 79.387873 36.866024
69.614510 48.287608 30.936089
79.669816 62.916718 35.839908
3.369852 97.241349 36.066235
48.556204 49.344386 31.477372
80.562084 35.647504 35.708057
6.290734 57.478825 33.826439
49.346877 15.285502 26.135392
84.982126 6.571955 28.387862
32.602796 84.762546 25.498730
21.631028 38.832551 37.376580
36.868038 29.053803 31.968899
80.548908 57.155168 31.453288
4.746155 14.956103 37.354298
58.633592 52.011345 26.777887
91.734852 41.950782 27.962617
80.635732 87.283984 36.842304
31.088335 15.840966 31.784869
32.127884 36.143414 34.031115
53.385915 7.005494 34.796531
18.801363 9.214776 30.843911
23.190979 26.850397 32.556071
84.900391 36.376761 36.536870
45.871717 2.920385 28.520098
85.176322 84.159657 28.290881
95.418659 85.325194 28.128282
51.691444 4.568155 26.801650
20.063625 60.674346 31.785139
72.964074 31.184468 28.214383
45.054508 50.676447 26.591190
0.098606 2.765027 35.239523
68.946435 26.008424 36.873887
6.268323 53.596585 25.276811
91.418041 69.587059 26.830089
11.673694 11.084277 33.669551
68.786457 2.491303 30.865943
51.994833 19.370816 30.234863
25.194115 50.843725 37.312218
96.481407 42.320409 31.841066
30.378552 29.072302 31.673896
30.651111 1.839779 29.144483
73.831821 90.723439 32.469938
23.424852 38.345201 29.236454
57.165516 48.152874 28.761459
95.969223 79.839411 32.163542
77.277717 32.517295 25.763089
35.382331 96.711558 37.482155
90.912591 5.963974 32.492595
75.238945 14.201453 36.199189
59.121260 95.969982 28.781275
23.364519 88.533380 34.906756
29.690089 28.578826 31.262260
54.175499 81.472125 29.224347
44.916192 62.034109 29.403301
25.148576 2.053426 25.036712
90.044798 33.263575 28.209525
40.971046 75.880549 32.171196
65.026607 60.210751 31.318677
92.512402 46.612149 29.249445
14.682558 83.223237 28.558975
56.767641 61.172719 26.896386
84.361265 95.119247 28.319861
60.480654 48.888285 26.782194
46.496193 30.920786 35.098754
60.838588 59.744009 30.892218
81.711988 45.587276 26.911959
24.596545 77.638994 27.890933
75.119271 53.721863 25.412601
91.569198 64.411730 29.584579
56.910918 64.840108 34.864636
24.229533 52.149503 31.197314
50.307997 67.077242 31.100165
89.175029 77.503829 25.368524
44.522515 88.925012 34.818380
67.973785 26.861644 33.430991
98.329655 74.330821 30.830308
12.061584 40.961908 32.405003
44.279042 3.141694 28.650380
27.986047 91.315090 27.876748
2.651141 73.943734 30.358230
42.884656 44.096490 30.900642
51.236123 93.522675 27.217965
22.562211 1.552290 32.141549
90.052894 87.124895 36.716461
33.414098 68.714847 25.381276
5.236525 80.637191 28.958073
73.114487 95.047562 27.420025
75.910387 81.219074 28.612516
33.501628 96.281989 28.469182
17.818465 80.386920 35.636312
93.408678 33.592143 33.444514
76.659626 17.926136 35.009564
43.919921 42.415364 31.862999
11.190069 58.931424 26.521099
30.430407 29.345476 29.809896
8.349045 42.260973 30.999494
89.256297 10.494263 34.387962