87.294134 57.148025 32.958740
46.607197 26.996733 37.086506
87.343153 47.976308 32.113158
89.321136 10.496742 30.455620
67.727301 12.634004 27.315785
4.940994 90.833663 34.655735
84.296902 23.846978 29.351767
2.973204 63.322012 35.475218
10.948561 78.933253 35.997995
89.212342 74.128863 32.545191
93.044810 46.017864 36.795110
68.788839 26.222121 35.901708
9.780755 96.017010 28.267901
78.565285 3.130329 35.595263
96.083693 38.803626 31.542571
59.252070 86.277560 28.435602
19.449616 9.921674 36.207608
96.245281 4.956831 29.389225
41.298326 5.060225 30.525040
20.724438 78.597702 33.444102
5.441215 97.779705 25.502902
39.385483 73.256159 30.799215
78.995240 27.968542 32.805590
4.502745 51.417537 37.302770
13.779491 11.663618 26.478020
21.899742 42.113377 26.236433
41.718255 59.071693 25.724816
54.951017 90.362184 36.116920
65.215563 78.565201 27.872503
9.769849 71.452232 33.052349
28.995252 81.938931 35.592841
67.685413 21.381821 27.424979
24.228702 37.896975 30.036848
48.541863 78.778468 32.420894
74.226985 73.124256 27.592084
15.290943 79.331793 32.814161
26.239854 23.645227 36.700667
30.097119 47.434307 33.699467
16.899887 58.475457 27.709081
79.359422 20.026119 31.444063
94.992092 65.859132 25.798708
48.830811 53.667286 29.945234
92.428720 89.395245 34.046262
0.720434 85.346420 35.697246
71.934541 45.102784 32.964178
31.475374 36.746816 34.286442
52.410681 87.225456 33.721123
72.653977 42.259353 25.840107
50.806172 31.739349 30.435286
43.375973 6.036290 27.759470
26.325381 56.318444 29.603159
64.991962 84.313931 29.927976
27.581596 1.276071 33.109301
23.448118 93.740685 30.982282
91.328924 56.911243 28.270792
46.166753 91.113591 35.641811
56.191762 22.719626 32.739774
34.641412 13.934738 36.174419
4.604093 80.019939 36.562774
48.605524 44.420039 33.482910
1.455242 71.031949 35.043773
24.302921 90.411422 29.142373
34.345293 46.590476 37.398801
25.944377 99.128167 35.629778
39.505059 43.974898 32.236796
8.153042 48.612237 27.316379
84.826166 91.032649 37.260573
36.622820 82.147354 33.360140
89.761050 58.975983 26.925870
60.911014 12.124265 33.154677
98.125863 33.262216 31.781133
25.591799 96.343792 30.061330
80.013975 69.113030 28.930879
1.843065 0.625533 34.097781
49.847540 14.976464 25.860374
9.851800 75.457149 30.000812
15.415502 52.305509 35.929266
47.809826 33.454862 30.091133
10.158068 76.726178 36.653347
21.980958 85.629528 34.915276
28.093254 39.656981 36.453113
76.846933 66.503825 32.942573
73.631263 98.672154 26.955586
37.905118 36.100689 36.067010
73.042641 8.373192 33.452551
63.483364 6.470752 36.796807
18.537355 31.353272 37.260077
3.365550 5.559762 33.806681
80.649907 85.502359 26.742007
94.745089 79.846544 34.138679
74.420576 88.191044 36.631801
12.642575 25.276043 30.913933
17.146751 11.902709 34.980692
88.525235 85.215628 28.437659
72.165957 55.052382 32.842359
13.093103 83.122222 35.035729
94.582325 17.597332 28.622609
92.398624 8.180339 37.440159
40.470322 98.063301 30.984809
39.601025 86.457438 28.812629
50.179121 60.240295 26.749039
35.986332 75.678894 30.577048
33.778422 13.707945 30.858573
72.450699 63.062321 32.255760
74.767461 22.447252 25.510658
35.572547 14.353311 35.136175
9.545212 49.724523 36.289598
22.260538 85.262163 27.831304
8.171328 44.713218 27.664674
58.440595 31.389122 33.089423
64.201292 38.274533 32.221072
10.969308 52.783552 28.366338
58.641313 90.404481 32.222638
19.322317 93.624342 26.279174
50.394984 91.912068 31.121404
73.647147 67.596021 25.946028
18.675978 58.611379 36.245776
41.573998 41.784485 25.370891
2.006006 27.704437 29.093808
83.223631 89.233015 32.349316
27.691118 40.992036 30.982810
6.786700 39.788317 25.726952
92.142095 87.838286 37.158415
65.733710 28.293341 35.314716
46.057745 29.210420 32.209985
20.896296 75.112385 25.079696
7.907793 9.528441 25.905753
22.494003 95.329810 37.134555
40.025325 62.536111 27.981219
62.631578 31.553041 27.512298
54.105918 86.111455 25.446016
58.068462 63.984990 25.769635
34.936902 26.694715 34.809604
71.085750 40.343305 29.531220
20.011153 35.236400 33.962399
97.446098 88.205219 26.989176
47.692268 92.503442 35.540830
4.538247 4.675930 25.446344
27.563582 37.313384 35.508302
3.724936 79.964352 28.348182
45.307094 38.179231 26.174794
12.427462 26.508170 29.607458
84.232616 40.429781 26.201926
52.450998 22.235448 25.394919
35.299947 47.018385 35.780627
5.826228 39.682708 28.130237
50.006576 97.001644 29.623808
93.839258 63.402439 31.119578
81.506993 53.844006 35.462586
52.348418 18.095850 34.327281
42.618429 66.397859 27.106198
6.387221 72.412158 27.140310
78.772746 73.029915 28.757796
33.825255 52.273836 36.136331
26.707042 98.944643 33.645513
52.407930 76.727474 31.912097
69.563328 73.630353 25.516373
68.376900 3.549159 26.350655
57.985005 18.348766 37.018295
35.118458 26.022945 30.854597
58.766947 80.654900 35.792217
83.230627 2.047764 34.015107
40.545299 53.443806 33.387049
53.059817 18.516971 32.404943
43.419882 21.595101 31.149383
26.495391 16.960449 28.662316
49.767135 47.736994 26.611807
84.921243 61.030094 34.660767
6.537579 14.477522 27.567075
18.050052 53.552538 31.850819
88.534808 6.058906 29.002141
18.887151 48.526258 25.907009
52.098681 70.835368 32.976223
94.998757 92.283568 30.003744
77.328739 8.795606 34.811766
42.007624 2.427961 35.236286
16.442877 93.568153 30.129686
42.372630 72.120616 37.492441
21.124055 38.818485 32.419149
71.096391 50.303035 25.761043
37.132246 90.682602 34.191851
41.694451 49.815498 32.159553
31.116776 81.438563 37.457464
16.731751 40.929494 26.825045
45.158815 20.853796 36.629436
66.141454 41.984531 37.477629
76.853091 58.423810 32.782129
45.035053 67.669240 34.745185
76.861029 16.944568 25.490578
74.069663 69.078044 32.939840
26.426570 4.274733 34.264563
91.810001 15.292674 30.111261
28.286766 68.759723 29.926078
63.280375 92.543022 27.951624
0.936300 96.507546 32.878653
39.725669 85.507315 33.731985
85.660780 26.482241 33.067252
32.939529 94.091449 29.859702
44.399446 76.438915 33.923544
99.974040 81.933957 34.380556
74.613760 85.405273 27.819707
42.632460 39.939411 30.309320
59.259893 91.065866 35.411568
15.445877 81.399177 35.212569
2.791732 10.835737 34.789790
62.583857 73.390013 31.222385
89.174023 47.946367 27.263264
36.996362 16.786428 34.776935
30.038147 50.198243 36.151648
5.852205 15.139747 26.558408
55.621752 11.355435 25.181101
12.914735 96.716628 33.061658
89.161623 39.244037 29.533323
95.006376 19.762878 30.337465
32.542670 38.220281 29.954643
21.468593 32.788581 32.702686
94.998057 52.608771 25.840802
56.947115 32.924151 27.624030
95.049284 53.813552 31.893515
7.213219 37.717946 27.182063
83.623360 31.373038 28.816024
60.075523 41.901068 31.161290
1.351996 75.254231 29.698523
97.292068 23.615948 33.394168
6.410679 12.267877 34.740230
87.670658 82.761100 35.241425
33.897993 89.707495 26.637751
14.003408 46.073147 33.400095
42.207235 56.709257 27.202376
28.852902 28.397182 34.243369
93.653648 97.503343 36.109187
77.605802 86.131997 28.406063
14.162738 7.525686 29.193306
73.552500 33.544599 37.144538
0.448758 63.542462 28.471281
56.404805 27.828619 27.111217
55.403893 49.053075 32.116588
95.033453 27.150611 25.222178
94.354212 42.387433 33.700097
22.601938 55.915170 35.105081
63.159824 61.051763 33.518205
30.634123 60.748779 36.498042
67.098827 65.979434 27.878921
83.418769 47.343335 32.305511
28.115011 30.305224 28.174695
31.965585 10.817670 32.089526
6.830694 85.247221 25.365710
36.929515 21.574434 35.237389
51.865692 39.745573 34.306391
98.778470 19.009128 36.080312
56.674927 9.968976 37.141218
34.016817 69.191013 36.489186
48.724461 24.164675 26.930412
64.976470 28.225797 30.693147
54.486378 87.615312 33.024091
63.814654 3.002008 31.197165
8.394924 29.065379 33.825007
68.120369 56.581231 27.514425
5.961692 61.397988 33.363422
56.724669 73.118929 34.617139
10.923637 96.259896 36.899522
33.779923 12.550003 35.111561
61.238739 83.823843 27.870575
11.084122 40.728809 26.499201
45.326612 53.006750 36.288356
6.266451 20.172632 37.179674
51.380754 2.581078 28.887252
54.248913 14.423757 25.883765
18.973139 2.413975 31.847899
85.827243 39.720733 35.837860
61.243464 51.289431 32.836735
6.312586 22.630210 26.697753
68.324019 71.273991 34.501806
52.197636 48.925933 32.973972
84.730675 95.296836 26.714570
80.366394 62.950117 29.145638
32.455383 92.287487 33.856076
34.072644 52.190728 35.170973
12.465556 2.521208 30.907092
93.937551 17.974983 29.762113
97.725321 26.956605 28.017027
55.725142 69.679634 29.007142
53.763393 7.621298 28.462398
61.619087 28.295178 26.753641
22.205662 86.354010 32.963394
36.263366 77.305170 32.248556
65.395507 7.149120 35.132731
98.641057 25.437337 31.737230
38.581609 94.899785 35.834673
1.048229 14.510072 30.294184
5.205484 79.050513 35.530385
37.838976 44.537691 36.345286
55.460203 11.763440 30.434824
96.207336 25.640017 26.571075
49.519177 58.173866 29.136888
86.169106 77.469964 25.605438
89.695549 51.868067 35.617267
18.523909 50.644197 26.999351
70.203591 9.556684 37.227971
5.883804 70.076157 29.598491