12.688804 85.451583 31.664122
94.740495 69.232899 26.042405
53.024634 72.172987 27.383767
15.323333 32.503329 35.719854
88.240789 78.451908 32.971209
65.112672 98.683394 35.908459
76.119456 47.614353 30.320289
44.090197 49.787570 32.970385
65.080542 83.892242 32.054797
66.051038 15.900376 29.184158
36.479357 21.228486 31.980705
47.277601 50.639752 28.615909
46.646428 21.587484 34.310038
10.077700 2.886340 27.861635
86.986657 60.940584 33.021631
60.602161 96.497136 29.688884
87.224832 13.825391 28.486368
58.130696 8.217521 26.928752
37.181759 59.946452 31.036431
7.859915 36.891445 33.032909
17.440674 20.646102 25.423997
9.084081 37.144409 35.274685
69.827154 20.989595 31.395568
3.504996 97.360409 32.247799
64.540886 73.948398 33.637389
17.498747 15.532352 34.217262
44.654051 61.781693 29.396288
63.756775 51.659661 32.633596
4.014247 48.210734 29.649213
25.204033 40.382315 28.316254
71.211364 51.451481 36.170211
53.627990 30.714542 28.635767
54.774402 71.118626 34.216594
38.493280 3.594372 25.505925
16.002567 38.415379 33.287721
57.254484 7.310290 29.512725
67.203673 75.030636 31.386437
34.324837 55.376224 25.651738
40.786199 26.529844 31.949351
96.988672 84.334007 37.480440
47.141909 2.752970 34.695707
6.216328 56.360053 28.613491
44.563111 37.014250 30.954872
45.857251 77.260282 31.507262
79.605536 93.471363 28.648465
41.609697 23.665647 28.770309
70.250926 98.170072 36.626712
83.826113 27.673553 37.081936
74.418303 15.967785 34.844020
52.402867 60.783487 27.020883
52.768072 65.857574 31.520149
6.322814 28.937326 31.030605
87.092282 83.790704 34.922685
85.073016 67.507239 28.586335
51.734107 23.780630 27.919435
34.179938 7.268703 27.589413
30.781272 45.485042 33.682921
93.172523 21.279764 29.841023
70.292605 3.290636 34.494560
83.889336 50.395874 27.553357
87.401911 80.139420 30.957591
79.508490 49.432619 25.216310
43.508726 46.466878 34.817916
4.341618 75.362175 30.706632
26.811421 74.281244 28.994782
48.420290 10.582928 35.854697
8.346431 80.268280 26.187011
21.146618 17.625456 28.682495
71.075460 43.013077 35.272726
45.940862 27.894507 36.752290
58.580883 57.564062 33.301422
3.137914 51.262668 31.129778
71.899759 5.651783 32.430774
23.139163 34.284007 27.891772
99.624704 54.641237 31.800166
80.288351 4.566863 36.083074
98.989117 57.154597 32.586305
45.936446 95.004623 25.588724
96.704978 66.403604 36.651187
23.077012 56.599271 26.421843
32.990802 41.628272 27.364876
37.485055 27.300730 35.315897
86.985787 57.001940 34.938878
77.901564 1.183790 31.044782
3.042090 73.512037 31.222810
48.312318 3.783176 32.252142
47.248854 30.438081 35.738918
26.169864 67.244117 32.869259
95.857584 9.427426 31.363777
24.237811 10.193927 25.549510
92.023214 30.626733 35.855452
66.493074 86.671958 28.122492
14.710043 39.853575 31.351262
34.033818 31.425261 33.071300
49.716550 14.593704 32.691633
37.724810 93.671719 28.552808
22.845972 89.374827 26.968761
72.403316 33.558823 35.482624
62.857953 35.938640 36.880614
1.236421 51.930234 35.250183
72.376485 24.567156 30.515528
46.490503 35.961548 32.303940
42.134823 15.727393 35.620970
81.660218 45.248680 34.598940
79.655529 70.666962 34.757747
17.333226 41.201314 27.194008
27.194484 5.376130 27.792552
17.144030 4.133035 33.629300
30.131799 50.963403 33.364226
84.359152 86.948269 37.179526
90.532812 40.727591 33.113992
69.951020 3.634713 36.795924
97.096450 96.124594 29.934647
66.584268 93.665233 33.686897
88.728723 41.693863 27.242314
43.957514 43.341118 37.168861
74.214369 12.870298 35.924745
61.523867 82.822779 25.051945
38.615856 8.041537 25.767822
40.660259 85.555443 32.851436
42.134083 67.422234 30.508695
38.380551 60.512774 26.190213
57.080965 63.707503 32.272822
87.013331 55.114268 35.564783
86.987361 55.075042 25.439616
28.776607 93.051279 34.766436
44.518842 24.448689 29.596943
48.373570 71.239092 29.562980
48.782431 98.148984 25.153953
98.470969 22.122033 25.974448
81.035048 32.196657 33.129823
59.482505 88.394954 25.608561
70.445086 72.149570 26.350121
38.694866 34.784807 31.355095
3.792337 29.356394 33.861487
59.433206 1.408367 27.222986
42.499614 35.776397 36.193500
98.671346 18.404163 35.760189
23.455531 17.768428 25.283739
20.480951 71.820973 25.058872
25.406346 89.209246 28.655253
19.914008 66.301381 28.722889
65.058722 83.739595 34.635878
87.324810 51.450218 32.431978
52.955726 61.360896 32.579274
73.843712 36.260611 28.845796
6.711589 46.390347 30.075508
21.805165 28.715031 32.838708
1.095286 91.955563 34.777431
70.851319 49.121288 37.418815
55.031074 36.740569 32.980923
68.984870 73.623662 34.061468
72.119843 30.219108 32.626649
57.531957 71.291314 33.240878
30.793340 45.709539 31.259534
92.985587 68.974488 31.304384
27.333077 35.987739 32.236216
29.757251 7.321804 34.941315
66.506007 52.399069 29.164493
86.329679 87.314004 31.946164
60.556066 65.372670 32.556679
79.403778 94.515472 33.134052
91.665816 89.235877 34.668708
15.261874 48.680624 29.172665
4.304403 9.553462 28.341926
5.530426 56.045986 27.469035
25.384501 63.897436 26.855418
86.772535 57.874698 36.790597
19.383123 27.303900 30.645304
51.756490 16.395125 28.621797
68.220046 41.663245 26.980911
76.182931 37.381472 36.425885
15.193324 36.062844 28.172280
33.065503 49.571850 35.323898
41.059287 20.444405 33.686420
29.458749 49.928341 27.056312
51.225160 36.214692 29.883055
17.485439 31.807406 37.368789
29.079395 68.928629 37.472639
16.222714 92.279596 32.853793
42.130255 37.657691 36.641183
64.609251 54.581070 28.238056
19.250174 70.901788 33.619880
32.011963 27.089546 35.953909
93.469449 1.817643 25.342714
93.676370 8.847487 37.437502
90.394965 42.055478 31.800269
67.818804 16.885333 31.489932
97.537224 32.015285 33.673156
8.449812 59.165637 27.996143
57.842736 14.790892 35.770812
67.867670 33.149734 25.900396
83.539630 77.798399 26.513322
94.904872 37.854679 25.733178
27.873578 68.619500 35.142713
54.142145 46.117805 31.817991
86.696336 47.103702 33.065528
96.287495 92.843010 36.788507
87.442713 70.420583 29.054371
12.951398 16.371736 34.486599
16.784230 80.340002 35.039203
35.779439 23.845714 27.396449
75.939622 96.630626 36.502606
2.874852 64.270830 31.365633
6.675191 55.717242 25.868821
96.368183 13.324165 37.172977
51.019004 77.345495 30.892859
11.611716 38.734823 31.096166
24.206410 21.925530 32.897701
59.941692 99.595051 27.710880
35.585833 91.288037 36.316761
14.301176 32.992919 33.310026
65.761340 95.910113 26.197614
41.516500 55.516557 36.379444
3.148351 24.043648 28.354138
20.658634 57.277570 30.601568
78.214746 86.858660 35.199108
29.357418 51.713677 29.261072
37.350340 40.877322 29.619688
35.261724 72.730745 35.346094
48.989099 80.186307 30.520905
41.385514 84.451981 33.807484
6.613410 61.420017 29.092676
22.897189 84.271068 36.792723
58.265737 90.241385 30.690248
88.797492 94.810942 26.762349
25.220003 2.982988 36.936944
32.378735 63.271740 31.243066
5.535691 11.275550 37.260330
92.818085 88.415913 34.223837
7.350164 68.263554 32.841453
90.863805 69.410962 25.487226
99.784678 76.871355 26.074528
11.996290 64.842144 26.187912
90.527422 80.015617 25.613645
83.053942 64.396927 28.189948
78.986270 63.273360 32.053737
21.832159 77.860521 33.711339
51.888357 47.528741 25.265924
41.191268 98.399802 29.202804
4.690019 63.526391 27.244824
40.383245 6.288757 37.259027
63.781318 52.264635 29.099281
44.311308 94.131589 36.721639
31.613351 38.844910 34.767517
31.046159 73.392715 32.554459
4.499127 82.031555 25.054365
70.483213 73.475426 25.034842
36.717171 1.202772 36.522629
6.962461 53.601414 29.452073
87.165296 87.829819 30.094205
24.052107 50.659012 29.071103
78.326161 9.906770 28.424419
49.715722 96.689669 27.973150
80.456476 20.068303 27.010375
84.402167 83.173289 27.186257
25.673179 29.556588 28.604567
37.280699 18.150177 30.993424
51.304976 79.483712 25.060081
14.352311 91.481284 28.827892
84.102279 99.310506 36.254307
3.192060 1.858202 30.520543
2.054732 64.222923 30.247553
34.653628 57.906800 33.081645
94.207646 70.340238 29.522896
72.488616 42.401665 33.033878
5.763871 79.388693 29.496292
84.722838 7.873176 33.240216
22.646803 89.149391 26.369451
34.678495 72.760428 34.942426
55.221270 90.353830 25.511918
4.765762 64.942918 27.188348
59.318853 12.957204 27.977359
11.340414 5.461791 26.249406
10.229516 66.698327 28.015546
26.085599 64.219121 32.914359
0.595020 47.488451 25.618519
20.407321 21.799321 33.407783
26.442165 3.529287 35.312740
17.612851 1.426363 36.170439
95.067175 65.138510 34.731824
43.229466 8.414230 34.214026
60.539038 73.059768 32.766775
92.040815 19.123373 25.967800
6.176709 62.695292 37.434821
0.575832 66.970478 33.459762
3.010432 18.476090 34.866606
87.645685 20.820486 36.909913
16.661648 60.344970 35.029254
51.191294 31.119156 29.855634
90.526438 19.759821 32.500951
59.911791 69.103162 33.160530
90.407723 65.470083 32.805150
91.636829 93.681639 26.767013
6.391385 78.983141 28.202377
4.708720 86.143389 26.547939
90.973564 32.607367 35.792034
93.735295 98.623394 33.037761
14.326462 15.644851 28.244843
33.329021 65.922110 25.061014