66.343349 89.824608 31.142561
78.621218 54.900034 37.014510
78.086267 87.701549 28.168896
32.532103 22.568180 36.636993
94.168620 20.871105 30.698060
81.872059 83.917324 32.812436
31.444582 9.211099 28.335968
34.220799 20.504259 30.750674
8.982737 50.354969 29.514924
39.544440 11.662491 30.047077
77.869035 18.183478 36.105462
37.154210 11.408992 25.424961
2.253259 98.311538 35.067347
75.467988 83.389682 28.952239
2.712765 77.663663 37.098695
39.391742 51.104375 37.149850
90.923526 27.966981 28.623607
98.937002 82.907420 32.138510
31.482775 7.176916 32.317969
23.147856 88.337470 36.806302
24.095681 44.362703 25.747908
75.008317 24.132124 35.580411
89.821590 56.643680 30.006583
32.554943 39.081137 33.014497
22.037519 45.066522 31.027802
7.164957 30.965731 28.404160
69.904177 90.825649 27.711403
41.213742 73.043851 27.276655
25.760927 70.431751 34.668900
7.578908 63.849715 31.479793
92.529517 9.343422 31.087767
22.012587 91.325897 25.042367
58.346982 5.403927 26.309276
26.786856 53.003020 36.653535
94.878448 20.119548 35.480339
83.089805 8.825468 36.384928
5.743355 54.011686 29.897798
76.352045 31.111130 29.677995
85.075606 1.573395 34.796489
39.710111 13.867145 33.427680
4.798000 12.470327 36.409691
57.376221 12.111691 36.259793
54.477243 25.990883 34.755736
51.643790 35.182310 31.826587
29.681847 72.272151 29.115297
54.399018 24.348511 31.235271
61.669910 71.245233 27.801523
52.603804 28.693285 28.688522
68.285931 23.347630 35.905271
35.816394 44.062840 25.068389
28.840788 29.640953 37.219346
65.714340 3.868335 27.431922
31.207104 39.684713 28.858193
5.028539 48.923611 26.397546
11.403403 69.465837 36.926413
8.911724 15.671871 31.210676
67.854613 88.967434 32.543408
29.156952 36.110556 32.487951
21.861264 48.428646 27.947892
71.736329 81.115104 32.682381
18.337025 27.832598 35.918672
95.647147 77.569978 36.491778
62.476503 93.322594 25.443662
36.317136 2.600183 26.804910
49.080708 39.112818 32.300281
58.579859 8.653426 26.976772
48.509279 88.319528 32.765236
27.421538 67.684299 32.662797
36.569585 11.500819 30.439749
93.823278 41.525732 25.555788
63.927027 60.442050 30.981243
79.845433 1.154140 34.753196
7.271561 49.761900 26.802526
75.812922 27.704935 34.699995
54.369831 10.579976 28.820114
67.855470 61.766638 29.235211
99.838855 90.131067 27.292272
19.142713 56.363811 26.915040
10.135257 24.886405 36.147890
3.233845 29.174599 35.437217
22.948145 9.313425 25.923849
39.160472 45.774362 32.657831
25.828189 40.698028 32.571356
92.199785 78.770543 33.871793
1.365801 36.516914 33.878326
67.026398 77.277593 30.902989
1.079151 93.792938 34.512976
80.575429 46.114489 29.076328
1.626861 10.633544 29.578693
51.519001 36.498600 36.076649
74.464109 72.090479 31.227364
56.902783 32.684053 34.755744
45.435482 35.540874 28.291567
79.089731 82.194739 32.355699
12.667570 39.745235 31.541658
13.044917 62.654287 36.202589
74.402729 10.498565 27.786972
76.486026 37.376961 32.336443
16.054880 66.022147 27.189005
46.436933 38.916016 33.252498
48.110244 53.463812 33.958576
81.288183 32.048688 32.968860
54.105570 24.444474 32.335565
32.572658 13.553710 25.025032
30.030777 23.641801 25.013381
73.213801 57.833449 33.176437
56.842449 72.524244 27.473840
65.512148 0.341774 27.118548
52.320663 60.383402 30.803372
29.591671 42.675471 28.709447
43.656527 62.058921 35.922308
93.711416 3.011613 36.790699
15.765510 87.183426 27.791752
81.723367 76.291079 25.809479
59.855695 44.433021 25.908893
41.721159 45.242065 29.923803
22.797999 25.524488 26.380679
81.343435 94.603003 27.562310
13.475727 11.569128 37.052246
4.661268 1.017411 29.503883
29.038774 7.035209 32.975507
22.849256 6.970854 33.890458
1.356604 70.448438 28.130604
67.243483 9.839600 25.150696
39.404371 8.739565 36.946335
34.447209 48.760669 33.150534
31.248296 12.285730 28.541313
71.976515 30.926614 37.307617
32.473307 23.618896 27.542907
73.731098 45.651303 30.829918
49.800492 68.751165 30.044111
17.532785 1.811662 29.565595
89.563187 94.187033 33.973630
70.118371 36.629911 35.356031
59.068903 7.647552 30.321323
68.588807 75.920894 36.458788
89.381104 7.219563 26.863782
0.545389 33.828782 26.061317
42.284639 64.268688 34.106428
44.873031 55.247430 30.450238
19.103113 36.130528 35.218459
76.510863 3.836405 33.193801
6.517440 2.209364 27.775405
11.790086 82.630090 27.557358
42.248891 64.488564 36.468564
70.757972 76.619830 37.022107
54.519885 29.676362 36.254711
76.048122 3.594216 35.858945
87.226539 40.578020 37.374916
62.872832 9.523829 35.181370
40.259370 92.753351 28.810636
40.216718 88.816021 25.586980
27.149223 81.470437 32.395549
48.170279 81.673019 30.606218
98.098849 27.405863 25.423299
86.948791 70.990895 32.758943
64.611181 50.956571 26.905389
95.506784 9.804878 36.336820
35.417086 59.624831 31.550820
86.649239 91.827083 27.689309
8.454600 63.879218 36.588043
13.465823 91.548026 29.361942
18.768050 82.997308 29.746102
87.888856 8.618880 36.601473
27.138724 17.142017 25.693330
55.114500 16.140169 30.616907
76.617127 58.969802 30.211051
9.140580 32.247222 37.491889
46.071349 51.183267 29.921693
64.279208 65.066214 26.486473
50.856244 51.384824 33.308620
30.022966 23.987745 31.445694
25.299141 69.177263 35.452061
21.411982 79.416808 27.864780
51.482890 81.438091 33.829873
7.647234 57.069765 29.154262
49.509851 50.686387 28.251593
72.041048 12.790696 34.760838
96.505274 13.196686 25.828837
3.356685 83.254881 27.988541
74.318871 3.064464 30.730006
71.248674 10.900285 28.603280
4.065634 95.629797 34.379428
31.709345 8.711220 25.181249
79.628874 42.063603 32.814505
86.228036 20.791003 34.818012
26.900049 36.841341 27.532657
25.317744 73.084920 35.667150
2.005879 61.077036 29.033304
85.777567 74.108059 29.484366
51.461987 95.455465 28.166326
5.607817 47.584168 37.475665
38.059351 68.223834 33.749835
28.412568 46.489435 36.556047
63.085491 78.405547 33.858827
78.677572 55.166188 30.149918
19.739290 43.047333 31.711126
50.122851 97.153128 36.336730
3.785931 10.025408 29.312590
91.127984 89.652080 26.393201
16.347267 92.749539 25.894416
31.949690 92.782875 31.159075
77.608100 77.692254 27.310137
2.227791 86.366524 29.738419
98.960852 13.311846 33.331114
45.880681 57.602606 26.531457
70.927504 6.542298 25.786145
23.957970 53.937779 25.453371
54.333496 21.337015 25.842797
54.550479 82.686805 25.557795
74.295840 39.900330 27.583819
91.980803 43.643502 33.724375
15.478866 91.804695 30.296950
3.767431 88.366831 37.050095
65.499528 64.858583 36.591223
3.597567 55.391496 29.054982
82.471593 57.033074 25.299768
80.886212 34.271094 28.538848
73.588387 3.237043 29.283773
40.307600 74.377987 26.040853
58.601360 58.327093 29.871158
49.365202 31.540085 35.243535
4.815322 98.467664 36.118328
75.203118 17.073968 30.774560
5.698732 15.717367 37.181148
28.234931 27.063942 26.633799
27.500884 68.789760 32.058211
59.700817 32.868480 27.283780
38.738850 78.681467 30.978695
35.481725 73.545718 34.855855
4.078572 30.593048 32.669658
70.660816 92.519708 30.857804
55.754654 0.568222 29.553514
42.417155 9.124479 30.653333
97.013322 68.222824 32.988570
61.925508 48.715208 28.649031
63.421831 80.065644 28.699557
73.984241 5.949142 30.237631
29.563743 88.499992 28.845018
64.319700 59.232263 33.558675
12.595550 37.891538 34.775941
58.808342 16.409810 34.248826
55.403678 99.833362 33.396075
33.218362 79.786369 29.879903
18.212155 61.349666 33.108059
40.616357 7.726123 36.579126
91.876026 28.190995 29.930745
30.703313 51.751499 31.895488
35.513845 87.547764 34.907148
64.441273 5.660733 36.733410
81.481564 40.624350 31.505935
16.553988 99.318397 36.298553
11.475593 5.966903 31.582726
1.136566 3.625042 35.020737
96.034195 85.593168 34.676052
55.445690 42.312677 28.031503
13.926047 95.554492 25.595488
51.439511 94.215170 37.094321
89.167374 1.124511 34.442065
24.982750 39.134253 34.195606
60.055567 3.694366 30.094320
81.500321 18.245448 27.531710
26.024817 38.685386 35.041299
0.777784 94.088564 29.802752
96.608527 89.493950 37.345298
28.402795 25.949342 29.006812
71.972517 41.210929 37.159275
29.909001 93.972958 25.883828
35.515251 5.322954 34.102017
62.652023 73.132153 27.525796
67.444433 89.766038 31.346945
99.746176 21.366555 32.473135
33.911454 68.211998 35.422506
73.627540 65.395341 26.053745
46.654992 58.372883 25.065455
17.539470 21.235204 26.740574
62.750383 27.881499 25.747076
6.226749 72.089917 25.193801
56.147332 78.647300 27.676768
11.361020 30.261726 32.849167
79.809706 6.627563 32.703315
24.925471 51.436935 33.824807
72.037556 77.279672 30.148260
20.080653 2.181803 34.446041
88.591445 16.331092 30.060677
93.684611 93.194249 32.812214
54.514446 10.996078 30.531623
38.007384 58.992396 26.049312
45.065268 1.763803 31.452840
2.652510 61.961356 31.078789
65.980599 11.339902 34.845371
20.445533 75.680608 32.732449
66.193408 71.714313 28.483562
95.692317 11.484422 31.142353
29.272818 93.878031 28.562040
99.545931 96.668247 26.618784
14.436312 33.208922 33.810010
9.641193 1.545523 26.349854
7.748625 5.707478 29.071389
59.099764 42.620618 35.350206