54.186682 90.913667 37.465646
9.723864 86.485750 29.020631
68.164779 26.088758 36.922741
91.394212 47.434130 27.551314
2.092647 98.964315 37.051813
91.434302 2.740841 25.517077
51.099008 56.203301 28.820835
88.227831 64.754067 28.508862
15.215784 26.737493 27.833071
41.429617 34.620707 30.928301
79.003936 3.869445 30.167037
61.968141 74.991396 36.902717
24.840355 76.115869 25.486562
80.449411 75.538274 32.676399
97.764315 82.283308 33.663662
72.922304 36.481354 31.413817
80.090328 47.839843 26.936861
72.616794 67.854278 33.803003
44.200636 31.033724 36.193619
29.718778 4.980954 35.743404
23.031179 2.319728 36.843643
1.377425 85.810030 37.127123
66.762985 89.917691 32.257423
67.989642 43.248418 35.149011
57.276818 63.851662 33.251599
19.896271 60.861190 32.914811
80.034220 97.693061 34.682018
41.258019 63.445230 28.906448
3.751137 69.851525 30.747289
40.103989 11.474798 25.428614
92.380475 11.849518 35.688288
76.734067 60.370603 29.721102
99.306766 9.757413 34.124760
90.147419 62.793962 29.253940
84.934959 48.903944 31.911230
47.925328 72.499647 28.548219
63.289195 81.829602 25.590586
80.112116 22.403744 26.233543
77.217113 96.051127 28.482535
39.925715 72.863554 31.441436
1.844399 35.735066 27.863001
6.203007 49.152306 31.539235
28.677508 13.834994 27.941378
17.345598 73.274872 31.197146
55.709963 93.454359 34.861561
64.325163 83.640566 29.014406
44.357592 21.293035 26.861568
33.065206 38.319385 33.657286
81.560934 90.850591 36.537516
79.034704 21.252664 36.158371
88.719640 1.172561 35.517311
39.925430 70.495326 36.988197
70.861569 99.298133 27.017091
32.139381 91.336596 27.587007
44.715078 37.132180 35.742203
29.696002 5.649841 30.020759
47.557340 84.582382 31.296059
63.889261 61.976465 37.288138
62.550107 37.925431 37.463556
50.173204 12.917687 25.479913
44.764868 29.250916 29.836348
3.488470 89.310938 35.655576
79.035217 51.699001 33.726845
41.120174 13.623104 31.437860
6.413683 34.758845 27.512826
19.928608 74.526523 31.368155
31.272169 35.629225 26.759237
87.757293 32.279055 32.347197
31.351232 56.221004 33.579489
70.024582 90.648849 36.665551
71.958742 73.285449 29.280930
17.062081 63.958174 33.936138
48.176794 27.045858 35.720934
28.756094 37.521462 30.436882
82.600463 56.096243 25.726609
40.682822 12.693820 28.006281
16.592531 60.844189 28.339893
1.546887 64.303227 35.443333
83.960545 9.983163 26.665198
89.561261 7.373209 33.223457
54.513952 79.118496 31.001780
31.868063 37.164742 31.579857
85.427080 33.034192 25.740104
48.462865 59.143780 26.283836
74.656992 51.158560 35.723136
94.373548 90.877948 29.012721
70.646089 81.218822 26.053622
75.766141 77.833833 27.189168
32.718550 25.090321 25.303859
38.467676 48.744644 26.143205
80.428313 17.398186 26.915277
78.043344 16.234997 34.890254
56.237392 75.179567 36.910735
32.035322 56.191436 28.896796
63.913635 81.512662 37.422817
77.686951 47.281992 33.644128
18.218582 58.868393 30.920371
52.577311 89.382089 31.740096
25.933806 45.521832 27.361892
49.955429 88.830397 31.383073
12.199505 30.098779 34.061750
31.294044 81.930654 29.824515
47.632072 16.514277 31.450629
39.426525 32.029793 34.017097
3.541295 33.128475 33.569801
90.868906 43.093953 34.126022
17.639441 63.034007 32.071967
26.741683 14.994408 29.633299
33.008404 67.398936 26.187467
12.911431 20.161232 29.890682
64.489604 44.366928 32.965718
39.498710 32.093042 30.439376
59.666190 91.358653 30.806659
27.496291 66.102727 30.840440
65.970944 75.730181 33.287128
30.884901 70.099044 28.465517
59.204082 61.966222 29.307675
26.837956 80.429941 29.958637
71.263307 0.265882 27.942897
90.223513 18.764913 27.083205
31.608309 26.740478 37.043299
54.731860 65.744182 28.450662
44.486598 45.729854 32.454475
62.289822 13.015647 37.145906
15.096785 90.040470 25.379497
1.578217 1.232275 34.895919
88.252101 84.744332 26.056135
13.170143 24.778054 25.724031
91.981475 50.589377 27.066020
78.463411 70.666672 26.156275
45.010302 68.587061 36.987874
48.941754 27.324484 37.323231
73.517747 15.500653 35.862878
13.005335 2.199882 33.811647
76.557080 99.663524 26.508587
91.687414 96.017650 26.917648
64.869362 80.518144 32.370969
8.030231 28.359392 30.443301
35.269538 88.776969 34.880829
30.951599 35.806433 25.620838
65.943885 55.383017 30.080056
21.049556 44.046415 36.196346
35.663757 46.387933 33.646356
89.201361 64.013906 25.038010
79.366473 86.053600 34.032226
57.667607 68.781411 34.791696
35.682461 48.190822 31.118387
52.427903 54.123455 28.420763
74.020383 15.524706 25.667505
83.127831 56.384951 27.844855
47.122552 14.571705 35.037284
73.502447 2.011367 34.541106
37.314394 74.741360 31.629836
76.095887 64.926091 31.364850
8.949126 85.077623 28.019960
88.576122 66.076782 34.132134
94.045524 85.509836 29.749884
47.428603 96.573448 26.828555
93.599759 68.220395 27.224860
17.302736 96.553741 35.496356
94.367085 29.493255 34.112826
78.427992 83.665714 29.721722
37.631700 99.964549 35.649552
58.688916 31.586849 37.206813
67.705311 9.175671 27.773811
66.649539 57.344517 34.278928
22.760645 21.826302 33.130149
13.693219 8.368987 33.801967
83.308520 0.788337 26.601584
27.975852 96.588250 31.676769
25.306444 94.674387 32.364860
72.840606 3.876593 25.263917
37.024594 31.003521 28.107463
41.912498 64.552389 35.454294
99.690327 57.080367 36.738452
69.612497 4.863745 27.635828
87.655659 82.181882 29.091717
22.778300 93.763853 27.462150
9.872529 57.826546 36.243154
43.697301 31.736511 26.669646
58.232255 8.091744 26.398475
41.919893 96.986764 27.746854
8.979739 4.379008 30.897687
20.597284 78.563576 29.215074
19.455100 22.312840 37.389973
97.858523 1.472017 31.242885
97.560099 27.907662 31.411071
17.867247 55.000733 33.467011
79.454205 49.350974 29.507621
19.119706 75.723628 34.050280
94.148009 77.454098 29.430994
75.307324 84.329852 31.438201
54.779190 21.305061 34.560114
76.340528 64.988481 26.176453
25.099301 84.163622 33.603950
47.017737 45.510494 32.639886
79.996811 17.107320 31.864951
42.956961 3.862174 25.243568
23.368382 59.958237 29.047409
91.167410 16.206909 30.317557
31.794693 65.744330 28.675637
13.919437 95.460562 28.787706
15.920893 45.291701 31.793337
36.888117 6.933640 25.075491
85.601933 66.598682 34.706778
3.480959 13.236987 32.966070
70.247938 23.521317 31.562458
83.416777 11.465922 26.691841
80.963743 45.683683 36.412664
89.708900 17.060680 32.602912
35.273284 31.034916 34.872361
84.718659 71.224299 29.402490
73.675651 45.668387 26.489676
34.988496 19.192449 29.461800
19.455295 94.604360 32.715841
21.957892 52.315061 29.682721
39.441023 23.435685 29.493970
85.186658 13.229681 34.763365
17.613217 26.760098 34.010516
65.357406 86.145078 25.619636
63.958104 30.799809 28.170767
32.172180 73.493167 31.769725
80.029183 45.075416 28.231722
59.483729 75.707840 26.782655
38.387715 82.445768 28.305151
12.085202 65.250891 32.855655
33.707729 50.279594 36.009666
74.488890 5.347232 31.277050
20.228594 56.157407 31.725837
90.639048 97.892276 29.864464
41.972523 5.057140 36.446725
26.143216 16.618761 35.033139
56.652535 41.709317 34.117869
25.527157 94.841772 36.878559
74.114090 15.448188 32.652635
31.576944 36.578803 31.207712
29.233645 33.070027 31.252698
6.450677 39.062484 25.338277
6.631649 85.279896 29.862909
36.435473 30.814699 25.581283
23.144837 22.839083 34.229647
35.373723 97.776687 35.333238
81.219114 70.522467 25.064459
21.512484 70.237502 33.165428
50.881076 94.929308 36.918733
38.559428 92.212672 30.652523
80.058083 16.505516 33.986898
67.669354 17.420748 29.967410
31.313599 37.011428 36.735616
15.325881 91.222511 25.711900
84.491861 21.712348 26.709165
76.601998 72.897063 29.423034
81.481134 73.707577 28.914585
29.469092 67.757767 32.659148
60.750997 38.661631 37.480535
42.656641 24.258920 36.900138
30.935111 66.109977 25.444715
68.755948 49.741517 36.121101
55.416076 61.155193 34.609924
87.079758 97.312368 30.563531
28.006308 99.125653 25.833947
89.598891 2.096149 33.748668
61.676434 66.778114 33.081573
6.380138 24.843470 32.849761
24.786848 40.667323 30.380748
31.868212 88.524652 36.162698
45.596750 11.349247 36.410782
5.292052 57.741372 26.411467
66.501925 57.453176 36.108511
86.858977 29.131593 27.090628
86.286114 97.590674 28.058748
68.653680 4.101319 26.018634
84.069765 13.121269 35.131957
4.198813 35.449479 36.811341
81.350422 82.947775 34.760779
94.986312 79.610006 30.252447
56.535120 21.543755 36.198207
41.814913 64.304742 28.764792
52.942655 20.066153 34.669903
72.071084 64.479769 27.313071
85.976356 1.671102 29.911460
18.410736 79.022747 26.551980
57.431884 45.773176 36.591172
15.211636 65.556725 36.693991
34.866673 2.848011 28.851246
87.283253 65.008861 30.249196
64.323899 12.552978 25.632607
40.630981 26.124361 31.889976
41.983301 66.634991 32.647365
19.163416 67.871595 28.212821
63.343027 72.923589 26.706579
46.738516 73.448884 25.110627
78.513581 43.119073 26.761661
77.939866 92.881260 31.708280
45.091652 27.392443 30.010042
1.551375 34.594130 31.505745
82.391860 95.078428 29.581125
83.059279 89.398562 27.055458
42.837934 7.657958 34.857296
68.606294 34.458894 34.663701