56.455438 45.645785 35.453455
48.647898 51.658679 26.977212
88.475965 97.069801 28.607940
21.951601 91.519328 32.837551
86.298626 28.857850 33.288596
54.449706 83.645831 33.902239
51.516425 1.251517 27.564234
88.715636 6.731516 32.626121
33.007513 87.123800 31.722890
62.817525 22.789889 36.603007
24.207914 45.979389 30.912575
52.836060 45.349628 29.359608
39.230742 90.715609 26.088364
40.572868 85.169151 30.399539
65.011229 49.806993 25.494621
77.215459 43.491682 25.488877
71.305920 41.333554 35.375536
40.078013 17.161950 26.044472
81.024019 65.630575 34.944404
85.079049 74.844284 25.358309
89.452028 77.140679 28.127890
25.178318 49.188124 36.290695
15.235947 12.921959 27.284019
95.251906 47.505303 26.715869
78.372519 87.864958 32.753943
52.016007 58.205558 26.102328
85.192853 35.645410 25.099508
74.070550 88.324293 28.702145
3.835581 62.807302 27.017396
66.500901 74.274102 34.414941
34.904098 54.021459 29.751593
41.359297 87.753040 30.804653
31.333709 74.602738 36.144872
31.029473 69.366414 36.122472
27.595333 72.708487 25.558292
17.872248 92.063830 32.112490
18.881824 17.028545 37.006009
45.977741 2.234099 34.612726
36.831993 96.284647 33.063492
90.102555 45.572115 29.911330
27.245802 3.536742 37.257454
98.284800 32.747128 35.060565
77.821755 90.316305 27.220118
43.901734 92.140696 31.584871
37.710238 77.003511 35.462603
36.300373 66.571317 31.722925
72.978811 83.468136 30.856059
15.067016 49.706376 35.796668
47.702168 66.117291 35.214689
83.874672 24.270268 27.115381
55.392795 26.164918 26.874229
93.273539 71.158482 36.564763
11.215934 76.555979 27.476442
7.772528 59.341178 33.034601
33.165144 9.948922 25.488753
18.587471 17.742458 28.190968
67.797489 50.703619 35.199508
12.203664 33.040867 31.117749
93.357697 23.052232 26.914496
10.710963 81.124078 30.193629
95.579188 36.908702 32.725480
95.350521 4.694682 28.041208
88.417176 42.967591 37.016024
54.518061 46.050310 37.035593
12.733731 47.870410 26.180116
71.832998 94.559922 25.837187
88.637271 86.503563 27.635480
37.349941 21.196183 32.050599
41.292798 77.663189 33.277845
55.245463 32.627435 35.972568
71.921351 0.233284 28.124550
81.885980 60.496333 30.652240
70.863069 95.652171 37.270174
6.256235 80.433931 31.715725
70.747565 39.577112 35.688876
74.655892 29.044237 28.743223
1.454977 40.217859 36.184121
50.752504 78.969893 36.885751
43.760927 90.132049 29.137561
44.368664 79.833949 34.919463
47.676996 0.733129 37.486930
72.320160 11.362475 32.722986
58.002754 89.860441 32.480343
82.925487 99.882591 25.155380
80.525668 64.812124 31.205388
24.042658 55.281872 31.540393
46.795835 86.980052 28.607750
79.161629 87.963610 26.543300
87.039637 95.307031 33.172926
3.445936 7.064870 29.433560
35.189713 73.702214 32.855150
77.454495 0.151867 34.469698
87.543734 69.044498 35.997107
41.882016 16.263436 29.680749
78.670387 29.789890 37.231091
22.284134 52.632641 28.096692
48.765295 66.848276 31.239917
83.988402 55.267076 30.983500
8.428614 55.672370 32.997771
72.334792 12.343957 31.357692
9.608434 92.566440 28.564318
44.608071 64.052720 31.980574
64.254462 19.853152 31.707658
17.396120 57.960436 35.677851
47.919502 8.745545 27.815603
83.273816 63.352896 31.095844
34.774940 4.258356 28.375892
39.476187 31.868616 33.744825
17.274049 18.827131 35.243602
80.961710 33.994050 28.600423
13.211006 91.761626 34.989911
45.924802 14.476350 33.219040
59.708038 87.051919 27.869429
25.145976 93.556101 36.836985
37.665250 15.103017 25.518022
58.880417 3.495406 29.711292
96.749198 97.735805 35.140108
9.850207 86.918226 33.991147
84.205648 97.622671 32.545181
68.184537 91.442903 29.700342
83.077816 99.179100 30.435850
87.882003 77.012893 35.744476
52.317678 83.400237 28.420570
38.619579 33.308125 30.877604
89.828649 2.146688 31.134478
8.265956 14.320396 33.302537
36.406705 79.238037 31.932982
27.517200 79.284859 25.016458
67.048908 71.281893 28.788215
61.474711 23.786689 27.723218
74.024717 5.426947 33.146839
28.028683 33.086389 28.505384
24.791166 45.386541 26.709234
54.744428 7.732803 33.206825
76.847329 37.736320 30.276797
29.671226 40.223443 27.345582
35.292809 25.234577 34.038285
14.595327 79.437695 28.239901
39.755958 87.462939 35.376009
86.143389 1.602244 25.192369
45.591408 98.393977 26.272318
81.592837 5.939446 36.190887
80.432660 46.834227 33.649980
2.166923 62.946862 30.549297
61.347414 13.907119 27.740851
49.495320 37.852879 26.281380
41.389341 42.966686 34.102595
84.662304 52.587364 32.397046
64.220968 86.340463 35.376864
66.144903 34.952162 35.723031
21.902115 12.725704 36.000621
93.836325 86.803817 35.201776
77.898450 95.441978 37.349610
97.796486 13.489101 34.963881
1.070993 71.485913 31.910970
65.664162 72.393381 25.908167
51.433187 29.374002 30.453977
39.092661 96.558230 35.433966
96.280031 95.416281 34.894869
97.874295 62.784762 33.526866
15.849333 1.341519 34.023692
86.376983 20.250103 29.902552
43.374888 95.486436 29.221176
47.726505 15.209512 33.789072
51.919731 95.075418 32.205029
1.481735 55.964013 31.224289
11.457319 95.251110 35.243444
81.424880 27.497370 34.620841
52.050807 6.667590 34.284129
91.841908 41.423027 34.738182
74.348732 27.872036 25.074637
62.113092 33.544455 31.674474
59.832590 55.139205 35.139725
49.443142 28.266596 30.562400
26.605542 27.448176 31.599933
39.352385 78.260106 34.035762
21.168782 57.311327 33.802413
19.771526 48.124158 27.794124
17.492161 23.167784 31.352848
82.261324 63.168918 32.101642
38.529453 40.785342 37.034470
65.518542 43.848287 31.373299
47.587498 70.910931 35.521987
13.652781 28.479454 25.168310
69.667986 48.843146 34.725957
28.033348 47.022436 36.621948
97.796152 36.172671 32.644681
82.526857 74.842255 30.445360
50.179942 25.470571 33.538724
6.492915 81.539492 32.759270
48.802352 60.693215 34.753869
79.002740 50.035959 33.181192
87.177824 83.413230 33.340476
22.452841 38.316175 28.424335
63.432925 45.888087 33.909053
94.172810 96.164857 31.500921
32.840438 24.440679 29.510109
57.759128 57.069701 35.668087
68.866353 3.381917 27.816245
24.615634 15.986763 29.282889
33.660779 55.538584 29.771832
13.146556 55.272943 36.135025
24.639693 68.387909 33.769016
37.872744 53.067277 32.466293
44.920713 55.348788 35.334749
93.056342 96.181079 33.008328
41.910842 41.033204 29.857563
85.996593 98.781722 35.007799
75.492302 22.654074 36.504586
97.827873 77.175030 26.077211
72.883999 2.442769 31.277894
19.584305 30.434037 34.707005
57.104507 70.198747 36.707593
25.247787 4.371883 36.036232
30.033901 91.330720 35.814879
59.737426 3.881395 30.336748
43.432007 81.124717 25.274583
51.880142 22.784854 36.103153
86.671328 22.024265 29.313310
89.248349 33.060015 32.929737
21.961914 25.563391 32.377866
76.868762 35.745389 29.716357
88.717479 18.523338 25.154880
43.539331 61.531593 32.574571
27.260025 26.185435 31.091909
42.487276 6.402902 26.698676
45.557125 9.459350 29.584196
85.846807 28.948539 27.471287
92.983540 84.081342 36.129448
72.023340 79.765881 35.128888
76.107321 58.063543 26.757401
22.765481 12.002504 31.650992
58.872815 67.138325 36.568952
83.917767 81.492349 27.338471
79.526465 79.460449 28.013356
63.887976 81.297498 25.386561
48.311815 52.162267 28.406650
62.660438 41.496152 37.232399
80.732741 62.497326 34.915949
83.380877 30.083341 37.170296
30.638060 37.676835 35.607815
45.968018 42.012137 36.035679
19.888919 55.308145 35.672938
90.782486 48.188995 35.559582
53.884480 53.982681 27.032526
41.607622 10.217663 34.994865
36.308626 3.438548 26.612407
9.057057 50.628461 34.817427
91.374062 23.042247 34.417124
31.494233 30.997773 25.599233
69.576636 22.079073 31.557426
37.356515 90.074159 35.414731
99.083843 78.087521 37.366090
32.646527 63.438715 32.948504
11.154983 23.334828 32.167578
93.856902 58.473493 27.562466
94.595437 66.899662 28.692744
23.692510 49.221236 27.921323
49.704381 99.735684 34.240098
84.470587 24.898700 25.532281
67.398843 15.651373 37.285789
93.133267 10.241810 32.880681
41.632553 10.572963 27.236868
68.879235 91.801602 34.893154
26.691295 66.245559 28.561083
66.565002 47.017188 28.666148
72.823880 31.217085 25.971365
75.827514 25.481916 37.436661
59.420214 27.646439 33.878553
67.486809 37.318215 30.747703
98.824487 47.979492 25.790901
19.431851 86.727295 37.105165
90.459971 42.572599 33.342652
8.547529 68.947257 28.496446
53.338383 33.602687 35.459482
77.256995 10.959466 25.955212
91.512395 2.118807 34.073914
51.625856 50.903908 29.044358
99.688792 51.282664 28.566819
30.962286 92.717562 25.487150
0.760106 10.761567 30.130879
17.578953 71.787723 25.644999
96.733427 17.089955 26.988036
84.009628 39.751216 29.539806
83.871681 87.031864 35.468800
92.386732 67.883525 27.684205
12.925900 16.469409 32.047021
6.769178 57.148407 34.522415
26.543111 16.745189 30.201450
84.498084 9.331793 30.584374
72.361972 11.911491 25.871450
23.770845 50.175841 33.842602
44.452328 37.108000 27.496382
52.410136 88.732765 26.575289
19.566775 98.420548 30.821259
91.516066 42.081968 33.875520
73.619253 63.543188 37.322990
6.732282 28.578155 27.383785
11.227301 26.748624 31.631451
44.220509 21.529988 34.635480