21.951541 7.741236 32.174818
90.752621 81.145857 25.334446
21.165056 45.806351 30.291033
96.272270 35.971091 25.251219
46.010811 8.395447 36.148228
62.961774 0.079329 28.982885
11.994186 16.485035 36.313810
6.541425 23.794614 31.331288
62.948920 48.239028 27.529501
45.232055 0.953054 33.759982
6.165326 24.586895 37.255602
82.471411 3.135849 25.283375
75.546197 84.636296 34.258207
22.366121 2.151560 36.632168
36.359171 16.691282 29.738124
71.456025 16.699058 29.283894
29.127310 1.541438 26.974289
29.865025 99.508260 32.395215
80.126265 39.780558 29.822913
76.178683 93.261346 36.676123
69.057955 81.719834 27.270278
20.401848 74.889548 29.435868
62.406134 0.592537 30.606627
94.408322 75.354889 36.151539
86.751682 72.985732 35.893539
44.799123 13.240034 36.122544
4.752878 96.306651 26.538187
25.724348 47.593710 31.686153
95.189104 30.133574 26.532305
50.603781 22.429165 35.112863
77.751097 31.162890 31.780575
77.286134 73.100926 26.782629
99.738827 90.694861 26.163850
35.930033 93.847732 27.203103
3.238062 7.772202 35.469086
23.851097 79.123407 31.461739
64.131923 56.329128 33.460212
81.838001 18.868872 36.583852
76.257574 58.618684 27.613804
55.901112 48.852469 35.805573
62.515971 9.935441 29.063167
19.819819 88.304954 35.020054
67.177523 63.436091 35.015566
52.078660 94.488574 28.208187
24.759498 66.555846 33.934533
17.691007 11.496346 31.949541
8.275432 59.515396 31.488746
33.814028 72.228346 34.344882
44.016227 86.919560 34.852239
15.142271 76.335560 28.314304
74.922856 77.726215 33.273185
79.264296 64.492129 29.597194
15.391587 90.167549 33.387969
77.257171 68.888513 34.575521
86.094029 47.968637 35.956430
81.052300 32.787077 25.263411
54.472173 18.487604 37.346903
82.353784 75.387015 32.416680
33.777497 46.461649 37.417284
11.143095 71.280547 31.988984
72.240243 87.128286 32.897368
83.661970 44.978956 31.559842
1.686729 61.733678 28.147073
32.840595 80.943277 29.712433
30.785788 99.028138 35.102585
69.343311 11.782734 31.953087
69.565389 33.254467 30.998901
33.156347 65.792040 30.074789
55.887772 78.269562 29.810998
18.770507 67.905624 32.275880
69.218142 55.000237 34.452834
69.032573 10.113019 26.355581
98.715685 4.248748 34.747245
3.416316 96.218610 36.205463
77.285184 70.690745 35.039733
60.221563 84.011356 34.565336
37.916158 67.445662 26.574050
22.188059 2.476963 34.186686
5.564738 97.623253 25.826322
54.131552 92.747278 32.921887
37.217106 23.957434 35.112390
59.752838 83.015612 28.349558
69.462145 20.030486 34.869420
14.646629 10.987690 33.557210
73.197585 77.450554 36.739480
81.383698 89.454456 33.573879
6.196319 9.834950 25.399076
52.090478 33.707409 35.634944
93.705775 66.808165 26.911268
75.346329 29.975544 32.393872
77.985041 55.715861 29.555440
89.228535 13.694259 25.408200
24.255174 11.475791 33.575692
30.907119 14.530373 28.805043
7.499244 54.510348 26.047478
51.286284 90.230675 33.261448
78.318168 9.926099 37.253172
96.298911 27.189707 34.252086
70.967463 60.328297 29.834943
89.020381 67.433803 32.051795
86.221272 14.495043 36.445230
24.604625 66.895779 34.147924
32.779128 86.767189 30.722548
26.132845 15.699074 27.295463
57.164083 55.168943 29.396945
89.598096 43.223996 26.676202
35.390447 65.217086 25.929563
25.476240 57.207843 31.805617
39.553796 34.331210 34.969374
25.170173 7.348224 30.351342
27.221371 22.200566 28.809312
13.045471 11.717985 30.009539
29.219705 36.861112 27.285215
80.341549 51.182774 28.254452
81.184050 82.578198 37.234784
44.723637 21.710262 36.962124
33.987502 75.455032 28.831861
41.096959 66.493270 27.853465
71.919976 17.943646 30.998312
49.873892 12.003863 27.026978
12.555741 10.165563 35.304571
67.819995 29.360835 29.978250
43.509657 74.574960 28.259542
68.522342 4.244097 32.822012
75.851397 44.932874 30.433436
4.886616 28.824162 35.934804
97.734920 16.866197 31.409402
1.641204 85.559547 28.596933
94.413653 79.966973 33.583541
89.075419 42.718470 36.064173
74.341594 27.479624 30.511043
12.753665 49.263496 36.172047
60.842776 74.160336 32.073431
39.320795 53.122852 28.287592
48.032833 3.579264 25.225287
51.313894 35.951018 31.589344
14.239226 11.657669 30.073219
21.116204 57.155097 25.689474
11.879891 82.701768 33.633743
33.893946 58.325658 27.795811
80.976666 5.911609 27.227780
33.078730 4.487664 36.775524
59.607669 11.161600 26.828018
16.920159 23.552352 32.811401
66.649256 23.477216 35.106353
52.431411 71.142036 37.132936
34.594659 26.764634 32.640372
75.505731 15.812994 31.147808
17.706613 73.887797 25.472173
11.177469 98.172334 36.258222
88.272940 92.924807 36.525494
89.975731 39.915677 30.662791
42.629239 15.407377 30.332935
27.301090 39.956731 30.547260
26.499780 72.065344 35.213156
99.296328 0.892373 28.886221
37.835725 76.707404 35.084555
9.023279 32.821830 28.881449
65.851638 37.282155 26.474529
3.037410 71.144145 28.782079
97.710665 7.568156 27.360415
67.224612 43.773674 28.772382
96.692399 25.989076 28.106388
61.142129 2.676067 32.170293
61.178970 7.185395 26.890836
83.031930 7.458383 25.918454
84.465537 63.691858 34.915396
95.974787 22.106695 32.400375
67.570933 55.858664 29.988343
85.184763 28.076177 26.701090
68.787746 1.315907 27.659917
11.786503 53.894420 32.104292
5.997826 30.831588 34.036790
66.747197 57.125313 27.797856
79.991434 95.053316 29.315574
50.917073 92.464212 27.310310
41.495436 80.257632 36.482666
27.034492 0.901807 25.548804
77.913200 63.878240 35.975948
0.729124 76.496879 34.417227
83.157794 34.374511 34.980869
42.000051 49.637585 27.505304
85.798722 43.876441 29.296971
97.023715 81.353314 34.102144
96.529366 24.087477 26.920589
37.855785 17.942538 34.455378
24.646265 63.739303 27.574857
69.807065 72.093687 36.059282
46.486237 18.493458 31.196990
59.817923 21.744309 35.521908
50.629828 37.890608 33.439760
85.905104 0.040183 37.056906
40.564437 42.862458 36.382863
85.353272 4.502291 26.881549
76.241939 87.243313 33.558388
64.317054 85.633951 30.454343
80.447848 38.317632 34.992811
42.174451 32.206397 32.787251
61.133851 24.018565 37.380348
71.090974 48.450908 34.204111
40.163783 18.368574 33.159036
66.504062 99.968831 32.031331
67.165942 3.598086 36.304951
69.874460 93.485644 31.318531
66.555170 85.042091 32.861377
26.460971 16.329062 33.902582
72.205654 40.035682 32.397560
61.577198 72.329073 28.298055
78.496826 6.725195 26.024768
69.667244 87.225004 28.707299
90.399502 39.023556 36.705100
10.889838 42.531256 33.575262
38.791650 93.414795 28.295627
41.771936 7.333657 31.364398
14.802816 24.391794 27.984478
33.314440 77.634669 25.385132
72.740041 20.346578 27.653861
47.938913 54.858050 36.662154
25.905748 15.442474 36.019161
22.855543 94.050779 33.680864
39.698207 1.650958 36.976499
6.678414 77.483112 36.707883
94.921024 30.086754 26.011052
35.996688 41.719935 33.214328
44.165335 11.999435 30.567093
72.037923 54.796777 32.446794
95.765312 21.307811 33.104217
57.596789 77.947760 30.175686
41.903741 23.795057 28.701052
53.054237 46.674925 29.992568
49.048621 32.746619 27.520643
40.799264 5.583860 33.277994
20.805172 27.279323 34.650942
0.624027 46.989289 30.005617
80.052163 15.440352 32.210989
93.274061 23.910197 25.110734
86.006160 89.349036 33.354992
77.578972 14.305226 33.032826
5.935734 20.313655 26.597477
52.064718 90.531518 32.522241
81.427482 1.459234 29.963900
93.208102 91.524896 27.849759
46.489821 17.710990 30.532580
99.980531 60.239597 26.568172
92.417086 35.414327 30.973360
77.522429 53.943758 27.040687
28.197778 52.841615 33.001147
42.211821 58.776020 32.848852
10.658045 65.999486 35.866812
99.803212 37.308008 36.946331
52.442063 33.541663 25.945934
46.661364 28.000588 29.984711
48.013085 53.039984 28.420203
30.886571 84.293434 31.400772
9.468979 4.389726 31.722957
77.943216 30.063404 26.126180
38.570829 24.419122 33.542612
65.899824 95.482096 29.719726
77.186212 40.599889 35.356150
63.765720 19.433163 31.890571
2.807569 64.564322 27.995992
67.561525 38.980897 33.580911
86.780653 57.822584 31.389955
95.974020 88.356253 32.977323
77.470997 38.680732 28.417671
42.359405 51.753591 26.598401
5.743623 59.976187 32.449003
56.082772 86.556877 30.138553
6.306940 97.039945 34.828602
78.401027 51.528676 36.303991
9.518124 37.469635 31.521423
22.308428 16.759582 25.536741
6.259312 86.937671 32.175005
18.137327 84.954779 30.018250
33.301512 38.532226 25.403657
53.154643 32.739053 35.073497
23.157837 39.133300 32.439569
62.758125 24.886169 31.510626
38.245309 50.441076 36.627524
16.444909 83.062168 30.386537
92.466215 38.675765 33.509246
7.393303 56.398859 25.487448
73.820254 19.504456 29.610952
45.924083 42.459861 33.025891
14.375987 32.541747 25.414299
1.170680 41.299583 30.688522
88.265732 0.508231 26.730482
4.239958 58.394940 35.175312
17.136095 80.681986 32.002774
19.311098 52.812971 35.798592
41.666381 23.435239 28.147618
91.136325 66.560393 34.767979
17.777067 91.630812 32.947439
10.185374 95.630138 26.035526
57.090766 64.861275 37.384459
61.121161 67.268435 26.344692
26.128600 55.003211 37.063794
88.170220 6.377363 35.769208
78.878620 52.665330 30.368308
6.242950 0.151252 37.176303