31.092032 17.510302 25.409173
57.129975 33.673214 34.326589
27.026947 13.120525 29.655606
92.403484 28.631252 29.734504
84.549263 62.635555 26.988654
95.761426 55.486491 31.383412
43.251488 34.947913 26.162727
47.163077 52.121546 28.667164
57.984381 73.987416 34.489987
93.762982 50.241213 27.059043
26.233516 19.772193 34.013402
89.266499 90.796443 27.790068
70.262386 58.596402 35.516377
85.425402 91.211975 27.230545
30.831827 3.945955 26.745262
85.169843 75.306918 32.303035
30.798603 22.406988 25.644337
83.174679 25.212746 35.467280
79.923112 15.269649 37.492339
35.714887 60.789267 27.727619
40.709818 77.333793 25.706637
67.340255 21.956856 27.651737
59.156860 73.543508 31.405167
62.766097 44.649212 27.334704
4.675261 61.969835 36.889455
0.652372 52.645517 27.498544
70.720712 71.576987 32.781335
80.208936 18.441150 34.831549
60.426238 40.114685 28.764874
37.742419 5.822687 28.646743
37.984246 5.321930 28.856905
56.505491 64.098818 32.507736
43.267109 44.626407 30.952230
93.267034 86.009803 25.606429
28.001002 14.434493 31.109920
81.982919 98.976307 32.624717
36.205073 17.489523 36.132981
47.447264 87.799798 28.801795
82.192869 83.198801 37.332648
16.007453 97.403287 29.765494
96.169301 53.210379 28.094517
36.347842 69.882706 26.551690
88.961265 68.066647 26.435857
37.604845 46.373925 26.785741
10.729608 29.702158 34.086509
89.362959 54.044136 25.773877
38.233537 77.741389 30.441083
10.041281 84.507793 25.163612
82.669383 60.345218 26.322827
44.107189 61.608641 34.504805
87.805625 91.325136 27.539690
68.141968 8.734650 34.979214
61.078457 24.283641 25.165433
14.879746 78.283985 36.874979
24.101452 40.651841 34.232076
9.046887 0.970514 34.040669
58.460628 74.606044 26.340925
99.532383 27.963639 33.341064
8.968525 57.714437 25.650863
61.913416 18.021626 36.052262
29.511793 84.006778 34.990771
35.766236 46.453537 34.933712
54.828834 66.789715 34.718762
65.105596 83.879321 34.248737
56.053704 7.468174 28.734781
23.705812 76.118563 28.437930
60.574691 30.681658 36.796820
82.016692 66.990153 28.222354
43.715206 10.066341 32.622978
5.377228 92.899851 37.490471
2.255916 69.608908 27.028761
25.741017 58.047552 35.190873
0.619852 7.179904 31.359096
44.603808 53.611428 35.486765
93.136878 76.174328 30.738642
78.941117 56.119048 29.934565
13.372602 7.144015 35.254543
13.978963 71.360545 32.768573
9.951891 69.436250 25.569122
67.341763 14.944821 29.957295
21.812183 15.905958 33.961390
7.277586 94.049535 31.193625
15.700747 22.846036 32.486091
65.744460 30.537843 33.479460
46.763237 88.405002 27.373001
77.621412 93.224236 36.468290
51.696552 87.873123 34.675456
42.990769 33.391411 33.616459
17.601628 38.292400 25.174338
18.358215 32.673698 25.943858
28.820698 85.403340 29.139883
68.417335 41.633067 36.990555
87.611735 3.203286 27.446692
21.832797 62.673641 30.139015
50.553995 43.538017 36.574293
19.324913 10.341113 32.535901
64.559567 12.794783 30.127172
87.425973 27.692302 25.247180
23.942881 82.021813 31.699672
75.144559 39.849609 35.362364
81.076242 70.956570 28.507264
76.749334 90.866572 33.639559
97.422401 87.402112 28.504054
80.846172 52.696147 29.794183
96.677846 52.570108 36.319986
63.561898 17.023344 34.724513
38.099517 19.719943 31.779173
4.957081 26.605748 28.995967
50.692792 47.667087 34.065874
98.295486 94.366068 32.288663
72.700142 43.590996 32.553034
48.428939 8.398291 35.784927
42.637032 52.422955 34.336064
10.902022 41.201227 27.939899
19.122556 22.544404 26.119129
70.405141 87.233165 30.094417
17.060019 98.153114 26.546752
98.816389 33.286450 35.015485
1.984303 73.328995 35.598965
67.077365 91.242043 34.524191
63.439587 77.369939 25.285062
38.521382 48.840854 31.613830
49.352918 78.909082 33.832766
91.708771 35.663455 34.362225
65.589630 19.142811 28.645345
91.563415 41.356033 25.837682
74.839110 51.310355 31.853904
99.311006 50.864815 31.729856
87.565213 98.320484 31.116397
1.207864 89.511874 32.480424
37.856296 17.781184 31.255375
44.496290 43.046014 28.370007
57.386816 82.475661 35.312121
41.711014 52.839045 30.867489
61.620343 33.930312 28.328542
98.212175 48.537838 28.421015
43.142051 24.543533 25.796031
47.225805 88.670530 36.278504
86.382009 20.690605 31.606125
40.066277 52.144650 35.481480
88.528897 90.352153 35.348424
26.042544 16.453969 37.130974
53.903139 29.842177 31.971544
79.958506 17.282028 28.542998
33.385288 81.828652 30.024610
62.312887 44.017888 26.643137
23.735494 76.934620 34.834980
19.998074 56.418205 34.040673
26.648230 1.488479 35.132335
48.690756 44.311843 36.834737
84.899710 2.862315 28.709235
38.427228 90.897309 26.685202
46.857538 96.294904 32.731501
17.489674 99.121084 32.461995
0.519077 15.042541 36.659452
45.552258 21.679497 29.265768
72.838066 78.677878 25.152129
68.516064 19.746186 35.095363
97.250711 92.990239 26.609552
41.644272 8.040239 32.443314
5.959603 16.730817 25.734693
71.901640 65.297110 28.655860
78.181874 98.301913 29.716356
29.715218 0.949837 28.794574
89.045103 92.589354 27.094251
24.552267 34.725235 31.366196
24.751037 17.110832 32.671054
4.992366 67.302048 29.386482
73.725050 58.498605 28.983299
71.925957 11.118410 27.334268
69.915461 55.204061 30.678918
39.022638 77.442624 25.195856
87.081970 4.248264 36.992393
92.977447 57.308722 25.786250
34.624020 68.384885 25.567790
8.639763 6.430701 33.365810
68.802023 4.351149 28.851249
39.551623 72.440814 36.766151
13.032509 88.587653 28.160665
80.449393 96.929281 28.138797
80.683956 18.597837 30.251443
75.677101 32.465603 34.400533
51.723279 22.257633 33.151512
40.392755 67.610335 35.297861
22.003449 67.794839 33.213233
27.847592 15.405132 27.187409
10.174883 31.664622 32.029947
84.377635 92.214839 31.107326
10.086129 14.915710 35.463407
35.199555 44.027785 26.251995
76.607239 32.643635 37.405895
36.312551 14.979684 37.476141
74.911189 35.561985 35.406293
98.495598 63.454943 27.023279
9.462895 23.674878 31.767652
36.959120 77.203992 32.721804
52.193501 20.988846 33.723053
50.693411 69.900985 27.208284
4.681826 88.672366 31.325543
50.356540 95.260464 31.310544
62.819920 96.157771 29.827520
44.677795 2.600115 37.134413
44.780788 16.250963 33.124544
36.133199 62.893456 35.072948
20.888891 17.123805 35.117068
2.915565 31.233805 35.151894
54.581218 48.879220 27.937984
69.637898 48.766274 32.798963
92.535810 54.513138 27.438377
56.558017 20.565520 33.581412
20.313985 58.499754 33.572861
61.640714 11.205549 26.274317
79.804395 43.313587 27.861257
23.251369 1.541787 33.591663
49.767394 86.605891 31.992626
72.427751 70.137994 35.999237
61.153001 47.339026 28.571629
18.897715 85.664961 30.800012
53.497077 14.513812 30.213856
67.308112 17.755802 27.091006
44.573033 86.408264 34.803450
20.644285 32.030218 34.636403
75.814506 8.559727 32.998835
14.908224 53.926904 30.480658
52.090664 25.567829 28.446463
38.898292 98.565883 29.386845
30.444414 7.159277 29.228861
65.905011 29.249558 31.033789
75.989708 32.719867 32.743063
94.084621 14.743827 33.468295
10.611773 63.801027 36.987889
35.044304 89.269156 33.275230
40.125352 50.069225 30.643204
35.053126 67.862219 35.781051
81.352607 96.561006 36.861398
73.288347 32.828054 33.502616
63.603816 82.163527 33.700967
13.883351 52.603180 26.249540
42.195870 16.896443 35.601252
75.967376 21.800819 26.963108
59.044347 70.380654 37.121714
39.195367 78.453404 33.021461
22.585956 50.527195 31.939740
88.734931 15.759339 25.233078
69.083171 40.894399 25.997171
50.478330 2.634152 31.105137
34.280223 78.058159 36.585883
78.915148 22.378903 35.758048
89.452981 6.596812 26.398124
77.988872 86.737888 25.418869
68.225307 59.822684 27.030865
6.042923 82.153916 31.774805
94.715121 2.342861 36.537095
17.904598 1.151850 25.039172
3.752624 55.739159 35.593175
83.962785 33.516643 28.947999
77.691434 38.465755 28.045574
6.029517 20.619720 32.015627
35.357625 92.316699 25.028024
31.758732 36.076211 30.763462
47.066151 61.756805 26.006860
3.754247 39.944141 31.337136
28.392829 48.656672 25.599087
72.887638 93.216351 35.424872
7.850012 51.075342 34.555434
71.076565 50.002225 31.267247
75.226670 36.019476 26.287104
8.273189 63.107073 28.942275
54.641665 22.677684 27.291693
6.191315 1.497730 27.668460
46.704566 44.875762 34.500997
71.296988 47.989814 34.557874
26.264473 5.272795 30.243916
53.774765 88.194284 31.809985
44.393969 60.316523 37.024972
36.460460 18.710337 29.768567
54.525338 58.920883 36.540543
70.544965 10.572674 28.254895
53.470134 97.482579 28.379620
16.301180 94.042936 31.278673
18.902272 82.536218 27.716320
43.343804 89.244976 33.333350
34.256413 32.282148 37.340136
79.078073 92.387802 32.774870
55.433026 86.826585 31.328876
70.257197 61.027797 37.394629
67.887244 28.642987 33.007924
65.909682 35.229462 30.041766
14.425920 26.149623 36.308181
0.168844 59.776360 36.103983
63.712697 86.265762 36.256513
99.882815 64.196113 27.257850
36.010110 57.679733 35.765853
23.579876 81.060877 29.319434
17.063384 98.047249 30.751596
53.511099 18.624704 33.130266
62.029779 3.294695 29.291852
5.629089 28.054969 25.805206
2.407855 60.648381 26.270333
48.954465 95.576553 34.905576