42.378714 30.595589 28.927106
43.603046 0.009283 31.899995
60.561469 95.848918 32.768117
54.800388 88.225218 31.146021
42.590137 47.358795 37.415470
23.160126 86.313000 31.374293
36.295832 6.205053 29.407059
33.033408 14.064304 35.192677
20.903203 66.222030 32.256657
26.534682 57.028359 33.618171
89.062057 42.737345 29.699631
18.934495 70.031582 33.028951
13.591815 35.683659 26.516986
12.848071 27.188758 25.852633
2.752604 36.715129 29.459139
31.824715 60.879837 26.473646
64.361233 44.705573 27.837513
33.436085 64.066300 30.826971
64.989620 60.055920 35.772935
68.469827 58.783556 35.405100
85.171719 82.630082 35.750687
66.857860 57.429852 34.749161
34.451792 6.029998 25.146106
76.769092 56.401732 28.395114
57.915370 98.569745 31.328270
22.531478 30.803090 37.406156
34.285148 24.615968 26.843490
49.212988 99.000798 34.545401
81.851341 36.039950 29.552115
22.954910 78.724251 31.876611
59.942608 78.173847 27.118226
91.094503 24.673881 36.050993
25.470515 23.783217 25.083656
97.182590 34.314760 30.415624
34.916100 88.452042 30.580041
68.358872 76.462144 32.447999
38.138025 24.732288 27.000670
69.142920 2.878930 28.035727
61.963587 50.981334 32.494027
84.048048 21.188258 35.782917
58.195678 35.919288 28.097332
92.755964 56.407656 30.089684
62.733513 96.616324 37.312893
26.263242 77.159447 29.943983
63.727386 13.878668 35.020493
31.742668 31.284696 30.364228
82.171878 33.476997 30.612153
40.722023 80.852339 32.620363
90.889672 76.979915 26.925636
21.371935 69.817421 25.216047
41.224479 92.258597 36.533769
28.204915 95.079483 25.902473
72.574211 39.484326 36.397992
44.640284 85.549434 32.651178
82.742985 20.463361 26.356857
19.543641 52.320329 37.479797
66.292333 79.394551 36.402127
30.280973 87.534066 25.056089
68.663577 41.363862 30.782751
17.554799 56.348826 28.220854
48.448995 92.457422 27.648499
89.311768 4.863755 26.663946
91.394128 89.907934 31.463333
70.271598 75.240940 27.970584
73.940282 95.963502 36.137122
11.375333 46.695763 35.960576
50.831591 10.911330 37.293551
97.038293 14.642798 28.845590
39.618355 66.608981 29.708222
30.198795 25.793213 27.213664
24.117707 10.255884 26.854099
26.200494 80.254299 29.377587
90.825849 73.973599 34.951701
15.927947 74.180263 26.752412
81.980982 1.392427 28.550792
52.452174 16.737757 32.350043
9.997374 3.168961 37.037334
88.770659 59.065481 35.471662
46.894303 48.528584 32.068754
28.049334 87.959279 25.934701
87.808772 35.566196 25.200427
89.770784 89.221227 35.263905
5.743818 78.390218 37.280554
12.558407 62.339996 25.165285
89.766425 13.414386 35.068879
62.238894 59.841866 26.263584
27.180942 98.138472 27.723612
5.872987 37.471119 29.623197
53.622798 68.044149 36.793247
29.185956 85.007758 26.626140
26.938330 14.527887 25.434028
70.331749 54.192304 34.267155
33.229698 68.104246 28.251967
80.663918 23.010149 28.539419
14.265472 98.801165 31.011678
24.414584 9.297626 31.272124
72.614163 9.615888 36.276734
1.178388 53.335159 25.901296
7.420842 72.583959 34.028202
97.117222 12.823504 28.009754
20.218073 4.082862 30.032841
79.618187 51.609081 29.013052
1.521756 53.198461 34.716108
7.853466 19.490922 30.295718
26.133680 5.469014 28.278727
7.569219 13.945311 28.704874
76.009702 62.538352 29.343168
87.948445 27.906660 29.167552
53.847661 14.989978 33.549630
91.555365 36.085422 31.411669
66.160791 6.875457 29.320453
7.707133 8.473035 35.590553
18.951535 99.648970 26.478578
60.802826 88.929762 28.705142
88.893796 78.644988 26.508998
62.412177 48.456145 25.141663
26.949861 72.881901 31.109028
61.571339 26.342049 32.695208
73.065072 72.520001 27.790365
61.559643 96.430676 37.142891
7.510467 46.448689 28.696649
47.984162 73.378851 34.084679
15.557503 56.739725 33.901195
18.658090 62.764830 32.883156
43.921639 76.404065 29.246133
59.629343 56.255286 30.319341
63.906987 61.580819 26.514041
21.670803 67.652176 37.231686
24.145887 78.297689 35.252377
7.955049 64.628014 36.590504
61.577156 55.041438 36.154418
8.132740 19.519157 27.191414
61.913803 34.608690 30.402473
77.638653 75.381252 36.087984
16.003510 22.336055 28.912671
29.095150 14.115904 34.069899
80.078072 16.645244 37.429139
13.934187 91.328024 36.939829
21.059348 90.123740 36.814528
41.466259 5.381422 32.332420
70.638193 92.959600 36.885524
67.929824 85.803698 32.054500
16.971170 54.671154 34.966201
60.320870 35.086142 27.632058
49.893395 92.303984 25.104256
79.308503 35.097666 36.908636
72.661071 36.884126 31.726792
93.234072 88.676803 29.450669
66.389271 12.860960 26.725624
23.897723 90.266065 36.316598
26.458738 40.916130 31.474599
23.919173 32.516911 32.632630
84.815867 40.583294 28.098541
44.614604 66.888097 35.988085
10.612969 1.261124 34.448777
60.436640 29.203253 26.545515
72.996638 28.326226 30.349927
35.546470 44.787308 31.841722
50.052237 1.481788 32.046019
90.980528 66.512025 25.589386
10.551765 38.204366 26.764768
14.552170 39.623130 31.896004
20.184952 56.973112 27.128699
57.045501 23.149287 25.057379
39.046243 3.108168 37.189517
27.388921 24.847099 29.065481
83.116217 77.116466 34.600759
41.951115 67.890135 37.101987
95.476595 1.275075 36.043192
2.519424 20.958186 30.629803
50.759782 67.876219 31.945739
95.054904 93.078802 36.075587
74.509098 37.415994 36.264854
84.265873 61.821987 31.988816
63.282805 14.429168 27.954245
47.357696 25.796616 27.976631
60.904237 19.560944 25.163827
22.808478 25.867553 25.083124
81.398295 75.522007 33.109731
91.308016 83.382329 29.520051
9.460522 96.404295 27.227082
81.163909 24.150873 27.176797
60.266911 60.841429 34.272293
82.602074 94.723908 28.171207
93.469327 61.258547 27.290342
98.375969 12.728832 32.256012
25.597984 52.502824 31.699871
32.209761 62.573297 35.480755
87.951055 50.892850 36.133306
42.808851 58.630632 26.274439
95.173350 44.318898 36.141430
4.301806 17.941278 33.333252
36.067616 2.354879 25.010465
9.539266 31.713401 26.118528
14.577435 29.165079 33.998285
35.039646 4.361607 36.864023
74.996750 67.163085 30.534243
27.820689 16.682844 36.946966
81.319517 55.762774 25.711166
10.556052 26.190156 33.539125
26.215020 86.312659 36.828813
41.303513 47.681182 25.017982
69.611827 18.047639 37.196092
35.762430 64.386805 32.388736
97.839011 33.159423 26.313998
69.416723 8.024026 33.208512
77.303141 22.457217 29.146643
3.234286 58.081498 35.737770
65.188762 46.469556 28.566332
42.096536 73.151052 33.255545
20.720343 69.938324 34.909264
28.582697 89.751969 33.152824
77.426572 98.483308 28.523491
69.026925 41.161798 26.832449
50.712613 77.182491 35.502915
73.678787 71.016492 28.217615
21.981007 46.352329 30.681161
56.864615 50.932692 36.887240
64.440222 12.013707 29.380120
86.186624 24.822830 30.348118
11.876415 32.038960 25.639373
27.752307 76.487136 29.070365
59.302902 50.821126 30.522568
93.756376 84.390466 26.097177
67.824863 13.780268 36.142457
90.241359 91.216334 35.892578
53.846636 25.187191 35.246721
12.585616 97.778401 36.907270
37.250404 45.960575 34.038401
63.481234 7.045564 36.611206
23.499478 37.242430 36.945773
27.732389 14.294284 30.271564
69.213451 14.362759 31.868478
92.074503 32.400530 29.732945
33.389056 46.803356 25.917744
42.945022 77.751105 35.651121
81.090119 79.096335 26.896434
21.007254 89.991218 32.659127
71.853470 61.156179 27.828515
46.826618 2.387624 25.198758
3.896381 58.769293 37.315899
19.824794 8.446291 31.126991
4.748256 35.984464 25.566619
53.613884 15.033837 27.095413
75.033802 28.119669 34.948249
40.669658 69.027268 32.496824
43.180062 3.202599 26.713415
19.450815 68.670445 36.274981
90.835672 91.247144 35.170128
5.040002 64.905821 27.228245
12.908276 98.075476 31.217082
47.051725 29.407338 36.632234
66.351169 53.122029 33.546226
82.990033 23.523377 27.153017
57.610838 28.837996 26.708192
52.571469 36.664846 26.503282
30.256826 42.009301 25.731923
2.480655 79.910271 28.314552
39.323228 90.485532 27.525648
68.008477 76.201793 36.294226
89.335563 17.369795 35.084558
23.311313 21.469669 30.848069
36.429729 45.914607 29.399707
90.628370 1.997734 37.415520
73.184871 27.915264 30.407492
13.728012 83.155977 30.759221
5.399465 36.245426 32.744062
18.069892 14.686407 31.425064
49.720354 26.866015 34.389790
30.793540 97.821883 34.295478
4.344143 54.701042 29.580464
57.701034 30.885805 31.964908
48.280229 11.180691 35.549473
60.419602 18.270919 31.986136
88.453391 44.129757 37.093475
79.699766 51.160009 33.601661
7.498220 38.125750 29.066640
27.455003 22.000020 31.858138
8.175937 92.329186 33.466922
77.861861 95.211425 28.744373
21.428044 84.824188 26.964993
84.259289 38.796873 30.740271
33.841976 0.997953 28.953857
20.514593 72.811170 36.614494
78.320703 42.023253 33.962473
16.907001 33.757520 31.166785
14.438800 16.383144 33.970233
92.257599 10.748782 27.533270
80.657048 28.771754 27.964220
68.569769 87.602989 26.840573
40.831880 19.208080 29.419809
12.053494 60.474918 29.762683
2.910183 66.375714 25.937240
10.147823 14.596138 36.301432
75.215107 8.044227 30.237205
62.871578 20.254834 33.159630
12.309788 55.443507 30.900155
65.349020 97.411159 29.001018
22.112573 35.748301 30.287532
86.099195 43.096117 31.996153