20.117782 93.528859 25.599465
16.098177 74.790279 31.837636
69.318991 34.409377 29.819305
90.613098 4.013970 28.974797
83.232201 98.546524 35.891366
41.334156 68.898183 31.960442
98.913638 47.446860 31.316750
60.694927 90.818869 30.697576
30.067266 67.630572 33.673037
74.595092 84.625792 27.696228
96.259519 93.270832 30.145858
5.858865 65.820147 36.872064
98.448863 72.794544 33.633081
8.731559 4.231791 29.516515
35.343530 9.702215 36.624288
63.724067 57.571434 26.529890
62.623985 46.506088 28.208963
8.900288 5.403169 32.123402
8.807891 13.054389 36.715024
57.525426 15.308192 33.776412
9.630236 85.244869 33.133971
85.334146 33.652362 31.915430
5.569253 76.904132 35.403504
18.000181 2.714812 32.769519
52.701438 79.129943 36.393622
16.588564 15.172680 25.469955
16.184781 81.237812 33.711278
81.672017 69.959367 31.371073
22.244015 43.284462 28.311717
91.807933 92.292581 35.337718
21.411860 91.970331 28.648009
41.152829 2.321519 26.469814
68.980871 75.024922 28.425634
92.039371 33.108972 25.286129
46.770337 10.726296 32.324833
79.510836 47.909343 32.633089
76.198491 31.783363 26.192461
9.011484 7.534005 36.742829
52.901733 2.425784 33.511754
94.368295 30.497301 31.928357
37.731993 50.037845 29.016789
14.652347 19.469815 30.045636
96.143589 1.292279 26.521419
11.961108 96.059419 30.056497
91.616237 95.296150 26.511842
11.199898 40.840469 27.074338
17.987523 80.504806 36.613281
26.193990 76.367546 30.699219
31.935248 1.022202 27.639381
71.526476 83.191917 31.151119
86.783506 80.793370 27.726273
2.235970 33.356256 37.025221
48.401213 26.254833 32.863576
81.122715 89.471092 37.047937
30.016021 19.936270 29.932834
0.690371 49.714834 26.381075
91.974461 21.323128 34.221534
74.835012 66.520020 32.492661
36.477614 20.558427 37.402210
63.402354 84.506867 26.803488
12.569312 95.341548 36.458232
56.656101 11.618507 29.053835
74.822089 10.384841 33.603593
78.081967 6.394184 26.581046
39.740543 58.784248 34.710191
57.417382 38.919624 33.391042
1.108541 51.223609 27.633633
66.889743 2.436946 33.464337
31.065319 41.515076 30.638765
84.175219 5.469365 35.379397
36.316381 55.325681 26.787202
26.787421 38.774965 26.064923
60.347920 22.141889 28.110990
72.214030 37.009816 30.893348
42.484379 37.703888 34.229488
34.226736 55.080316 28.575277
51.036173 75.744361 32.112403
95.505383 44.946070 32.663665
11.705627 32.037275 27.182063
83.363320 87.496298 30.940088
49.212163 85.475698 31.964403
96.988293 28.264498 26.634628
49.834269 84.619474 32.305065
45.362986 81.720468 29.426448
91.109910 43.842918 28.858344
97.400582 14.269451 31.430119
72.544887 99.787148 26.110300
91.476476 91.468692 36.432964
8.289149 31.381154 35.654500
51.516397 37.762016 27.740202
37.554548 78.106079 26.481672
75.521843 67.040000 32.251630
45.313519 45.560170 25.946870
23.661114 23.257945 33.022173
45.192798 3.601620 31.763715
66.081343 23.573726 25.779049
34.185019 81.311561 28.132791
3.560819 60.069903 35.736155
8.197129 85.927764 27.116204
31.428962 10.737574 26.877231
63.462043 29.447677 36.084370
2.283169 41.469088 33.948033
46.923690 43.552555 32.643074
7.308804 28.076211 25.879004
71.249743 70.556867 33.323020
97.470141 70.799867 28.048503
35.998624 98.116522 25.699001
54.184588 16.807058 29.785068
79.748406 46.884836 35.324831
72.087015 5.847912 28.126011
87.358937 11.905190 25.986634
75.605460 7.867199 32.248392
9.497202 7.605595 33.775839
75.527544 47.191578 25.611222
71.339227 76.586385 32.384221
6.991404 22.801674 25.253559
45.394951 94.152809 32.454592
52.992471 65.296500 28.887111
54.359678 3.690283 37.110365
71.938974 40.359501 28.763003
39.591976 22.141634 34.943346
75.396477 30.626816 31.292794
15.291315 16.028419 30.178110
20.922571 21.011292 30.764031
38.476541 97.149338 33.392294
8.460334 96.104603 25.675653
90.408257 26.441709 33.880110
8.622072 19.635467 29.012110
63.518843 93.196548 27.032713
34.883654 59.786766 31.362138
89.351820 52.914351 34.008639
21.722373 97.409710 30.056754
55.867105 88.290635 28.619747
31.429542 13.001754 29.145509
50.984240 12.084849 27.311258
71.461011 35.036104 37.251618
72.438245 3.437080 34.530968
5.246303 59.145353 33.069661
61.741421 30.387859 36.746166
10.406906 52.706425 36.703304
22.896709 4.970539 25.962303
47.667807 0.824200 37.300404
67.089438 39.129265 35.557817
5.780102 33.634608 30.111025
38.203582 89.933381 31.910070
77.313901 95.910689 31.400155
22.669829 49.936118 32.844971
14.719648 55.247995 25.469004
34.810785 2.851971 25.675865
82.059106 39.572655 37.064380
48.350754 69.230677 27.641350
89.319300 85.475679 33.610888
20.934616 20.466009 35.057475
98.675468 57.954646 28.969788
82.896661 88.895789 28.123065
12.070296 70.146428 25.706527
36.259840 65.391575 32.137518
54.623245 13.619835 28.339024
67.073609 10.637726 32.786281
66.911093 44.775737 28.187042
7.500374 81.207467 29.652015
34.171842 40.608482 32.409407
95.363735 36.424575 27.630181
86.149615 95.657009 26.668816
8.044349 18.108232 27.422915
27.991595 26.070894 31.955102
68.391195 73.912923 30.280928
94.822737 73.244569 26.764903
26.594773 0.005039 32.470979
73.381774 77.158595 36.859567
4.773345 62.630308 33.354422
11.818606 91.466776 32.346357
21.083263 36.069883 27.606300
10.479875 73.080944 35.382547
26.208966 1.083510 26.565195
14.629821 54.808564 28.811445
33.380921 93.275879 30.326787
41.077369 23.439503 25.875290
70.375940 83.504581 30.479422
87.143577 80.930913 30.249318
52.588532 7.931758 26.828287
73.932304 36.261907 30.422733
8.449840 81.246601 33.049931
59.957803 80.611782 30.547396
42.990974 98.687321 32.076321
24.974394 73.518660 27.872938
9.934690 88.563589 31.019265
10.099815 71.199995 27.299264
75.097889 11.593705 35.337855
97.682330 54.005525 31.223747
29.545899 17.483345 30.805163
55.941893 99.160956 33.870427
47.327666 70.750985 37.124090
59.643850 78.809175 30.176811
65.720885 62.823457 28.843380
75.172828 39.083669 26.180691
47.160311 14.140583 35.016175
41.063542 71.209119 34.231312
63.397481 76.165090 25.120912
12.331522 65.483262 32.710660
73.151299 37.906586 30.437703
60.225489 0.829746 32.560178
55.460994 4.342987 26.532046
81.732893 51.962395 32.006229
33.007625 2.396269 32.444898
16.469050 96.898111 30.868211
43.615303 12.571770 26.267310
32.493489 86.284671 32.968110
37.778614 55.186748 32.590642
88.258827 28.027369 32.686310
59.919965 36.392952 29.324492
83.163931 73.830176 29.410707
62.049741 55.283238 28.961766
76.553583 17.651468 26.826510
32.436134 61.319398 31.860674
16.749240 2.260371 36.571849
59.488729 21.798365 25.233388
48.646737 59.291874 29.846177
23.098607 58.981410 27.924951
52.444604 96.542989 36.985136
97.490405 8.745607 37.013037
82.581078 48.100639 34.137480
25.440196 11.838513 29.942176
81.490039 13.301013 33.598744
66.555708 12.556394 35.128002
23.817223 28.663078 25.255229
86.320609 63.682860 26.629882
46.119558 36.325963 34.396708
95.966294 14.931587 35.818832
8.778150 14.174217 29.162547
42.543651 4.761594 36.450046
20.302273 34.698658 35.815111
31.315647 52.958244 32.212330
42.363807 28.592126 34.119220
99.498217 52.963341 32.599678
50.275660 0.356484 30.800537
76.482459 37.215468 27.399208
21.194157 29.171503 36.258227
64.293992 15.030167 25.934984
12.652060 16.534030 26.075687
34.296995 10.899393 36.585874
34.493758 98.426469 25.181766
68.059765 9.016101 30.667809
83.744309 36.315818 27.365285
90.755492 74.914173 35.420903
97.686328 20.112124 29.022909
37.526179 39.578316 34.067583
78.669021 29.643638 32.632542
52.101286 62.650711 31.228344
83.591059 94.522872 27.311650
69.844829 7.981664 30.208015
3.853618 52.999074 31.557371
15.861763 16.841816 33.872922
81.949127 37.023429 32.562646
27.847674 90.159732 32.506214
0.910672 96.544507 28.388516
41.503220 6.191821 29.195598
67.077655 17.016732 32.837729
8.454557 51.185191 31.354263
21.699239 54.663619 26.316083
47.338274 57.909333 34.463813
63.264906 26.855117 28.542577
67.960863 74.102213 33.821189
45.062051 25.945477 34.286448
44.247568 5.613500 33.491077
8.956274 98.716176 35.084608
51.039976 84.878014 34.161571
90.057384 62.256745 29.313895
91.629217 8.957457 26.232066
9.157241 29.511268 30.797804
25.954280 27.767712 29.433498
19.930744 14.314621 35.380088
63.804553 77.923588 31.225384
9.528624 52.646145 33.853040
52.773993 74.836278 26.185271
49.544119 44.497319 25.411412
34.971603 52.963057 26.258481
71.711970 3.748755 37.079272
99.546573 98.417125 26.622153
5.971533 98.376510 33.891848
77.145348 87.220442 37.120539
11.431746 31.612407 32.000151
43.234155 80.328262 36.337692
57.119179 36.461057 25.491152
13.746555 58.851418 30.894554
80.186862 9.019763 35.204259
40.264692 40.183661 30.592273
55.968782 5.531852 28.595381
8.829920 13.527129 32.749605
84.232935 16.603454 35.059351
85.006864 27.245678 26.943887
1.093439 60.620158 33.838585
92.394004 89.993971 31.951860
36.250404 28.119605 35.624094
89.763172 62.642471 27.385421
30.868142 17.415845 32.943249
27.602613 2.300824 34.061409
83.803556 16.146315 30.421176
35.863231 29.596225 29.045300
19.037989 35.180379 31.295034
9.917309 83.981599 32.556984
47.594764 98.858831 34.436035
52.014502 67.526177 26.619560
64.582262 52.662021 34.794030
78.525161 80.120431 35.803338
79.043242 43.459991 26.229314
68.094258 36.099408 30.995154
83.755955 32.704075 28.203746
24.523161 34.230851 27.792806
0.039164 8.469080 26.483533
37.009580 32.651807 32.140265
73.631339 0.248607 35.393404
93.048727 73.403313 30.077698
38.879031 48.729778 31.820053
95.088905 56.189822 35.007392
40.177269 46.764774 32.774671
37.894988 33.082357 35.517981
41.294345 48.451595 37.199503
46.822136 99.140367 25.971060
18.544111 32.030334 32.851139
3.282878 91.852794 28.217674
76.029754 47.005528 32.032231
13.076002 52.547807 32.169514
34.842063 50.391119 32.564422
66.376385 40.087592 28.759766
97.302090 72.352886 33.536870
41.741676 73.285341 32.704401
14.639735 91.599228 35.198209
38.467424 21.756644 37.012060
0.716562 59.777855 36.307220
42.678733 38.127978 33.736236
75.421646 34.205291 33.103202
69.958568 23.638131 36.005762
48.497808 83.372962 31.080415
70.965611 31.912298 36.024478
95.402914 83.261357 30.548135
64.220807 0.951022 28.252263
12.122249 62.638137 25.199242
68.700525 7.076340 33.608259
89.042703 86.126795 29.830843
92.241950 89.253681 34.694596
57.749947 70.018748 35.936369
38.231117 68.541628 31.149024
29.903387 78.486185 30.861750
63.890468 20.028659 36.511510
2.421980 35.143544 36.676434
89.492848 8.813325 31.078927
97.491737 47.635266 37.155924
90.125748 57.088202 29.103816
58.227128 49.193563 33.100902