77.079680 80.041569 32.944723
91.595146 93.139743 28.178271
74.960795 0.174926 36.110185
81.648129 48.993112 35.049951
55.682122 53.909961 26.710509
7.884847 61.426395 32.746089
57.999193 3.796719 26.795716
94.017293 38.134017 25.736549
3.933465 59.758223 29.717178
27.220010 57.409552 27.567939
18.304160 50.722549 36.150341
83.995488 57.621992 27.302666
10.188963 59.699987 28.314636
54.582678 54.134765 31.595736
43.316885 29.291615 36.045298
18.006116 96.313719 27.308162
78.065207 24.241824 36.601842
0.934935 34.381441 25.700961
53.401780 36.510260 32.886949
24.719386 56.308339 31.428517
99.756749 29.853438 26.655039
43.533572 60.322029 25.075198
31.754036 20.616720 36.774550
40.406261 45.105327 29.900577
56.322866 63.458023 34.149684
22.901318 97.385025 34.481994
32.021184 80.226823 27.243867
81.919327 71.385053 31.134876
70.308960 40.679424 35.003055
34.837303 42.747252 26.450089
7.709441 68.721706 33.769284
21.635455 6.402949 31.232864
93.817615 7.610596 26.139078
66.842160 92.228077 25.478505
4.049323 7.972311 27.743050
2.146239 55.240064 28.828166
10.457691 19.227159 36.400272
8.464249 86.533689 32.201613
48.914124 22.515491 32.902422
63.369309 43.992847 27.574796
23.507093 31.237407 29.759938
10.198997 79.766925 28.890809
99.273943 82.396650 31.548388
4.584423 9.714202 29.038810
61.900319 65.276789 29.526997
40.544230 91.564788 28.892946
78.081716 16.643273 30.619609
91.709648 48.460726 35.746166
70.207826 25.032147 34.008972
91.255302 89.002694 30.154599
2.780068 42.882930 26.752859
99.952976 98.689427 28.078163
74.170184 56.158419 33.716365
59.189378 67.743834 33.567751
97.381787 78.902209 35.912288
77.453005 58.548625 35.676244
37.475327 75.982290 29.823686
70.986549 66.251471 29.515343
58.745067 78.036324 26.090243
58.221170 23.051596 29.293283
97.329977 28.885663 26.951406
38.516235 6.745183 31.165230
31.355391 18.018164 35.812235
73.708844 35.929454 37.154884
48.755333 65.630921 35.989530
17.195920 83.932808 28.366360
71.354355 51.668899 27.577943
89.879172 68.897312 25.138996
96.022141 6.638045 28.756713
72.754632 38.204056 31.525978
54.695710 21.951038 34.231979
46.050114 11.565816 29.538252
70.917019 51.225374 30.908939
99.222936 78.058803 30.504982
87.644260 37.810916 31.093848
38.620914 69.615063 34.997069
62.442839 29.916046 29.274346
34.336015 62.264050 26.598159
82.676809 10.526788 37.402092
49.192951 75.799726 31.364824
92.680266 21.122786 25.726199
19.593422 43.741357 29.011908
29.997859 56.921000 31.850105
57.112225 80.216657 32.440321
34.549765 41.216654 26.771950
42.261203 98.595269 34.751014
40.325458 29.776342 33.303912
63.165598 41.731608 33.326788
43.498097 55.574884 30.867859
7.069771 49.259848 32.724380
78.388432 17.364755 35.784882
61.679370 17.491048 29.538512
10.254165 44.912789 32.136751
11.250779 8.877191 28.720325
58.425078 92.427233 28.158577
3.200260 69.748503 36.769679
79.593745 46.509128 26.858740
8.569070 52.254745 34.636452
65.866830 15.701590 27.254661
68.486065 0.505963 27.209632
49.593391 48.768559 36.256233
45.859432 18.464166 34.830818
69.468804 36.939364 27.794397
61.412423 32.364600 27.375209
32.351467 93.033882 29.158092
48.841104 83.338550 34.441300
64.993503 66.048449 35.529274
41.257446 22.735928 26.038179
32.579796 81.964702 26.476366
22.556668 8.482817 33.338275
54.102846 13.834417 28.253647
53.539252 14.769837 27.652187
47.125769 79.466759 28.205682
82.680117 65.745845 34.396363
19.627592 67.258707 33.784620
37.035789 32.594309 37.330856
35.366046 74.268752 36.428223
80.502149 41.635182 25.646840
12.241150 81.907431 27.470728
32.429160 93.735453 29.112927
21.506888 63.890337 27.253373
76.427326 3.823926 36.738872
75.143890 3.105198 37.268824
42.281639 57.425226 30.664676
46.662337 67.813355 32.369269
18.904318 7.950272 28.014229
90.102230 20.989523 31.265603
36.777073 69.497715 30.533659
84.832496 11.139080 29.613610
30.233672 30.790017 30.565950
24.002296 68.255925 26.015834
58.883916 17.911852 33.345644
59.219618 58.717624 35.817307
2.463201 50.736941 30.135028
56.914199 58.394801 34.944817
69.529482 81.129595 34.663398
74.218807 65.443293 25.805564
21.130833 66.967381 30.296641
46.678781 91.970511 25.116343
56.785348 15.084981 26.873121
43.869487 36.647345 30.406082
45.306622 81.438019 29.551234
87.834097 98.043175 32.812991
34.429488 31.682544 36.178192
58.171162 56.091658 31.957611
14.583919 23.501495 27.419460
18.302539 43.942520 26.504027
82.819740 57.868720 34.623475
27.250013 1.521946 27.563008
87.852241 89.311544 29.027377
87.982470 81.690781 32.358527
24.147827 84.907942 34.611121
87.035061 13.734735 34.763247
77.165143 0.277620 26.946105
40.650291 7.237359 30.677151
7.469720 93.281124 33.496188
75.273901 44.018837 33.958603
19.551883 12.069254 30.522169
58.348724 76.725769 35.632243
5.307635 54.959932 25.380246
28.591758 41.922385 27.695797
75.877988 13.329217 30.630678
72.588456 18.704151 34.357387
24.641130 9.708846 34.208079
73.757311 97.993373 25.522669
86.048056 38.843090 27.142988
77.993754 61.475090 29.879854
31.266162 28.990635 37.277776
25.816141 77.983786 25.952032
46.826971 84.824655 31.753202
22.489853 43.263763 25.113259
91.470360 38.301779 28.524648
35.458741 27.494155 37.070145
90.021393 35.992543 27.890605
71.749858 43.529636 25.882650
13.345974 43.897373 36.532857
4.004562 90.612792 35.244012
22.294801 71.176187 36.425211
90.568443 74.836594 28.943302
67.681766 36.122820 26.219296
93.276991 49.556088 32.669438
38.211181 88.050622 37.025024
55.886849 9.759315 36.352938
46.841015 66.014644 25.752201
21.289365 36.719550 30.155387
27.209323 81.096130 32.056498
97.581474 35.191646 35.004922
99.915782 87.807072 28.975978
45.896611 86.904695 34.957161
31.475888 60.786331 35.445554
12.365686 35.785841 33.735661
53.953888 86.748478 37.021269
89.456995 64.699820 30.265184
87.330652 62.965005 29.345592
63.777199 83.689767 27.597092
46.707872 4.792409 37.188980
91.539870 70.897956 35.647963
93.539674 22.396959 29.378489
55.429895 95.649580 32.472363
6.681022 4.145299 32.258252
98.125608 81.015284 29.952230
25.155882 0.452396 28.346287
84.893524 44.639578 36.400362
60.209534 99.644227 27.223053
13.011675 73.588480 29.091445
92.397652 70.735953 32.936766
8.631020 83.841154 29.462384
20.371208 82.581975 30.657755
87.469090 35.134495 35.884114
18.266846 20.502867 29.922035
34.179475 51.616660 29.820682
15.923126 81.084796 27.999077
25.445330 0.687805 32.534199
98.597923 50.101030 29.196396
52.894766 49.221907 36.097542
11.083214 42.209579 35.118695
23.277628 78.632702 32.059089
10.266686 63.759926 25.356524
78.450717 79.935367 30.693288
40.635616 15.407412 34.018614
87.599191 32.524187 28.121757
18.843905 1.342428 32.852499
33.248709 93.866445 30.572370
30.680372 91.535486 29.841420
14.385038 22.555175 33.548100
47.997685 47.027307 30.572046
46.198188 19.829645 32.267122
12.396860 97.563678 35.225818
89.559480 93.338195 37.146747
27.530053 13.656574 26.807793
93.976839 70.206192 32.024864
16.636815 66.444390 27.822164
5.249179 80.933137 25.404822
7.575604 94.428760 29.143150
26.826486 7.511857 28.080530
69.625798 20.288964 27.755176
84.165325 97.240795 31.607360
61.367290 54.465452 31.509129
93.148425 31.371789 28.983976
23.718767 4.154016 37.201852
78.397423 39.856380 27.553307
97.095039 94.756516 25.863156
82.420311 87.659228 28.868516
61.694531 13.529816 35.386439
22.023240 26.676137 37.308718
11.194911 2.390348 35.244896
50.118828 9.841575 29.655081
50.585327 17.329493 25.616043
17.865682 1.528689 25.962028
46.821758 53.656302 34.994488
53.582292 42.104676 33.464147
97.878554 61.705511 33.854622
52.742440 13.389470 37.004886
78.076759 6.799186 36.240491
54.701600 84.396085 35.081594
75.682118 58.614835 27.068226
40.383692 5.827674 26.232005
36.976352 24.822289 35.723733
51.267315 58.907883 29.697348
84.366347 75.840875 33.842388
36.681992 14.343640 32.011911
72.074281 28.337987 32.481609
96.214697 40.722709 32.213828
13.532322 48.667213 30.570362
4.197820 61.074774 37.351382
95.047774 33.705719 34.273819
82.201465 4.003122 32.875015
73.554220 21.335929 27.888515
1.194694 47.771539 37.329304
88.079591 49.572931 35.754031
37.429436 86.254602 25.989547
63.861987 0.348440 25.709182
23.326489 1.157337 33.780208
36.171529 52.467808 34.668529
67.974565 70.278340 31.004853
9.323152 85.338593 31.898985
0.086678 50.789169 30.079533
32.804720 71.311090 26.272661
50.723476 18.709972 25.246024
3.368467 26.839141 37.004467
96.139763 35.901713 35.723219
56.071840 32.363182 25.171007
30.288159 25.411089 36.483423
11.144149 1.004405 33.259588
89.322116 99.280484 27.543411
49.192204 31.780049 27.520148
10.002463 13.788501 27.988227
82.961852 78.565860 27.660500
15.559122 76.459493 28.406760
23.050736 2.812304 28.056361
96.530310 18.456128 34.276310
7.309102 80.464021 37.474769
63.873013 31.139059 33.108300
68.200995 14.068856 32.003508
9.931277 84.038666 31.054298
55.507841 28.375570 25.266001
43.356160 63.109362 27.501272
61.008505 23.945229 27.610915
1.644369 59.866826 28.809544
4.593125 80.304655 31.690227
80.813941 5.021416 33.458373
39.187863 56.670275 25.966485
85.961834 6.484348 25.597329
40.401723 46.239549 32.751227
89.090105 79.588983 33.866285
20.638373 69.632403 29.266836
97.100252 77.664914 31.135763
67.822003 63.545685 33.011931
8.191387 91.594766 29.069941
55.900914 95.145853 34.071666
29.842533 78.018670 33.812171
34.772213 54.094795 28.815232
50.211429 70.297360 29.658251
38.846127 70.673970 25.950602
23.116246 40.356642 37.342308
5.213129 74.171552 31.822118
9.805005 22.353261 37.330532
38.909691 51.345294 34.766075
35.560231 56.612068 37.144275
2.777234 36.257859 33.310283
18.602324 60.497571 27.014923
48.283565 39.241340 32.605279
60.221666 99.144160 36.106097
74.205214 49.469824 34.589978
34.116262 22.212422 29.698657
41.031777 13.842938 25.357499
46.624928 39.292635 37.097887
43.782393 0.757424 31.685582
42.991491 36.209647 29.201188
30.712875 97.893699 26.782040
86.193264 32.115650 34.413888
88.088795 64.302554 27.236078
41.102103 36.061939 36.006111
97.808450 79.201448 27.425982
54.455152 87.626158 30.679410
81.966897 64.463132 25.816933
96.362824 65.717143 34.536885
28.955303 20.448169 27.702088
4.860002 72.510921 27.299141
82.614537 83.956707 33.585342
88.538268 79.242316 36.967015
48.377641 62.658500 25.246949
26.191833 34.236033 33.631008
37.931813 4.114874 26.503503
26.436860 23.929073 30.025463
76.613331 17.974202 25.390974
35.639971 68.650901 25.787091
99.728983 87.297286 28.489678
23.106615 55.654566 33.824950
51.343688 1.191940 30.870921