58.116191 38.252560 28.057384
46.730086 73.146562 33.511745
90.471209 80.625990 30.422424
68.654852 92.916173 31.625062
43.473276 77.858847 34.288692
79.104795 55.603977 30.023931
3.280068 16.281457 25.562462
68.074058 95.568975 28.905378
78.090603 1.585449 35.500592
26.332584 13.107864 28.174455
21.354260 73.305760 26.994647
31.878400 8.219352 28.368790
42.299462 70.766519 31.451788
19.688178 87.087498 30.713874
18.912157 20.970937 30.258289
16.684293 78.477346 32.390905
48.399208 86.073504 31.323647
15.822313 1.214106 32.625947
76.209128 98.043237 33.193534
49.944380 28.255150 27.029918
15.800711 2.548524 29.423581
76.315216 91.942440 34.489176
16.158010 74.076897 28.165827
51.798340 97.408375 35.178202
45.144324 1.679557 27.827243
21.561639 40.805495 30.198424
79.831664 35.446485 33.909859
86.439545 27.462844 30.202771
66.744574 92.569158 28.024273
76.119480 2.792819 36.102635
18.407361 5.384471 37.200613
31.024555 58.268094 32.078798
97.255375 71.101520 36.825921
44.247283 67.466987 34.762573
94.272985 98.072988 27.894369
10.767667 10.762576 32.909397
44.786822 41.053945 37.455480
43.372464 94.803814 35.699479
47.530404 45.018244 28.997889
74.240633 74.943885 26.388371
62.293417 19.604629 36.263452
45.229052 3.132221 36.299743
3.975974 3.879245 35.010726
24.086293 11.235277 34.213979
96.771749 39.034101 29.728501
98.952783 13.783487 25.824886
42.456587 51.742708 31.737716
64.116390 88.563644 31.427871
82.436364 43.761037 34.062657
41.969971 44.368665 26.451753
26.650017 26.748123 25.985425
70.314147 6.665331 25.762739
15.378056 75.126988 25.663706
93.980289 72.650397 34.798451
16.226358 31.523583 35.482113
87.882401 99.813004 34.800573
60.229802 30.215857 32.359960
29.692208 21.613983 26.359048
43.641195 4.375650 30.947150
4.655590 27.088413 31.003505
28.473086 43.032627 36.157644
22.078649 94.930144 36.573416
48.771358 87.964483 32.554503
75.448351 65.559259 36.260350
63.642680 92.948461 32.890131
48.423772 15.737215 31.315764
58.614250 96.966709 37.310916
1.876723 63.268527 27.783001
95.503624 31.274049 37.321079
3.720816 13.624516 36.740828
48.413386 7.048354 27.982497
15.717615 33.097174 35.072735
59.581545 97.906735 32.899778
56.112763 45.075776 31.364694
81.192610 37.165995 36.877285
37.340795 89.420027 27.180400
15.017032 26.398707 29.607684
24.262247 60.808513 35.410305
4.947115 99.567244 30.863849
28.653219 53.320223 28.981413
90.805931 69.355577 36.009418
60.235292 8.924825 30.210865
96.756532 97.913962 31.974289
75.441680 97.779814 37.420973
73.165625 55.075234 29.553389
82.759132 94.930172 36.999713
21.083814 61.374977 31.196627
55.460614 52.681779 30.710737
96.376061 6.836754 36.556213
19.536837 21.850502 28.728536
39.691904 22.274181 31.171940
66.139346 74.786513 35.083551
33.011289 84.121815 26.005529
80.388616 4.564208 30.794304
79.179346 15.503280 29.824695
40.804117 87.215640 26.627139
90.774800 8.587805 36.047637
84.224197 30.028095 26.957365
98.846025 91.114630 33.385145
64.492053 12.017431 31.207369
29.392553 36.942209 29.501087
95.069524 66.941006 28.619642
47.577246 6.138206 30.238374
58.161836 91.188276 34.043224
51.729456 9.436024 28.379276
11.245940 7.456315 30.256663
43.626408 33.007139 27.534014
34.588118 40.146245 36.000071
87.365389 99.973694 31.991149
74.246063 63.717100 30.699037
94.026033 65.719412 34.733365
25.212323 7.758852 34.219210
56.867559 75.196491 36.074116
54.188909 21.271234 25.569463
29.780789 94.429128 32.473236
26.750970 14.802745 29.466640
81.402086 81.251573 35.025866
20.710127 54.000658 30.760969
89.274345 2.626151 26.502482
16.891420 95.614893 30.235250
62.590794 96.049049 34.953895
34.787775 49.398162 35.905370
27.197010 4.898978 30.244492
57.131888 13.597354 27.325217
48.183264 80.789435 32.106781
33.591440 3.105549 32.393376
55.776673 51.686611 26.550933
83.791446 29.575684 32.311978
80.820909 41.813606 31.069885
54.345399 38.235561 37.410911
75.260527 92.997305 34.870164
54.639720 2.417872 25.935007
46.106816 40.808911 34.696143
30.203861 95.226709 30.359672
61.056742 10.766347 36.018607
78.847581 11.785959 33.696472
73.800626 47.245542 34.445258
7.495246 92.636062 34.649231
26.174297 99.812818 26.919568
13.431742 26.202450 35.670309
69.992383 16.644063 27.562284
39.712316 49.557801 25.473074
82.188475 40.394895 33.008325
8.437586 27.661397 26.524505
42.667453 34.601902 31.954129
50.966750 35.175399 34.752581
85.033933 11.412553 31.452738
27.855571 22.232384 36.172140
74.203330 13.065099 37.248183
34.293180 45.213087 36.522581
10.081204 13.328361 26.792172
4.103577 87.385720 25.403327
1.397105 15.179978 32.803990
80.323679 30.165624 37.329923
92.112288 42.785091 36.925601
1.510752 42.437438 26.546685
52.992023 77.684638 28.974864
40.136362 15.151171 34.867020
87.107741 42.513720 25.084452
38.906505 58.782617 26.809042
99.802777 92.866344 26.644971
15.521033 52.689496 35.942876
93.799215 21.850093 30.270948
44.150555 78.315798 27.900863
67.392941 91.884176 25.155755
44.979061 71.848943 36.736714
5.955739 80.444034 36.792813
54.564861 86.313406 33.183775
86.216118 69.060588 32.142910
25.964266 97.749248 25.028090
82.084988 62.007561 30.692283
8.305287 38.414166 26.779656
31.075178 8.544518 27.282055
31.507407 59.090637 27.267264
16.875412 70.031469 33.719974
54.418516 90.386252 33.765914
15.584438 52.765354 28.454826
90.162052 22.358631 32.348391
29.064103 15.624492 36.033338
29.649982 88.746820 35.885157
42.970238 18.755024 34.594925
6.234696 93.611613 25.021754
63.026903 98.552457 30.484987
34.065885 16.725155 37.280015
8.042685 55.137049 32.667129
97.930147 88.317288 29.423409
0.456420 55.492496 26.388760
82.388311 72.737633 33.215771
14.649310 56.039560 25.914351
7.250327 90.085332 30.673422
1.758192 46.840828 31.054638
54.804148 82.942170 35.948963
8.915043 37.987030 29.720870
98.022613 40.792798 29.654355
33.149455 67.846620 29.283385
90.141355 53.323650 28.444440
98.342833 53.486209 28.931740
91.350160 30.717531 31.232733
46.828069 61.377798 36.201575
66.262401 88.874078 36.697607
78.565683 43.871345 32.417712
27.244444 47.270677 34.594274
21.281085 60.616440 28.860870
1.971036 0.490966 32.612485
84.394516 86.561894 29.053056
41.738389 38.425121 34.452283
57.043509 43.074778 36.042935
37.562065 66.282080 25.633014
47.961078 40.796750 32.611677
56.372614 16.836604 25.583556
93.795207 39.348361 26.836225
55.544293 11.529500 25.424802
36.023147 75.636034 26.191859
23.646133 37.808247 36.236621
33.256047 53.924311 34.416736
83.566579 32.062682 36.618928
97.839679 53.669837 29.121323
55.828636 74.072261 27.784409
65.269412 29.022167 36.253156
42.155163 91.741453 35.071401
3.535598 45.067795 34.620997
26.355300 74.843304 30.095181
68.034455 91.360218 26.071879
74.485590 94.944845 34.429365
16.851993 75.348745 28.615850
48.599170 13.050090 31.063665
9.854403 1.911978 30.381380
49.692371 56.306093 35.542343
62.312148 5.305668 35.596761
41.265542 30.037341 36.461378
57.529963 0.676798 32.889854
2.942975 35.030057 26.861341
10.019171 73.352798 35.517941
29.411590 3.907415 27.853748
33.120425 95.224744 37.305158
1.882095 61.526607 30.886778
27.137916 99.594444 33.788838
16.731957 50.936554 34.767492
4.927896 71.140330 34.373456
32.051981 53.864919 34.775161
73.893184 89.424227 30.141752
48.206364 24.230529 27.506737
43.907842 66.965037 36.501375
19.259982 65.243220 26.590870
35.130574 89.158361 33.476771
51.742662 69.068417 35.852789
28.241719 38.328015 35.532003
35.734228 92.741617 32.589422
11.810897 12.827562 28.416820
36.710730 69.490904 30.623931
74.148582 84.734398 31.774369
12.206943 48.020080 26.339186
51.976201 59.815905 33.938012
25.765458 78.120213 34.246405
14.499657 5.961643 27.806835
76.486657 47.713526 33.053790
6.668146 97.030763 26.645164
80.449472 26.411103 33.571552
22.328232 49.867507 28.637482
12.696748 45.949054 25.638104
36.295681 47.670824 29.965312
6.102227 41.546899 30.439616
18.270473 11.950718 35.693643
11.287196 45.831887 28.563946
14.130764 39.235472 35.457651
26.918448 77.567290 30.385542
66.776084 14.137094 32.834852
40.885099 22.196741 27.235913
23.424979 94.226956 36.907728
32.780425 65.113632 35.063904
24.209663 47.168138 28.897239
78.172836 49.463160 32.125734
4.821974 55.478095 30.630738
73.612683 70.888381 34.625876
89.813778 75.577355 36.560304
18.281742 52.869562 35.699195
52.793648 97.675341 37.194889
68.341181 84.996886 35.968678
6.280846 39.728382 26.720255
60.001483 26.452891 36.119795
49.575220 33.395517 27.109364
54.149267 36.917255 33.040290
55.881568 83.335195 25.522005
16.006824 64.779719 34.994896
32.543070 97.227393 25.420544
69.775659 33.363558 31.715085
36.070781 87.477414 29.220337
5.335292 22.690152 30.336098
14.446705 49.928715 27.366897
61.132557 52.812920 33.004911
18.449965 37.404468 35.770459
96.489728 76.313454 30.286346
81.570870 24.647397 27.489457
32.061530 43.482766 30.400000
17.043746 37.482256 33.059706
85.202971 98.818974 25.147075
15.184524 58.236856 26.457696
39.691639 21.971037 36.509528
59.407250 25.703479 30.081331
49.031733 61.880329 32.101520
56.751277 48.460919 26.847025
3.296761 94.190988 28.268263
58.194680 36.967368 31.141889
86.614806 92.540807 30.346157
4.480004 6.793519 36.119878
80.525416 80.927892 31.548023
51.139255 77.548984 35.972833
6.960149 25.505934 35.220989
88.522264 96.601484 31.664173
59.195567 38.868090 37.354941
93.908873 5.662725 36.482085
45.281574 43.001633 30.255524
34.336359 76.884483 35.550043
38.151180 66.876343 25.415518
90.265617 81.423294 30.496199
29.424089 87.741430 37.040339
15.219900 77.040593 33.081352
70.411262 33.989735 27.749587
31.544459 6.575453 27.244797
33.170844 87.747616 33.356516
57.741910 69.378520 29.495045
75.889574 5.487196 29.997580
26.575327 93.139063 28.467701
87.039891 39.255302 33.335143
83.772410 94.072108 29.788782
39.669824 46.076677 31.732839
73.985680 80.845871 25.555959
63.207762 87.347730 35.503096
59.600886 58.464006 30.903359
14.754153 86.711498 32.211489
90.086439 63.422111 25.481702
44.845980 48.122407 32.398077
78.272045 81.276820 31.326219
90.729743 1.895228 32.436563
50.387248 92.276801 30.199340
95.073954 91.926233 32.371893
8.420085 86.613879 34.329970
72.385132 21.651775 26.072000
40.380677 80.723417 27.961316
88.747748 32.932812 30.243445
54.441173 6.038189 35.806779
58.801009 97.200250 28.194121
37.029318 29.669597 37.288894
88.003887 84.003125 33.258248
46.350566 65.421392 31.489052
11.130928 15.159651 36.934379
32.034778 83.085447 32.267550
73.886871 71.849552 36.306921
95.820822 63.153957 29.739917
26.337533 75.847340 27.688251