50.632306 49.246475 29.236706
64.675539 90.232712 33.122214
6.256643 2.496281 28.960238
27.908764 23.604958 29.724948
14.613725 35.739524 36.689614
70.341603 67.460268 31.559408
32.494598 28.558070 28.766014
7.001628 20.288819 25.337123
74.617142 91.588071 30.378225
17.948721 18.893482 32.817067
80.616479 21.318015 31.812622
61.216733 75.651969 29.772393
88.393285 18.604843 36.805121
7.628611 78.565605 28.563526
65.437716 1.069577 33.250115
44.237000 10.211615 32.628655
64.061317 28.203627 37.479070
84.112781 20.644879 35.927005
43.676470 71.677720 25.053573
9.828157 10.865606 30.453980
7.531051 14.942651 27.119923
12.291112 33.950962 31.806690
91.387840 14.000603 32.123732
36.797553 95.504668 26.249092
40.214423 87.107243 25.395592
72.376103 14.890279 30.805955
45.736633 28.891182 31.981101
42.221175 14.417529 32.206378
80.945076 63.939509 34.131455
89.786283 23.172105 29.296305
58.169301 60.621157 27.911960
13.940336 33.350129 26.561848
44.072907 40.441274 33.001508
81.557087 52.070461 29.999237
31.565539 67.066205 29.159795
0.721691 31.754076 35.569561
45.197096 53.905386 27.728497
40.457757 16.949858 26.033432
29.746778 1.019878 26.547247
29.273200 34.572241 25.170640
76.949907 9.738727 28.159862
89.909508 73.589397 28.408908
0.961027 2.364166 30.295027
85.471183 56.294297 26.952313
57.335305 84.279956 35.824260
1.612057 1.866438 29.534872
33.207499 2.863583 29.414766
67.143317 81.948364 34.561302
98.040665 96.119686 29.990103
97.523614 12.018987 27.887777
20.668014 12.352668 25.573145
81.468239 94.493385 26.977771
50.580776 33.084747 28.356388
56.230524 33.952834 27.641173
89.444264 21.397043 35.464535
49.977671 16.585812 31.129694
8.068740 42.633864 36.265398
15.458721 35.721773 32.379236
41.441425 45.390896 31.147865
58.113414 5.048213 27.988311
86.114604 7.041916 27.849950
85.835189 75.699414 25.597132
68.923901 9.739928 30.615181
23.302891 56.001468 34.680356
88.297968 61.766392 35.328680
54.641203 68.264084 37.465348
12.347533 91.317102 26.176141
21.625723 95.010364 27.023196
79.691437 44.027734 26.711400
43.843936 28.851224 33.918755
61.272668 84.758865 32.062034
37.821417 96.539548 32.462854
13.209962 88.197533 26.489602
86.783957 72.388947 25.583768
29.881561 1.716766 37.389034
88.088633 55.832646 27.172166
95.485581 76.264385 30.508570
3.927798 75.450061 36.793381
14.931107 82.206299 25.180955
40.275669 87.542251 26.020646
80.926855 61.829353 31.443566
91.087691 63.435739 29.609385
5.961957 18.277882 34.897064
65.779637 27.980002 33.430577
71.886181 22.242870 33.178756
80.366611 10.002291 37.443846
91.196286 21.697869 30.208232
41.973632 18.270387 35.299421
18.088766 6.265161 32.999930
96.526566 22.624208 35.793051
32.176143 54.325681 31.661132
54.771814 55.846296 30.844822
48.739778 62.429814 29.513319
35.624435 0.298928 35.716005
30.372309 9.179197 31.853841
73.795155 46.823457 30.944253
73.866799 0.369617 26.993948
59.490727 91.737428 35.756943
35.261612 25.149642 25.569842
1.203365 54.814356 30.028799
80.906646 32.843448 25.231568
59.293030 88.413795 29.985583
21.660876 45.673703 27.898955
73.535688 34.817726 25.285860
61.948084 91.637919 33.257669
55.188573 86.289279 32.400768
77.890433 39.122591 36.697566
71.370453 91.922357 28.961138
18.820062 76.573504 35.540488
91.723548 18.135332 26.817629
1.841376 22.669189 37.155961
73.635426 4.173790 28.755410
93.065882 0.740060 26.415482
1.835378 63.646117 35.215766
27.365122 21.017278 26.246666
7.119660 29.486123 30.026625
82.015681 66.675009 36.022701
94.685455 23.769479 29.533951
71.717345 54.682408 35.890539
19.582765 91.549292 29.049790
70.423296 47.167336 37.202232
30.698081 37.671842 36.859929
47.129350 52.898317 25.144124
69.988220 45.820184 37.009710
9.889647 18.057801 26.092707
86.678976 73.004720 30.806240
51.836956 80.339055 32.133887
96.499081 54.668832 25.180003
36.927598 43.106959 27.416775
61.430530 51.153270 27.328454
28.527889 14.271333 36.199656
31.583322 52.576128 33.738739
3.155596 88.508395 25.232237
85.673026 72.423329 34.338811
32.946899 0.675411 36.361298
40.091971 73.176178 35.408250
36.426221 57.260365 36.362314
5.478418 17.528721 33.505310
53.215700 15.249665 33.959637
64.157331 89.616156 35.548551
63.481823 99.488864 37.160648
7.722933 9.163681 30.848712
6.007432 98.608363 30.115804
60.611228 40.624350 35.392663
3.613666 32.652840 29.567417
16.294726 5.708038 36.859504
62.231000 20.059947 31.246893
91.636336 29.290877 30.766622
92.750320 50.607126 34.081195
63.933649 85.226082 36.484160
13.326986 64.753991 32.675614
35.940415 25.520363 32.699668
73.304769 98.450005 32.484956
47.495687 18.849564 34.645651
99.793104 97.315488 32.854364
6.228576 73.666364 33.742476
86.645511 47.591394 25.069033
90.604285 5.959189 27.492000
6.565372 9.686383 32.257968
66.108889 79.835832 25.540035
7.922142 62.393213 32.202277
33.369195 82.178485 32.148203
36.858509 87.593935 27.128534
26.388208 4.450164 35.985211
73.753059 4.846515 35.081589
46.702017 98.617229 33.214669
13.600091 7.132363 28.880038
13.363071 6.300679 32.161476
56.180580 86.725576 27.512922
87.618653 67.124213 36.783247
33.207412 7.689284 25.363440
58.805118 77.267935 28.898206
38.300217 91.210655 36.706518
4.756690 24.708260 25.004410
48.299698 50.184499 35.821788
23.195290 46.045708 34.858083
84.253644 63.667887 25.371891
71.734459 19.905754 25.079256
12.662628 7.850316 36.997618
99.590436 13.717811 36.748030
59.724409 55.907867 35.686061
42.451494 1.219811 32.628616
72.997182 79.543235 34.972116
11.087888 92.547340 27.146553
57.376205 57.670386 32.221773
21.134131 39.138544 36.535684
46.022090 62.050400 26.537220
30.121839 28.643681 26.618108
11.231518 90.382443 36.267510
80.426020 64.979106 32.700944
60.102578 42.192914 29.428715
94.097265 80.106925 37.404050
88.749239 52.473198 36.852082
1.428790 89.657001 32.714070
41.532896 23.173789 34.338262
60.008637 22.972552 28.087164
88.887708 19.150494 32.105445
23.520322 38.346731 33.975290
49.236119 7.563086 37.030042
18.984282 56.710749 37.295093
53.256056 30.046322 27.674371
37.887058 95.692597 33.036561
61.876744 96.623099 31.657369
71.465751 54.874827 28.674318
89.520589 63.424104 36.404840
93.377550 28.538281 29.305131
93.852385 98.423508 36.402723
25.484804 20.566704 27.331268
72.778735 49.545633 29.050947
98.971416 70.332332 34.518798
37.426042 93.324163 34.233729
95.830920 77.049470 37.085514
57.691870 0.079415 34.547233
74.044808 59.716572 30.575214
32.329440 75.865080 30.109579
56.528180 95.052396 33.018874
18.722437 18.760976 35.689886
66.547224 9.204455 32.014669
51.815549 63.761314 27.490217
10.992472 33.453041 33.839728
53.406943 50.102598 26.887491
22.057543 62.659415 30.100351
30.088230 34.520658 32.824384
19.636260 10.223354 29.825446
56.650941 6.028177 26.167185
29.484203 77.660740 27.413094
44.720309 40.393571 34.143201
88.163897 17.497492 34.746742
76.533698 4.442377 25.892651
62.437035 60.682350 29.663364
70.287700 99.268727 35.952603
19.217111 37.807170 37.477057
0.841182 19.835172 30.751343
97.105145 28.482767 37.088147
32.170617 90.965855 35.748482
73.073321 67.006597 26.445871
99.659101 40.162773 25.684262
89.149297 71.684193 35.541643
28.116334 58.395100 25.170840
82.310596 49.075927 37.167729
8.072387 17.738369 32.129244
69.531850 96.228948 28.528468
79.834433 24.456914 27.554654
54.185576 83.749602 36.597933
46.627974 34.190187 31.615690
35.264195 47.137586 32.337962
88.352282 1.948869 30.689325
12.559766 71.693473 31.890769
34.596087 31.752049 31.878647
26.527735 29.462184 31.960958
46.755610 1.465060 25.753754
6.083753 62.243680 27.834147
13.414956 45.533813 30.882219
39.737292 15.972113 33.224683
43.314588 76.460822 25.740276
27.231461 78.908402 34.142464
71.822640 75.565507 34.823834
75.035402 8.483633 28.036249
22.709404 13.544940 26.736929
48.973754 21.622486 25.917068
47.215607 85.140944 33.751072
55.684152 46.303588 30.363228
49.137536 65.143691 36.598656
99.761038 79.955933 37.039709
5.393308 78.762252 34.293408
55.373501 59.243813 31.603596
17.071310 11.197743 30.138247
50.542468 66.108545 36.199895
31.958114 45.817961 33.494718
7.494639 47.299427 29.676070
80.253621 99.524054 28.398718
98.097550 35.230314 35.393354
89.955576 64.472196 28.793991
31.570521 5.757127 35.042241
1.338107 30.555257 35.855390
7.707960 29.878333 25.935588
76.085364 18.794030 33.274728
17.824300 14.960672 32.741584
32.658684 46.296562 35.286892
42.643175 84.028396 35.398608
93.243143 5.223380 32.225962
74.001330 10.756209 34.049800
62.948291 30.843698 35.556057
7.006143 35.303232 31.080940
71.953521 20.512530 31.600273
5.009037 33.907038 25.493588
40.973948 63.633966 33.379323
25.883305 52.257896 35.023307
82.268404 86.716636 33.355448
86.303425 71.340296 37.456628
97.938675 45.107572 28.909240
30.541406 16.677742 34.067742
77.334314 81.697465 31.096851
84.636309 9.901492 32.346017
4.729998 56.850135 28.474126
6.585148 37.605910 25.974520
96.828583 12.743010 27.095415
78.721131 1.677970 25.109230
95.174984 25.422343 27.188492
48.443977 28.601629 26.362636
40.425781 91.302073 26.390450
32.732734 96.453558 33.042860
15.349542 57.273867 33.802292
22.785432 96.547254 31.266473
87.668162 61.975046 34.742834
99.681122 40.932821 33.207605
25.141496 1.565536 37.227273
42.116693 29.568550 29.034754
93.251202 11.566989 31.022720
92.367044 0.457725 27.756689
4.170452 73.967647 35.768140
69.724539 7.884068 27.126499
29.033635 33.643172 26.521365
54.242752 3.211560 32.510077
23.432034 72.749250 34.331055
60.279570 44.740514 27.204178
78.225933 97.534821 33.509706
57.923227 98.816419 37.135769
94.020671 93.543042 35.102886
70.722470 30.001414 28.462060
39.169524 74.910525 27.761323
97.783220 45.465056 31.681749
20.580065 65.547341 27.498251
31.748772 25.731118 35.950751
12.969750 49.145337 30.716797
78.805730 90.372968 29.318943
10.641631 29.851350 32.364180
57.502219 35.747728 28.278604
91.825494 22.414979 32.140896
68.190968 8.542198 33.003653
86.742923 29.700179 26.119547
6.513180 42.777159 36.789061
71.049210 58.802170 35.859890
54.715543 67.674808 31.893133
34.902364 98.353472 26.706377
4.151477 35.839012 29.895946
65.015136 8.908096 25.332749
98.630166 24.128246 26.170988
2.286291 54.227160 29.117457
91.616643 37.251062 34.039522
8.749700 72.748607 26.805691
68.282719 59.850092 35.931385
33.327063 44.042650 25.625531
38.265862 17.254066 35.744608
85.880143 52.722628 35.339520
73.500697 70.136583 28.383152
23.270262 52.400019 34.613539
5.924208 93.332541 26.337333
69.711640 0.768343 28.650873
51.779771 4.324693 34.788342