66.436676 52.026626 34.393443
49.529561 79.358210 32.944224
34.818827 50.906685 32.006605
40.068535 6.337267 28.003590
63.285566 48.708702 29.516331
39.931834 91.425888 29.521452
28.860553 92.706469 28.559797
10.948761 37.072059 34.030983
52.165418 16.166415 32.903916
19.044936 18.566094 26.111560
54.360685 10.394627 37.041513
7.968479 17.078037 28.169472
2.159676 58.619471 35.880116
68.989900 64.144802 36.193563
81.706754 95.513513 32.315553
39.622184 26.677044 25.719081
19.761927 5.800518 31.465115
25.443901 57.531966 31.414261
46.942053 6.587759 37.340596
64.658265 24.048943 26.535988
17.692936 78.339836 34.876509
14.391115 59.607755 25.007328
17.777986 30.233649 26.694226
29.317107 46.118628 29.183940
28.204950 74.637981 33.432446
39.459704 1.260579 36.969646
75.894103 84.152181 32.720518
42.228967 53.967434 35.705810
20.224183 39.284817 25.421172
11.867434 63.025106 31.409982
18.475712 42.544262 32.642800
33.351525 0.732441 26.342312
6.088216 16.179323 25.133824
4.653137 85.825574 28.132391
12.900513 18.931860 27.530368
12.625895 3.534124 34.507526
91.099809 54.690115 28.005562
72.890700 73.364198 34.411878
6.388597 97.769748 26.375331
49.657799 38.409119 29.038674
97.097858 35.610263 27.630882
32.070201 73.763791 32.965160
84.171207 94.147607 27.760997
65.881611 70.370907 28.607059
47.993495 11.930277 28.200512
9.981044 46.642815 37.059182
74.590576 86.336221 36.840713
50.760379 90.233262 34.891425
62.048698 17.940593 27.596609
80.003027 5.814691 25.072472
63.538542 74.900202 36.841861
61.410494 94.760183 31.432014
43.264154 13.509559 25.468864
99.339299 22.925906 30.734935
3.181545 73.467390 27.128305
5.298633 78.455181 26.839508
10.781392 7.095581 33.909319
25.713085 14.331863 28.263262
39.516233 26.771120 36.742781
65.348237 46.059177 33.915257
69.722543 23.091499 36.250122
59.434633 67.677078 36.875322
97.888831 49.587938 34.602717
40.392136 17.912830 28.643900
2.615246 27.659436 31.583788
36.462522 67.279825 36.803398
56.762170 49.390632 34.268141
8.284901 43.447630 27.558738
10.597115 28.401481 34.434653
90.438715 40.930245 35.276017
3.132784 27.432423 35.668096
39.642140 94.917520 29.333192
16.311727 26.938445 27.970152
76.828527 14.859861 30.909847
16.628801 26.116976 35.209396
21.082110 57.921479 25.339229
11.502962 51.440959 25.518714
86.346516 25.870775 27.684709
28.106336 33.568727 30.296435
50.270165 88.967549 35.050872
90.602142 14.716162 25.083435
94.005848 21.386203 36.663045
45.466899 70.181037 37.198987
49.302584 94.010522 34.652283
19.145973 96.090398 35.663640
20.929720 98.293948 34.366814
63.264014 88.967687 29.009558
17.754683 22.452400 30.169026
19.913834 25.288267 28.811668
99.398703 29.487270 27.739425
97.120379 80.068935 35.831631
19.828984 78.098684 29.723922
66.024811 74.777625 28.327531
70.303592 42.612849 34.858636
5.786387 74.669362 30.523837
57.223218 70.702664 36.755286
59.263721 89.549175 30.171130
56.898634 25.197534 35.261428
72.459191 3.985884 27.786568
97.892524 53.442897 26.866408
3.010637 28.400376 29.882656
52.545359 57.889577 29.816242
74.468572 69.998528 32.173355
6.031189 88.024768 28.476238
35.419143 90.304607 32.593971
83.020109 95.997765 30.897597
59.377971 49.825363 33.969770
47.407380 48.802981 34.074176
78.627283 6.491833 35.037670
50.086505 67.073723 35.223761
81.790428 98.694676 35.935294
53.486019 27.608353 29.183050
73.339510 56.239038 30.172774
91.183424 43.632988 34.609896
5.650965 76.247400 32.312757
25.086415 65.388196 37.123855
46.685629 5.946498 28.481528
62.046224 56.332672 35.383929
14.134420 94.181302 36.345929
72.355411 56.400076 32.952247
76.427730 71.834789 25.030289
15.201228 44.463751 29.750443
82.345616 62.290665 30.969364
17.232567 62.161920 32.019586
76.008313 53.789555 31.765926
62.400640 57.348778 36.522647
47.405613 34.335373 36.348062
60.128558 39.301106 36.019367
58.053191 2.017371 30.153312
24.189402 5.679144 35.758231
23.852023 72.901760 27.606434
20.456328 11.548564 25.383603
97.415351 49.259854 34.480940
36.153098 11.293769 27.259194
16.026763 18.393554 25.173892
12.751551 32.121873 34.272782
30.875815 65.662878 36.049360
51.384213 11.446868 31.645339
93.976926 14.980551 37.431829
72.384426 34.372889 32.310148
41.215485 14.420935 28.930150
3.960324 24.659048 28.734143
42.199114 31.980264 27.518156
66.663870 45.332015 33.296283
82.707386 54.407052 35.510355
27.006961 64.477173 26.577764
84.475921 31.603951 36.155910
24.751479 16.280388 33.571171
27.405530 81.455973 31.152384
32.489923 14.358881 33.243484
66.573114 7.711562 36.389118
71.667199 67.141043 35.763168
81.588737 18.350527 33.260796
33.799067 88.324379 30.989279
48.955192 71.546248 35.142453
60.468301 92.856368 31.984485
73.507813 41.044976 25.089391
39.789148 3.034259 30.620497
10.780565 68.548063 35.225938
7.371782 55.485432 32.071975
28.831613 2.165869 33.844146
16.434717 63.469441 30.570421
13.930021 66.454411 31.311260
59.316212 73.602585 36.319010
59.566950 93.482733 32.228998
28.525165 95.307207 32.133360
43.316530 57.140047 31.796567
62.920106 43.260028 31.240161
94.894428 18.977632 32.059007
40.796132 96.568833 26.059771
85.644516 85.850091 25.403584
9.316500 99.334035 37.433242
39.250407 39.486774 29.620163
61.561594 70.444935 31.691512
68.104724 96.869805 34.043381
59.219719 47.245331 30.664426
61.324330 20.893340 26.560184
58.470151 74.570889 35.669054
58.426430 64.622496 30.127972
76.378954 20.138504 34.783784
89.688902 36.785029 31.021127
15.717127 86.737797 36.519942
34.709638 13.128207 26.303265
37.012980 23.663680 25.288865
53.288624 7.111707 28.418898
76.016576 1.197474 35.899950
95.525057 69.879404 36.049831
95.876365 16.570145 37.163167
33.491356 1.079904 29.740201
38.816238 33.513379 29.683022
63.276688 75.213674 36.976624
4.772268 99.044937 29.213598
55.099509 11.033709 25.124554
21.583102 35.526606 34.850182
7.686916 92.597602 35.293012
65.534039 73.096732 29.842844
37.935383 37.274220 34.782611
12.070564 58.063597 31.181476
85.604329 60.115830 32.869477
58.680450 27.575505 28.914598
16.648170 57.852270 30.192809
22.083910 72.898855 25.026354
16.285024 15.970865 32.322148
89.198551 74.198392 36.548940
35.293729 74.873440 25.322455
92.675523 73.862939 29.150701
24.867912 13.274666 34.931264
15.969422 67.197634 31.324714
22.014816 67.657247 31.132506
15.509712 61.019083 30.791464
64.310230 4.878268 25.054375
98.550049 9.252134 32.825963
60.372115 25.198735 33.547567
19.837768 75.166522 30.723739
16.447010 94.056971 31.320258
85.706041 13.397624 32.552494
84.155932 65.003443 37.261014
27.113037 38.972514 26.220830
47.431242 1.134446 28.191320
6.982059 30.530275 27.346897
41.612858 33.801481 32.170035
92.498291 63.822659 32.884341
53.023809 94.662355 36.223832
18.987307 16.965333 25.212983
24.549555 67.976989 37.031088
77.211181 21.213500 34.054975
50.177247 45.645369 33.712631
35.963889 10.356897 33.143839
23.420513 72.229509 33.374626
74.620422 53.063906 36.826153
35.248735 6.519657 28.173473
96.871239 47.823389 37.177995
3.022840 22.104120 25.549119
32.865661 64.280526 36.123020
66.686267 10.349311 28.739434
17.494636 4.299370 25.178878
89.869919 15.701599 32.107278
85.333430 47.917127 25.309561
73.309638 18.917225 33.583397
55.927532 26.407211 25.530170
70.506706 72.587052 31.704137
95.251822 32.942280 33.580164
50.771116 91.622174 31.975485
80.644653 90.269662 30.858210
37.170459 84.741901 33.922081
47.991719 81.963647 28.562247
48.804535 38.519457 29.357217
63.781937 34.438855 30.936185
36.543524 22.569856 34.324061
20.174409 59.230919 29.385698
33.063250 98.596396 28.751910
28.246540 16.095553 27.321416
16.659969 83.258449 26.095497
1.921971 30.059901 36.806085
13.379060 9.659676 37.113618
47.135433 25.442089 35.998458
80.055524 45.161659 31.808989
63.472164 15.835538 37.317147
38.543332 34.361835 35.374750
4.905648 76.076945 25.736424
71.829184 22.680793 31.501435
69.342103 81.421048 34.418314
30.432031 1.938649 30.397865
40.879014 92.791058 36.402350
64.084760 61.262806 36.930551
92.493561 65.690796 30.224500
21.588196 29.009043 32.407721
91.989986 81.719913 34.305442
43.167555 78.516713 35.777288
10.358169 63.856870 37.286476
22.303097 21.203709 28.528651
87.493867 33.693053 31.813448
41.913192 16.539370 31.855341
76.589461 43.129445 35.941796
94.153488 65.778051 30.343546
37.513057 64.303077 35.623179
28.818829 16.057446 27.588897
76.835229 33.894025 27.700248
55.863953 8.769214 36.738452
86.690490 71.468592 33.523167
91.911796 54.233528 37.291198
7.552800 84.032260 26.189664
60.521745 91.754244 34.614104
94.863407 68.678689 35.830716
23.241764 78.894724 35.203936
70.866569 92.087156 35.357711
98.524621 11.512675 35.409651
82.665951 81.904585 28.974983
94.960577 46.038379 25.865080
73.983400 11.521038 32.341586
93.310709 74.344210 37.302111
26.608946 81.769471 31.337754
11.142923 94.303535 26.608637
31.771843 22.242242 26.340902
81.335021 39.547141 32.565422
71.290536 76.045874 33.550583
5.886249 36.287478 31.048096
79.782780 20.706747 26.284977
99.274209 89.583627 30.386659
13.622292 87.953096 34.155356
78.840856 15.300055 35.385571
92.334303 87.387101 25.441475
86.224160 39.393699 29.870968
75.006799 44.852785 34.558244
98.664292 22.835898 28.021358
70.980729 65.375671 29.542481
2.418742 11.814186 29.350578
75.817073 73.132879 27.810068
13.448230 86.938100 25.381005
71.496289 31.866320 36.894319
34.838590 87.650727 33.822884
84.796729 79.619095 30.643007
49.669490 39.614033 35.819649
91.546021 3.363371 27.876698
89.826655 35.982639 30.932329
77.992170 85.514905 25.041413
64.912776 81.328843 32.292818
68.754942 67.802011 25.734653
28.787027 41.779025 35.177075
6.059683 1.066466 37.243577
47.845756 53.660535 34.230710
4.771183 86.263262 32.762432
57.951997 2.792626 27.795204
72.451403 41.173653 27.614516
54.789031 66.683553 35.112341
42.168777 49.737641 25.586953
37.438902 12.451270 26.154536
78.661918 84.992946 29.376831
56.882722 57.685530 34.579555
43.525574 39.828635 28.057017
92.768620 92.290136 27.824977
13.971969 17.384105 34.413643
56.573453 63.623925 30.989906
22.718727 70.371205 32.915899
49.956961 21.961645 26.738407
5.000214 62.786513 30.727188
77.452801 54.883532 35.610907
58.102797 61.323981 29.091695
14.477100 13.987919 34.118274
55.869711 38.961105 30.451428
59.119450 17.597257 32.089532
76.301353 13.264550 28.911801
10.250961 81.878494 28.530762
79.564983 17.302525 32.309296
98.516644 3.177476 32.461288
57.849149 76.250737 27.894244
66.328845 58.937990 33.603214
82.626121 28.479721 30.929666
56.215180 19.510007 31.826687
4.295730 1.950563 37.116912