77.319116 21.731900 32.464587
73.625499 78.733660 30.993815
91.296198 85.885277 29.484189
6.960103 64.013598 29.637707
72.049548 75.017609 28.424353
72.120391 90.099662 30.849616
86.919214 54.297437 27.013452
47.566324 76.723319 37.026896
8.317645 32.257858 28.737523
67.966418 56.964975 28.887421
9.237690 57.231987 30.437322
38.619908 87.602021 26.813854
46.511762 41.749280 35.086025
70.738767 40.015177 31.322793
57.132027 0.300382 29.940621
84.900540 87.923310 32.348574
17.736690 3.102908 29.379323
43.803997 90.407307 32.119627
84.407494 58.419601 31.364577
1.448596 66.858122 30.951779
59.149746 82.843861 28.374813
13.578914 5.432018 31.713357
14.094071 85.707403 29.908576
14.127323 50.712464 31.934966
98.549367 77.561544 30.243605
94.352680 5.991350 37.257045
29.216054 78.504042 37.216073
13.943379 12.529048 25.818361
84.537669 71.637089 27.042382
73.456462 65.319738 35.494263
27.218979 97.719610 33.036048
82.008892 43.821727 28.463867
15.767302 0.221158 26.039076
83.285935 75.998670 34.282453
6.993552 17.430280 25.997147
99.358725 14.624208 36.369265
90.086587 25.535972 28.171222
59.245750 40.234645 33.469391
51.228022 30.645657 26.068837
63.533270 61.939645 25.457500
26.983463 61.954414 27.678640
6.329698 3.611860 29.236904
20.633020 12.603238 26.474444
53.877237 23.786737 35.045442
12.528810 21.088205 34.843474
9.408424 4.591777 35.816172
9.674251 10.985222 30.393400
11.030580 2.497650 26.237693
35.633040 15.939777 34.275243
56.127545 76.686270 31.888668
7.629902 57.072736 30.163085
13.847689 94.216937 28.251507
77.992460 36.371721 28.330565
79.105866 37.304143 25.638487
48.028107 15.267406 31.337484
80.046677 95.183916 30.040488
20.905532 33.218724 26.417798
40.954616 2.412478 26.639352
5.517316 29.463548 28.047069
91.446120 72.013507 27.857105
67.420977 1.320409 34.320390
64.522650 18.628945 32.016823
64.815079 92.745708 30.788312
63.739864 15.231926 36.917040
87.041013 95.704395 25.900229
24.185711 20.512340 33.595008
34.967191 47.681244 35.874761
84.773876 94.754019 31.195184
58.757834 76.439111 29.804142
41.634045 42.816322 36.020734
79.711920 14.635323 25.075811
59.356132 18.982571 36.117198
86.924226 64.849221 30.318062
36.073922 55.557677 33.373239
35.922420 84.665984 25.408751
50.718057 72.738993 25.213549
31.730107 97.096113 28.396461
18.862522 44.840064 25.198385
94.759184 21.326735 26.190578
77.907929 48.460292 28.220337
95.716171 9.905003 28.839287
0.566145 12.639686 28.433396
4.305043 4.231055 35.678525
66.821241 48.413339 25.795018
28.552751 45.592127 32.833507
14.060179 45.280846 33.335512
65.708545 44.892797 29.269493
98.467297 2.195672 29.660738
19.311895 90.958702 35.762411
89.612572 5.874328 32.877282
19.315237 59.989211 28.983182
46.540570 88.410906 33.655154
27.498823 90.295482 36.792300
68.159285 58.014947 34.355870
93.931976 44.007702 35.202165
16.570334 83.663921 25.033018
55.168739 27.169546 36.092747
12.459414 49.873456 29.235922
29.671189 90.824808 35.059877
91.936960 44.015520 34.161191
35.148502 7.579621 30.586249
16.172767 95.700315 26.196167
46.820158 57.719908 37.444948
27.906323 39.611540 34.911823
34.659504 9.254393 30.277120
6.200346 49.190060 37.124710
38.418629 87.983090 33.562079
57.691275 63.495602 31.097905
91.042874 79.661667 37.480185
43.952773 15.178441 27.138771
82.630273 92.521348 25.860200
12.958910 24.661673 34.207305
59.700145 11.204530 34.856708
89.628695 64.655183 31.955454
66.142028 44.967496 25.177494
89.663812 62.639358 25.552261
23.444214 71.423239 28.052877
27.040812 24.506176 33.529710
38.735430 50.181485 27.796652
90.571133 80.559738 34.544595
98.253284 88.055565 32.489055
98.296984 36.147037 25.225002
16.538971 51.493239 26.841180
62.597012 88.352384 30.098116
21.988773 44.080557 26.917920
30.487608 95.872401 32.475703
41.993616 65.804122 28.224410
42.334919 74.186139 25.624414
29.314564 98.466439 35.082555
51.663646 76.561378 28.903168
11.600091 8.843009 29.030973
26.554309 52.250744 35.228040
38.780247 34.716513 35.592215
37.298164 19.912319 34.861300
56.984894 9.982230 37.289015
59.360324 63.842392 32.737802
7.068501 31.624305 33.194831
94.562196 22.843663 25.352232
20.131743 95.119447 37.249868
87.134478 97.108304 31.438459
84.151757 31.112653 31.566804
0.744853 29.895748 30.721956
14.588653 55.426050 26.714051
47.275381 73.392623 32.289794
99.247166 9.175113 36.810463
18.379636 88.500869 30.982305
75.143217 63.235289 36.904364
57.230040 89.215608 31.341868
42.039104 17.367405 29.059353
91.807838 62.163066 33.908789
87.078285 17.376920 31.967003
13.651462 55.255216 30.615242
21.902137 8.411259 31.082166
24.493897 51.282427 26.873612
59.355001 81.317490 26.163219
30.570503 10.731173 37.073712
21.789908 86.210126 29.140259
14.050648 47.135355 29.696622
62.402903 45.429693 27.312217
9.604931 40.540845 28.912357
49.840181 18.857952 37.117780
64.320411 85.554125 25.703738
24.333243 45.541459 30.589884
15.112438 80.859318 31.851613
83.764333 9.535991 37.390847
89.199704 39.035101 31.575416
79.511631 3.824942 25.467829
44.977531 21.916543 36.205540
96.910331 28.701487 32.610662
35.235492 62.474032 32.287123
27.392199 32.016585 28.830999
55.245445 84.630304 36.460258
36.549480 18.564965 26.244166
77.287736 78.661052 27.616945
4.153390 31.958098 34.654051
40.630198 14.811938 31.231913
61.133337 97.312889 26.927380
55.378566 12.603380 33.251849
60.196356 14.255102 36.386556
2.220448 81.677134 35.482394
53.318442 8.485087 26.642649
38.880519 60.551810 35.833192
44.232580 95.517908 32.729342
93.312260 98.680890 36.628754
42.594480 43.519146 27.712423
83.095097 85.484679 31.010050
66.343586 80.815018 27.215484
72.053101 47.266641 26.785483
76.788313 53.535279 25.886442
29.403479 75.745707 37.111522
3.903376 40.416367 31.187435
76.803645 82.305852 30.110981
46.532728 24.435289 31.238080
96.242482 19.670086 29.130786
97.677044 88.953147 25.927350
56.296509 14.280970 32.605221
42.544883 41.667175 25.124368
14.067149 52.845374 32.049938
72.933221 6.713377 31.209474
73.926249 50.134562 25.738940
6.693705 11.895957 27.651091
19.293836 27.505425 26.530173
13.492097 81.264362 30.748571
74.759919 21.939777 33.328109
18.706350 28.119227 31.597953
89.951718 45.692158 35.062737
54.369834 59.408147 31.074041
45.160915 82.545523 32.811900
50.758610 21.125277 29.487161
51.744438 34.357950 33.749811
53.632619 57.596720 30.239175
66.603678 32.884380 31.866176
4.252197 99.906284 27.926687
54.748263 46.839528 28.543205
0.882805 10.980480 31.771311
52.597240 31.236717 28.359510
98.551121 14.338691 29.051818
8.033827 14.468806 35.615191
14.186282 27.748667 30.835775
14.619620 30.419926 34.334749
11.912116 93.345125 34.966799
87.409578 72.327097 37.329917
16.980554 19.087748 30.055177
63.519350 80.352581 29.635054
89.953890 94.777425 35.783656
27.110438 64.343460 29.272248
58.030991 31.210961 34.241526
67.579375 49.289493 31.256715
36.913699 89.267087 32.764672
82.671468 30.134343 36.792005
61.560437 85.535752 27.136077
55.211297 90.201671 32.323327
71.407344 32.367491 36.364549
19.073433 78.121781 31.351669
68.259768 54.901608 34.962208
1.356965 82.378130 28.138683
15.183464 33.315085 33.539312
62.565860 65.477668 29.806816
45.076950 15.996288 26.429797
8.525517 83.889863 30.359722
39.683091 68.164497 33.908504
87.144367 15.986795 25.296262
40.205601 81.605960 36.599095
50.779525 88.883036 26.491376
86.660312 41.246634 26.199515
20.429332 61.803480 32.660169
74.619194 13.043324 25.232464
25.665375 24.598026 36.908535
49.287020 0.091754 32.225239
6.555170 25.963177 28.800869
23.220688 79.545012 29.315907
95.062556 70.010106 36.351807
36.243107 28.582472 29.892776
21.409728 78.096787 28.249345
20.388693 99.809129 35.360531
58.086843 6.696397 31.774385
45.417156 41.113393 32.819023
11.980467 55.214716 26.209657
72.981381 28.317833 35.303076
83.190979 17.501576 34.358746
99.960581 9.242414 33.406783
84.990718 76.759171 34.094869
70.580681 54.441235 33.009890
22.633144 14.270314 34.007801
22.627047 60.385092 27.054996
18.096925 24.891341 37.449742
61.781159 81.618230 29.725407
75.016959 73.483264 31.920829
90.260368 1.232440 31.238686
73.728137 29.467596 27.739669
46.454665 8.218301 36.884026
48.341329 49.361100 36.967243
59.800276 61.992419 31.683518
59.592886 74.861975 28.564069
43.376497 97.819800 33.590243
78.458937 45.507931 34.670707
87.250974 9.972191 36.562974
40.785080 45.504843 27.115625
52.043462 14.233924 28.561101
44.484656 23.906625 29.125026
0.204640 87.640216 28.599479
86.340555 70.732898 30.307005
74.643507 47.286932 37.189751
4.614848 11.129547 33.357678
51.034456 31.373168 25.547311
26.729247 77.240691 36.189262
87.234716 53.236614 36.541762
4.794682 60.440661 25.057431
79.151678 14.571377 33.768087
95.507071 54.877867 25.677157
21.689616 8.863915 32.390711
77.385558 27.837020 34.090564
26.485576 75.162903 35.814086
34.766903 61.616052 33.844681
47.027825 27.269473 32.419504
5.276313 73.303290 26.755892
90.360756 50.200198 30.633739
39.397813 66.003401 37.385766
12.471704 49.251825 35.242022
79.074370 24.440710 28.376417
42.343045 44.917896 25.442497
63.507922 13.394709 25.690514
51.473232 3.813068 28.388904
5.928347 54.127489 30.739657
18.202628 56.042576 28.000387
69.001766 39.377854 29.231892
39.142517 47.205387 26.296581
2.726694 60.489011 27.386581
52.824665 36.575106 32.669299
15.579658 2.781906 31.602837
10.417920 27.006211 30.416336
24.806773 67.022343 32.840501
3.202258 19.984799 28.703835
23.762927 62.140250 27.726646
4.892962 58.076553 28.003643
36.295582 21.397479 27.261549
20.536414 31.885702 34.439566
97.751965 67.555952 33.352880
56.424185 97.900515 29.829933
45.439604 97.161614 35.938874
7.969947 23.617249 30.534458
69.372233 72.185503 35.758185
38.409422 27.263118 36.413518
78.069157 5.855046 34.387262
80.855755 60.251115 25.875082
77.658587 84.577604 33.713436
43.673032 1.868671 26.056709
14.778935 65.814877 32.451185
48.563490 21.043207 33.670827
18.152458 54.577836 34.646407
39.110011 38.520751 30.635523
82.946866 63.767963 32.759438
75.164039 34.691322 33.890762
62.525534 32.306796 31.824152
19.412131 50.197223 25.693851
58.951209 74.778608 35.461205
76.650287 23.489014 36.757675
10.778917 63.949481 34.879946
6.034746 90.140719 36.817335
46.847502 54.292739 31.630272
84.792038 42.718052 31.593723
23.641945 66.355375 27.858824
19.659128 78.380027 34.634353
77.334378 11.217410 28.810447
45.820968 23.874736 33.405054
76.868016 77.548706 27.508196
12.177968 12.585456 35.356539
11.816625 54.348774 27.189965
35.188466 60.113710 26.719596
5.195852 24.775382 31.937434