96.625268 95.139407 30.563364
62.922125 76.713869 26.882653
17.626098 70.902883 25.010174
26.951886 36.590699 37.074100
69.843556 51.632329 35.698027
15.588762 26.272127 26.873314
50.357872 26.904388 28.223107
6.705975 70.502902 27.595914
97.437480 28.660079 25.412321
34.938982 54.336229 31.541753
93.132864 12.173057 32.821149
65.142248 31.734339 25.394219
67.313132 8.102321 30.796691
36.575309 39.951869 32.952510
80.093829 23.345576 25.803773
18.634661 3.166307 28.881893
87.104207 39.828427 35.868589
78.044072 35.864967 36.881598
20.554970 38.791912 32.357703
42.204725 95.608001 25.779274
86.426932 2.433847 36.016945
10.299605 16.906282 35.956971
57.798969 94.478036 35.011889
93.669093 45.768328 26.203373
45.741689 96.166236 26.634201
57.950510 44.467088 35.053832
73.458345 76.757611 26.920187
5.505378 27.025568 32.606018
61.961184 17.234592 37.433351
72.127990 18.219384 33.303647
97.981227 42.002095 29.882697
10.033567 86.554264 33.546932
42.687299 55.951021 35.973128
97.496880 33.055311 28.486054
47.346748 33.195489 26.319143
45.385487 25.998357 36.855003
76.348192 70.325331 25.597598
85.620218 70.092793 25.025561
31.690192 68.311485 33.149358
62.198898 39.431892 36.886421
19.489777 65.095316 26.957061
48.889259 84.682628 28.101369
5.559045 77.317766 32.724632
89.233867 5.817329 28.112837
26.301987 94.093545 34.477860
58.203655 90.625237 29.772414
59.385106 20.632950 31.510519
10.493082 33.971031 25.050630
89.323524 59.062123 26.003279
72.220932 3.557458 25.964168
32.121464 55.659461 34.304316
81.248900 92.938912 36.959251
8.609724 59.653125 33.052013
58.894884 60.613445 26.789066
64.079421 61.368997 37.232586
83.969408 14.360140 34.956245
17.819227 75.031018 28.916695
76.317948 67.782501 27.272029
81.188695 42.115409 30.430843
56.805201 26.719375 35.216484
85.619808 22.361671 29.686373
66.361261 43.055514 27.754498
83.705852 48.538853 25.936912
74.307880 72.780269 36.414826
70.975818 9.028995 30.095676
62.157156 98.436205 27.958954
73.557129 95.862624 27.087235
54.885628 52.680642 30.272678
68.560028 86.385047 27.675549
65.212988 58.587234 31.009010
83.363459 16.065975 36.021531
87.401722 67.142389 26.319614
17.064789 40.192773 33.945289
73.889621 80.021465 26.008621
64.492541 15.560042 32.226640
4.475677 63.085345 25.507381
78.768418 95.948937 36.634541
80.230295 85.589631 31.698095
19.472760 6.028600 33.918792
29.601752 60.911440 27.760906
97.755881 54.265060 28.141827
39.027082 13.046091 36.016707
46.879839 30.390261 27.093066
61.843632 50.927710 34.456685
84.350343 44.713399 35.297931
61.495203 90.287285 30.174530
88.453077 76.555724 33.982466
99.067291 71.132773 29.926029
69.586330 32.048466 30.999632
90.507102 54.378263 32.959974
68.509697 23.469851 33.602811
25.394114 41.579001 25.713596
18.559998 93.866114 33.216641
61.611379 70.200989 28.932233
11.729467 20.169068 30.768391
44.294357 27.210398 37.140640
40.759730 36.949222 34.402929
81.797452 32.564393 34.929461
87.900633 70.382099 28.404609
77.886620 3.597773 31.355629
37.027440 62.576182 31.216392
41.740470 31.764673 30.603390
4.640955 18.719587 26.277541
93.252376 22.868254 28.233362
62.959400 37.701568 30.524744
76.347229 84.613605 29.326776
65.439116 43.796688 29.927206
88.844953 93.876350 27.384002
45.985409 8.851549 28.850738
60.340859 88.918348 36.395981
18.005739 34.388921 30.477374
68.882358 4.916999 33.700532
59.963049 27.422564 28.105466
54.226778 48.077341 30.807623
79.465546 86.710407 37.290499
74.351671 24.254503 32.532197
39.235582 79.840381 29.362223
98.064139 35.413978 30.339711
7.817003 41.580326 30.226091
52.093880 77.367116 26.609306
4.024692 43.729428 35.861942
82.332620 38.011964 27.171233
62.601919 60.636532 35.582594
90.585580 99.199067 34.486713
73.068986 31.472141 35.462620
84.204072 46.790749 25.149871
25.545802 60.336511 31.351094
70.024427 19.044671 30.650735
68.426631 4.659733 26.117850
36.972149 45.640037 33.367931
56.877108 93.129502 27.052272
83.601893 0.201398 32.235733
84.813186 95.385829 25.984722
80.492082 77.473731 36.983880
66.356373 19.423997 26.130496
5.890347 56.140661 36.454734
64.387183 88.733253 34.159749
68.619415 32.561050 35.050178
51.658360 14.196346 31.517915
2.080757 35.573182 26.248538
67.184743 14.057510 31.970452
31.516385 34.172310 25.017242
67.662843 29.027883 35.588491
39.836149 26.457409 29.308462
56.258336 46.825213 37.041153
0.755969 6.310880 29.975487
79.612678 17.695886 33.137968
6.517322 80.983347 28.208254
72.562358 2.670822 30.468529
47.082865 89.586856 29.721128
36.795648 23.290961 26.405625
96.828023 8.934457 37.299706
64.494042 91.183373 27.271120
70.775573 19.565808 26.074126
43.322127 62.062669 34.868584
83.220612 74.843095 36.162392
41.776882 82.147134 30.322326
31.632945 26.400032 34.275390
14.391819 16.501420 34.217155
84.739193 61.369063 28.748567
93.440520 2.342023 32.970092
78.892068 85.560971 25.879607
44.916181 82.898839 30.597707
15.415991 18.272434 32.619709
4.558859 38.034169 26.628476
17.933713 78.864364 30.498246
67.083472 40.762297 25.802161
2.003824 17.307510 33.216909
97.953294 81.063208 31.362567
78.814125 11.548709 34.913389
32.629759 75.546448 26.482864
91.513950 67.061474 28.922007
43.269037 50.611809 31.159429
5.751857 92.365971 35.640409
98.506661 13.184100 36.957308
56.758996 47.540241 30.750255
89.366255 29.470388 27.018303
81.894636 73.872808 31.888712
66.422687 6.636313 25.430533
45.660104 39.957689 37.417157
69.877533 31.153260 27.628367
78.295835 67.743206 34.851862
18.254750 84.360565 33.508878
37.494080 97.171660 29.349396
45.558057 93.349872 31.395111
69.289278 85.297512 37.189403
87.737490 77.348596 30.735795
94.996844 68.033277 35.681341
96.395741 39.998559 30.810955
54.190159 68.525396 35.401780
7.556014 33.017364 30.688159
49.549677 14.072621 33.274243
51.171616 34.184147 27.333581
18.056208 25.474878 32.460480
49.788369 93.355407 26.351180
85.742207 86.305054 26.991568
80.720565 61.534377 33.248139
13.305077 68.275539 34.971327
21.988704 66.486612 34.912258
60.226507 39.957508 33.692137
70.448841 40.560565 26.225440
77.256993 44.535482 36.933412
52.483371 68.200978 37.368008
52.834153 0.402161 32.934487
52.148318 66.087870 28.791357
35.171031 88.955090 28.433071
40.687021 1.985111 34.312215
86.597567 6.949119 30.844802
52.947146 5.324621 28.273651
13.275930 20.594416 37.398815
21.059597 53.303516 33.851231
31.644760 45.293619 33.887030
54.826442 56.846971 36.079868
5.825150 66.526558 31.153740
58.773869 28.475375 36.342466
36.629674 29.750801 37.164801
24.242883 7.062824 29.301538
22.422835 13.420872 36.488386
60.520768 0.770748 28.074773
1.264022 14.865123 35.827967
13.801050 28.399943 35.094927
64.977588 2.685418 35.919472
50.396688 8.700564 28.147917
55.498794 30.131912 33.344953
68.769909 0.635736 27.379515
68.528570 91.397896 37.129770
39.487991 24.174477 31.503848
47.693906 54.795610 36.672686
43.428174 68.386801 30.623575
71.962272 25.393707 27.893177
22.538847 6.270055 27.918479
91.114431 89.005703 34.727874
15.841174 76.480118 28.935424
87.804881 78.296689 28.199893
4.086658 53.450759 27.125476
37.706624 24.670572 33.789420
27.217676 3.156102 36.944161
21.733875 30.037585 28.666253
57.492490 19.075475 28.996799
65.620273 39.225351 26.262768
48.342952 96.680398 28.642788
69.807476 37.980800 36.560888
68.543483 2.756693 25.398506
91.124892 14.861175 35.327102
1.611922 93.629447 31.628091
26.345561 20.348147 35.613025
95.683214 20.537105 29.235365
98.189020 90.719187 28.667438
46.200139 29.817339 32.383275
2.785091 44.680100 30.602441
12.910685 45.871921 34.470378
2.699491 4.167118 32.456558
25.086580 66.888980 30.660200
87.474956 23.019157 36.010452
37.345346 17.670973 29.858961
23.287570 32.658034 25.126091
75.863664 63.862373 32.398867
42.385904 32.165181 25.006514
32.937726 82.247971 30.368442
58.460902 31.431117 28.635199
36.276987 86.656870 28.776992
90.770567 95.849846 36.810391
32.299288 33.080261 26.954090
82.228551 13.599794 34.391535
17.030622 63.061355 36.218540
27.836365 1.296781 35.646768
40.177807 55.007550 36.830233
3.247622 61.900602 27.027609
58.874712 95.979394 30.602480
34.808752 5.788004 36.238647
70.060304 46.531844 25.626601
0.953683 35.188124 32.293933
49.221446 62.393597 30.992184
80.946797 17.490501 36.939940
59.723091 54.773501 36.592425
24.988492 32.710897 36.752285
75.764713 88.373198 27.798457
76.872007 29.317792 35.514263
25.279186 65.769687 26.101381
76.411717 92.739084 31.967839
74.894155 11.556898 33.378767
67.924476 98.032045 36.951914
70.266492 95.270258 31.428436
6.569376 9.930870 26.137304
93.000697 44.515587 32.472629
74.140431 42.289592 37.166220
64.308701 65.327038 31.230986
67.938459 97.029445 28.502651
49.067428 94.595585 32.277498
83.698106 56.495181 36.915307
52.181049 70.377782 34.386638
98.887550 94.619556 33.333986
31.257536 55.494571 35.336340
61.904966 52.501871 33.232360
38.915112 75.714687 29.756466
81.477786 14.319465 31.985903
95.514053 45.015498 34.240449
72.523975 15.041915 25.628708
21.852530 74.159918 33.852082
38.535980 85.361106 28.317539
76.561828 68.253476 28.216111
69.580046 3.122087 34.030099
95.080192 94.600042 28.293187
59.674291 57.537999 30.950178
62.561277 83.301191 28.086164
14.600884 10.744751 27.833406
18.508975 59.255800 37.122625
82.650613 59.070039 37.342788
53.370636 68.646474 26.830268
93.586352 54.249413 36.792565
66.076517 66.084064 26.792393
72.594865 59.842432 32.551782
58.004550 28.893823 33.699199
72.043277 34.182087 30.478753
82.736340 3.943686 31.040825
86.093897 7.106469 34.306488
76.763218 10.238433 29.329610
64.113787 62.340504 31.625400
5.401812 84.942557 35.904827
75.497855 24.004049 25.637912
11.163278 42.373040 33.800830
73.082462 92.393337 30.832004
60.013865 46.638451 33.200485
26.440996 18.534397 33.350283
55.303114 87.415748 27.404775
58.305094 75.403729 31.957911
64.939730 26.378417 27.323099
99.128148 69.481714 32.927605
78.907751 34.512698 31.191218
6.502033 11.520754 31.214343
21.454489 7.533520 27.797782
47.980542 92.590103 28.013171
64.794497 65.047158 25.470290
29.295664 36.071469 29.843499
86.941939 11.859607 27.047115
2.751098 5.965757 27.481779
8.154896 8.938042 34.680789
54.022353 31.975188 29.921492
15.130830 66.056579 34.450821
95.989273 28.468753 32.293812
2.433965 89.859489 34.989962
30.960475 93.254280 36.540893
37.278980 90.807237 28.709802
42.675178 99.746367 36.345789
99.166948 82.040206 30.510822
11.815978 20.322742 29.880219
32.082614 83.312093 27.773838
49.507866 52.201939 28.575994
63.472991 0.932858 26.220566
19.526048 11.010919 27.873667