92.130218 79.639020 31.908075
51.842264 82.596370 29.211033
82.717355 40.956986 26.364989
61.264516 14.609700 29.133459
11.763730 93.958853 28.324198
13.902433 71.063828 33.628550
67.003830 23.022237 31.158141
60.015111 95.180642 35.228912
74.218972 16.148549 28.500229
33.441913 43.953984 35.209440
85.386211 95.914171 29.949473
48.615142 97.348899 33.771766
37.902570 25.971682 35.615275
42.004098 2.142813 25.381418
99.372270 32.828462 26.033447
17.734975 86.125338 32.005766
71.819172 40.500806 32.699845
75.749010 96.673730 31.338965
38.951489 49.509396 35.371573
86.053545 28.262223 26.520383
62.634063 35.820919 25.650634
73.700935 17.964889 36.617459
19.577288 64.936887 34.186921
48.304602 51.212853 30.347961
95.661981 28.035715 30.345032
33.050942 92.566704 34.241876
90.664627 15.598546 27.041227
49.061100 62.094755 27.841954
46.251086 68.176636 28.870970
55.887715 71.692622 27.807449
79.954118 30.529346 27.782151
6.181254 42.106390 28.048723
30.838750 78.863133 35.444287
87.197084 35.182381 30.193488
46.361192 95.429634 29.273054
34.084916 12.776856 33.599314
78.653646 59.477858 36.131412
74.074504 72.491893 33.314433
5.200581 58.161899 35.157940
45.386140 63.104560 27.075065
95.584935 13.446112 31.336074
88.797258 84.954657 31.997484
61.293005 43.052050 34.322520
33.366291 73.313883 35.720866
42.876706 91.343705 27.908124
74.125653 58.218676 36.534082
58.056734 28.828853 28.758697
67.751137 19.001386 25.163659
78.161346 16.896404 28.503285
24.552949 80.508065 29.804107
92.755674 69.109228 26.713050
55.392711 96.500523 28.338084
18.310151 71.238508 33.879035
77.545206 23.233125 37.200785
69.952279 27.525891 29.696182
56.130464 90.784888 27.184503
61.750965 69.080499 35.998404
3.183587 59.966276 32.313235
6.653485 76.978882 30.285101
31.777755 97.958201 32.869664
7.843320 17.637332 34.792608
78.661135 7.513345 29.464413
57.601655 13.984093 25.694448
69.447957 16.739844 37.318831
89.254489 67.227043 35.297501
46.369576 41.295438 27.057851
13.035982 89.523679 31.438835
81.993508 3.217422 28.495894
54.377698 70.947252 30.851831
68.603621 62.223534 29.951734
97.079209 34.674166 27.408970
22.141890 62.150566 36.317241
58.646271 86.485455 28.908675
54.322574 91.424199 25.089507
47.703205 44.668770 31.433767
52.936349 48.556255 29.920746
90.807077 39.468443 32.956998
7.687885 48.402714 26.270624
88.968053 26.085672 28.771341
5.010046 2.021169 26.772789
6.276870 70.993515 29.149999
13.580237 50.379676 25.035791
71.404627 98.857679 35.202325
31.823616 76.537524 32.416996
37.360924 2.195782 26.681217
93.235294 76.816340 36.976014
81.255472 67.271790 34.789975
5.924905 24.828434 29.507122
50.416296 67.955025 28.772965
23.155984 43.216554 32.661609
68.831455 82.263930 27.983444
57.889230 95.867543 34.907780
37.256668 80.287009 30.422172
88.836151 68.395768 31.980600
18.320494 3.872867 35.374591
12.597895 29.646046 34.259819
50.708934 76.298777 32.944012
20.240467 84.581249 34.157221
24.799945 33.997249 26.856529
57.775979 81.449536 31.382539
37.360054 61.200468 37.363300
42.877202 47.003275 29.515026
4.311261 1.252273 28.665955
38.415421 34.067041 26.833362
73.288618 84.377184 25.207576
21.966803 27.165441 34.164771
42.357602 23.164031 28.801410
97.901007 95.101913 31.086778
66.467268 38.027892 27.474344
61.841362 85.727873 25.214246
25.817075 22.455486 32.175709
60.027399 23.414285 28.743979
41.090577 13.109267 34.231797
52.596355 95.328084 25.276889
89.329206 58.595736 25.136839
19.714958 28.551338 27.505248
84.891090 97.287321 26.521227
43.130159 28.838432 33.796120
90.103218 34.022771 26.046396
26.317054 28.945161 27.537946
54.539108 49.113933 28.725480
70.490462 77.318848 28.568814
48.230245 17.527247 35.381330
65.600254 86.162050 32.267789
49.004591 90.232390 30.040830
45.706800 35.968682 26.016247
73.955857 50.577119 32.304201
57.148501 28.571027 31.567097
10.468623 19.736106 29.222568
6.683972 63.152260 31.399497
48.738091 31.198619 26.885162
99.893689 25.361365 33.436653
16.926946 89.637475 36.191266
71.168123 80.102197 29.955932
75.401620 45.653540 25.905453
85.311232 63.032500 35.679349
88.331206 50.930972 34.350505
99.881680 90.109577 30.194413
90.187219 25.051189 25.559153
52.635071 24.847616 32.219285
91.085839 89.597333 28.868314
75.280919 26.389623 29.290803
74.399791 74.208070 37.053943
98.570584 29.873852 32.802828
85.358969 66.905543 31.827985
56.286893 58.687749 32.288394
60.105541 98.272086 32.068757
25.909110 42.168698 33.352851
4.426073 45.009571 32.014806
98.349567 46.362544 29.840430
11.292350 23.366500 32.912739
5.541906 18.202269 30.800335
23.421914 34.223903 27.319224
64.549149 42.389518 35.028284
64.885533 51.659211 34.060203
26.625613 70.725782 36.312991
78.707852 30.656972 25.963826
54.116124 55.308034 26.203250
68.339033 93.806459 28.335617
78.135932 23.483732 36.108276
11.679038 63.549096 36.215893
73.101861 57.451728 26.478408
34.119348 63.300342 35.869228
48.960755 23.308362 26.999267
47.889422 34.246727 30.026732
43.084147 95.101759 35.720539
3.355838 32.361132 35.899092
4.355001 97.876029 35.714156
54.061809 88.605655 27.092497
90.400190 37.955554 32.431939
42.791511 19.039999 33.756741
6.266893 44.948674 37.079134
0.769171 76.972601 27.135595
23.171414 71.238331 36.285517
5.866520 21.589140 29.327329
12.918561 92.506995 31.414156
77.968057 63.254601 31.014681
60.778996 53.308762 36.462871
44.565428 97.667368 35.107045
99.173590 21.345491 29.331035
8.252921 10.724888 37.349756
79.277544 89.302124 29.575080
0.819253 57.635649 32.133057
44.757714 72.527136 35.242292
94.617795 31.535318 34.014389
75.285623 36.037525 35.912463
38.008170 34.706486 34.797618
74.096370 95.832957 32.235107
53.746547 96.905961 29.744388
14.737349 9.077547 36.826022
62.838180 51.468498 36.642831
65.114614 88.046969 26.033312
14.628378 34.730088 33.377756
27.919854 23.730821 30.280806
14.970795 83.960239 30.285390
63.309539 98.890964 29.968161
5.403075 32.870950 32.547466
52.627234 7.261491 26.835122
80.759220 82.804711 35.339323
25.905460 31.070225 26.290307
76.620206 22.401149 28.821867
41.435192 1.886770 28.476741
1.346406 30.951313 27.570272
78.393560 34.367901 28.355213
58.701037 38.414123 33.833234
16.836244 16.392033 26.781860
26.486669 80.147412 33.040369
38.643672 1.282967 28.378626
86.201974 71.708929 27.767916
4.658395 96.656824 34.356119
13.191153 1.961336 36.373013
82.153026 35.595279 33.009241
72.192227 3.790568 29.305604
49.873128 83.373340 36.790827
93.380405 34.827936 36.887604
45.254538 42.926167 36.447621
96.298682 9.233858 34.927180
59.265068 98.518712 36.407065
63.667815 11.403108 35.030841
43.572357 10.132559 34.965444
36.474969 71.644830 29.558370
96.337136 18.758265 35.573375
12.156505 44.502705 27.115766
85.538600 20.720861 26.909905
44.305179 77.188941 35.410066
67.997748 84.940613 30.222370
68.560454 12.853687 27.071310
48.531657 69.397431 33.750458
38.414901 46.679935 31.796429
58.953195 22.362610 36.110870
30.906837 64.273725 30.933406
25.446794 71.446700 31.930093
84.286353 4.273168 29.603128
68.667253 52.365986 37.176705
42.004936 72.014130 35.450190
53.551358 2.990156 34.257373
83.433249 97.326302 35.846309
21.241312 99.062665 33.012142
98.608631 6.676767 32.223299
77.249623 6.212483 29.090887
71.548278 29.798204 30.286358
16.363925 46.068113 31.708890
60.789092 62.906955 35.834241
17.942768 92.716013 27.445141
97.706383 5.567687 28.910358
57.454908 69.314090 34.532300
2.832003 20.052433 28.731588
45.324476 23.634867 28.247584
13.508922 19.736378 26.690116
50.630897 65.961797 29.253960
44.659209 99.172899 33.690327
23.696468 44.237225 33.832370
4.711858 1.228983 26.572345
20.970708 10.279030 31.933838
36.396304 79.030000 37.406297
73.486902 16.441001 25.473187
91.463228 62.967856 28.774400
63.992616 41.569254 34.348209
1.560525 76.879124 31.952209
25.781984 30.028771 36.393845
35.244142 26.593128 32.107770
46.204442 71.670875 34.241887
99.307058 57.378391 28.996951
99.691687 69.130130 31.109506
94.762022 50.369151 33.934380
77.682465 63.068740 26.204411
51.923806 40.918439 34.309192
6.571837 39.090641 26.572773
2.605544 13.301754 29.058803
63.649942 72.382151 27.568080
65.340497 95.180480 30.720705
91.196536 26.674627 31.321218
59.781388 39.718113 29.848017
96.107880 33.160961 25.070840
93.152488 75.465799 36.617857
15.560589 27.033260 32.616136
47.862177 95.028591 27.246647
92.016396 18.064358 32.302456
15.247830 42.594190 26.036549
7.615116 5.305497 29.242938
95.636941 98.706321 32.031221
49.614123 39.189675 34.429185
67.905348 7.483713 34.856156
28.472417 45.423942 25.348408
48.919784 42.967172 26.727136
12.696032 32.685111 27.642148
80.063949 39.486714 26.334331
85.149308 17.983883 26.023576
41.074192 4.687845 36.977734
31.810027 57.410567 34.400447
43.255370 46.141528 33.842722
99.615117 66.254185 36.914203
1.908523 13.239990 25.186153
86.649959 49.678851 37.319372
86.106539 35.753498 31.207653
93.070812 41.436410 25.143734
74.124344 17.810429 33.995325
69.331891 17.551682 27.446828
95.856749 8.484280 26.693702
57.644069 92.837634 35.868741
8.033554 74.060978 30.637414
87.634456 47.850473 34.548218
66.639655 45.588777 26.835235
78.560535 84.411751 35.748397
19.877112 17.640105 29.105724
59.008754 48.604720 32.490255
4.187525 5.935012 26.894388
33.267625 65.629312 26.577626
60.328064 53.169406 31.829379
34.867341 15.570895 34.739285
95.626863 26.476278 26.707649
2.114427 76.154886 29.343934
41.907414 37.677858 29.647331
85.281738 34.551935 31.002448
11.848097 82.539566 35.042960
31.951276 93.173871 36.985258
82.491364 75.637025 28.639664
18.738336 66.899787 32.899369
45.449101 93.361064 26.036460
67.102300 78.130697 36.630254
15.995428 68.006504 31.941754
58.357231 31.866372 28.558256
97.906830 87.126424 35.434006
32.997174 58.738202 35.559753
3.956937 64.771015 31.396552
18.550023 68.148690 29.010031
16.474632 86.922943 32.507948
14.887480 45.149497 36.076640
92.586258 94.176429 29.566177
96.294315 50.665945 37.211136
62.677982 55.654490 32.793287
54.436360 82.974236 29.623716
35.132742 35.622780 29.502014
75.758665 61.753606 28.381888
79.435768 61.738978 34.182874
21.582681 54.238471 25.087017
75.195886 37.825405 25.855931
97.891986 44.864061 36.943388
87.808010 0.121127 34.792461
12.120552 0.133046 34.430774
85.192506 86.304382 33.142866
60.267740 80.061572 26.188313
25.005273 1.653023 28.916859
64.273267 64.581390 33.289060
16.388634 54.858809 27.981997
71.150309 92.119955 28.362168
4.917839 53.658884 36.704283
12.573548 23.931113 35.668570
78.420212 8.811312 28.829994
53.495174 44.326733 26.300949