20.420619 0.446202 27.465308
10.203503 40.478626 31.220156
37.861176 72.759637 33.454510
73.047851 68.603232 27.796798
1.100919 35.257870 33.813899
73.141916 87.522485 32.640114
69.781449 35.875373 32.801198
64.626281 53.698224 25.097388
58.485375 1.759107 26.617674
67.927372 8.391258 36.892853
74.807720 65.870805 33.674580
93.954143 77.002280 33.760753
92.404561 6.279330 36.230624
35.885637 91.261258 33.961499
35.797846 62.544087 34.743876
85.148662 12.316543 34.321305
72.435819 41.486764 32.178609
31.246174 2.324550 31.316987
85.956514 86.396812 29.970994
6.481645 62.503425 33.954783
53.277020 85.859134 35.138927
99.696522 37.714831 29.561170
56.644652 69.349639 35.532225
62.252999 80.804508 25.101629
7.477282 30.764322 35.134562
79.777595 40.937249 33.065892
47.664985 55.059700 31.752048
96.996566 25.760166 28.162354
86.619864 72.512289 36.642829
55.066255 32.799393 33.666404
59.702749 84.768183 35.632354
35.314352 51.578762 28.259102
89.500640 83.395165 36.983224
65.356213 61.506921 33.000542
93.090937 81.358541 28.757963
68.913209 42.960046 28.563781
25.275453 34.300530 25.780481
91.840727 72.001272 28.140265
48.100213 15.798012 36.430717
22.053363 46.668701 29.534631
95.801643 39.986687 27.319127
27.723573 44.296765 36.957649
60.274969 53.649541 28.214106
37.851538 21.195184 33.305127
10.435517 77.904537 27.513533
19.902804 74.420855 27.054073
29.925542 14.663250 36.984601
35.603957 25.258451 31.921920
23.680019 78.903683 35.530559
1.468757 4.417763 25.267313
26.168528 60.789453 31.906990
83.652244 65.920654 34.935327
66.409071 35.750631 36.598751
15.022863 62.580176 33.489278
89.084126 42.570442 35.683160
91.015824 22.868328 36.434880
22.987029 30.125832 30.071594
2.598561 17.469498 29.335312
99.602668 89.969748 29.453810
20.079842 44.653071 35.399175
83.955577 20.100242 28.132849
67.942798 26.672152 27.794231
72.105215 51.745642 25.321231
14.996046 84.619295 34.176956
16.180559 44.178434 26.794968
39.256597 75.556284 26.373199
54.327978 8.383201 36.973374
15.271917 13.952300 34.441888
20.208599 93.875369 25.826379
88.031543 92.227638 34.363282
48.703297 98.627624 32.351736
60.665875 94.291860 28.163777
64.447963 36.354286 37.263544
98.884522 32.101759 32.214707
54.437423 51.840876 26.024266
53.612363 97.648610 33.390828
9.076868 39.303378 33.302209
58.498681 81.254899 26.033250
54.710238 67.339434 31.911964
5.383716 91.766002 33.805286
94.935403 45.885270 27.749331
1.140121 94.796140 32.012141
39.944874 83.999087 35.851368
12.261797 56.806165 29.440992
66.529118 4.319510 30.056590
84.707599 17.841513 32.968678
92.173000 98.985366 25.224720
90.754796 16.557938 33.974444
10.389185 68.904786 27.732391
91.619662 83.213632 31.526860
86.606676 22.742081 31.259531
83.526672 13.486470 25.212203
83.554462 34.935876 30.748047
99.793004 23.628027 26.102470
16.869886 48.027359 37.204483
9.510578 45.142388 27.010601
8.492069 51.646279 33.315579
35.331134 53.887040 28.065247
77.593470 92.047949 29.559984
1.393547 52.294521 34.080841
10.909162 58.997748 37.079998
61.039360 80.466779 30.398247
59.712177 85.145172 31.611015
47.207147 14.443703 27.617338
39.159350 38.168027 36.332833
97.135666 54.021847 36.223392
33.031635 12.861184 37.120633
89.876539 34.805915 30.552225
0.789347 20.034892 34.655193
81.722814 91.473914 33.600256
11.041355 9.140587 29.732124
18.421481 81.390579 33.679459
81.292840 55.710332 36.762317
37.102084 70.794967 35.735341
18.354178 76.545256 28.600468
65.810682 46.229706 30.157940
18.577516 48.309858 27.967964
82.530223 99.319254 34.144790
37.167121 73.263653 33.440459
16.406761 5.008991 28.242744
18.424421 76.514243 36.949308
81.725901 63.995057 36.561383
6.432032 23.608216 33.803443
53.819613 50.701985 34.902249
65.764542 67.860333 33.936923
69.116774 22.905064 34.318172
17.175190 12.601677 36.182350
96.026888 20.991887 36.490839
86.542295 19.025504 32.206930
3.388846 88.425506 31.925651
80.958061 94.541364 31.403436
85.545947 19.747335 30.841714
8.652722 27.204947 32.943189
27.675435 67.924019 37.378569
68.013659 73.281215 28.453977
54.141677 21.719883 34.408876
29.566623 11.043091 35.120548
89.626953 36.366705 32.013021
51.914299 41.029523 28.738719
76.141944 21.907196 30.978517
64.551786 67.905014 25.350756
46.969303 17.095523 32.392366
77.189537 78.088351 30.712662
25.807145 94.985098 26.155496
76.819150 51.481802 36.578690
10.732503 41.027813 27.324333
19.446281 45.137831 33.331568
83.932958 90.489731 36.147560
27.663067 78.265316 27.697666
95.595897 29.416031 27.438123
18.247620 69.014908 33.490219
6.613949 99.453539 36.894824
92.680029 81.125510 26.731695
65.353696 38.566714 32.250299
48.397617 25.970054 27.333646
12.107257 71.052247 27.468113
4.262344 74.177154 25.138574
1.607279 25.167419 25.449868
27.698560 74.822161 36.038675
41.419615 25.730959 35.542991
70.820716 57.721416 29.267544
57.454256 96.427462 32.392760
28.191871 70.779193 31.652652
44.373794 74.530246 28.194656
40.451526 16.103551 36.289901
85.089402 68.487804 28.951965
89.235117 77.349380 35.662619
89.022358 83.269157 34.084789
47.324508 21.691317 34.820147
52.932592 23.391673 33.346597
83.999593 8.232897 29.773064
72.380271 24.512647 28.169524
44.184173 57.949427 37.336125
43.053898 54.935948 35.206226
60.450185 20.683846 29.047553
86.588799 11.876376 31.334172
74.712031 27.432032 26.660029
53.076388 32.512057 32.596813
79.608382 86.762751 27.126993
71.769761 34.683950 36.367473
39.247422 8.390930 29.956164
39.212266 18.270303 32.576406
63.828618 62.846563 28.713338
13.458293 55.630705 29.351014
49.639483 98.754106 34.874093
82.062323 17.310200 34.926875
13.773121 56.550323 26.885773
69.432120 22.601907 27.272031
37.622030 14.278273 34.720389
95.730138 14.382911 28.967138
40.873500 91.737738 26.600948
83.728469 11.740900 25.283315
1.084396 34.801895 35.240380
25.399394 13.664953 30.912693
13.976580 91.862731 27.985680
20.526627 99.234470 29.806315
8.279247 34.377161 32.540606
14.817421 45.535433 26.774875
36.918731 34.177409 32.810841
26.365307 20.309826 33.597960
58.321708 1.805028 27.694905
29.198217 57.876686 29.556011
36.180168 26.206865 34.188240
98.250190 47.103533 37.378559
5.728978 91.172342 29.706647
40.416143 79.048181 36.857431
74.913797 39.197602 25.069835
29.016041 6.588396 31.566517
49.649535 36.839790 32.697107
38.301587 90.951478 35.174000
15.624261 76.037332 31.159067
15.241567 53.250260 34.318732
45.689193 5.808870 36.762319
7.996560 79.221920 25.072974
60.863715 16.435316 27.987534
58.856234 81.657290 33.649311
9.095269 35.859514 33.435891
44.773009 18.182132 29.666787
69.761270 14.607579 37.326764
60.383545 33.669454 27.489629
46.602843 64.848824 28.551192
40.758151 34.545408 27.818970
58.833857 4.454675 37.088832
44.053731 19.040293 25.659112
91.964893 29.209342 37.300955
45.051649 54.583568 35.045949
16.731201 74.850388 33.645208
23.293591 61.696689 33.085625
47.626471 71.032628 27.617413
96.778150 56.061193 30.282300
84.909051 21.460419 36.631008
96.243322 79.713534 29.900554
78.393205 72.575707 33.854844
50.187944 43.895689 28.664376
54.612103 42.501559 25.354751
15.168041 23.421774 29.367246
44.823854 25.042850 30.306587
35.697280 53.120635 31.756887
46.940385 89.464367 25.364335
22.857647 30.898532 33.639571
24.706100 76.422850 35.712643
74.011580 12.358950 27.375577
47.684502 30.112856 28.853744
22.235786 57.421328 29.979826
14.808823 66.202769 32.164622
85.047726 33.122755 32.648905
13.678508 55.816803 35.009026
42.849315 92.333186 27.194350
38.741236 41.160333 32.124726
87.707677 85.157230 32.078125
9.767465 53.934309 31.544312
89.075282 54.437601 30.601686
84.274401 74.412367 35.263255
3.398525 86.332670 33.908490
5.247500 8.469001 25.242316
92.047539 28.241401 34.148535
57.459453 17.900914 31.651903
20.894550 94.519323 27.437337
8.402061 94.909712 35.495259
35.191548 37.652026 34.502696
6.964815 61.971410 27.239746
98.995801 41.203779 25.524960
12.724477 28.054576 34.609703
78.571261 82.494299 29.996323
26.536090 68.601511 30.625179
84.191491 65.223512 28.756977
50.968699 87.443234 28.462372
32.200841 95.860173 35.475207
94.265749 26.784123 33.383074
3.423697 46.806630 32.218720
7.995267 49.283664 36.666749
60.558757 94.126501 25.313136
90.587142 24.880593 36.303239
16.849394 0.574139 33.970594
79.114029 50.630917 32.774563
0.645595 68.424895 33.921788
23.816957 3.770376 32.619788
14.385581 6.311315 32.394970
6.132210 36.631598 35.651986
99.428759 90.473229 36.140591
73.893681 46.932538 26.310395
84.563622 56.076714 29.566618
75.470954 8.567762 25.661353
35.187026 17.082712 37.018032
27.688522 39.224475 35.864135
49.943578 8.296888 35.277798
85.327031 9.432869 33.586749
28.291060 65.880462 33.445603
22.717607 16.465541 28.780694
29.034329 7.903631 30.467144
29.782481 51.749708 33.801305
78.407626 60.884356 29.288780
69.086373 11.959683 26.664035
50.456768 27.632570 25.693387
46.080724 10.003430 36.955387
44.737633 89.797234 37.145978
31.958719 69.323673 37.034277
25.522412 22.107643 31.111594
18.162844 37.675256 35.443716
98.286100 16.830528 35.948485
94.514787 84.197577 25.112494
24.815186 76.245050 26.115915
58.486022 77.436809 27.795752
96.728035 47.837524 30.813823
83.039552 98.677610 31.024079
35.073338 2.457442 32.246741
43.062799 83.748219 27.515538
89.808606 35.475745 34.247074
53.778221 74.978064 34.278779
44.959774 63.966177 27.379389
50.714551 64.946187 37.274098
86.631617 14.892517 36.699379
60.183093 80.545499 28.074691
5.922628 95.968227 31.795176
19.854798 90.101030 26.962408
38.341119 86.373185 31.889064
24.805854 54.804247 30.107047
5.061439 94.128999 28.212798
86.758267 81.606142 32.931467
52.713262 65.189906 26.943652
9.091716 25.196777 37.243306
1.107581 65.638478 26.483664
43.513578 60.005523 27.784640
60.375579 83.101461 26.157589
22.724594 64.346679 31.669769
40.192638 32.814740 27.809353
83.970587 18.723908 35.986163
88.436980 64.342164 26.385315
11.260780 71.554076 26.875954
74.991625 5.652900 29.628776
61.345961 42.909850 31.056547
30.296719 28.304401 37.315585
11.004497 29.020461 34.718290
26.047560 65.982990 28.935376
6.806579 69.984840 28.596873
94.416842 35.632049 37.453279
67.366747 47.502785 26.617427
23.688325 22.768433 32.748334
56.192857 24.804119 27.652421
51.744176 81.565061 34.995448
5.414288 4.931518 35.407058
60.329830 78.619842 28.104638
1.050705 79.183334 28.832460
19.476113 2.983914 37.077758
56.325635 57.316689 34.196585
87.936142 58.734119 33.405114
64.903121 20.695177 25.053256
49.792953 36.920187 25.563271
67.886840 2.968991 30.083037
40.208362 47.432339 37.354381