76.964729 39.691095 26.039028
2.218633 19.265562 37.266308
43.716153 65.357437 36.467784
63.318338 51.457774 34.917838
87.279252 75.664797 30.061360
35.435970 25.020649 26.380905
87.843798 96.491733 25.127173
35.980555 0.687761 32.347529
9.514952 44.335922 26.718757
58.957047 65.342415 33.798061
27.042682 25.580401 27.665408
2.848055 67.638789 27.862704
38.728825 41.968028 32.841382
7.078931 58.252736 28.592742
26.057134 11.914638 35.360073
76.564527 81.264395 34.931368
42.233619 31.722014 33.079065
4.385990 77.455983 27.863000
9.930756 39.380421 35.314550
79.471639 43.165837 27.877225
21.733884 78.211353 25.821334
0.213911 22.125940 29.128576
12.007779 31.592275 36.040594
22.629111 10.475862 28.751212
22.053168 2.277242 33.373508
93.896983 6.638342 27.524072
13.062079 64.058626 33.146919
6.792122 4.997235 26.171752
34.533670 8.383757 35.987234
0.090906 57.674756 25.502243
85.308088 11.744206 36.410568
45.073880 95.294113 25.154316
34.801236 1.140480 28.132461
78.959319 15.095307 30.405596
45.650093 97.240157 29.985310
98.219339 42.368700 27.213921
3.388002 41.189168 29.607586
39.228611 3.482615 35.908691
69.634726 83.637569 30.893208
65.797555 64.413638 25.522956
74.162902 25.407497 31.718898
20.690945 90.795061 31.586611
36.353747 94.830116 26.226235
0.876908 35.553476 35.404369
21.720505 5.327015 37.490749
58.419932 69.668742 31.701703
57.190412 66.445282 27.354203
72.321214 32.869216 29.184247
26.152074 69.620195 30.587719
41.648109 89.166010 29.377284
41.064933 67.038710 25.704977
25.595433 1.441697 32.840530
37.644806 51.614764 34.748624
0.263188 13.299266 35.432670
25.666449 26.794185 36.709439
87.469505 95.205352 36.947559
85.592341 21.867114 35.641760
22.269233 9.760311 32.646540
44.044778 88.084504 32.313553
39.077731 4.018414 30.147885
60.838697 49.166264 30.274482
66.762192 99.375802 29.265565
18.896802 68.848776 31.131107
41.103522 68.184209 27.942243
83.574749 96.110093 34.248279
40.459718 94.140297 25.035027
81.814649 63.740447 32.175837
25.674054 0.320609 31.279813
90.119779 50.971182 31.853342
14.489268 90.728125 36.948402
7.020615 20.389197 37.419861
58.254188 1.581309 34.636685
95.678836 93.176247 28.545109
87.284629 12.486177 32.242472
88.214704 74.119599 35.012402
38.710073 98.087430 28.633538
42.661298 40.753783 28.032810
97.657831 53.375605 35.849952
93.252202 91.909179 32.020676
55.212512 62.940228 26.335815
68.011639 31.872983 25.408604
2.535475 47.016909 28.257224
29.236329 73.311953 32.336057
80.614228 21.672018 36.248154
35.331548 38.671174 33.775461
95.141231 79.799505 33.447150
25.363451 66.504325 34.603261
16.508459 20.028786 26.553907
81.227659 19.200416 34.864083
50.795727 79.570568 29.416732
78.934840 3.301388 35.942904
62.345284 46.590201 29.778503
69.084678 99.676532 28.500286
41.402366 14.349009 32.326651
12.244283 94.124817 33.554269
83.596707 74.244320 35.367406
47.928869 4.847811 30.855273
53.377379 59.624290 25.021700
93.449627 54.922407 25.967355
48.345233 84.544408 29.918258
89.001894 86.036776 33.936959
89.343902 12.821175 32.531574
33.686862 3.323468 27.049466
43.006160 71.018282 26.162346
28.015505 14.804642 32.879756
82.163062 41.791441 27.330249
32.679565 62.963854 27.140182
10.044081 61.497549 28.272963
89.088441 19.145969 31.610155
82.401308 18.573988 31.311196
95.065474 70.624564 31.715339
23.809902 80.175700 32.626958
25.643600 3.634942 31.116194
27.761908 9.934486 36.483475
10.984856 81.640030 36.660414
22.330843 91.833132 27.795966
30.826773 88.403864 25.208783
76.476555 30.386293 26.364540
97.110306 90.081588 28.421124
26.348091 71.749634 30.567712
50.119262 88.773917 29.636810
54.034108 77.713844 29.826297
31.016988 63.228363 36.886026
65.967562 6.767750 34.595799
18.247943 1.382805 29.745551
45.494448 92.513673 33.785733
1.372551 44.880395 29.049492
59.977123 97.300484 31.427759
42.594372 69.358835 36.479351
66.777823 4.263427 29.310398
13.726485 27.063612 27.684476
49.450104 21.526666 32.315306
80.814365 9.478261 29.956142
90.274737 77.219793 35.972469
25.367614 20.429510 29.464120
41.968545 30.758160 25.051116
55.250180 41.827914 28.647149
19.303646 55.617564 35.385221
60.495630 31.344574 29.909965
63.091997 72.148663 28.576103
76.524606 85.524011 36.668198
92.768435 68.157487 33.940156
19.884555 82.671478 33.308958
40.921716 8.431893 26.982589
11.127492 68.117508 26.544111
96.754666 54.010766 36.533842
89.766869 61.196161 33.836642
68.290631 58.897177 32.181420
62.013014 84.920106 30.612303
14.472298 94.894768 29.447743
74.568147 7.537744 27.481516
8.409794 63.917771 28.405807
41.436238 3.597480 37.203808
47.394058 78.712329 29.752824
95.530816 49.183618 36.297045
51.234973 97.081440 29.625388
83.021785 60.915718 27.405601
76.017193 36.949492 32.250754
25.581127 39.901381 31.974485
36.963161 18.512251 32.295494
82.477685 0.412545 31.757076
92.561080 24.455101 35.475698
58.945933 50.902437 31.343304
32.348289 46.736708 36.128582
97.863631 10.912564 34.567072
13.374210 77.222920 34.409338
8.463766 19.173267 33.460579
28.535505 66.728945 26.547700
43.469933 73.329879 36.810229
78.916085 5.440794 25.287425
82.450743 57.666512 27.404761
52.346582 77.891612 26.128293
79.352408 33.028070 30.615041
26.577326 67.691909 35.309527
91.267518 51.980616 32.194207
55.972560 96.747934 34.284808
31.955330 35.583806 29.728025
4.085978 77.554715 25.223162
75.187222 6.135816 36.432311
79.641467 15.190877 25.199788
35.086061 46.637384 30.177141
26.376972 32.176713 30.141578
55.665989 52.578192 29.954117
8.355948 65.899634 34.952731
64.587436 43.397847 26.126367
61.614263 14.806271 30.666394
67.932532 2.771845 36.936100
93.212855 50.265176 29.379339
88.650893 92.744855 27.241006
31.631508 56.039626 25.382950
68.147842 36.479372 36.329920
46.085996 0.227330 26.867984
11.850931 48.400011 30.983988
88.540614 36.344533 34.211233
23.589510 15.110346 26.112961
72.277829 17.340993 25.147397
20.869421 3.921414 30.387948
62.397634 21.214306 37.007633
43.312693 15.874162 25.690149
10.715771 0.326407 34.261026
90.384643 27.467086 36.320167
58.936157 24.993007 36.407635
91.138932 76.338327 30.760567
79.810569 17.681780 30.205466
22.532892 21.687255 25.409733
53.204669 14.767372 30.812454
38.734313 62.225526 32.378402
86.973575 54.586731 30.785566
2.217516 37.107758 30.755377
48.544460 85.970921 32.743207
10.263620 2.116778 30.779899
80.315151 29.680538 31.150759
94.058358 98.214700 35.476619
42.976527 54.808168 27.765330
62.495800 71.970801 25.548426
89.513602 50.588919 28.375465
78.587697 61.980318 32.445325
88.475042 53.932794 29.146428
73.560902 43.645072 27.513521
72.388005 81.519929 26.791911
85.731024 74.220996 29.935659
49.664997 9.247862 36.298361
62.694958 78.434779 27.612419
78.359697 9.494021 33.138898
15.624299 1.919992 29.794275
36.903595 68.662683 25.852463
37.593427 15.064923 33.157044
5.322280 25.633756 28.724482
70.911613 95.256489 36.822715
0.109548 93.029021 32.112181
41.527142 17.558356 26.938714
30.390886 92.372780 32.490310
53.699099 74.229308 30.501368
75.598887 41.842518 31.912836
35.011473 19.273484 32.889384
75.823171 23.811430 25.374091
96.654102 38.491568 34.214533
83.908043 76.857535 36.737564
59.945023 23.751597 27.834300
97.240190 50.510435 30.890045
21.885610 39.505224 27.367220
5.796213 46.739960 33.610705
53.033145 32.276042 33.174068
35.811912 73.795402 27.773175
88.858077 63.858052 30.296611
44.467407 6.640753 32.251604
54.272656 23.777921 29.488272
17.495620 86.641770 29.115967
42.720542 24.777911 29.196928
36.178070 98.221539 28.917615
71.305461 2.418732 34.045850
77.361599 79.009682 29.335853
56.449662 93.585649 27.337518
72.321046 4.313304 27.701255
21.625964 55.217844 27.867924
69.925821 82.119355 26.248808
56.383110 28.349042 29.536252
89.959718 69.170332 25.361202
60.049393 28.973148 27.885612
8.463568 77.572032 32.622935
36.865206 31.280985 31.773576
89.882131 91.188600 34.757939
27.289517 39.473198 32.559470
20.344250 96.474167 28.542309
39.359076 19.800670 35.352688
13.644696 23.345420 28.552770
32.246460 31.979488 37.314875
17.531621 38.847221 37.297062
0.202594 20.825002 28.560128
40.671039 7.837232 29.091141
55.571328 72.957768 31.409666
3.944937 36.624447 28.155950
22.405312 78.821713 27.755156
94.130038 75.313140 25.545484
79.332037 58.814617 35.447347
68.431280 27.422033 27.902208
56.383797 49.288377 31.309190
17.242092 20.527947 36.739516
61.985824 74.690104 36.539483
97.763606 57.971124 25.153577
58.427370 68.018220 27.299584
27.463917 81.654939 32.321835
38.690813 55.928774 26.788881
96.089302 75.570871 26.410959
4.562717 12.849260 31.247007
79.469915 32.190218 28.677791
92.446164 20.923156 25.498675
29.409055 29.823484 25.320854
16.266806 70.609554 35.490806
22.408138 42.294837 34.140348
58.769081 16.836206 27.255444
87.455394 6.528913 30.367601
11.962342 88.762742 35.445689
68.286848 23.829186 31.475831
39.440734 40.686745 34.133118
6.097175 29.591632 37.018775
52.463139 50.276039 25.077807
25.605678 78.095999 32.723235
35.514519 38.456805 36.305951
27.841300 14.647520 27.036678
94.814256 95.270607 29.683491
94.100774 24.095093 35.319091
69.736467 80.228766 33.805994
77.659759 18.165306 34.053055
54.314192 38.664515 27.717028
62.459107 98.522500 33.475639
44.114993 74.707751 27.041925
6.945144 67.863054 32.556913
95.006385 8.441980 32.284911
51.062546 65.159936 25.489103
92.336548 72.454912 36.843545
26.736425 2.163724 35.129440
57.936350 31.488648 34.325310
65.882648 21.659521 32.032961
15.057750 6.899352 25.296588
67.710604 13.320891 33.404405
18.825585 77.324974 27.516543
75.376175 79.364500 29.604099
10.698774 92.024641 36.886472
42.921888 57.939686 30.105136
80.387569 2.323018 33.689941
83.316969 16.225408 35.039949
72.345524 66.106801 27.436414
95.658085 37.321310 26.063527
56.367514 35.059480 36.178393
94.681311 43.328911 26.696349
94.650938 55.678934 26.039463
41.650179 18.437920 29.103407
14.437240 15.192210 35.779556
97.337087 4.434124 33.084991
6.476061 53.826547 30.227522
97.073955 53.512287 32.162154
28.939570 80.702471 25.144367
88.726493 21.769098 30.824559
85.490421 3.366157 34.540359
8.073210 83.455835 28.465960
17.036566 16.038594 36.389132
47.800434 85.598014 30.246373
38.049665 93.519495 31.114767
74.587234 51.945510 25.567564
32.166999 10.224161 32.424420
55.541560 78.040725 30.013839
25.504281 14.567007 30.469695
38.553033 56.708841 29.073951
36.490011 88.424421 25.144682
22.912671 33.304357 35.257510
6.124276 98.926716 30.479286
70.286329 11.117614 33.994811
57.462450 43.150745 35.510531
64.839359 56.230207 27.315101