48.628811 18.039615 29.500282
25.228925 86.920182 33.184400
66.710783 15.141304 35.800094
15.303673 95.375071 29.696677
59.738825 27.357642 33.742711
51.183652 80.703828 29.425273
94.338489 92.495336 34.189229
74.735610 88.517000 31.261197
62.917234 1.265946 33.873572
77.597618 26.776667 32.550916
43.383383 88.300082 28.547512
98.245616 33.522315 31.335457
84.239436 22.783162 26.871809
46.394975 86.003295 28.537396
13.948314 85.892800 27.784257
87.641045 75.553526 26.629003
1.232819 93.265417 28.304865
39.418676 96.339284 30.986716
79.163857 98.410251 32.860744
0.555959 14.408090 32.696408
54.491270 64.762789 36.126768
57.061962 30.005663 31.073038
55.622909 45.779214 29.411717
98.517772 41.506791 29.275995
75.927249 92.003428 36.633271
90.877272 53.991993 36.183562
16.710533 78.789420 31.621903
4.813777 0.821174 27.925347
44.893390 56.671553 35.770353
68.679254 19.638957 34.301612
1.775509 15.460327 29.819224
30.650550 3.697644 26.011683
63.779761 93.224784 34.907612
92.719007 43.671577 30.367833
96.737395 85.725332 33.873064
63.192595 93.379969 29.928578
97.345290 38.609793 37.087112
79.676364 45.477854 32.282898
44.802376 49.026553 29.872667
38.155161 68.464755 29.350530
88.141784 58.167877 31.125493
34.230713 97.209938 31.786196
73.995950 57.460007 33.020668
89.024062 69.382747 32.296587
7.032960 24.888650 36.565352
27.618086 63.016013 30.657044
37.082044 13.725465 26.414792
54.398668 62.409048 33.302630
18.933724 85.049630 30.670888
58.935642 60.619598 26.800400
14.034840 17.953225 30.391718
63.362272 63.247736 35.060420
69.004993 11.157263 28.912152
46.637665 29.747952 36.572247
77.600122 19.024656 26.028769
40.407011 54.329536 31.222910
63.014657 54.897331 25.051282
80.289523 18.662867 33.333489
32.613727 59.112575 29.917100
6.543794 74.588900 34.107867
67.320473 86.807655 36.046176
17.604961 91.769604 37.049519
58.232566 89.689403 33.896057
5.656568 46.320269 32.794563
17.899810 19.029234 27.020498
82.044811 17.830570 28.031807
2.929897 2.293069 25.232425
37.223255 33.592058 27.368127
86.301656 1.083333 33.436372
43.872685 18.977320 28.898583
9.543346 57.679477 28.984496
36.858464 0.365193 26.583849
55.867344 48.186493 30.341655
47.238987 12.570026 25.163831
3.036970 93.412528 32.127727
12.611094 75.501235 29.680220
58.630964 90.595935 33.337483
22.056096 18.245120 34.887887
64.632994 55.561512 35.807354
6.654582 79.030098 25.213083
59.223857 75.080960 32.135322
27.790009 57.236735 35.783764
9.584045 57.132557 32.080954
57.625758 76.334888 37.086811
28.152323 12.682310 35.932810
0.286268 52.335473 31.788034
54.010396 26.621729 32.936373
60.416200 7.665961 29.395995
66.226344 36.038151 26.407783
99.481731 2.838471 28.221890
10.293967 39.669100 35.404823
69.925055 0.659229 37.335849
71.766389 42.908244 27.345909
91.690516 38.410757 33.390173
75.124482 37.773763 33.669376
65.267186 66.795299 28.264985
22.293815 67.425929 27.085273
97.029374 57.601416 35.442968
77.127684 57.426915 25.191084
87.434904 83.896248 36.764022
84.278890 64.105265 33.823444
3.920192 51.981604 32.044141
62.807981 72.150378 36.924224
0.455975 49.563112 36.751825
57.457274 84.781206 30.205802
75.978768 42.624758 35.426292
77.876052 51.024819 28.031892
56.090566 90.432327 34.635795
87.638230 66.243640 26.703813
30.895690 89.612908 35.227111
24.741306 83.099966 32.726018
1.825629 72.755440 29.277711
68.213275 88.833196 25.458945
25.062813 68.222869 30.235758
65.446320 5.302926 25.643660
38.458650 47.429856 33.786137
79.964537 84.209942 29.779468
79.950376 67.929744 31.885388
95.328212 66.635413 37.443663
34.731606 58.219433 27.181488
4.465276 21.022783 35.745170
97.469599 58.426343 32.575948
56.797628 79.962295 31.159078
77.563809 22.268754 26.713006
65.242307 2.280198 30.270007
31.241173 43.229388 35.008593
89.752735 80.889654 26.909130
45.031694 53.603716 27.914763
7.285853 37.967778 29.427185
40.437529 14.659513 35.558516
26.893538 12.975283 27.848667
86.265584 41.969581 34.179629
72.727774 54.257115 34.722624
99.180619 86.022438 36.651436
28.255602 8.580094 34.717055
86.270335 65.380041 26.268346
90.121876 65.337489 26.476580
81.497999 63.627350 26.665743
62.069550 9.397864 33.348810
15.270204 41.030234 26.430912
58.693317 70.557227 33.770196
93.316473 10.369163 32.123360
57.580160 82.861466 26.258979
50.773450 18.706741 27.237980
19.442534 4.625735 25.173475
97.389631 45.877737 31.041943
48.614031 74.617964 28.950236
15.598058 80.207526 28.104611
11.884583 1.705881 32.823066
40.006948 67.102205 35.516380
29.283147 99.019442 30.161801
7.958911 87.330981 25.115362
50.217988 27.858544 26.369541
81.539072 69.226748 31.785107
23.230035 33.026138 30.274209
74.700759 65.242433 33.388250
96.827171 12.287332 30.222822
68.457020 63.014778 29.877839
27.979664 39.033024 29.890070
98.095635 59.173533 30.809890
3.444650 63.489085 27.809477
56.974447 74.055632 35.250822
10.811300 65.210460 29.021581
9.893772 30.771337 35.560451
70.689578 73.639466 30.344582
69.920006 42.324063 31.180108
29.181959 37.110470 32.517703
33.866538 79.445258 33.900533
49.239404 91.816861 33.899630
36.359731 55.613077 31.145022
59.043651 71.605085 37.322794
89.018838 67.317835 27.125309
76.357513 83.459780 34.314776
28.941867 91.546090 28.125901
33.799047 75.818481 26.146194
17.283418 2.742477 25.515357
0.735961 74.357917 37.341785
88.196784 35.604439 26.642808
76.961659 89.668584 34.619950
58.765328 27.709457 29.557381
87.771093 14.684358 29.264613
29.033929 7.267403 35.504250
17.045863 17.475826 26.172947
27.937134 25.784494 33.656413
2.866438 61.369081 25.655909
88.769697 13.056438 29.096248
85.518704 74.019797 33.687651
94.656573 49.623193 31.631436
58.884584 6.124171 30.537100
56.780995 30.619942 30.361281
21.796368 70.878391 32.612586
10.901988 68.716816 37.187667
11.702556 95.655278 27.928753
82.138167 33.708765 30.779403
83.268144 23.675367 36.814799
76.128025 68.783277 30.111063
12.994878 71.307147 32.306885
32.084225 20.713700 32.109035
45.897555 57.478712 27.843740
75.841688 34.775921 31.315043
13.375681 63.303958 37.430681
51.288015 29.665779 28.949357
76.615896 66.878894 29.231989
37.187049 15.092037 27.285087
79.661591 93.795863 30.501872
32.243205 58.902419 32.537424
17.680884 34.700636 32.348893
1.903547 13.129247 30.812200
34.189725 87.634305 33.502543
80.553633 26.102918 33.158112
34.003174 56.595588 26.989894
9.288498 58.827450 26.604223
48.676610 89.647308 26.021733
33.273213 0.662354 35.746025
49.883303 53.872692 31.150411
39.461442 11.100694 34.685194
40.194938 95.626943 33.558638
12.413424 48.769299 25.113990
18.217468 98.217414 31.869786
24.675724 83.020560 35.280306
97.141877 55.911805 35.362919
75.284369 52.645153 34.051822
35.745174 58.007065 36.137952
35.620650 23.168412 35.066795
62.302570 62.693980 30.172186
91.335600 50.964592 35.879625
21.766736 16.714959 26.235846
10.863621 77.769303 28.359345
25.740584 38.540658 36.342657
43.934090 67.138804 36.806763
67.875300 81.862480 32.177163
6.011005 34.353279 34.761668
23.311599 86.084321 34.296030
22.424690 86.921031 35.781172
92.953251 58.163231 35.366794
84.834574 76.760428 36.550682
17.658365 29.556545 28.118278
88.067157 65.932983 35.659746
36.862406 6.254736 36.552443
52.083175 64.789857 31.730829
19.395158 42.757820 29.083440
70.878826 57.650148 29.282961
39.742305 11.732495 30.346522
59.890318 59.485688 26.588929
25.461539 95.012895 28.955714
42.680986 53.211825 33.364092
89.094986 94.125757 36.901175
81.634777 95.359491 31.133487
54.977925 49.203762 37.273498
6.527528 59.953406 27.422218
64.297200 20.460252 27.851904
11.538557 67.013959 32.757312
66.032024 75.901033 30.174683
70.479974 33.522938 29.684528
58.687573 89.758026 28.203674
96.653388 3.811896 25.043588
99.387254 13.742694 27.006091
11.887307 83.036183 30.113082
7.258243 31.052192 35.368213
74.028400 38.384751 32.369041
89.865289 29.892966 36.384497
9.054983 1.896405 31.420054
56.528688 12.240327 33.693446
93.840326 65.925533 32.833443
24.726319 47.145400 33.011300
3.251629 50.898699 29.428442
96.884267 51.323511 36.167081
12.091465 17.042928 27.948463
24.243954 98.829408 34.304129
94.229961 70.816555 36.340240
25.664961 81.515075 29.908777
0.606088 42.055161 36.532085
87.464446 26.070627 33.560418
31.911702 84.747842 25.586364
36.667617 40.287886 25.443289
82.758918 67.074016 29.379225
33.760667 36.188943 31.522914
36.145595 54.970189 37.054872
88.542487 55.501787 35.232194
18.867028 13.821510 26.216690
45.318550 25.819573 33.695645
6.832549 71.343167 27.874949
3.390179 18.999587 30.930083
69.654627 7.635647 33.155477
31.642166 78.408583 34.829049
94.696021 84.868692 29.652535
33.271687 15.791524 30.229206
40.375959 31.970433 26.710714
74.333722 64.671495 36.134579
37.077990 30.795331 29.908162
92.449257 7.474132 25.737437
94.920327 40.339449 29.853489
0.095213 52.321145 28.146971
78.801961 34.443010 26.345471
37.831269 1.345954 28.409335
33.705179 86.454190 35.413592
31.214925 14.291149 31.469842
65.669331 42.289398 31.789310
31.309203 15.024715 25.309756
71.471503 70.963950 30.086684
84.712150 48.580067 32.280959
67.125764 40.777263 30.559865
63.332343 30.759513 27.436530
32.324909 90.238051 26.883992
44.898630 36.942145 37.217905
48.993837 41.784415 28.465687
97.822536 87.645178 36.378462
70.830478 3.668060 31.033130
31.806739 30.359320 29.359796
85.406099 13.857994 25.009740
89.242241 33.967204 33.677406
44.471332 81.841800 27.534455
77.716973 49.192974 29.052230
28.651873 60.268308 26.394664
37.399975 22.429767 30.607649
71.349138 55.945865 31.099648
50.861355 80.136374 26.522577
66.336265 56.108633 27.829856
74.707283 39.218298 34.578791
65.440823 93.254117 35.590566
56.850552 42.516329 36.076315
2.048448 94.194746 36.800174
74.463751 80.375784 25.128849
15.042601 56.023261 27.737676
43.048578 66.815399 29.216229
75.913380 66.462329 27.717493
93.575934 29.274089 26.054971
93.886921 94.704255 26.604084
34.788483 49.801813 33.074754
6.152736 72.345215 25.138748
25.699867 8.316694 35.439784
84.136751 59.984494 31.106905
94.356971 63.268064 34.322463
19.407742 98.724910 30.875079
33.695561 29.433792 27.745934
99.169173 72.134841 28.356950
90.012692 4.022448 34.284905
42.916903 50.529921 35.070998
24.769279 76.799657 26.416849
14.466245 1.153278 33.808326
45.477771 19.283810 27.471858
90.796345 79.221184 31.265579
89.817628 35.318439 35.782046
34.986218 88.795828 33.566268
83.598327 58.378698 33.609041
25.273983 54.750211 33.435362
73.914019 51.845507 25.335539
79.772307 41.911558 32.925925
16.688434 78.146668 28.110469
12.846091 77.276841 35.438915