33.397614 9.530903 33.519552
45.366013 33.307487 35.824693
48.569244 70.951307 35.139904
72.534170 60.622183 32.696957
16.780907 25.670374 34.895639
66.204272 40.206800 34.395723
39.201806 54.047867 33.660351
88.071758 36.140685 33.936065
53.216454 58.489589 28.669380
33.408848 22.925117 32.187319
43.909552 65.363107 25.427191
74.598614 49.941369 28.122485
4.366900 22.570831 29.958719
59.816811 71.323199 29.568931
44.751799 49.929780 32.212726
85.849531 65.896361 33.171329
31.384007 46.808938 30.762778
23.776094 89.504996 36.459730
44.720715 86.327584 25.880599
86.413462 57.769896 26.207702
81.684332 71.575313 26.675186
41.261592 42.003234 32.508677
66.459200 55.975202 36.904839
89.950138 42.329495 26.675190
59.651966 36.606249 31.270680
42.765262 47.005590 26.792761
0.495022 49.624358 36.431567
86.097350 37.757554 33.811814
75.119202 29.307281 25.918832
23.547450 63.923708 35.379255
94.307897 21.501359 27.592375
41.995195 74.628835 26.711390
99.444596 95.317351 31.059343
76.131111 65.098113 36.587176
39.267721 74.542104 26.206729
38.973879 91.290885 30.654208
22.526126 62.111938 25.243451
67.493583 79.087961 33.772194
49.191403 76.331110 25.626732
93.650372 65.582753 32.467313
93.773634 68.595458 27.578049
2.427123 35.695171 25.656141
27.989558 84.619278 36.506929
40.229641 64.495094 35.292336
36.951840 46.663558 27.881778
68.242726 78.489239 26.240298
64.876936 56.518235 35.871947
34.537980 19.258600 35.427735
20.700788 90.880955 32.165490
49.530788 55.171474 25.845317
29.123304 81.540096 33.222419
95.593930 90.249467 27.313028
21.587420 61.248083 36.310596
37.664402 73.673850 26.940704
3.237730 88.725169 28.162981
39.974964 91.438188 26.525024
22.329880 77.814680 35.906137
0.696815 33.346240 33.285906
30.534424 72.022663 34.895947
83.238740 27.262441 33.083422
14.553742 8.432666 36.904355
7.840565 42.313701 25.376909
87.099967 84.631281 33.049559
5.649581 78.032770 27.138145
80.973803 15.170461 25.616722
34.771470 76.155588 36.049530
96.676013 17.417035 29.923867
52.067949 59.323712 27.039885
4.031553 74.135174 36.654647
37.728968 40.440330 27.469773
28.194836 97.726570 36.604350
39.532309 11.143720 30.098471
65.358540 1.367221 26.283056
67.644438 11.228431 30.934095
36.420792 62.047831 28.331890
56.631906 85.455926 35.045156
57.806789 46.152175 25.771423
33.174208 54.251141 33.179923
87.198551 5.732738 30.143588
7.283181 28.357798 26.295193
37.682152 98.614586 29.556228
7.373648 62.447781 25.033378
99.265679 27.073021 32.979786
8.170507 9.438221 31.430845
75.560428 93.569977 25.989896
81.996783 58.295633 29.705959
65.040088 42.896480 36.439496
49.840166 0.895931 37.424942
0.205257 68.976630 26.289689
97.941817 85.841451 25.626054
37.335047 34.430561 31.630769
40.558465 27.157963 34.897714
98.306922 48.455920 32.984876
88.236084 0.325835 25.727439
61.702575 52.896161 36.176388
94.014638 64.991382 36.947278
72.701824 1.774754 26.568494
14.195280 94.662461 33.713807
90.613964 38.749966 32.552281
85.065639 49.259837 36.441322
26.686803 28.214179 36.049423
3.189116 79.240672 32.254276
74.114178 91.966784 28.510010
32.922780 75.638491 36.135848
65.417390 73.598588 36.559031
58.801235 7.358570 37.206431
69.838055 61.302075 28.028411
97.081569 86.855337 36.645317
50.125290 10.124397 34.553666
70.788070 41.816633 30.106509
92.516228 75.339802 35.286561
85.360479 68.491566 29.440875
66.147372 9.841499 26.821536
82.523712 90.527131 29.435284
57.453230 66.001762 32.024854
39.471526 21.820346 29.948724
38.117025 56.766044 32.480673
4.677327 58.376886 32.497409
0.083041 15.455356 27.333678
66.121816 37.733734 33.860958
42.806099 23.886938 35.592833
1.063087 0.478555 36.284309
3.538829 20.619871 27.442353
21.848012 70.377214 29.650414
66.812963 35.514026 36.438460
77.144793 18.417787 36.710641
2.971394 38.827850 26.556994
55.892904 14.527042 30.502442
42.841010 44.239406 27.780355
28.354955 43.421810 33.316812
54.171934 31.301587 32.640809
25.310314 67.435612 28.788294
53.235019 97.636497 34.402293
65.010020 0.558214 32.983639
43.747845 25.841776 27.870998
78.396545 57.940561 34.719216
15.270052 87.904300 27.860208
84.069357 57.912064 33.438798
27.904119 48.340805 29.798581
46.415889 21.142565 34.298189
65.364154 36.621481 35.688776
3.448954 21.141089 30.014568
43.884113 52.380745 28.301112
9.824135 94.167298 30.061310
48.602244 71.333558 31.473379
21.448184 2.246192 25.842189
7.026348 51.039048 34.170282
4.609142 38.070514 25.604331
92.612393 71.081286 33.666418
38.843350 10.635834 35.889575
73.472210 22.493568 25.805728
84.120523 83.681659 30.564090
12.697723 7.130163 25.807050
26.377325 54.740889 36.309700
54.933823 0.749967 30.420163
21.323873 37.344264 27.395670
78.850744 59.487423 32.095033
88.827000 60.364780 25.834985
34.568118 87.325349 33.672632
68.398440 42.459213 32.465528
88.806518 87.230658 33.427444
41.127418 73.248246 30.469650
70.993760 45.651498 30.981529
59.476988 93.661197 25.754049
22.189828 67.784369 31.424972
0.198913 59.859806 27.069092
1.370635 53.464763 34.833492
53.593461 23.903349 37.127062
30.381888 21.468658 30.780347
98.212319 78.509003 27.430305
76.010476 54.932184 25.972967
61.975105 32.068046 31.366609
4.205323 80.512567 32.062956
18.860631 0.908747 31.971497
10.575283 1.759719 34.502258
10.068428 73.612313 36.683029
68.096673 88.441710 29.056727
47.325136 5.021378 25.123678
9.236856 50.366871 28.612781
46.936601 15.019251 30.164024
23.695805 33.286799 25.591155
39.433915 6.742904 27.694543
47.788912 51.118970 34.278667
56.661121 10.101316 29.805460
30.425832 81.658551 26.800155
73.188863 24.915283 36.474368
44.181896 66.448222 26.843126
10.398514 31.467975 31.654015
15.404856 0.417580 28.490897
21.335078 53.850457 30.783950
6.805744 12.660844 29.245052
50.724577 24.743807 27.794425
25.723992 2.902305 36.190746
69.319127 37.198265 33.115162
87.839337 97.488224 25.033116
61.577899 89.573296 35.957513
80.711898 62.414829 26.991527
10.678820 19.603862 29.642351
44.615506 43.847969 37.363225
5.788566 49.087111 36.127191
31.379218 41.225518 33.247617
13.058528 68.486522 32.814274
62.974138 6.017056 31.458913
49.111789 22.499094 29.115094
15.673373 86.114856 33.531190
12.655193 44.134607 25.796076
51.942975 1.572877 32.338891
53.237022 78.111728 27.833072
15.704562 24.035762 25.692627
47.209634 98.287435 26.855088
76.248843 41.081421 32.443047
79.360120 53.745231 37.187316
64.956213 43.870669 26.476695
72.999150 6.257679 27.802884
0.718739 35.843104 29.570668
19.861972 73.819696 26.946472
36.487484 14.528712 29.951283
38.301118 33.087669 36.984013
51.818422 75.714619 33.409932
46.797084 75.122477 30.004752
20.763886 8.461956 29.811046
82.761215 53.967706 31.421907
35.365526 97.526040 30.952688
75.587724 30.516652 27.413398
42.517879 41.592616 31.458467
69.333659 39.910880 27.112213
47.940991 81.660895 30.153071
86.249199 34.972366 27.393653
86.333927 22.679022 27.531653
10.279181 47.725456 35.582270
76.282729 26.525009 34.185270
67.290515 4.584655 35.747797
10.993355 43.094747 28.610207
93.308012 34.651826 37.364386
55.996909 31.649638 28.958083
79.072573 85.046025 33.762833
28.819223 33.080946 25.087135
92.126309 11.712602 29.072330
95.774849 14.064969 36.086264
77.204508 61.720613 34.282002
36.023065 63.923722 25.899181
73.799222 32.536407 29.980288
91.163032 71.229879 35.349015
99.614563 91.124621 33.537981
75.719341 65.344689 31.705528
87.250391 12.792421 35.311779
3.873410 69.736766 32.022696
37.088560 41.385462 32.713647
35.206867 45.350661 32.425038
28.876168 61.188459 33.627063
91.437272 83.842710 25.838919
47.427024 5.427984 28.112653
16.566518 14.264342 33.649129
9.649122 74.687544 36.336175
74.290561 40.761929 27.053306
95.948656 83.149670 29.330778
45.511544 9.697250 25.985362
92.124105 1.027717 27.152144
35.805472 56.088938 27.138055
95.103442 28.484095 34.149084
60.690714 28.886680 35.953138
84.337524 67.878859 28.294367
10.263827 12.226911 37.215671
28.917299 80.384077 30.146680
82.463265 35.071008 28.208787
87.952877 2.591711 34.383405
68.891737 9.174818 27.677386
12.438922 64.531670 29.024565
7.341569 59.524446 25.805287
75.426882 9.767881 35.823784
25.929483 59.688842 33.139672
64.266819 93.776544 30.987037
36.947771 52.520988 27.140671
39.601145 26.251737 31.397286
25.042312 18.938925 27.441892
91.769160 2.816959 30.533006
44.153619 65.809480 27.599958
39.489125 71.224432 33.990675
36.940567 18.381113 32.066910
15.531234 89.739602 33.308087
13.729587 4.973281 28.023464
50.030159 99.619974 25.346857
77.545651 87.285246 36.118640
56.327524 14.782440 30.868957
49.115118 26.736947 31.736985
60.002087 22.683090 35.646056
12.365732 64.029039 35.799977
54.388123 78.850563 30.607037
20.647165 89.798222 25.194518
16.792210 18.069092 26.317356
91.080668 10.568965 35.525748
78.499909 75.433587 32.829013
48.952148 81.313230 31.011736
91.166444 85.168217 27.272080
45.952345 7.546622 33.996730
61.731084 71.916396 32.018103
27.273240 21.355106 30.106804
54.404636 57.425328 26.721166
17.244425 67.550343 33.795050
99.248513 85.677940 33.998281
14.736434 78.337870 33.385107
3.207061 84.524639 34.978140
17.122900 15.239676 37.334367
45.380094 18.416146 28.788528
64.447942 53.742704 34.618376
70.136400 80.720151 37.293149
71.217452 57.622014 35.392930
93.882504 49.865388 34.574171
76.146890 84.093030 31.264744
30.843338 38.829041 35.657860
17.093989 35.686370 26.841017
42.461373 2.555433 27.092189
28.467678 49.285398 37.030713
68.393588 79.314633 37.122260
56.041372 29.754098 31.092174
12.680706 7.300317 32.217209
59.709265 49.261746 37.314595
9.575117 30.837980 36.423597
72.466410 81.346000 26.897126
27.648089 44.238699 35.358468
56.082817 27.573754 36.719237
85.085240 80.798105 31.517106
19.574971 94.789772 32.495810
69.128488 75.096535 27.220227
86.351222 96.796183 33.963721
19.919104 61.617497 33.439993
25.625440 2.869101 29.041714
75.018513 80.817810 32.045596
98.260222 93.799567 33.294427
84.151870 2.414765 25.871928
92.245487 15.896318 25.383958
90.295260 64.275004 36.598099
82.687157 96.938875 34.493132
5.283060 22.280708 32.848850
54.947593 57.509431 31.960073
23.582624 12.162206 33.775440
77.291479 88.939980 32.663873
19.945281 57.540544 29.645498
5.281793 70.248020 26.866565
21.848364 80.047208 26.739078
36.851700 50.289068 25.139772
3.169078 63.012794 28.811914
92.290164 53.447060 27.194801
74.535443 48.816564 26.883083
58.559055 31.517000 35.834922
35.514066 89.163491 34.694877
42.667299 94.834521 29.366223
55.906858 97.511916 36.758458
92.787801 64.621516 37.321322
5.801836 16.800923 30.893779
64.054743 89.768905 29.025455
42.328356 3.509660 33.947666
25.134391 14.677180 25.463110
87.965732 70.064313 37.086739
20.113885 3.050100 26.917256
77.805051 94.576736 30.981886
94.865858 88.203040 27.236963
0.622245 35.795571 32.563729
73.746199 81.425087 35.405071
29.885415 25.858327 25.790484
53.052673 12.043130 30.629955
82.572690 89.084224 37.396993
97.293938 93.156424 34.254824
13.586145 99.930425 28.626093
43.863873 66.507280 37.225605
55.664999 58.307527 35.592139
55.925220 77.897054 25.722260
38.140955 81.327278 36.366114
31.704807 89.935153 36.036271
73.517057 60.677913 32.522513
60.933496 33.911131 37.051658
38.848035 94.400191 29.338703
76.511582 97.105661 35.628284
93.915811 86.797279 35.204929
3.764508 88.317544 36.880077
91.748628 88.039955 33.749977
73.712526 0.437287 31.254957
54.492881 41.458113 31.411569
17.077178 75.260959 33.384785
0.272220 17.263086 33.952686
47.996294 49.228832 34.918775
21.898819 44.670593 36.596809
33.511364 93.279959 28.548892
69.730922 86.126048 36.616010
27.921035 50.059356 28.991204
44.306899 62.629996 27.163266
94.897115 1.833987 29.475668
77.680388 22.284408 27.933032
5.191813 69.700298 31.667227
35.400946 81.655632 30.164635
27.477230 87.856000 35.263979
63.652220 85.711656 28.814523
47.636038 84.445636 35.492624
67.874569 44.523356 33.149260
52.451860 90.005549 35.685233
25.062156 39.027066 33.996935
56.160231 52.116915 34.573779
73.577284 75.649055 37.423230
75.919535 2.633353 33.998200
1.098063 74.709153 33.830587