82.319140 91.220184 27.903056
77.244064 93.300566 36.870003
16.238571 23.208234 27.449073
56.734004 15.717940 25.224073
12.142621 18.722819 26.032817
23.257490 36.278385 27.512218
10.273022 69.018917 37.212063
8.934818 74.768731 32.954107
87.243193 19.107993 28.694583
22.189446 14.873470 30.800357
56.749505 80.979620 33.708853
18.591762 54.615750 37.113860
59.347940 24.700743 37.201211
39.837234 1.504051 33.485412
16.411563 69.562037 35.018887
44.171142 33.185553 27.825988
8.945689 60.457459 25.255887
25.901549 43.762521 34.237516
91.606758 64.512958 29.254651
56.708471 0.677506 27.081873
61.816441 33.066571 26.542568
61.935727 23.444044 32.701523
25.250070 90.489088 35.296221
67.742331 45.508919 37.123553
15.357983 81.911429 31.343720
84.033588 97.670943 26.512042
52.936899 8.631688 32.634044
34.287662 97.443078 27.797495
51.487201 86.350856 29.656928
45.816147 13.279461 30.446187
93.301653 55.156390 26.382169
86.666149 97.978798 28.611806
58.014821 41.959387 35.743043
55.690709 38.269248 36.661735
0.980283 7.189403 31.505572
29.381617 45.483926 30.977647
81.144933 43.888014 30.600217
98.075650 94.922463 34.462437
41.171830 13.692811 28.421669
18.118692 66.314340 29.438191
80.109123 93.984797 33.558754
47.432994 89.623234 37.439326
84.621996 7.366289 34.500988
63.052432 95.487111 32.102001
65.538336 80.470135 30.807480
9.933618 78.226340 30.151946
97.847515 97.161778 30.460483
38.444682 31.856079 28.333314
45.834719 36.993769 31.376226
86.321814 10.524974 31.981157
50.970736 6.269363 33.195182
82.989291 14.334783 25.067156
68.898915 15.340936 27.276194
9.756566 1.065557 37.209248
32.433992 21.861729 28.632889
50.664160 31.031141 33.637180
13.780636 80.853202 35.334528
90.872040 9.404009 28.997833
40.291494 37.564114 29.970334
40.769162 14.804811 25.167713
9.799732 34.797704 29.050714
88.419733 62.881013 30.713526
37.927920 70.486888 31.327951
78.456374 42.648137 28.800862
90.511789 8.614910 32.653534
53.087704 74.622998 34.800542
38.796886 88.622777 30.094226
45.980091 18.061261 28.153179
18.073502 57.426757 32.585106
56.067776 81.462142 35.768202
24.779702 5.601658 37.480778
1.636624 67.713603 26.143070
27.074938 68.513334 30.945016
92.460999 85.257922 35.012937
2.122629 11.785452 33.747009
45.887479 57.872441 33.214539
31.834649 79.367959 37.267203
85.001020 61.156869 28.008009
95.724511 38.457518 28.859400
33.643739 8.502305 37.400366
48.250252 26.937536 27.659634
7.104179 24.762269 27.443093
60.055433 87.378307 32.176126
12.753267 90.098308 26.271561
82.369227 64.482284 32.410716
96.793573 51.009286 29.225303
45.883702 67.474527 31.240185
34.479486 81.288112 33.920181
23.022445 65.385356 25.270538
14.995561 5.307500 25.990588
16.674085 83.254019 36.572328
91.002701 32.996333 34.671077
50.144358 12.734261 25.895857
99.919293 20.737804 28.302331
46.302536 41.102019 28.375397
42.975690 66.580359 30.646293
53.087022 5.026859 34.981795
5.315274 30.789323 32.688576
81.287820 72.836658 35.540032
38.879744 4.110583 30.707656
37.836619 58.822466 33.633967
56.087779 13.672122 33.508648
46.112940 37.656931 33.586758
58.880926 38.456862 29.179846
88.898944 48.937849 25.828242
86.039267 27.353031 34.693856
14.585657 50.372624 27.043180
77.394893 81.447336 25.665255
33.039448 22.326185 28.155806
51.896821 59.041634 37.390782
39.694701 26.442157 28.871169
95.422116 69.773932 28.438851
55.989545 17.790001 35.309987
69.461573 74.441303 31.903309
9.158407 1.935300 31.067207
14.262214 15.847637 35.830162
31.701812 48.645060 31.041164
29.421871 97.100847 33.211146
20.511615 92.170138 31.264218
42.273500 47.806299 35.568424
17.934944 57.373538 36.803195
4.557980 83.724845 33.418910
81.274950 83.040421 27.104023
12.458642 89.908894 36.812471
81.145899 68.876855 36.012916
2.898306 26.191514 37.405351
74.205870 50.086129 33.290910
53.098090 17.181771 35.438018
75.624646 98.450535 37.417913
85.800600 4.670742 32.678559
90.941859 90.825766 37.252711
67.909616 62.612431 25.619591
16.233015 21.769233 31.775544
91.665328 11.502534 30.403274
66.619441 52.496292 27.125063
63.546980 65.084343 28.513074
41.420797 76.887644 28.610988
40.281596 56.623583 33.548372
77.440784 75.081454 36.402894
60.367751 93.773674 31.735220
10.173832 73.601216 28.491565
31.577994 19.791239 36.600848
94.491401 87.968136 28.007276
38.782791 13.995596 32.547652
75.371145 55.432497 34.064391
68.574088 95.473233 36.629081
80.982476 25.183666 34.082416
19.756808 19.266070 27.428954
8.945285 30.298943 33.743238
3.974154 27.380130 35.375966
41.898115 1.381217 26.687846
59.092594 54.070315 33.036731
81.373206 96.480045 29.000543
4.318333 6.762014 27.918314
84.473200 92.685164 29.142414
68.822243 47.937171 28.992972
9.140843 38.268231 36.107839
16.577813 38.350937 28.831145
54.774603 43.119655 35.003965
60.058187 9.847030 37.089996
73.273202 71.229363 27.179073
64.446268 69.021633 32.891277
30.662897 53.433469 28.535532
33.566710 45.175274 33.317496
29.625457 4.827753 25.424868
71.282488 41.821605 31.500183
67.404693 0.904066 33.101797
80.967347 72.102078 30.590989
68.018231 45.539465 30.664482
49.325621 60.351759 34.348106
59.672594 81.221969 35.225171
68.603153 77.076990 37.379916
44.457958 21.887545 26.361575
56.464705 96.658191 30.479426
72.856757 3.502128 36.521408
70.668255 73.127269 26.476445
34.745844 81.705678 37.057468
14.491866 84.673338 33.023528
84.479629 73.621153 32.223836
63.152697 30.407948 25.513444
69.975796 50.610197 27.140006
9.776461 86.107281 25.121057
57.375767 83.950220 33.933533
92.697473 32.353295 29.401862
97.844070 95.258353 35.596026
78.805196 8.566483 29.709120
7.146074 45.527748 31.096551
63.541947 61.368097 27.945094
8.300607 46.246718 25.519276
78.775587 36.361590 35.409402
28.604079 87.086297 26.625539
74.884790 60.546702 32.470562
44.618252 17.407698 30.570506
25.424705 73.840070 28.427918
2.869560 50.796596 29.735306
35.602321 51.929719 32.316378
58.936382 58.135982 33.517371
62.508807 27.801238 37.209515
94.149057 19.190185 25.933516
92.171980 87.502192 35.124905
50.355859 4.532431 25.851284
33.169001 27.840256 25.513791
81.090410 10.822611 31.405580
93.316814 30.519184 33.485438
26.773236 21.931667 30.531479
75.666913 2.414847 31.012019
49.284834 95.182209 36.229168
8.197378 10.996428 27.277621
78.219787 48.728503 30.032893
57.984139 43.651638 33.887515
62.877452 34.746446 32.762838
28.704269 5.493091 31.197307
4.928419 38.872182 35.660988
40.166443 33.577552 26.579534
57.475535 98.485291 27.302382
74.219152 4.486557 34.016564
55.320321 74.494785 34.824726
99.961997 84.572871 36.405923
54.658384 85.645271 35.786917
74.130979 98.832031 26.580572
34.998227 39.315336 32.767794
55.502542 43.805558 33.194446
65.760333 60.222597 29.718620
53.820498 40.096183 31.257894
98.122522 87.483352 26.690652
57.044842 18.862535 30.714573
23.145267 86.137625 37.254376
33.441078 9.762034 28.149292
67.536620 53.600036 30.318411
21.432237 72.384952 35.726054
81.797213 35.020992 36.240336
8.490980 1.940090 31.751057
91.176284 83.443970 33.355584
18.834841 82.087338 30.660535
91.114730 56.520531 34.861708
29.497182 86.716220 31.707373
52.874450 21.236266 36.048816
6.543870 13.724977 35.440358
96.029552 61.737939 33.440695
69.621588 49.835971 29.338207
30.574211 71.737220 30.791681
3.818106 82.527000 29.153906
16.764870 18.191198 33.205303
49.730546 57.270900 25.029771
79.434639 78.525712 27.996288
15.579242 5.689428 29.342679
74.692588 87.247202 31.941614
90.594142 99.856649 35.642677
86.700776 24.308994 31.757456
56.191093 7.927849 28.191734
93.629031 46.606250 36.265550
16.713775 75.246151 30.456941
92.034676 72.563514 26.748732
88.854256 87.281784 26.162186
5.673324 23.727773 30.656618
76.536709 31.674538 35.005379
45.726895 94.262504 33.096991
49.923051 71.882304 36.956897
88.485935 68.947166 26.496250
89.374008 99.856194 33.719196
10.736212 15.242251 33.674911
36.171251 3.367844 37.091114
45.779881 9.235830 30.788160
68.822867 9.275418 30.768346
46.263245 28.879547 25.456302
45.624537 18.599095 32.878784
94.375439 11.284254 27.397259
67.154573 4.535878 31.885746
86.130083 46.429720 30.351577
18.652102 74.152434 30.119326
99.219697 45.649058 32.672438
60.392064 77.043043 33.878797
84.425744 6.325574 28.291753
61.478548 43.368838 34.938280
15.506017 6.143264 25.809399
46.518972 20.608133 35.749296
53.610940 18.549047 33.274075
65.949406 62.634442 32.902165
6.265628 15.028037 35.393556
97.782916 25.093691 33.822546
45.475131 66.993020 37.032753
35.095835 15.036587 25.352255
93.101468 14.361087 31.187642
11.771129 94.092320 29.151770
6.513646 88.449006 29.347290
74.540385 60.220049 30.272571
52.294405 77.836515 34.707096
73.699692 90.547395 31.320956
12.859937 76.295188 36.670287
62.563350 94.102619 27.418928
81.748964 83.340157 26.717254
80.343698 14.969381 25.240634
87.457504 84.340319 25.268853
63.649368 44.497981 30.234735
13.574354 64.032180 25.077107
24.827274 2.454079 31.122030
17.593899 24.896571 36.735422
65.143623 74.628455 28.059476
96.868103 44.625822 28.097935
5.067001 32.039376 31.981836
7.022135 78.970546 32.237144
24.907629 68.753150 36.423864
81.505756 35.009687 37.363512
3.122289 28.901569 37.016299
58.855977 5.776713 31.384033
86.286043 76.497591 30.925630
21.591288 35.596579 26.243728
51.792112 15.670358 32.111956
54.022464 41.905276 35.448029
77.520130 27.466580 26.601150
48.706059 43.569141 26.277322
80.814040 11.846977 33.257243
7.584187 20.282278 28.611026
49.650203 21.182047 29.503536
10.077223 85.453504 36.746554
81.792685 6.755202 25.573906
17.892441 32.763100 34.421833
32.093366 2.108209 28.762874
47.552980 84.965868 35.412967
18.112408 63.649273 34.971546
50.265067 55.107192 36.683699
23.160495 25.851678 30.228556
16.400874 6.398810 28.119046
82.085021 33.417803 30.043412
53.386000 70.224445 32.456929
43.565029 14.126435 37.300201
25.429049 43.526457 31.366148
14.821132 18.263577 29.802372
4.699436 87.045934 32.509237
94.697694 55.476388 25.199187
72.450714 81.560977 30.962869
41.437531 87.350200 27.627544
0.134561 56.140548 29.698201
27.713065 61.393568 25.364386
83.268622 0.791786 34.868048
79.047794 23.399103 31.592873
69.520393 59.205846 29.291951
4.432592 99.801205 31.586234
49.864478 85.421840 29.795074
69.505270 36.850667 28.853667
54.232256 55.452960 33.177266
37.762541 50.402693 25.373453
50.876188 60.188911 29.738675
68.720991 16.278452 32.169724
59.177844 16.503573 34.204489
25.356097 48.457450 30.868308
60.518879 66.532451 33.377868
6.037358 46.943142 27.858592
7.052022 26.384658 37.146404
30.155884 46.211834 28.543930
14.695567 65.548738 25.959592
37.888607 67.253566 32.838613
34.607070 58.771154 32.341469
8.847632 33.702191 30.368284
36.185134 25.259838 26.754914
49.114132 92.649814 35.464133
0.660124 72.819511 34.244518
59.362321 71.818346 27.888304
37.990429 60.942660 26.546997
24.314582 84.129269 27.231112
10.458400 30.378768 25.638006
26.832289 93.615421 33.511330
26.836532 22.840149 33.372404
6.685383 68.124635 27.663435
0.999771 15.599472 33.386524
66.310834 12.807721 30.548649
5.014155 89.214489 30.402049
17.500815 45.939644 37.431225
35.993654 7.208583 31.644348
83.234049 91.850910 26.383308
47.115847 14.793858 29.216882
3.733592 24.843165 29.912489
7.485997 89.886630 26.915662
85.447798 2.146928 31.852002
99.469445 16.470561 29.206756
91.998302 23.985550 36.841958
74.315646 97.357483 35.211714
48.282443 22.080866 27.090538
45.707387 2.983637 34.699859
3.494193 57.916772 34.647681
46.100744 57.311380 30.306557
71.826228 88.803493 29.352732
14.429921 33.777920 28.419661
48.349016 56.351976 32.388915
93.040977 99.799197 29.660206
83.380772 23.696478 29.152814
88.988524 98.343012 34.554566
28.269003 70.027723 37.293622
42.425301 30.188784 27.945434
11.535379 94.775622 29.821418
3.052632 94.261965 27.773394
28.655357 34.981349 28.426549
18.253125 18.977761 25.118992
27.639664 99.029382 34.717698
82.569014 82.113089 30.600518
33.765904 12.158323 28.957313
48.798952 33.779736 31.387768
64.228382 77.899953 26.077005
6.495964 96.954803 32.878823
65.097353 78.591155 37.079011