47.018976 66.065572 31.830823
76.756516 44.875868 33.046767
9.800398 82.189820 33.604592
7.312431 36.482832 28.095831
73.869614 45.378142 31.073467
22.444601 11.501479 30.285902
46.687222 10.089533 36.952245
5.069572 90.680967 37.082831
69.965095 17.928796 29.388519
70.684199 17.626069 34.142880
72.597756 89.778398 32.049363
35.168488 4.218636 30.257418
20.560131 45.549233 34.276069
41.884819 76.814415 34.758521
57.493888 99.154304 31.268458
89.077190 13.900154 29.850003
96.914791 40.561107 26.567800
95.838071 97.845030 31.336066
48.004139 35.948906 34.156208
37.723165 91.581948 27.739875
21.833266 37.125440 36.945512
90.138241 77.304425 37.070697
81.998918 48.276171 32.630775
3.223424 72.238125 29.324281
48.643288 16.809602 28.774088
11.618923 22.942256 31.668464
38.792287 69.509084 25.019461
21.491666 18.856838 27.235827
74.050057 66.568932 33.407437
21.191044 41.518983 28.087300
69.354230 90.947473 29.559058
47.319623 54.294168 33.776501
34.092592 18.715915 28.211094
21.935750 87.160409 30.480480
88.878205 58.697060 30.118724
96.343979 17.157380 34.102680
76.370814 96.809874 25.353096
60.190972 55.471521 36.389555
69.538025 81.595633 28.963506
24.236273 0.592636 26.330250
24.695738 93.059161 34.342383
15.852232 92.473421 36.348400
56.431627 82.910052 37.265982
2.177468 67.300372 29.183672
95.139822 25.991677 30.873766
7.333017 8.268303 31.740776
10.600340 55.230884 33.841565
83.541686 96.579865 25.980417
4.742197 95.846845 34.524455
38.663793 57.991433 34.598205
19.315529 66.712022 27.540410
61.656019 44.207540 32.752351
56.699613 99.922570 33.737196
11.541004 47.115488 30.781650
6.027091 48.654661 36.986727
16.734556 81.450567 29.887081
12.234538 63.077057 36.685456
39.361678 50.703175 30.425490
85.927461 13.894517 33.401866
92.638309 51.406172 25.483981
64.556614 29.832768 31.319884
49.861609 77.601392 35.874370
43.843507 83.141941 31.567739
61.448219 69.219394 31.746769
92.811141 37.095451 33.106923
61.554584 94.454159 27.547444
32.646526 97.153216 27.265896
98.267327 6.303388 35.878197
8.793021 1.514489 32.231784
48.229575 21.122014 25.456172
2.171520 18.816384 26.297646
80.084053 79.739899 25.405748
83.739462 95.071828 35.098887
6.224186 39.548351 27.966951
47.584824 36.824674 36.147219
27.394074 81.228711 31.487288
94.858642 24.396811 27.814222
56.010477 8.730775 32.165956
96.500910 69.659983 33.890545
29.660916 18.139147 35.398719
40.972679 28.590248 26.335357
90.722390 46.765791 33.582667
34.835996 24.895903 37.398150
60.143815 84.753623 26.130743
43.774951 93.997224 35.650240
29.672374 37.479288 34.910692
3.449061 66.700963 34.719512
66.508088 96.265179 30.402316
28.595480 57.693987 28.186494
6.124252 53.546272 28.842655
95.316608 62.430214 27.153456
21.470654 71.962101 34.602103
56.430167 45.118937 34.063142
53.511958 71.772056 26.427522
75.490795 88.712395 34.184814
82.683405 19.512855 29.890788
43.654417 5.922860 32.602764
85.330708 70.428738 33.444573
71.525243 27.862785 25.007482
32.965983 92.640813 29.210478
40.781289 94.220474 36.007566
46.866345 47.535733 36.115057
68.899137 48.336705 30.399758
25.922610 5.951012 27.523709
99.063580 58.004136 31.961124
31.815509 82.866797 35.800267
37.099202 10.656228 27.543280
89.681925 71.823495 36.731623
14.349199 99.379414 29.616243
8.912679 36.764999 27.442864
88.211723 53.901573 26.370433
47.922413 98.625711 33.927071
1.929375 36.921608 36.872768
67.566527 0.666398 36.554038
3.290182 89.578607 34.659964
57.880631 33.749943 35.643506
79.465974 91.632501 31.257849
80.419470 84.416223 34.826761
0.649128 10.931783 34.106948
75.812928 62.324345 28.612141
74.636763 33.566079 30.704393
52.945330 62.482281 27.922523
29.415379 47.006621 30.545579
97.086618 10.493922 25.025901
98.205226 27.194530 30.414180
0.696515 88.683653 35.153235
25.974287 16.160600 29.954242
14.454351 89.822519 27.806644
27.134848 75.920002 27.046062
46.702199 70.590349 33.938456
67.853512 95.399790 27.264778
31.987026 28.787201 26.982568
18.286109 85.437104 37.391582
65.497648 80.831356 36.702584
12.936678 8.498282 30.468034
30.283617 65.254015 31.539106
85.165554 22.817912 33.492292
52.834926 49.414442 31.540484
65.946311 48.527240 27.099125
61.255425 15.114209 28.960329
68.845510 1.452320 35.543302
67.156501 37.080006 26.033638
4.443409 16.038400 33.244306
7.117538 23.773871 33.462679
47.379750 23.706118 36.841927
31.353955 29.840020 32.295846
42.324303 0.148882 26.062969
4.826702 72.769479 37.317067
28.201827 89.518333 28.717863
37.174245 26.531706 28.885895
77.590260 0.136960 33.855682
34.548682 2.509918 33.216733
53.959683 42.688397 34.776987
41.338943 91.799656 33.504862
97.198319 66.818687 35.290873
54.277679 54.906197 27.530062
5.031061 36.079741 29.950521
57.385923 61.138679 35.016959
37.084009 90.800618 27.990952
7.045341 68.790561 25.430988
17.311948 43.223451 25.987965
78.806493 99.068438 28.891954
12.986135 16.038346 26.955179
60.662680 94.890236 32.994784
19.105986 72.243676 35.091806
11.937298 49.567793 36.883610
35.453021 52.138777 27.612725
76.054847 45.589004 25.632980
38.093547 96.868805 36.422713
81.484061 15.001518 37.112443
71.442764 6.142023 27.661425
65.159440 82.549493 28.741999
32.763626 86.441838 37.296979
62.575909 0.404497 33.591460
4.668561 34.380263 29.225406
78.678951 99.796027 36.603829
3.862912 55.488998 36.018914
97.711276 11.497341 33.515835
52.285694 36.505632 32.029485
84.052313 83.855977 35.815981
48.153753 63.793820 30.321903
13.239733 77.400067 29.177656
4.293052 1.164735 27.721769
49.140255 41.322319 33.316947
43.274640 6.134765 37.030603
63.067531 32.497405 31.908887
4.848592 6.518995 34.538624
21.428368 83.872942 36.373899
29.181883 79.663395 30.363060
77.957592 27.603524 35.239362
65.560204 61.345524 25.168980
28.093107 26.780864 34.764213
53.048757 46.035310 29.970202
6.265978 47.550516 30.456460
20.864450 83.768227 36.358122
9.650907 48.426933 29.864023
20.116187 42.039711 35.003494
31.160871 44.236710 25.734087
52.431369 0.833264 31.463803
55.672091 93.011602 28.322810
20.571041 79.237240 25.747078
14.873780 55.720897 31.241403
86.925196 59.784161 28.841052
55.119299 87.360078 34.631368
60.069663 90.567463 36.538430
89.416400 67.418030 37.100329
80.207820 17.750773 31.959591
90.605709 29.625836 26.003058
84.723582 92.237871 25.614118
27.360823 46.117198 30.330812
82.617546 32.985017 31.659100
24.198387 53.116431 27.093196
11.897273 84.888842 27.241864
28.817373 15.534757 37.095490
17.366898 14.587371 34.282879
19.489698 24.205775 29.860734
86.257624 93.453777 26.003157
24.450319 29.650387 25.984330
78.076987 69.146087 30.051347
90.196903 51.588561 36.618754
65.974759 85.271461 35.565315
14.989389 52.072203 32.510827
26.502521 68.647814 30.039605
41.731550 33.711896 37.076792
9.108854 61.077917 27.813013
66.570769 94.003633 34.677769
13.208183 39.127486 35.985404
8.340716 93.016690 29.060859
97.325964 18.475028 27.630019
41.118089 19.493893 36.317978
62.106390 39.364092 25.160723
43.864515 79.563593 29.612989
17.001971 37.144381 37.467729
81.036011 65.226500 36.637676
44.473955 67.053366 32.962158
54.438493 67.594075 34.744542
28.559576 18.387786 35.840399
70.792941 85.661688 34.468003
68.197771 7.658000 25.723989
52.250423 59.471739 28.285052
29.990808 92.788904 28.371431
54.004838 76.214839 25.068882
71.383047 54.640780 33.069451
15.500888 87.883464 28.556436
5.793533 77.569466 29.536390
75.598108 22.962141 25.204960
18.435816 49.510355 27.235701
48.402839 29.396595 31.562651
77.987015 29.265344 34.056904
86.965910 69.325101 26.746054
13.701026 56.426845 29.864193
80.813212 17.649148 26.299746
95.744184 38.767829 31.468669
80.176392 54.704690 37.017571
31.696463 85.362460 27.676064
16.177118 90.318121 28.633115
87.530331 40.592032 29.592035
22.153547 30.105931 29.716731
85.048948 47.993832 25.871944
92.457082 83.658845 28.102114
74.584366 63.660906 36.040026
10.199063 48.636692 36.942930
44.545376 73.126964 26.861691
30.774020 57.819620 33.249537
17.240956 94.090728 27.626080
51.876442 76.177973 28.146923
31.227363 80.654471 34.703808
83.221830 64.872859 26.411650
36.782294 27.199055 29.783247
12.301402 45.038374 26.085929
3.370430 17.326029 30.333069
54.465239 17.980904 30.900046
67.572710 41.072936 31.910606
31.231994 63.187982 34.970084
26.504322 54.308110 28.782592
8.317723 22.548754 25.450522
10.670846 26.603715 27.037963
81.990884 23.221286 25.441977
19.447217 79.647153 25.910461
7.400816 63.038427 34.138775
47.250581 70.689119 31.694077
48.607894 56.038369 26.349316
48.187900 37.335710 33.461169
62.561314 56.178440 27.497797
38.978596 88.845326 31.605312
47.362451 91.284044 32.661200
38.880706 77.709230 37.050331
55.740384 50.791972 35.731781
98.191405 84.070061 27.547931
32.510452 38.154219 27.916496
51.908071 63.131027 32.530045
78.982600 58.020027 28.016558
41.369101 96.354574 25.050500
6.569960 33.601508 30.978517
76.492759 77.814737 34.310542
10.485701 32.905517 34.811193
55.288047 83.280807 27.642396
38.623682 30.012990 28.671702
8.951046 47.393909 25.040474
8.052674 2.822415 27.501777
28.331212 99.278280 28.953186
16.614900 76.171058 26.066724
76.118154 2.788118 29.276397
81.167332 31.930904 27.885140
31.023610 71.042535 27.709768
56.728264 68.921515 33.182080
24.266051 86.220987 33.753742
68.912543 96.146352 33.630669
74.816559 16.319225 26.128614
3.099407 30.279752 30.806494
20.706272 72.733937 33.421840
93.231894 81.943543 28.269028
70.769636 33.385487 27.040879
46.185286 88.530649 27.105360
35.599627 61.148373 25.714259
25.379197 69.676336 30.767858
31.084181 87.809962 36.076034
1.744100 50.962263 30.999229
57.713824 98.967345 33.756594
84.239285 40.466847 32.258492
8.137864 98.805278 31.240621
16.131395 81.265851 29.236240
97.472737 68.320361 25.225475
38.946153 13.090387 31.182011
0.887078 59.236696 28.780975
99.771448 27.305535 32.266977
42.544669 29.726141 32.412979
28.377866 15.814149 29.521076
82.517233 23.322450 26.792977
76.071649 61.360009 36.929154
91.738506 36.976225 31.982154
9.220249 65.645802 35.617453
22.981541 41.051192 28.420927
59.273123 42.454150 31.519141
66.165336 1.293380 26.860786
63.517620 80.497025 30.159892
92.533748 58.364605 27.162101
36.209644 88.105047 26.325385
11.351472 34.079222 29.510739
96.651125 60.518789 28.887646
92.252899 5.731610 35.301891
94.349036 57.151835 36.156805
19.929187 81.148467 31.998898
21.557347 10.075200 27.033556
64.430463 95.515609 25.140994
40.321750 14.233572 26.263268
32.511801 11.146141 27.384743
15.206475 99.496809 27.313452
68.122574 52.722083 35.197442
55.848352 94.950686 34.452388
47.982549 94.953531 34.081005
75.583591 13.521533 30.341642
76.920659 85.998206 35.899270
9.289081 0.677093 33.985561
20.158889 51.877994 31.977291
59.766537 75.203950 34.038691
15.800563 42.219209 32.330071
90.397626 14.727785 35.099255
39.464105 64.015575 25.374151
33.371753 88.751622 31.495651
9.033639 90.847352 32.311995
85.052227 45.021955 33.381624
43.086073 0.748799 32.233737
43.358513 94.648911 26.082712
75.773996 19.463156 26.672243
5.114819 65.287581 33.487508
95.126768 34.818989 35.576933
11.780242 54.150683 31.161659
46.612019 43.151014 28.901579
92.827460 31.446069 29.944967
49.638237 44.944000 34.121892
50.655775 12.397280 35.142396
8.941236 79.790099 29.230337
85.357329 38.812418 30.143254
88.743713 29.440892 33.177298
62.205559 36.059157 31.070573
53.092403 42.722273 30.989540
81.225910 71.902933 33.754291
81.500716 49.412654 33.703946
27.331260 10.383268 34.515373
57.158727 4.084938 34.649762
72.727515 5.202062 33.416208
49.101972 89.524254 35.008766
55.133724 37.624951 37.475774
2.662261 52.991755 33.484099
63.232365 63.912697 31.649833
87.341888 57.823957 33.406311
2.855330 63.749494 26.284786
89.652823 47.893219 31.216918
58.840966 77.689343 35.773130
91.428350 41.548826 27.319047
69.894749 71.380825 25.476411
49.706406 90.798249 27.282042
62.744018 98.127848 33.514436
28.896424 79.107940 25.040616
61.726016 8.033337 32.697618
60.395166 15.049717 26.029779
38.250524 40.868317 33.318829
21.091609 95.830858 31.130894
85.741955 81.942048 28.986269