40.566602 77.886865 31.104696
74.054126 52.605484 32.702420
11.981290 72.001516 26.936339
20.591458 56.612299 26.034836
48.986278 99.817382 32.427975
25.643292 58.391697 36.279096
99.395800 6.561472 34.668862
13.964719 50.698326 25.510055
80.520475 12.039342 37.477965
11.908825 62.098249 25.399069
72.801206 80.628398 29.355434
3.517582 5.466356 36.582740
97.795786 57.496925 28.443561
16.795879 28.438042 33.669244
91.554348 69.779722 36.226498
14.549761 71.735810 33.383487
77.564690 13.844363 28.040608
83.245756 54.427912 34.683979
38.699148 58.048089 30.737252
45.057818 71.320905 25.602108
45.761652 14.532892 29.385326
91.003051 60.065486 30.563201
74.435498 60.629112 28.373884
65.089825 9.112606 31.253631
34.608347 49.203490 33.396794
13.737637 76.796894 26.438479
9.480313 93.800745 32.960387
40.963997 91.905289 36.416108
79.204372 17.839959 35.534636
12.282770 93.928571 33.816275
69.845005 18.153294 36.152386
23.735491 19.034471 35.335988
8.489338 80.643377 34.236795
49.253189 11.843361 31.678843
10.278422 15.934673 35.027862
9.113611 52.469160 27.738975
34.353630 31.654971 33.995791
16.580172 78.667800 28.207718
83.586071 49.205945 26.856958
69.280203 8.559776 34.621198
52.716327 96.671675 33.508036
31.763392 69.830062 26.407703
27.110572 87.290368 33.519903
61.515163 46.306592 26.914916
18.447560 53.408853 34.347758
52.457218 1.092305 28.880469
39.622783 25.351574 32.957549
89.498128 45.436374 25.896953
76.441763 56.178142 28.573635
90.065423 61.073890 26.258890
67.085898 6.549518 26.667820
5.941728 78.836018 25.657325
48.377229 35.206631 36.803510
45.888413 24.274513 31.612519
84.806810 63.572956 36.499488
31.626383 79.650746 25.504492
66.859483 1.185379 35.512210
53.638932 4.956477 35.765298
35.629757 94.886078 26.043370
39.309956 39.881904 34.087796
4.812700 87.126512 32.434481
68.288601 71.833309 32.994564
62.075045 85.537775 32.281631
78.330470 19.395523 26.607377
4.157641 43.351382 27.662163
48.163925 88.458592 35.602431
31.530809 46.243964 32.160715
24.483743 74.454551 34.135582
30.642148 8.756219 36.759083
99.035641 83.271381 32.325847
38.860638 73.318349 35.845993
57.003730 75.633850 35.371636
53.749670 32.589257 35.534247
26.660412 35.354375 31.136509
85.280853 52.331279 34.491050
74.263352 17.800240 30.214746
25.737410 44.196581 34.067263
75.555853 95.486347 30.229356
95.800059 73.051787 27.005510
90.825271 39.737580 35.788172
92.983973 77.194191 25.380267
26.570143 27.161397 34.037882
59.828469 47.466130 30.710323
94.956734 22.914548 29.011263
9.398049 67.079178 37.005960
70.407328 70.782035 37.174623
40.330553 68.030767 30.478313
90.264992 68.493837 36.769181
23.325564 75.823980 27.588466
18.060475 49.150038 33.480089
41.756781 93.671956 28.247790
45.168969 54.612001 37.277222
23.428905 14.523682 31.927334
63.865646 3.202722 29.866656
85.707025 92.075440 27.845479
84.698961 72.445615 36.244185
84.265065 96.969536 28.578115
59.360295 0.403551 34.981518
21.739768 41.605443 32.449116
55.399706 73.298536 26.613442
4.697846 21.548444 27.136441
21.291318 77.269279 33.432799
69.104130 35.073889 32.569109
59.973170 57.169649 33.254142
77.793783 35.853377 30.864786
28.873298 42.546768 29.350847
40.174508 62.248717 29.486946
43.298454 28.391191 37.187985
31.689460 13.168489 25.886185
6.367797 90.088481 25.525048
75.989097 63.370878 36.081749
4.739016 58.341059 25.669900
74.207720 40.131553 31.086089
14.998644 52.377134 26.141317
37.884365 45.654851 34.619721
58.438784 22.631989 28.249037
92.775390 72.960969 31.729291
90.001715 69.342591 31.474842
93.971656 90.201991 25.626942
75.009423 19.022652 37.408875
60.779336 86.780329 29.992800
87.478108 43.703473 31.010418
4.390806 94.432502 29.394868
36.917306 12.935297 35.849686
70.163370 38.766544 29.629580
96.409761 66.959535 32.788525
40.614943 70.811678 31.072415
59.953993 88.485294 32.522147
61.804132 1.994153 27.123933
2.824138 42.744557 30.573492
57.603165 65.764526 27.644019
86.946658 31.288230 28.406228
5.093102 42.662678 29.865687
19.564896 59.038804 29.555706
57.297411 82.879487 32.403577
36.260888 33.592274 29.285773
26.487838 26.033272 29.721709
48.883381 92.965087 32.827598
12.739893 14.666736 28.640889
22.394249 64.829543 27.182577
33.579691 5.679384 31.932794
53.499030 84.739920 28.300732
56.603682 84.793460 32.800307
65.263941 10.213459 33.346388
68.991175 97.359112 32.435625
23.744395 99.991209 35.050185
68.196190 54.374060 35.918424
62.256823 83.442640 26.708111
20.488865 22.482524 32.262600
92.803506 79.132887 37.483020
8.218403 72.198386 26.202323
94.550367 58.652077 32.450196
59.034342 0.817059 35.696567
78.576261 44.214025 31.172747
59.732112 44.058245 36.172725
85.879012 93.413613 35.002766
85.874322 16.152390 37.201499
9.795796 31.877112 30.823186
15.154888 74.777766 28.213751
38.215718 73.877942 35.238699
24.571323 7.302978 32.216286
8.412640 34.791684 33.239124
65.464992 10.479015 29.152304
7.528582 73.972653 26.181175
64.522077 95.872153 34.170622
85.585332 45.062136 30.121009
56.174204 98.869158 25.811994
82.830633 28.965309 30.107786
43.000561 91.660383 37.233650
67.267609 70.690557 36.646293
73.401913 2.980048 34.711911
95.007936 62.111591 28.559395
8.860439 78.234361 33.220379
6.807146 98.822399 27.594926
35.924234 52.894512 27.797058
86.551580 53.052656 28.363730
57.645453 76.503726 25.301118
18.197136 6.697669 26.514887
75.434513 60.521125 34.444202
47.855243 23.585063 26.025293
13.506343 55.811730 27.328949
81.684326 40.101882 36.702927
77.128273 88.996884 32.114746
57.659810 11.012450 35.558683
28.213939 67.134561 34.199928
30.079888 9.892571 37.144838
45.531015 85.844960 28.867053
13.887284 33.370878 36.911757
25.737198 71.931055 28.776000
58.787167 59.633543 31.325375
14.844493 76.296145 25.330192
1.767391 87.845755 33.616488
87.073919 80.373947 27.048771
70.881697 48.967070 26.635228
25.032650 46.788366 25.655548
16.728637 96.884127 26.695556
12.791959 55.362279 28.244487
75.713215 73.622777 28.473030
11.275152 78.907563 34.098912
39.040301 19.524563 31.914927
76.922203 24.352033 27.331706
68.581650 16.667027 36.455212
65.086032 49.266130 34.532571
50.237547 85.687189 37.098264
70.799505 13.647544 33.570687
2.947742 90.453850 26.311556
27.921382 33.500067 32.489348
53.145349 92.962875 31.151428
38.090319 95.061963 34.770472
46.537740 89.288453 25.695155
36.676692 48.549675 32.158506
18.319009 76.663345 30.366843
46.709311 24.728708 35.514773
41.147633 68.627258 28.531453
14.036387 49.943998 35.209755
80.630147 47.836249 26.159184
91.567893 66.471572 31.349223
50.905627 65.970844 26.460224
64.848506 98.162164 34.155888
40.743580 48.032807 35.541549
48.623183 69.176930 30.125661
3.802229 86.190554 36.130958
89.921440 46.037454 33.458466
61.167954 51.974095 34.210686
64.317448 17.769882 37.486859
50.260450 46.130982 28.866146
81.406321 72.383822 25.297294
88.127145 63.093977 27.113696
33.496722 42.469862 30.054119
86.982369 13.349521 31.287486
75.929755 24.909385 33.708706
37.168431 12.091315 28.139895
54.318473 10.097250 25.484392
24.968393 26.432006 35.696716
87.849072 69.926056 25.063516
19.250668 63.830740 36.742670
24.845026 28.304349 28.499697
49.958108 81.868904 36.172356
52.685341 80.193448 37.179523
28.007990 88.339109 29.944172
64.658126 90.562742 27.191430
70.154492 29.309608 28.177339
80.387655 46.245649 33.758848
38.962507 25.570814 34.336235
4.835735 81.246167 28.096235
29.984731 10.359204 29.063256
89.589822 19.719632 29.636681
90.271903 47.427086 28.690219
70.857005 73.980747 37.173711
31.913621 46.046701 26.437449
32.934000 47.654400 33.754695
34.506876 21.125157 31.549110
74.275101 2.177380 27.706568
71.012331 22.901534 34.255990
91.172525 15.036010 27.393469
45.036244 51.554093 28.220318
1.606903 25.995944 29.853120
89.769121 26.700154 29.133939
30.195688 32.435890 28.355534
33.401477 76.966086 35.368735
17.019882 2.706373 31.778344
88.463539 29.486733 31.701274
96.154974 58.282257 32.062372
64.570140 17.445258 27.911655
24.043902 55.603631 31.153441
3.922720 37.717158 33.870959
73.087468 58.367709 36.050634
16.275984 53.609695 32.377680
33.934614 55.154989 28.549538
20.548085 10.088330 30.134311
90.599503 44.871286 34.055000
3.454247 72.888132 33.534578
59.269133 82.376530 27.152198
45.303372 45.675497 28.302670
10.690989 17.467936 34.268795
66.158736 51.462301 34.393986
46.163267 56.739424 28.958779
86.200997 11.948157 32.979475
98.486382 42.094760 27.863498
86.699250 61.273826 31.468481
72.119989 37.826927 34.565813
38.156921 63.567808 25.515265
46.397679 61.523960 27.141604
34.677017 44.186640 26.531792
13.828035 52.090927 37.365116
73.184149 99.323452 30.719731
74.837764 29.082046 35.751378
36.644562 40.424267 31.563843
26.261228 21.186425 33.954859
89.837744 67.786710 31.433824
60.365134 93.854744 31.650862
2.370732 49.873805 35.653241
82.729726 41.653362 34.781612
16.780302 91.824566 36.052088
30.886162 58.908343 31.582091
69.624297 59.537136 26.253099
51.113951 22.077109 36.495381
2.359907 61.517032 30.807050
51.627460 32.103326 32.662244
91.236262 40.798930 30.917345
64.254790 71.700726 30.474458
35.600402 4.777087 26.321682
58.253912 60.831448 33.642495
62.460232 40.193159 26.648339
15.923976 34.945868 33.642105
53.990614 81.259005 34.292127
25.879194 92.730345 25.156854
22.855945 85.161943 30.421777
68.310979 47.847025 29.594717
48.726469 3.007019 35.681780
9.463605 94.930024 35.772302
66.291259 25.592851 28.812955
34.239051 36.827001 30.981511
5.445817 59.654563 25.677068
49.277066 40.464047 30.448410
55.592190 74.853650 26.765012
74.352215 91.957967 29.161986
95.665295 87.083268 33.473417
54.065482 96.325053 35.031115
38.810478 27.263255 36.892264
86.041791 79.670650 37.023938
75.967478 56.975089 25.564774
31.989532 31.044566 27.580191
6.858585 77.254478 33.260219
88.674856 50.264676 30.768653
83.881481 56.800219 36.045136
25.811321 13.102368 35.667520
94.550090 99.633360 35.065881
25.238281 36.491097 29.593693
66.530108 81.072076 31.091374
64.318486 92.527623 33.746624
37.806058 68.084911 35.272687
26.114478 94.151597 32.539472
23.854892 40.548193 31.524983
88.366083 15.340990 26.045032
26.355669 19.171308 27.257355
31.612069 66.065922 35.234278
24.222937 37.315443 27.121661
2.356673 77.710689 36.916966
72.514879 57.514366 25.647836
89.138731 14.175898 29.473359
94.016776 79.385174 34.711902
53.446912 40.166922 33.565646
90.943027 51.362813 32.002371
61.857768 16.519334 37.297825
59.254409 54.287715 29.050427
6.900655 99.843455 33.343682
4.888144 28.979511 32.407121
54.190131 11.401752 34.791270
45.902960 16.497447 25.595906
64.901332 17.817404 28.398172
17.553295 62.368885 30.765595
73.253102 7.746474 34.964841
46.418908 1.879111 27.958955
88.648918 95.942247 29.860339
27.589691 11.756616 27.545552
84.607992 86.068742 36.009714
45.435488 31.799884 28.756987
94.885888 95.475366 28.580067
31.386796 3.698157 32.584099
71.519274 46.593284 36.904635
0.168573 31.779456 27.147065
73.695775 55.135637 28.306547
7.539873 96.014015 34.988130
32.045116 20.145772 27.149016
9.437434 28.929096 32.947403
12.110536 3.000049 25.129700
30.317270 49.663608 29.922852
79.467496 55.504240 28.249390
51.632934 12.905160 26.909400
74.116647 89.075990 26.683757
47.948886 69.860149 31.482381
20.022231 32.724555 28.335388
54.594689 7.848124 29.473347
94.039038 93.623947 34.014697
49.203527 26.866711 28.193340
85.713072 45.671926 36.171223
19.318907 6.117154 36.428199
24.056008 62.623379 31.205764
0.740296 9.613470 31.536803
44.454571 83.908648 26.790475
81.062972 82.098202 36.072694
60.223627 80.992949 26.120525
25.039979 69.332820 26.604750
30.006181 42.318537 28.210282
34.488626 34.223464 35.425622
47.111704 37.847448 29.597570
70.062392 71.019340 33.805734
96.330193 8.811733 31.676712
84.773944 10.363533 25.671831
16.004541 39.619780 33.978622
54.318279 86.809134 36.835946
69.930299 86.365427 36.951720
54.154568 86.617152 26.809012
43.469984 21.516977 30.197928
74.155774 57.739336 35.997456
95.887179 11.275331 25.109546
90.266376 22.983216 33.447701
78.306480 36.687756 26.949981
57.941199 72.851316 30.258415