59.003813 53.084418 32.427441
71.141002 88.742723 32.796301
84.628103 20.292235 25.906476
33.435861 30.072589 37.245156
30.334254 36.569486 31.323854
43.013285 54.803585 30.389498
65.995166 95.609949 34.968040
12.635896 92.718826 33.703265
75.125528 42.662675 31.396401
45.747108 44.510700 29.604868
33.458489 27.218744 36.839152
61.880924 82.033087 25.643982
9.671724 16.628953 35.756677
62.281229 24.797179 26.333012
62.238787 62.180112 29.491661
8.780090 74.384064 33.545746
20.550926 28.414788 30.183595
93.798930 70.015965 27.836713
44.219395 17.877479 30.231662
73.054585 1.056003 32.284010
34.085003 70.548732 34.459985
65.099576 24.079246 33.178810
43.117684 39.743531 27.238187
11.016907 1.813665 26.003876
59.582363 15.421864 35.687052
3.617498 12.617531 31.790355
19.426270 11.183861 37.100753
48.281432 68.269428 30.591988
19.997604 89.550143 32.726868
10.542627 18.186283 29.542375
6.334381 72.924692 26.853591
46.350818 98.950488 29.687956
74.444108 90.432407 32.219697
87.102931 45.172579 26.524371
33.021297 15.523178 30.224058
46.797847 73.574298 29.627545
61.638611 39.819328 31.574846
95.067607 64.090341 25.723379
43.540512 73.932351 30.148688
16.368691 95.779730 27.086099
1.104014 77.154349 36.929688
93.591370 95.619661 27.397773
63.352953 91.326721 28.211789
56.571057 91.754579 37.022177
46.394729 46.893147 34.048756
4.270214 87.677832 36.657595
19.014155 85.809992 33.533122
1.880689 49.732969 29.921794
91.407448 94.401585 31.650915
1.074615 26.800022 27.465314
14.178504 52.695507 26.635979
14.279950 56.727946 31.550739
62.059550 32.499890 29.621659
81.918720 47.934514 33.041002
37.884587 88.862458 28.410987
31.829724 97.016849 25.984008
78.444588 41.426527 25.509912
65.461561 4.226183 25.724183
33.383240 34.652395 37.007328
63.268911 43.634481 33.848975
48.341153 20.442077 29.046355
76.129501 62.876156 32.236760
22.823298 55.500729 28.009193
58.622924 54.602664 35.103837
1.174166 62.007888 30.628392
75.033027 15.142624 25.251449
63.483923 46.908075 25.809107
13.602723 59.542504 27.298181
40.142749 99.455646 28.403129
60.491636 87.053226 27.526602
67.596517 2.873450 36.427054
93.617440 37.329790 30.998787
4.554559 87.455347 27.844347
63.418036 49.458684 25.045307
78.525615 91.687809 27.969664
66.183751 97.514133 28.834677
76.108235 18.860125 27.020498
73.960148 73.785845 28.872548
76.919901 2.627899 25.732635
4.334365 52.320791 35.225062
36.964720 34.849039 35.922958
80.110122 47.290804 33.254565
92.610424 74.282533 25.589028
75.866368 11.987032 27.701070
33.418079 42.592192 35.719838
16.349154 20.934893 37.190776
74.797891 31.665291 35.879402
18.419400 21.312282 28.340589
76.567569 76.917380 27.924399
90.950582 84.550532 32.758153
36.973783 23.973672 27.299883
32.355757 50.565755 36.100079
36.202783 9.145063 25.752053
57.407952 78.309147 29.657049
19.875236 13.925327 35.271835
41.066492 17.992440 37.140036
27.635644 16.640519 28.935271
35.447332 89.955448 33.932588
0.981087 57.449546 37.200551
5.452208 10.966059 30.806686
28.119889 14.470874 35.780686
8.608132 25.076636 26.183918
40.907031 84.960528 25.116234
41.994836 83.108083 27.594046
56.200865 48.396987 25.742245
3.682117 88.402054 28.229750
8.029568 41.431871 36.704087
15.733199 94.931491 29.576893
35.348549 71.843362 30.563662
27.398755 65.776883 26.484351
23.204888 9.221670 34.883774
46.982674 16.236188 31.025194
96.688769 6.938785 31.916937
18.539980 33.506921 33.803951
63.050011 85.113343 32.307265
62.248483 30.392901 33.271159
99.037011 91.368561 31.473868
21.673856 35.365108 26.499784
17.234118 61.649252 29.031639
15.841360 11.816357 36.010517
99.717933 52.626414 32.409623
3.178784 31.740918 29.319091
93.054690 43.378927 31.445601
56.771915 78.200296 27.563661
2.818796 73.257890 37.053900
59.527693 4.739722 36.181801
9.482059 61.870697 28.864940
91.585458 17.814652 37.039457
90.199181 89.534315 26.275824
0.468888 11.303161 37.432672
38.161415 68.563721 28.794887
97.252199 1.475909 37.269042
10.117039 73.751270 34.382438
14.562679 78.894860 30.266343
8.229493 98.278173 36.618486
62.090256 60.424288 33.208999
6.176051 77.656513 31.478685
75.952895 7.990503 26.556884
45.760854 19.526769 34.160603
99.916528 7.769214 34.275982
61.616148 3.529404 34.605259
81.330809 7.076298 34.199796
95.781098 91.042597 34.825200
40.032466 67.884970 27.338452
78.770755 88.185225 25.301221
17.327356 63.867436 25.451701
41.348147 78.424267 30.019626
14.002069 9.996038 35.598488
97.734922 65.321700 29.112854
89.368466 92.629788 26.756045
25.297005 34.406009 36.595480
76.603161 72.957324 28.124536
98.620793 1.741532 35.092731
38.241580 48.710668 32.979117
98.597359 55.122069 34.864047
29.583206 91.374987 31.653209
86.092819 24.346434 37.061296
27.237755 97.369391 29.594039
37.359443 32.764710 33.478282
61.549147 21.936941 29.874755
87.689113 1.158499 27.404270
55.337150 43.491816 26.731662
74.662227 83.997841 30.538742
55.846886 76.590288 35.951118
38.880797 22.826791 30.798327
15.998581 41.800388 32.100624
27.839194 58.479300 30.641907
76.141797 38.634514 37.373416
13.569554 11.838208 31.550212
35.263734 52.396428 35.920310
80.870131 63.245427 37.158552
86.610223 56.722518 29.546417
67.602330 90.544194 34.716283
70.258033 66.939143 32.926863
72.992349 74.042273 25.685686
38.380895 13.045197 25.819519
82.453750 62.601731 33.320047
44.574499 58.868817 31.826514
49.588577 60.681804 35.237221
36.252774 13.047675 29.795505
15.257233 84.821719 32.654676
48.323535 76.846205 25.794795
56.341901 56.889673 34.281698
21.655035 22.164106 32.112201
47.823439 90.891980 34.863755
4.505245 2.789920 30.514930
49.987356 80.261112 32.803274
96.821673 56.404601 30.797733
84.013412 10.776889 28.303492
87.799498 9.316123 26.544250
55.399178 68.294472 36.072793
26.257490 8.630067 31.744986
40.867208 3.096555 30.393772
1.994619 89.438549 35.895830
31.111116 12.656978 29.397238
90.626212 93.072492 34.281967
7.739288 9.211539 36.005865
81.856758 80.383421 36.761505
99.624483 96.603230 37.142584
16.375732 72.278633 25.698546
6.275747 47.098016 28.056550
3.730178 6.383026 28.063274
5.420249 69.205933 31.944917
21.849747 15.814977 25.710829
24.574417 85.652431 26.133078
43.254284 97.945298 36.396752
45.932738 79.471240 36.338071
20.371881 49.861725 32.830212
7.350997 82.326775 31.861070
39.968830 14.130883 35.973138
18.797788 45.224470 32.057050
33.880344 81.026309 35.628478
66.833055 17.918174 32.768040
55.283744 81.320564 36.560636
28.834871 43.242334 31.317530
94.134228 13.457687 26.390392
66.679996 39.395802 25.042991
35.868049 40.161782 27.604510
3.607700 22.180487 36.779222
43.723665 36.482849 36.984674
45.640661 62.514258 36.559668
72.661835 49.320780 32.275758
17.975259 42.817366 32.473724
44.719874 83.505315 35.960580
28.636471 90.911397 31.916684
73.967185 18.540574 29.591706
54.220898 94.231224 37.419631
11.524814 98.657855 32.555182
43.630467 93.212651 26.198768
17.747081 39.187385 33.530513
58.723215 1.183795 37.255299
40.068879 39.452436 34.513423
37.069414 20.312723 35.152532
27.792696 70.462041 35.099101
93.450662 90.092764 33.435440
59.516854 37.946395 34.056382
70.967469 71.812687 27.714818
49.381232 87.356952 35.403570
64.491127 11.442476 25.912891
66.499529 41.803060 34.131599
50.166128 86.444990 36.152363
60.330580 96.261085 34.219583
89.862302 64.477871 35.763029
80.959429 79.109088 33.074718
57.472342 10.096422 29.011882
16.950838 75.566942 33.536386
8.716497 47.493462 34.512453
85.670433 14.494360 32.485704
73.042286 80.554466 32.627255
4.608606 8.170219 26.159067
50.609472 93.934722 34.922435
69.805463 17.095279 25.940341
13.602718 90.770606 37.440301
60.578897 2.640745 36.187013
57.179594 2.961264 37.059944
23.261056 30.170463 33.904211
8.757691 13.169991 36.957635
74.814635 47.813877 34.437691
70.527784 98.741322 34.954982
72.543374 16.290856 34.962646
0.634526 16.478934 28.159526
94.069468 72.202291 36.746231
25.912682 9.374287 37.244444
5.584393 23.001639 28.046410
5.771990 88.437614 29.165713
43.705936 84.107702 26.869167
56.351491 84.027809 28.237913
4.866082 30.057298 27.118064
79.606050 97.048551 34.773686
63.353825 13.453490 31.305275
61.174214 66.400734 36.227759
6.884050 80.806679 26.047981
93.167056 20.601614 36.202973
38.539692 79.177310 32.404997
31.736257 59.584917 29.989122
83.284289 40.720678 25.014187
24.670015 85.445207 29.044896
73.593706 15.428929 31.999735
19.013892 67.844312 28.029373
52.301284 85.430150 27.132204
15.558094 78.250296 28.288721
18.930598 13.747887 36.548308
38.900146 99.433569 28.047497
8.791099 30.765638 29.317380
82.020877 1.531466 35.844039
94.215635 61.686770 30.190333
60.086399 68.403317 26.967905
93.568164 59.309665 27.969981
41.107157 62.766651 27.972531
61.200781 27.599067 31.837711
86.203035 25.168139 29.924393
27.819453 99.125328 31.161639
79.002520 1.904781 31.655528
48.709596 40.403053 25.145139
95.789757 34.489638 36.782472
50.746333 43.314415 30.196143
88.532969 5.374200 33.131349
55.277596 15.247434 26.513779
5.519898 52.555128 33.604434
78.349273 49.539050 29.602674
68.255075 50.969256 32.751198
56.319992 88.209147 31.076577
39.517061 57.033718 27.812947
80.337207 71.993025 26.142495
57.108567 51.017125 30.595701
91.442440 49.486554 32.055170
42.270370 74.812781 31.590219
66.770969 95.173834 27.803895
98.064334 20.790146 29.073457
66.333929 91.637467 28.374170
75.304550 29.308375 32.229812
36.962074 9.227628 32.851078
17.422574 98.014056 36.081523
64.377333 39.239578 26.797503
66.688004 23.078485 29.167698
81.751942 45.539502 30.382673
91.926288 72.824429 35.033346
40.455103 38.888299 28.246489
41.417914 96.924316 28.116674
0.789105 97.013606 27.563259
16.248505 77.932376 26.529739
9.635740 21.611460 28.082167
46.646354 38.165362 28.886388
69.804271 12.521948 28.337947
36.963272 44.394433 33.262099
73.570136 65.465772 28.269613
34.724349 1.779688 36.417021
27.339930 20.601569 34.183997
42.262296 62.207677 27.184776
68.191500 9.827176 29.069350
68.820469 23.261006 28.305058
94.004707 47.779292 36.957269
3.504611 36.786820 26.077352
59.528311 52.138308 28.296563
0.188831 10.568828 30.999978
57.221604 35.195346 31.586950
30.786413 59.866892 35.047972
10.878752 86.847452 28.043594
35.040146 64.580447 25.275969
5.784412 44.352287 31.024928
8.636716 37.456805 27.311639
51.804350 0.720033 28.061625
28.357628 17.016443 33.734321
54.829205 16.887095 34.980467
94.297100 87.532795 26.587036
31.924941 31.607574 34.896720
10.514517 32.095762 35.542058
84.185809 28.198405 31.346578
20.484814 80.020173 28.993346
78.317289 32.406186 31.112839
1.562987 0.603221 31.193154
4.007926 12.316039 31.326547
48.934807 32.606077 34.448752
16.780481 87.659121 34.539299
69.330584 41.828507 35.411060
49.209969 78.915218 31.651770
69.919757 3.574551 34.700846
35.741002 97.995457 36.992840
69.076338 40.846686 27.939296
17.213873 29.229618 25.239765
78.994531 92.846760 28.660356
88.547180 42.620734 27.204970
88.499809 71.472635 29.229562
19.582602 51.871563 27.176308
4.151989 22.149565 25.791646
40.028011 60.109963 33.709360
54.483246 73.029719 35.627335
73.819329 18.428941 28.870592
6.984831 8.269506 35.710355
88.461489 91.250154 35.589054
31.729150 81.154195 31.372348
28.187718 49.498056 29.512870
70.721436 84.162685 29.718965
38.263765 70.409463 36.094158
31.454504 26.488661 30.721390
0.338914 17.968147 34.514770
4.797915 33.365732 36.679813
79.507136 94.992893 27.737607
68.328682 93.702545 32.189321
98.306564 13.337205 33.305281
81.366130 76.303006 30.091392
75.262289 8.901213 27.266939
6.193413 24.272000 28.897896
10.171080 94.607871 35.514357
47.150320 5.326043 26.871240
28.414809 47.420757 33.818073
37.926660 47.561817 27.257638
18.253372 20.050732 27.924134
54.465174 79.659480 28.445950
85.752563 93.322623 26.131267
50.603590 86.519830 30.034682
56.888781 10.379379 27.956030
11.033137 81.319774 34.591986
66.340924 70.952288 28.891617
85.510218 86.563128 25.970216
78.495596 2.600815 27.904669
3.882330 38.484289 33.778926
69.471601 2.221627 26.667066
51.484944 54.454706 30.201063
2.367179 50.570361 29.925766