32.186601 64.831653 30.482450
20.566755 91.003667 27.045554
83.604195 38.625159 26.874372
11.335887 22.009769 27.043143
44.403828 88.139261 25.244605
47.508430 11.111878 25.563050
24.958084 12.753879 32.330263
85.726171 42.605333 30.042425
68.073372 23.145036 28.242979
14.028731 33.902043 32.489978
41.066715 28.152830 31.768756
15.536346 54.561240 33.556669
69.647475 91.633930 31.192817
73.978708 0.862628 29.531400
31.774262 21.853877 32.109976
81.942205 36.585385 33.013749
18.784900 98.731626 36.802619
88.502103 20.508778 26.762406
80.052693 58.379488 28.227689
51.323472 19.568632 25.461320
88.162523 74.541026 36.738345
96.245150 31.233962 31.611969
62.407523 87.695656 25.536861
48.268193 71.168401 29.755252
70.918589 63.088187 27.319374
92.034294 12.287811 34.705424
7.767702 83.917122 25.419431
65.876259 62.200638 30.381672
62.645944 74.653681 34.318107
10.544709 97.296212 34.930685
23.802268 84.148898 29.789066
92.781566 7.066655 33.704288
90.525089 33.665163 29.576385
0.114513 55.419784 34.979862
78.806617 61.080506 26.973210
64.877892 61.414511 26.787811
90.183059 85.740801 26.224501
61.312347 48.834329 28.574740
90.250795 19.210060 33.407522
54.607745 97.590359 34.852446
71.232152 30.240470 35.447933
72.512156 49.742809 35.526256
63.933583 8.386186 35.303329
73.171833 91.874247 35.399525
90.147501 76.366320 37.234142
65.366771 37.743110 30.004562
76.246023 77.451980 28.030807
78.970134 2.731907 31.558322
14.699453 9.642393 36.634525
72.101933 17.038190 26.242881
71.635259 99.187530 34.120484
63.524762 24.486500 30.706516
46.496966 11.047855 31.705394
97.424110 12.340782 27.370326
57.928839 2.571588 34.041907
17.176547 19.662595 28.111322
69.906820 23.961453 29.650893
45.000922 51.486366 36.186433
9.092504 8.628090 34.752359
42.931422 62.052195 36.661063
2.320205 69.924084 25.711396
51.981885 65.847803 27.876650
61.404067 33.214942 33.788086
15.142621 3.516772 29.624427
16.344267 0.600698 35.136003
49.728682 6.753224 35.074514
36.515408 6.566275 29.428733
76.903989 56.217540 33.493503
90.461426 15.726609 25.119261
88.396679 26.303977 30.901470
14.859911 14.774320 32.146430
0.518483 86.404086 36.880021
58.912877 82.248720 36.527844
27.333526 24.088373 30.046376
34.625686 12.974880 30.565054
28.428137 83.659295 26.658406
13.617829 85.963834 27.677688
7.950707 11.780050 25.105693
93.931416 94.576620 30.003113
44.588888 22.823548 26.998771
68.977652 33.013999 26.207132
63.019488 92.277050 32.568345
44.853875 18.701756 25.018905
37.951696 88.414260 26.612219
0.381606 87.231377 31.706209
25.819265 1.608937 25.742207
26.733547 88.899609 33.136214
42.706289 29.032138 27.417417
5.015109 55.423804 34.000694
65.924480 87.447815 28.402927
48.716817 43.218078 25.787105
99.180105 3.643516 27.211935
66.465219 76.815727 26.763010
46.076361 31.036070 30.028929
60.650781 54.855501 25.820465
69.160443 40.364987 28.763393
67.744868 45.630977 31.944242
26.470525 53.512402 32.573492
50.653266 85.677435 35.050141
66.873364 90.675548 34.090114
5.233892 79.223386 31.005816
53.730445 45.399864 33.970473
26.491988 66.243803 29.963297
24.947560 75.737605 30.140878
82.144877 97.080908 29.523291
13.649015 95.684777 37.424304
86.650114 42.317005 31.688712
54.758974 64.112668 34.562513
95.400478 71.916981 36.235978
54.594925 93.432833 30.539382
40.214497 77.007346 29.955042
2.039125 43.220365 28.883549
12.064597 28.259893 34.518297
39.556165 81.293994 30.264799
38.713349 78.304835 25.003919
54.959967 6.899382 31.603460
11.057779 16.347221 34.075624
95.841114 58.478079 35.422141
64.827184 82.176359 28.513170
22.776604 16.739208 27.811655
78.849279 25.202921 32.857313
75.178279 86.580033 37.490215
6.599857 17.313495 31.991002
63.135483 96.960003 35.276368
82.590844 64.779402 28.274366
11.053195 58.940858 35.081487
16.878840 92.638621 34.349788
65.147293 94.039164 30.739638
57.289121 72.259387 28.798556
61.408358 85.013233 29.415323
62.911901 95.044391 29.028711
92.326003 30.965057 36.220460
21.032400 89.910511 29.141569
22.414770 92.650254 32.940578
38.549306 74.271975 25.192009
32.650696 34.480043 35.105563
47.742072 15.799865 25.332012
64.642189 19.311210 35.401388
20.131735 20.956814 35.783971
20.244274 48.688450 30.987001
23.977991 6.702348 29.902714
86.847256 71.947456 30.085275
79.063586 45.106059 26.577101
65.468537 2.674836 27.398382
27.263002 50.689760 31.501613
8.142901 72.461353 27.066430
99.156095 74.546163 31.814190
21.766166 94.981273 27.360346
56.469394 54.506254 28.120302
32.144991 98.544421 25.073028
75.029522 39.281481 27.117425
70.318176 92.564188 32.681563
44.105706 13.940216 25.020583
11.050654 25.240074 25.628850
94.136609 39.852234 33.236809
94.387765 12.402709 27.905953
57.850285 92.730010 28.097409
25.978563 69.966811 30.278242
91.081282 67.101248 28.245347
81.120643 2.058613 29.242518
16.449623 64.137424 35.889231
36.025502 99.447305 35.016696
42.951742 83.130022 28.512682
13.569271 5.798450 36.251200
59.651185 42.411473 32.002557
81.144130 38.833811 28.990751
72.470769 74.892001 26.289972
81.930439 56.446248 36.664082
87.390272 67.451532 25.561649
56.296765 93.804655 30.048246
8.960584 32.429196 27.938180
88.621137 31.275914 32.006699
92.739097 15.566101 37.046205
20.191001 29.854175 27.922984
58.183850 89.163788 28.781150
71.990087 40.922602 30.276098
8.620630 76.095193 34.065637
32.227450 62.275157 31.841368
29.641356 23.493243 30.219349
8.619964 99.423303 29.545481
68.534265 42.036910 32.947435
53.566461 96.489503 28.414595
20.599929 20.243871 34.367558
11.202788 49.930293 26.515689
73.033398 45.979849 29.638995
69.987461 27.861460 27.713063
73.604906 85.093965 30.247709
18.469476 30.430644 30.699128
15.333808 58.149274 29.022406
25.777241 55.257346 33.411510
30.855595 91.967167 30.507165
10.860063 36.728432 28.634799
31.193246 41.836106 26.076505
32.572950 39.899078 30.495268
72.384565 90.485224 34.233757
16.840452 17.922721 31.401270
5.526311 37.244852 34.078462
47.575969 0.320326 28.706660
60.494238 50.444698 37.057379
94.663686 73.545340 33.072421
78.140911 7.770387 27.593782
2.174568 34.383178 25.488517
78.221108 69.257408 31.706083
62.292561 67.263813 35.581182
60.067210 21.956406 27.175578
72.185712 17.249803 28.974864
21.765687 80.593346 28.118999
93.145641 1.807215 35.264501
94.671660 17.964995 34.976901
8.500142 29.340296 26.575436
65.895359 60.944901 28.160892
69.111077 45.439704 36.911034
93.624999 54.580417 32.245338
56.906798 52.787299 34.900302
45.787104 24.931419 25.053195
67.213317 29.463375 31.525463
46.774270 20.704502 26.301273
39.973994 38.660313 29.418079
57.555432 26.775248 28.359790
17.547848 18.544836 32.497784
85.220437 67.095010 33.586126
62.720635 72.885141 34.377731
20.986377 79.410319 30.020433
35.638305 33.988663 29.634487
17.899971 42.660769 25.961815
27.465203 34.278573 36.997128
59.945853 71.019534 28.806832
17.403628 92.801998 29.241292
59.741167 35.073651 26.862986
24.478336 92.828354 37.250249
20.013055 26.876926 34.279960
24.108546 37.153649 29.144995
49.700113 94.059731 37.052163
50.382747 74.013572 29.101524
36.986393 27.825050 32.578564
39.946439 94.909976 36.348896
39.652847 6.368967 34.924152
37.461747 24.476460 28.583959
76.854232 70.130751 25.080171
12.505418 48.297725 31.591072
10.670042 22.364310 26.739881
78.740974 51.599098 36.894047
92.231032 8.602073 35.550579
75.609053 20.365189 32.378688
82.741642 68.890639 34.459224
96.851797 44.201174 28.993668
89.778660 60.545434 30.480526
68.336793 92.762476 26.742304
61.871723 47.674412 27.049481
24.786623 19.093977 25.239474
63.917680 55.407323 37.218400
39.164602 17.096251 33.052054
95.433790 78.211781 25.304589
37.995583 67.844671 26.944093
18.570652 12.059764 26.295235
87.079294 45.333444 33.375840
94.596773 87.463262 35.438105
98.341874 3.302861 26.452064
16.825296 4.171682 29.779193
18.364473 98.418607 31.038920
14.935325 14.634790 29.658017
86.204208 89.512189 30.958527
62.718444 70.882899 37.370761
25.889736 53.360713 34.211693
58.598670 93.867617 31.490383
79.289464 64.406713 34.640078
19.068268 31.507785 27.172030
85.107972 97.520238 36.859287
59.738593 60.152791 30.997702
50.142503 63.854658 33.812583
89.420861 20.397026 28.743785
2.239200 45.697732 35.310190
22.844129 20.993105 33.736154
70.739231 68.116721 35.176407
2.953449 85.528941 32.999310
31.680517 24.498379 26.419914
31.212778 51.365706 25.688329
68.280216 30.107938 36.327318
4.403878 22.743123 33.730772
34.941113 94.120230 31.899154
68.289744 33.662145 30.218507
33.904937 9.734496 32.107618
98.933641 75.997970 36.528274
19.349840 69.009764 35.249359
65.701609 12.984790 36.454485
43.799126 26.823960 30.458822
23.954436 94.643653 26.023082
7.575160 48.423377 36.890889
50.882100 39.610636 30.456943
59.488680 15.078074 35.384740
95.933761 70.006336 31.875370
48.032384 90.221974 33.072672
68.599626 89.343640 27.284046
38.329128 21.747432 35.373799
41.034174 84.395370 33.199721
91.926231 37.489430 32.890838
23.213551 52.128131 36.380266
80.201240 47.742759 33.542031
77.509414 22.233419 32.667236
47.146079 67.805593 36.493491
62.282057 3.396185 36.329425
29.039756 63.526289 25.607563
54.915286 54.388199 31.366962
23.217354 96.581478 26.267165
72.153620 52.119738 32.853085
93.212904 42.640776 34.090696
76.973521 51.012212 27.077019
0.433797 2.096929 36.958183
81.464911 2.112718 26.004098
38.705697 84.994326 31.983223
53.589213 86.980354 26.639124
38.750219 75.447303 35.728653
71.869991 54.521024 29.218192
75.684283 52.018279 25.871141
82.224000 51.822279 27.639191
62.388927 40.327163 33.055810
18.241576 8.727330 27.041650
26.825391 9.231808 29.191355
69.485469 89.191971 33.281783
40.922356 3.873524 31.407161
63.957439 5.980938 27.245681
97.109050 31.768376 27.044372
64.950775 93.461813 25.061936
40.699146 34.650317 32.565096
71.958235 47.464245 36.998241
31.048486 13.971036 36.536079
31.134207 2.805693 34.494916
40.488761 39.431882 36.674222
70.480934 81.300940 33.656944
54.312835 24.587704 32.390173
29.889309 6.634074 35.803189
82.312764 70.695726 33.298554
28.353446 73.954976 33.571508
0.843539 53.039189 27.260170
28.149796 6.444206 36.768269
98.493064 26.486257 27.451790
82.921231 10.464793 32.049315
1.957489 6.716269 31.861417
52.393361 3.362377 29.949691
52.985701 74.439510 35.238983
17.196456 15.858478 30.908280
12.573846 27.273925 28.144071
44.314377 62.900891 31.522922
26.506066 79.526300 36.011461
6.625217 17.273460 28.164561
90.399796 56.872575 36.845245
86.070390 50.475005 29.379691
18.580450 26.058045 32.681059
85.850100 10.993888 27.447007
89.750267 68.166215 34.221350
40.428424 51.132629 28.631297
53.087411 72.461401 26.525936
21.329329 49.068455 35.186364
93.658415 97.731164 36.509980
56.210976 5.407145 27.771661
89.131990 2.549105 30.242792
96.788714 24.926883 29.958687
99.548206 58.814711 32.503737
2.960263 15.427768 28.233845
46.480529 19.631085 33.552357
49.975972 75.755472 35.207324
36.809292 27.819500 34.322862
45.304392 89.606800 32.909041
34.133460 56.441718 28.932114
15.918412 79.182298 35.263551
31.851731 15.524389 28.121998
77.834743 13.085128 31.095190
0.139811 13.848492 34.200741
89.604416 32.010378 35.047806
59.935604 30.042871 31.053652
20.255589 25.215377 35.109693
44.542721 33.468122 28.871625
71.212796 2.365930 30.049653
65.504520 51.028571 26.109582
19.250699 41.412833 36.066716
51.613174 58.758748 25.694661
96.478726 84.353536 25.019846
91.317657 18.931420 30.075062
38.382811 21.221819 34.263320
69.626275 60.739111 35.259492
55.623918 4.676491 36.189001
64.489182 87.200693 33.668054
78.460778 39.389094 35.607333
71.449788 31.388169 31.636890
36.175879 82.376842 32.182967
10.968997 55.475459 36.011906
6.350522 14.459910 29.346662
80.039206 67.522850 36.306730
98.251655 54.654091 25.780985
37.876238 67.733266 26.007262
2.573946 21.974324 27.351839
8.319229 17.499805 27.865369
0.649451 97.606353 27.495664
89.652645 62.203977 33.769037
54.903821 32.996131 25.754818
99.828670 41.841491 29.707678
97.715234 7.038779 26.413653
65.735356 3.583216 35.666325
47.732499 81.204610 26.834079
5.264506 45.638263 34.073951