41.329919 71.740977 30.017581
28.934491 42.716921 29.141126
84.265540 72.946433 25.167267
96.409435 63.774171 26.333502
85.504436 49.490657 26.525893
67.506951 11.716232 31.068678
72.301613 37.320848 37.211417
55.993905 54.366150 34.400766
63.318160 98.893365 37.472892
75.439687 84.470851 28.688480
21.166694 72.863216 26.382736
82.571351 49.057452 34.570311
85.471805 96.023981 36.094750
43.092232 40.027929 31.816035
5.163946 58.864973 30.280286
27.730085 53.397826 33.340991
41.758794 90.817595 35.825454
35.213622 4.645121 26.658948
99.078668 25.505367 34.920334
11.460850 1.742581 36.856359
7.687581 42.565237 35.984020
21.957392 35.982477 25.204299
97.031013 64.714282 27.257530
96.330222 81.253785 35.544381
90.995793 94.983704 34.172111
59.157198 38.379731 28.373718
6.123970 80.959922 32.923122
64.038228 75.226283 26.374848
23.269693 18.507335 37.217387
59.519160 67.357969 27.778250
2.797837 44.210035 36.404815
28.581308 60.924492 25.668970
12.508743 40.968082 37.395527
37.046948 66.273562 34.250414
35.365902 68.408851 30.604849
75.844222 66.792958 36.422960
97.223656 16.969583 37.324602
28.027965 19.107034 25.017920
80.166406 92.541236 32.017536
78.541434 52.165947 28.842021
29.662069 20.777394 31.504685
37.652484 73.494030 25.165838
5.629358 14.970461 32.116634
22.811996 44.431807 36.505088
10.669127 3.200631 27.566866
75.168362 0.640785 31.962238
41.177416 21.250057 33.757587
85.155842 62.347974 34.338009
26.370274 79.735359 33.346769
87.484623 76.529320 28.338243
25.064061 81.163347 27.578294
19.858651 8.878500 32.287607
31.842583 83.629339 35.848887
67.422214 80.717796 31.086710
32.672525 15.698803 34.919733
68.977675 29.596812 29.745357
86.515556 40.968154 34.735128
76.972460 90.311510 30.518614
26.766757 61.128626 29.935585
89.574421 66.825937 37.165899
8.060748 19.022960 33.662689
95.783184 62.662659 26.717523
18.674870 13.784090 29.126260
66.655012 94.370727 35.876062
25.507923 45.980942 36.077455
86.665778 84.883987 31.140721
31.377728 15.293639 29.159598
54.657587 52.798953 34.094886
38.324036 60.459978 31.320994
83.642560 24.204302 30.565579
82.196180 33.611273 34.095673
35.550754 83.428832 33.494122
97.145272 5.780919 35.163865
1.749839 76.697723 28.816589
36.105058 98.177421 26.264067
83.689654 17.720020 35.854969
29.440959 29.596342 25.486748
70.896057 67.640627 31.831167
84.959862 84.655234 36.314199
10.997409 67.560254 29.943010
80.147325 39.013757 26.839825
63.009747 56.605102 27.669763
7.689321 22.567937 28.743129
64.742642 33.655846 28.474380
24.093489 69.854412 26.143056
8.140292 4.454957 36.231684
95.345210 73.603059 26.090409
26.719949 64.290449 29.475545
85.320852 20.768625 28.868434
6.001848 31.991466 31.823743
56.605176 25.236984 33.724029
87.424621 6.529810 36.649225
34.881592 51.581034 26.231892
80.541114 9.155711 27.800225
3.702816 81.081000 30.341506
23.475657 5.935629 35.706781
54.460207 79.450926 35.205448
19.204084 60.920817 29.878864
48.941893 8.777874 30.345242
57.639531 71.364084 31.281407
31.751628 80.768127 34.551626
55.034682 36.702292 25.995076
44.546349 51.240155 28.285258
66.960572 64.314544 29.130783
27.170107 21.694535 33.581312
70.244861 88.421193 29.790263
42.812770 44.760818 36.406901
53.006133 45.607727 28.613782
93.528963 96.730128 36.675748
72.931157 13.935118 29.560678
57.336786 13.154250 34.579650
69.992203 7.305079 34.879479
34.083176 86.648563 35.326329
0.468938 9.450861 27.352690
85.388404 27.604573 33.570502
50.485835 50.993143 37.198519
84.915355 1.291219 32.515163
28.278120 57.605237 28.668266
89.627992 68.339189 37.324857
63.438940 9.928788 31.862782
77.164879 2.539927 34.284384
16.908587 28.209816 30.293294
84.686072 46.082593 36.240523
37.799572 92.521927 29.138884
9.722652 4.235420 29.840099
12.239480 87.934291 28.084131
5.536040 37.759070 34.785124
56.150461 41.153771 34.927817
43.007232 7.895849 32.402533
52.857470 9.077741 30.747938
60.490495 81.739158 26.422432
49.570185 77.426898 36.966466
78.997011 62.745414 36.094553
6.734874 86.538676 32.604894
92.162109 66.032632 36.946092
94.929349 89.190452 35.687174
0.658078 99.659147 31.397022
86.021932 55.830668 30.849688
62.013064 53.186118 32.290226
79.890675 94.305328 30.262833
91.740357 58.789269 37.177894
69.040412 41.782279 33.120987
1.368166 19.161695 25.224459
61.860650 67.587312 35.348197
38.947664 46.287135 35.077507
92.751156 54.417343 32.497050
36.942905 52.109352 28.575394
77.720345 44.123582 28.051734
55.172658 37.117016 25.354815
55.601011 80.880792 35.814069
97.905748 33.611111 31.610178
0.155262 70.698989 31.618677
90.330018 83.989271 26.679529
78.111715 18.698508 25.464166
84.006917 95.487809 34.077063
22.864510 97.714298 34.053024
48.620104 20.976428 28.182035
39.169367 5.372507 30.479288
95.406188 90.290120 34.326839
7.477193 53.396620 28.609829
94.893261 71.465616 27.520904
47.893899 88.755314 28.718744
92.482166 54.669677 32.723460
10.653907 23.612801 33.865320
40.744929 82.303304 26.242476
75.907782 44.102697 28.348280
27.809820 34.623013 31.663031
23.069564 66.406670 34.282798
35.107689 55.938384 32.442996
79.178494 26.633980 25.820139
51.818988 56.860589 31.667925
37.480208 37.286513 26.942390
11.507643 28.573033 35.023872
99.160599 69.284054 26.726765
71.573146 10.934834 27.887130
46.651138 27.960623 30.569867
44.620298 79.051285 29.740463
30.060638 42.710351 36.689558
84.445493 76.768815 35.361669
1.029725 99.014993 33.850737
59.828770 81.095169 26.564139
53.969120 34.795200 30.910863
20.501155 25.769805 29.139497
8.221109 44.925341 27.038202
33.340605 97.477454 28.823457
41.605374 81.904171 35.457816
4.868659 28.663584 28.843206
89.328050 75.310040 27.524757
75.791726 60.535224 27.514761
54.908970 42.065660 36.141504
64.491182 17.989391 32.246865
72.848216 19.875506 29.421986
80.694858 78.859839 30.991151
39.472975 92.726787 27.040128
29.773192 10.282354 30.860663
90.813186 86.479120 34.535794
83.864117 80.291875 37.226273
65.512808 0.314435 37.258182
12.008660 74.100993 35.131884
83.446954 71.517234 36.996030
29.628253 52.923479 32.951371
13.863096 61.481572 28.620955
81.886480 99.699526 30.448201
63.687434 29.775154 26.728921
36.978628 41.802556 27.924646
54.464277 4.370624 25.286627
30.319796 44.883156 34.607645
68.766360 71.320398 28.344388
82.562287 30.202432 30.059660
33.608875 57.438343 26.157510
46.049231 97.264928 36.652533
57.193916 84.301166 30.962947
79.283287 76.616463 25.459287
49.477196 21.232199 35.674785
65.687819 36.486608 34.524616
76.665852 64.930004 35.891706
61.299542 87.385301 31.777343
62.558226 76.061796 36.022279
97.326724 34.216594 34.274442
23.919581 98.136846 35.883280
30.123838 71.393117 36.131969
20.854121 12.123774 36.940679
88.491469 67.302445 31.996393
36.494057 26.459098 30.151770
54.521497 96.801426 30.707342
64.831570 77.279277 34.336571
49.109206 29.035094 25.699225
14.976769 19.188741 29.764857
68.282412 94.950129 33.868837
96.499577 63.696546 33.739247
18.801563 68.678326 33.918757
72.074159 94.997481 30.428117
13.088935 58.973684 35.900383
97.788061 9.211136 36.057515
90.007642 16.596875 28.707085
29.529094 91.903493 26.072128
13.149544 8.191775 32.417543
72.254991 99.205901 35.412448
11.057106 56.945681 29.111751
18.958606 29.274660 34.505948
36.499933 17.356806 37.052484
22.533659 31.179896 32.266542
35.981459 89.097258 26.031307
75.149925 94.073516 31.688982
24.661851 4.825004 37.491251
12.734828 96.501363 26.341396
73.023745 94.524291 31.561635
72.144963 99.302058 28.856749
3.031394 91.029646 32.299523
29.376715 22.228183 29.511571
80.182541 48.843835 28.046573
98.470307 23.036257 33.892623
95.224743 98.914286 25.838906
33.503803 10.107969 33.358938
37.681005 72.313859 28.993266
80.744467 11.348316 33.947035
26.681056 72.380736 35.083740
78.199024 69.266617 29.058610
81.479780 4.209971 32.159010
63.740164 33.107147 35.604556
26.899250 43.928090 33.924423
86.654107 74.125241 25.002801
12.447330 62.338489 31.601909
63.591823 42.324002 34.227649
42.144069 32.189205 29.416080
80.385166 72.966516 36.611375
54.416179 63.374775 30.996553
81.204847 98.526393 35.176339
8.887878 60.313159 34.835044
85.532393 84.507609 26.939554
20.827873 99.961368 27.276796
66.645182 44.739718 36.752528
30.556819 1.567425 28.761920
92.670520 58.792453 37.291570
43.873353 96.135463 27.713278
45.840705 21.561458 28.286881
39.157143 96.371130 33.855841
16.054959 98.234115 33.245054
81.755565 71.621772 35.950141
23.281118 9.123474 35.464273
32.508885 65.647252 27.853231
84.806873 54.206434 35.125290
23.682083 78.082558 35.407888
20.568251 59.878330 27.028401
95.379031 45.729235 28.786874
36.052845 45.305321 32.028371
23.905974 75.004888 31.951781
95.342257 14.201645 25.706194
3.613522 65.802246 34.928942
88.133094 28.723495 33.928091
21.358493 87.540190 30.637398
98.550356 95.012026 36.774047
53.729208 6.682373 32.825341
42.432165 68.144833 27.419468
6.906651 26.093435 27.238923
12.376466 5.958431 25.468071
81.491891 87.362217 33.506973
17.493557 95.327076 35.837154
73.302875 21.437436 27.308901
69.515762 29.189403 27.575753
59.241168 97.194110 28.421582
38.524657 42.255703 32.246875
80.055266 90.278975 26.244918
17.481855 30.537805 32.847505
23.056861 93.810685 26.253508
63.425424 57.278145 28.743868
14.621427 94.969476 29.366660
18.291750 71.270954 31.543347
42.980707 62.757436 31.835529
52.685033 80.381749 36.819752
51.180477 6.213459 29.505768
39.324868 72.872458 29.043281
5.939391 76.159509 33.786945
36.875180 95.511806 30.918322
10.079999 58.169684 25.499192
7.453528 82.348537 31.904218
28.984732 51.275750 30.178918
61.238617 65.875407 32.560293
22.394951 15.782876 28.829790
53.108788 32.085908 36.979237
50.943736 39.551780 27.367473
21.443014 31.813363 31.257403
55.533243 71.081957 35.833634
18.860773 8.520851 31.772625
12.307859 37.526522 36.176623
66.898843 5.041236 32.701418
93.756174 75.831232 36.450210
39.664057 0.174554 36.837740
29.239528 88.113191 29.923821
76.933379 23.935454 32.297772
0.728311 76.494093 34.802377
66.785229 96.473101 35.244075
35.860702 43.308848 31.194146
34.840900 31.937609 37.488767
89.428389 23.305057 31.306248
35.896545 61.773998 29.932107
18.420834 42.561996 29.386895
86.628662 55.280982 36.025908
85.084266 41.909075 34.882175
62.341088 27.965416 28.264579
40.376172 59.736807 34.101026
93.655755 75.585861 28.363393
40.003850 81.494740 29.010798
59.866988 61.510391 32.147684
65.670700 32.612433 35.378992
64.953183 5.406278 28.060045
73.105961 49.667759 26.965077
37.208542 93.753497 33.516977
25.347814 95.071627 30.951240
6.528906 47.617528 31.615797
26.337111 76.448030 26.199078
9.507547 65.918818 35.432260
60.587214 26.121891 36.802129
52.608211 91.058423 28.868919
83.151722 0.889779 25.165174
94.936273 59.781685 26.147106
75.771134 89.057319 37.217462
5.484410 51.385161 31.599672
73.480805 91.733662 25.037413
48.277898 94.229840 26.208558
7.319744 50.012921 29.474557
43.735914 1.520807 31.108083
45.735137 33.050940 26.416006
51.727063 67.684931 26.291625
81.533409 27.854306 36.429301
72.579877 2.853937 26.719718
81.246408 18.113929 26.370214
10.017269 18.602324 33.348064
48.819669 11.719905 36.520631
87.457719 34.140062 30.473628
58.567335 25.067445 27.562340
9.808133 34.824596 32.830994
99.225115 95.766074 32.969163
27.582517 32.769254 33.491661
88.483259 53.378648 35.236240
20.158545 83.423712 33.359581
15.709203 62.324798 29.954264
77.389885 53.030089 25.756256
95.049543 84.087418 29.672144
85.994214 0.459295 27.156385
61.513396 7.805770 26.291989
69.427778 71.011375 34.494392
29.366759 86.646701 37.312317
55.281276 25.859123 29.681304
23.523759 86.292084 35.177628
14.664725 23.806103 25.191795
35.073223 91.527506 26.869506
5.593571 25.868871 27.540389
30.140914 30.854793 37.051850
22.206025 66.081321 32.351601
74.156258 30.890284 29.882540
62.736760 34.458275 29.193719
29.076077 71.605243 27.758344
77.236383 39.175922 29.700656
21.189978 9.831960 32.462218
63.199809 97.208945 29.065550
0.735055 2.165700 33.766940
14.946277 44.774348 27.036431
74.359877 55.991965 29.420799
43.546764 89.846622 32.071905