59.518712 78.852877 29.506286
19.028639 89.669237 34.904039
63.358556 40.676408 26.076520
45.346569 78.625812 28.666172
97.738342 47.534643 28.303897
46.091790 13.830132 35.986088
39.038057 51.703167 27.975115
66.246280 64.023168 25.289900
98.896506 5.793149 30.532070
52.814953 63.436676 31.995099
39.978553 62.992453 31.184878
53.348918 34.758480 29.730826
2.005421 28.133594 26.793549
27.743370 48.190472 32.516070
81.523534 20.884059 31.041331
65.699379 57.422212 27.704720
37.173138 38.108688 26.253946
33.272128 35.247519 30.590278
92.406308 75.712271 28.803164
87.801149 94.936976 36.391935
33.582100 81.070915 30.810093
45.507601 40.052433 26.086598
60.869948 88.945182 26.424352
18.201471 53.597847 33.959780
4.313678 10.208628 29.372858
36.126714 83.936727 25.606765
45.716215 81.135614 35.511816
91.110369 51.499402 36.178102
51.166049 46.487521 27.716776
90.185506 99.937602 37.353545
52.456501 93.753269 25.481242
34.081785 7.544656 26.832228
90.589729 67.313342 31.210256
13.696240 95.342142 30.258168
70.119933 52.631491 35.729658
83.286143 33.177313 31.834740
77.625329 78.661775 33.144290
87.428704 79.486472 33.171411
5.893608 20.562154 33.127918
17.909246 53.044426 29.918188
68.930287 64.923103 31.631968
96.854406 33.453610 34.274244
40.132666 17.172652 34.498745
55.068651 34.491373 25.274212
26.749092 65.682940 28.615828
35.420805 96.538232 36.717261
55.911802 50.040267 35.083546
18.351966 5.875595 33.146670
99.634927 74.489768 34.580857
48.623375 87.958146 36.536805
71.701268 40.359487 36.971669
10.777945 2.748752 34.396129
83.945049 86.307927 28.350069
26.273723 6.391225 33.700250
20.894767 73.049981 33.555272
47.340466 70.075039 37.073511
20.520445 38.421715 26.165625
52.847285 80.644338 35.070187
39.513090 53.801319 34.984321
69.201195 81.627289 37.219741
79.747766 63.858525 35.954856
21.989144 64.316640 29.819169
34.421167 12.082137 26.304005
1.338468 46.300237 28.245687
53.599026 64.794030 27.993478
7.756821 83.816945 31.565572
90.333473 42.599212 28.990676
8.052997 64.108844 32.014837
10.109529 83.878143 29.703374
24.364732 81.527901 26.034861
58.223827 81.194786 26.005333
78.863630 85.706073 29.763476
28.326392 89.793836 37.370538
24.628866 46.340723 27.850133
18.157507 61.455748 27.340424
11.017105 70.214160 34.277277
35.406417 85.922362 29.332892
5.454560 42.144872 30.139260
50.501586 64.484490 30.343531
23.281527 85.349940 27.038340
90.342985 29.443978 32.351307
79.124985 3.504608 37.190785
42.058420 42.680417 27.897638
97.884583 69.425002 27.016127
24.156850 70.053169 30.079759
96.067697 3.277819 26.068241
64.597141 73.368473 29.609155
80.778866 71.771826 35.395309
8.608985 41.467317 27.093075
60.438420 94.010569 25.021072
20.753394 69.320848 27.729878
91.361940 18.990968 26.607743
46.442315 51.200602 31.661543
65.020435 80.197551 27.758289
3.447718 9.472269 36.907616
21.027671 17.492113 35.155109
45.420392 87.054571 32.603949
61.910837 77.511990 29.753878
30.733996 14.130597 30.729375
64.894399 21.746109 25.802085
81.092728 21.504605 27.702192
22.613619 60.831573 27.404490
8.862855 22.859619 25.815105
79.573653 46.394944 34.555459
83.626104 55.293449 29.144632
87.010695 79.114971 32.598308
89.854657 57.957047 32.102379
31.569802 41.438094 30.205467
37.612527 93.891285 36.925539
79.455589 44.035902 27.473174
86.191413 64.330871 26.849863
47.273159 6.915108 30.102386
74.745261 9.828267 32.696644
18.008370 93.589605 27.513175
65.248336 16.326667 25.937095
63.266105 92.534950 33.823723
4.522176 11.620500 32.714216
3.100172 99.530340 28.286890
90.555739 26.375222 33.672258
32.871224 18.018934 34.008195
8.655373 61.377296 35.394909
51.881963 18.556948 34.162058
86.860029 55.903987 25.292643
22.964744 6.256242 33.355841
52.205316 30.265898 33.495692
58.041012 99.666767 34.651958
51.546345 16.148862 26.605045
39.735702 63.250531 33.028205
5.486469 8.014833 26.640589
4.613619 83.100215 25.699801
18.517878 39.166961 33.912012
42.645730 54.315756 33.918111
94.238790 33.556518 36.834115
13.565387 28.660463 25.718384
14.433565 44.023390 32.750431
9.335899 5.135211 31.851240
89.904729 76.367288 29.467791
40.875487 7.398573 34.877050
6.804610 86.345330 27.230598
86.523644 0.531285 30.584610
63.916120 80.929822 28.064298
8.980358 45.014735 25.885941
86.803228 51.793885 35.450789
8.448407 21.578282 35.986185
2.775274 5.856450 34.890594
60.753591 66.760738 36.016225
70.246222 85.518533 32.046079
58.928235 74.005114 29.612450
49.220653 8.895461 27.103820
1.424760 45.538158 30.607159
48.437124 52.707491 34.899852
49.797339 41.562186 26.813083
93.596269 17.028472 34.706148
45.454265 22.813886 35.975896
22.582391 52.993919 27.717941
93.438087 2.508803 37.189257
40.531789 5.608416 35.142738
20.668733 35.589420 31.448083
60.174974 24.649597 25.774032
84.780784 16.477521 29.310311
58.399060 5.668015 30.843460
38.218644 57.906776 29.618104
35.547049 63.167410 36.794649
19.846451 53.658031 36.759650
89.079529 66.909026 26.169185
77.028887 84.045356 30.286117
28.736746 4.655048 25.028085
49.558530 46.581286 30.942578
64.319370 32.597410 34.379135
43.367806 20.876938 26.206958
38.313834 54.817320 35.812195
87.373640 32.768452 30.640891
46.885007 0.233065 33.794838
65.083018 52.403369 35.172155
12.110159 77.156906 30.660871
37.686020 70.398054 34.132426
17.079691 6.337729 28.354837
30.102340 46.599492 29.447800
87.674630 63.951877 28.776336
67.120548 76.682354 31.810288
68.175762 24.343285 25.362324
4.616430 11.443719 28.927587
41.801059 75.404592 31.460031
93.805730 39.046804 32.770798
35.249049 81.880955 29.639543
62.117483 18.712216 31.661068
56.258104 49.881096 30.020705
89.962680 23.377738 30.594332
2.710271 18.139490 28.583223
15.084193 19.764076 25.137523
83.618192 37.222661 32.588353
56.230244 71.714429 28.802350
53.977570 55.981873 29.156117
35.923669 8.730867 33.038375
34.996064 34.460774 27.021602
13.488617 85.084740 37.264140
79.547820 18.706808 25.021405
34.957561 41.444647 36.088125
44.324334 47.145912 33.048473
22.648696 92.697219 34.585236
63.560477 89.070200 33.776393
36.524809 52.963648 34.912644
18.913868 92.379818 34.412258
63.805300 73.022752 36.484037
69.119842 26.913487 26.632788
92.270846 46.876096 34.646940
28.677772 82.545050 30.112089
69.008360 23.425159 27.588062
95.130025 1.880800 33.316515
34.978549 51.632215 36.705951
55.401853 50.998799 32.882955
57.315902 62.000492 35.204800
8.691285 79.845932 37.255190
85.575467 24.789405 26.447363
48.341272 90.698570 27.325263
94.699245 25.323975 26.682239
80.685889 10.342497 31.765144
6.886596 76.186827 29.130064
32.716720 43.823506 31.344459
41.945387 81.247780 36.495397
18.260418 18.906417 33.703386
70.948178 68.674959 36.221410
39.708550 15.881259 27.995859
6.301610 11.400431 29.385061
34.490357 2.063052 32.098391
11.379306 20.612667 30.922470
44.678444 77.990050 26.557814
37.600766 83.522571 33.101322
94.798052 87.162935 30.876360
94.157600 6.267978 30.458021
16.572130 65.159715 28.214754
0.154253 89.471191 27.812576
14.896787 59.341249 33.840527
89.801008 62.523008 34.219527
55.304578 49.065714 33.322798
66.555985 65.908220 37.000179
21.163979 95.155862 37.222659
9.649854 28.225960 33.447938
26.183455 17.954672 29.739372
11.900198 56.906346 32.740848
46.783488 21.295252 26.963068
55.144785 93.339348 35.840346
59.592316 11.932634 31.441273
75.433545 89.867349 33.026736
73.799277 83.854767 27.695095
33.285458 8.689942 27.575180
25.097042 51.972131 28.570366
56.368037 43.175193 32.318425
84.790551 31.474353 25.056662
91.398356 16.062436 28.568384
81.909724 83.498423 27.093707
33.439564 63.963442 27.523523
40.453076 13.371332 25.915306
6.718271 50.668560 34.265796
22.075967 56.274003 26.091286
39.229978 80.474543 29.028737
60.750344 67.232050 32.188013
26.580495 26.059065 25.117824
87.539695 56.395927 31.374472
99.474785 91.368733 33.649299
58.670385 99.281982 30.523500
71.512115 29.335530 26.955809
4.888566 72.047178 29.469013
36.816584 29.583444 26.650568
45.526407 23.199415 30.298990
22.966557 26.100412 32.536126
57.127437 21.929340 36.371085
17.104593 76.555439 34.421443
42.439618 48.373404 28.591540
91.301917 96.029934 36.471970
24.310902 72.181832 31.331023
76.692485 87.133584 29.408486
92.707937 12.956066 36.394269
7.722700 77.818836 25.826179
49.631464 99.332512 28.308384
23.577792 91.139302 25.278918
80.837384 40.197335 28.538712
38.225775 36.980515 35.957842
37.051842 34.644055 36.483508
14.800338 78.874035 29.382646
7.843800 57.820023 28.657317
17.572073 22.552307 26.494494
52.662789 38.423846 36.679953
41.331603 24.073959 27.941204
24.804789 78.855299 32.279455
21.040395 33.150751 35.419178
17.891749 39.360233 27.237532
11.457660 26.876861 26.208236
74.046344 84.942152 29.017170
79.430638 75.882089 28.328703
15.886002 95.390822 26.472828
71.729199 10.593139 27.831981
12.077775 88.428854 29.414720
52.303009 13.217710 32.441093
42.821954 87.055026 25.833853
84.304147 85.941552 27.897047
78.768471 60.875242 26.413413
55.415592 30.280241 36.657898
33.367092 22.229655 28.306806
8.450065 18.867629 36.522339
86.567007 51.584119 32.598025
86.808133 93.854804 37.497343
12.298679 49.294488 25.716256
74.743898 44.245730 35.514285
88.063148 64.323519 30.900679
21.507696 79.616954 33.945262
15.517951 7.870568 32.908655
42.453098 17.912613 30.721465
98.694217 39.588130 25.982153
95.183147 95.440110 36.104964
8.869931 11.764964 31.002016
82.352947 86.806032 37.176309
25.419191 8.256044 35.667234
81.323613 23.977582 29.723606
43.505778 27.883241 34.729845
48.494225 89.326021 34.131912
57.788633 30.229816 30.909833
0.478032 75.006162 25.594102
82.245117 68.471130 33.378888
44.536207 2.437360 32.695789
79.781783 8.201907 32.542793
82.771762 80.453301 28.945688
59.393412 99.212247 35.030184
32.146317 3.469024 34.288682
10.521949 0.978815 25.750079
32.691444 59.616920 29.564833
76.569830 88.982053 32.290843
27.508568 42.060294 31.723953
45.096675 24.723963 30.783318
34.191647 48.120418 26.565696
62.613976 18.383333 33.712894
35.602810 88.456674 36.523641
79.232228 65.097458 31.822176
2.508534 23.231868 27.428904
87.350750 12.590021 36.345964
67.325781 7.940513 36.689822
78.127363 11.961114 37.154961
25.635361 38.954088 30.887739
64.431439 92.511825 31.743564
60.132963 28.978746 25.551346
4.641889 90.044990 36.835233
90.978110 42.271678 30.186451
1.432068 4.796473 36.334485
60.553769 72.080452 34.910672
62.511153 48.934566 33.855022
77.083989 12.502860 31.859179
32.372958 85.597876 28.409600
26.350764 36.959065 26.472794
99.800977 12.721037 37.043385
53.935527 85.038940 27.759694
94.813127 44.193166 29.834370
0.238966 73.628916 26.948889
94.583145 83.796583 35.252913
79.582406 78.326563 30.420857
56.460013 23.927268 35.488305
69.358134 23.498602 26.403450
57.183595 10.964973 25.855859
89.877235 76.406292 26.093650
52.086775 59.856290 25.560968
99.494152 36.981228 25.712749
14.938766 16.899732 29.545475
15.917535 10.015011 29.109475
42.756335 7.066259 26.023732
1.872805 75.242075 33.888853
2.882686 18.856586 31.746750
15.815915 33.165094 25.464543
62.487555 51.359432 35.697999
27.538289 0.348116 33.696586
90.752979 28.253124 36.832412
79.121175 8.670003 28.418750
71.866460 95.268696 34.274746
42.259684 79.596681 26.074227
41.361641 24.313603 28.544600
9.980510 92.616590 25.141342
6.622483 9.432160 31.454948
16.523294 85.599478 34.821859
96.002045 28.699132 27.514096
26.264922 19.256290 37.476959
36.115563 67.485442 37.437425
16.780027 35.430127 34.548548
49.445054 21.928136 32.341203
84.147383 66.421812 35.121403
47.294200 32.038150 26.196124
53.927341 9.304354 34.172003
98.995345 71.982096 28.607080
87.393789 13.923419 27.983216
31.870572 82.890707 36.023478
98.825229 15.395736 25.044558
64.592587 94.143290 29.747542
76.347585 20.884189 27.254507
98.528211 83.169142 34.805857
41.125799 46.673822 30.403244
19.771205 13.228097 34.661659
39.981410 33.194854 35.395907
6.664844 45.207614 30.981651
91.042105 40.179022 33.317235
83.546382 23.664096 27.968604
41.332078 81.793464 25.034509
62.958431 54.515275 37.340265
21.455022 80.152027 26.701420