78.475360 90.134479 25.595285
94.407601 96.996902 36.288044
29.902236 66.183807 27.423782
26.454039 40.249173 30.391123
7.047024 95.878464 28.370625
5.454631 16.072407 31.263376
99.190178 40.146057 27.399029
75.843965 74.492744 35.276861
18.013919 20.773453 31.224173
13.784984 33.731287 31.205984
7.085620 73.057317 33.741743
44.214171 51.088659 29.516469
49.756612 15.505586 30.778869
68.140475 17.704817 33.142926
94.951815 66.105435 36.008787
8.732395 12.559793 32.770114
44.813050 90.275109 34.063251
7.774673 67.373790 36.911583
45.138357 47.863481 30.136389
5.275406 8.055787 25.249825
78.449434 42.585380 27.793864
88.422255 98.907917 26.793840
67.973566 29.105318 26.915633
85.065719 57.851942 29.450762
39.029470 46.335265 25.204675
92.371026 96.438438 29.232597
63.632548 28.700368 35.807921
56.897886 42.597887 34.641300
52.292956 31.615862 35.850032
0.192369 57.637930 27.929865
22.083346 54.208419 25.941089
34.021463 92.920252 26.659704
41.521310 6.401796 33.029718
70.576759 50.851742 25.406819
0.333981 20.263775 29.183378
97.174181 37.683045 29.231829
74.730398 82.424530 28.653048
57.704084 41.473129 36.578858
23.466830 1.249146 26.437368
0.783713 12.611087 29.447375
7.876926 21.658456 34.026634
88.239371 82.448330 26.007203
11.403790 45.858380 36.924392
94.026415 73.558674 27.449073
64.498458 90.426841 25.234393
7.258719 15.662820 33.693467
79.105839 48.817183 26.972003
38.879752 97.936109 31.894957
11.757142 70.487653 35.676128
24.156311 22.331925 25.993211
60.388264 3.993794 36.791588
86.127551 88.733926 29.072066
39.881461 13.511972 26.980265
6.133635 54.683454 27.809274
47.035466 90.507662 33.382588
89.163095 50.191873 36.169511
40.775660 93.277022 37.072083
17.254838 1.515851 29.928885
88.454346 66.617031 33.867973
13.268436 44.734032 30.990196
66.354908 58.986648 31.977076
38.971050 62.599004 36.333340
68.166849 41.337456 26.942032
5.024180 29.488155 32.623634
13.875373 71.073082 33.263307
82.385584 5.458518 29.250378
23.421967 72.866567 28.735001
46.127729 56.648361 31.606994
99.859086 59.631408 28.108238
91.969142 25.394399 30.729369
49.859453 10.860133 36.515862
8.174014 47.900185 30.176276
84.129213 96.564400 35.595597
8.845494 13.997605 28.303747
15.757889 78.447219 32.105561
5.460135 74.734054 30.016325
19.128824 71.870290 29.288629
41.943639 85.354516 28.326842
0.983900 77.038354 35.155243
21.283599 64.272442 35.150781
42.575145 44.242450 31.403059
27.363652 90.755860 29.673115
29.596813 66.522842 29.999228
41.721195 24.615640 37.268992
25.752408 70.763757 34.962895
94.153792 99.970070 30.774671
58.285284 83.388608 32.206531
36.677509 57.894509 34.821974
58.553557 38.702804 25.602290
71.570756 3.932612 27.629936
72.520708 99.116183 33.506861
9.077734 36.012275 26.548089
50.950617 91.052360 35.023910
0.274823 71.094934 34.766549
49.952380 57.670934 35.735840
48.893539 7.842940 36.536611
86.015622 5.715405 36.959178
38.577734 93.349233 32.325633
23.627182 76.954225 33.492873
24.054836 67.244649 32.282150
44.783392 86.123083 34.740638
37.915735 79.486619 31.164347
57.836329 11.813120 37.240969
50.539958 60.312778 35.846228
22.275626 19.675634 31.460944
55.984724 67.885708 26.185067
70.916923 38.296754 32.061858
78.418143 21.968914 29.667527
94.752747 63.794297 30.555120
63.194430 57.801489 26.744200
97.254421 10.511635 26.824135
48.748375 63.924329 28.681484
16.321867 34.540097 25.820313
85.240977 81.028127 28.662746
76.639382 77.833737 30.297596
23.189599 72.163257 32.343253
97.520008 86.697500 33.755073
88.622344 80.028678 33.881575
53.546178 7.159535 29.269785
40.867316 11.406914 29.026283
66.898295 27.319416 28.986456
40.007540 91.865186 30.090191
46.936797 42.265978 36.342745
69.942157 73.676525 25.480727
81.653538 40.070037 25.954674
35.037587 5.810301 26.326897
35.546215 76.145016 34.491870
96.930960 62.019412 31.417043
28.501513 81.343635 28.343224
94.023142 41.576689 33.425868
19.074710 27.299507 35.556976
64.995752 15.742771 32.474405
94.858087 55.856239 37.181626
90.768497 17.402712 35.720135
9.912407 71.755029 35.380580
15.086795 91.729685 27.889302
46.285457 13.826264 32.838319
57.659816 20.061662 28.502060
78.957906 36.561463 25.304655
13.340900 88.514255 27.311907
21.061446 73.349917 32.002561
86.114444 89.456923 33.707185
24.133179 66.148613 32.779251
3.269646 46.255876 29.874908
64.975264 13.027197 30.426240
62.797363 16.998702 37.084258
80.197258 32.234731 34.142851
12.211718 60.414544 37.284145
31.908224 93.096660 30.763526
68.215378 58.125561 37.229821
19.325957 93.406996 31.522522
71.461881 91.712996 35.681368
60.097583 84.144708 30.796334
79.392914 23.144163 29.329844
31.391801 5.615994 27.789162
86.079547 35.689477 26.109588
84.675748 17.762114 33.682958
47.354868 24.144386 31.128339
0.856688 65.004717 37.363751
8.667663 90.593626 34.283911
82.928486 85.455955 27.527677
44.803184 12.501722 35.179819
58.648949 86.616714 30.438764
99.471702 33.878996 25.364603
50.731821 23.974945 30.383962
84.341879 39.021242 32.081348
44.123518 68.586379 25.899633
99.734307 4.218766 31.026500
13.725726 40.198844 27.312977
40.054988 70.977583 31.061255
81.929381 27.092925 25.724645
82.473241 15.485432 33.189263
51.036212 34.511935 32.553621
4.185922 32.463747 33.459359
58.467319 30.435713 25.552014
81.507305 65.449894 28.201807
29.249523 96.297887 27.049897
79.453760 64.426402 34.581007
78.034080 84.739065 25.974277
11.860402 51.786424 28.853445
45.167267 19.947669 28.339249
51.382949 77.188008 25.386982
2.496293 43.931920 26.786378
28.707410 66.686934 32.022517
46.094991 66.581641 30.024400
94.781080 8.659608 32.525163
84.290120 50.973029 34.346313
6.845793 71.724472 36.829505
76.965433 90.078727 30.605559
56.727329 28.059722 32.664078
51.606765 92.004975 27.950949
84.079679 92.162917 26.413436
53.253979 11.887376 26.062135
4.625352 21.930622 26.147730
94.172755 3.206225 34.715642
14.340000 11.808857 35.040963
14.677420 86.942778 30.574147
75.878042 63.984759 29.650266
22.507332 17.010328 27.575243
72.940161 53.669267 25.371158
71.020008 93.780823 29.077438
56.843510 26.224919 33.480742
26.971085 38.685270 26.573332
91.043752 96.670138 35.236681
15.803383 64.714638 27.038830
8.237639 65.621326 28.450905
23.384819 66.452640 26.639798
36.562462 64.691266 31.039134
53.814343 16.844078 33.072455
65.856603 36.468409 29.202379
45.966459 78.639763 31.708198
57.314451 63.294503 26.532113
60.904515 23.868644 27.865108
65.100296 35.506045 26.942905
53.769717 82.422673 28.432056
37.497247 29.082498 36.695629
21.117775 47.208832 35.756902
44.289032 3.753724 34.678211
75.959016 2.529108 29.850198
58.404749 7.555574 36.404492
19.494103 63.288291 34.338810
4.277514 73.022568 27.891373
44.808853 35.179952 30.521754
4.630570 85.922118 37.184295
65.174371 82.987480 31.399611
11.723385 88.556901 26.217810
60.646536 1.519977 28.829838
62.227697 9.067857 29.152361
72.325875 23.227035 26.416118
64.333654 33.996023 26.636837
99.955115 61.644891 27.480086
9.341144 15.461899 29.325951
54.074022 28.109495 33.599723
75.646306 21.464683 29.391900
28.206705 62.285017 25.157089
78.724827 32.166850 33.310582
89.824723 1.906736 26.374466
54.627475 95.040330 35.411506
46.831535 91.416853 33.333930
8.255740 22.689012 29.828243
22.916324 12.954477 32.243127
52.883599 55.949863 37.083396
84.819910 92.653231 35.554720
31.101917 82.799375 34.045489
10.876948 81.502688 32.548793
59.194401 49.683778 30.967056
9.934545 57.533591 29.447499
88.323279 47.910651 28.092520
38.024717 18.128057 37.153731
92.776287 32.230599 30.703188
71.452347 35.729420 32.206903
28.637402 14.507672 34.233412
97.512891 26.142374 26.910140
46.519756 45.088260 33.280670
51.276307 15.192763 31.583878
17.321014 44.508692 36.169609
28.856301 29.092761 25.335009
27.123052 17.114934 28.686454
80.326099 90.850185 35.998857
68.557822 49.071580 27.465199
31.435782 91.031998 34.146236
45.123175 4.446573 37.323954
4.961435 4.226026 31.929920
59.876567 98.641477 27.573690
32.474188 64.628191 32.773323
81.920741 44.709564 29.084855
66.004426 47.436912 30.701902
6.846142 97.757716 25.378072
92.455148 53.751967 33.441186
96.545248 65.639559 31.514957
96.990177 2.652641 32.864682
25.104929 7.691238 35.851958
58.335233 50.123686 36.555851
22.876698 23.171760 35.300015
59.803253 45.257394 34.913741
29.215264 52.086470 35.687888
74.045786 11.151615 25.072412
38.546822 82.816833 32.958700
56.138059 82.152538 34.850143
60.585160 4.204033 34.711487
12.182027 21.880494 29.118616
80.751078 54.809603 25.876231
69.739141 23.166993 35.576657
5.898015 40.760520 35.874940
40.784929 9.119292 37.410600
12.037388 13.417459 30.267326
16.626361 51.255658 32.713892
37.467187 92.982520 27.139866
28.429987 27.125485 33.003217
40.701317 22.685748 32.260696
70.747077 82.999033 37.484610
17.289777 38.877669 36.467090
70.640677 82.222707 27.334069
64.646493 1.731355 31.005928
4.594570 7.505797 36.418259
72.079968 15.576741 25.246962
52.185202 16.898084 29.283327
1.811432 2.769860 31.810641
40.962498 47.547403 34.347630
54.084220 18.123491 36.144404
85.038754 27.098136 28.934167
91.875505 11.717817 34.073198
91.487545 38.161892 33.899257
25.037943 50.761636 31.807214
10.038679 96.636249 27.381966
19.079102 23.470929 35.849056
85.176322 87.420131 32.395615
65.435776 91.876378 30.495936
72.435079 78.965754 33.757364
88.023956 11.886338 31.986475
77.064062 71.162050 35.490552
54.368305 94.200511 33.181137
52.774615 24.609450 26.323432
98.847669 37.367962 36.790443
33.220100 52.816511 30.665522
50.953233 45.285303 35.280200
26.073115 94.054390 33.435395
75.551207 78.358011 30.793443
90.817397 7.134091 30.163963
79.187716 15.221723 25.551647
15.291868 51.079736 37.073905
31.142721 99.304126 33.291122
16.209967 64.779187 35.437859
43.396897 27.603265 26.565001
12.167562 34.151558 30.138038
62.088388 89.931650 36.698603
31.001938 89.442178 30.150731
65.703520 14.165951 37.132994
79.828341 59.074661 27.395609
61.036423 68.090571 37.232822
43.263139 75.550985 35.694472
92.070370 70.277271 26.205704
20.638146 97.140209 31.421980
71.554001 36.766443 31.867343
18.599130 60.008683 31.876305
78.849245 99.522669 29.069927
79.504258 45.127824 34.303355
21.197373 13.868014 31.024438
11.660032 90.359521 30.350923
21.308230 75.074985 29.571546
55.192371 19.375010 27.007623
79.242546 34.281539 34.091896
50.237992 11.262383 31.849639
40.815339 38.930377 29.343065
1.686969 43.291860 31.305137
78.847082 62.571109 26.333120
87.762068 5.765476 37.360613
13.886106 27.272705 26.595420
68.768136 41.185673 35.764931
61.286809 44.013076 33.215959
56.990939 71.336616 27.313599
96.452310 32.437903 29.859458
62.758364 69.538553 30.602930
68.873697 46.100581 36.717061
39.219368 83.241252 33.930508
88.501459 51.013786 30.867310
24.055452 69.894217 30.304920
19.694516 57.932390 35.054615
65.536923 73.909442 25.017895
88.183087 31.272117 25.555743
61.149297 36.597399 35.912950
71.339906 90.402509 32.524448
51.658581 58.102939 26.441038
21.191273 83.507097 29.259526
37.144865 6.070322 30.722974
2.080202 48.230892 35.978850
83.360592 87.391510 26.846997
62.723830 11.183534 25.962492
83.147332 21.958757 25.499727
87.417618 7.154047 34.113115
7.448399 15.130328 31.186127
83.791101 47.006823 36.205241
88.385592 78.754853 34.387218
64.523358 22.012746 34.230657
27.146699 3.046593 27.531649
93.230429 16.382083 32.267713
50.051561 44.158772 27.741648
11.350684 0.974307 29.788055
8.927732 69.499959 35.398059
29.467975 97.888095 29.373680
75.842939 33.399535 37.396774
93.042021 50.335116 26.284036
91.948896 50.612440 28.043440
68.518569 73.470494 34.968614
42.068409 78.704169 36.511346
33.790643 33.059922 31.798458
3.259319 9.262584 34.586903
90.288168 58.168740 34.947186
77.949559 5.803489 29.617110
83.000531 5.386722 35.099044
88.143575 57.073488 33.684639
25.141289 71.642867 27.706326
83.277140 80.368094 34.047337
48.137327 64.953324 28.527497
41.824812 46.635255 32.062751
88.723835 3.610266 25.712668
32.515790 91.373570 29.508318
55.025717 19.321068 28.045280
41.040049 83.329747 36.648931
10.694491 90.093830 34.961684