23.300968 97.021182 33.808325
89.838308 31.735036 32.172509
41.895965 16.598395 36.071611
78.430425 76.003524 32.011658
43.203372 82.545224 30.286173
72.819840 60.488647 33.996285
6.554920 37.736334 31.830216
52.922903 24.768789 35.217104
92.258495 80.247703 25.375644
94.480435 16.509336 34.678298
33.239037 10.515161 32.906571
62.342913 93.948853 29.390302
44.898390 88.593417 27.410041
46.277192 54.234574 35.267559
18.353029 14.790300 28.193796
90.225971 47.502764 35.777830
54.194492 2.114982 30.250068
41.566615 27.726264 33.472650
89.263694 72.884125 28.613622
19.615252 1.613458 28.184058
2.936871 3.397940 25.674219
73.503595 95.827320 34.209568
86.070863 95.807293 25.552920
33.495839 80.716080 26.597761
81.614821 31.337878 30.455525
63.558551 66.912193 27.807232
95.682103 18.311894 27.677387
0.390624 10.655009 30.659412
59.290455 72.324995 26.484263
55.137806 55.566315 29.467768
47.007034 4.627039 33.000929
64.212640 37.730640 30.991693
46.372566 53.895956 25.222659
77.061750 0.684890 27.768626
95.202235 3.117970 26.760430
46.439597 16.752276 33.670735
58.141631 97.992355 35.272113
78.441025 28.577006 37.003142
94.235540 71.976581 30.116881
55.327861 78.303002 29.326356
85.665804 31.291297 31.515064
94.735851 37.564469 25.389354
39.386721 41.399598 34.178350
40.152168 34.695254 36.441177
11.533923 22.395822 32.071970
75.515463 18.608824 36.594980
91.665969 15.100348 26.226713
3.755878 28.294626 36.858312
1.929810 39.111644 36.627869
99.000377 65.715770 36.013142
7.414643 17.695368 33.670360
66.363835 12.004925 30.433454
17.234771 16.357722 34.006701
84.701842 93.988632 29.176364
29.885064 66.763237 36.005066
40.494053 88.767868 28.122725
73.216216 30.394960 26.765550
57.794709 4.646421 26.132128
51.408183 10.158271 27.648915
52.943762 85.966773 37.228098
27.188846 1.194606 25.895177
40.331119 4.409162 36.260126
52.519116 87.137486 30.439622
61.350514 62.601900 26.392256
61.354358 59.162304 31.452032
44.086881 89.029463 34.015379
31.484566 64.356024 37.039090
81.803023 21.696856 25.695763
51.452997 31.108020 33.956531
91.324500 77.331464 33.988134
47.308705 89.892784 26.565731
94.420767 29.399539 36.480400
10.017966 49.295014 30.009532
67.002424 72.132263 35.584927
78.854987 29.091068 28.906871
13.211663 54.438895 36.831606
70.475182 34.231100 30.180201
62.394744 13.443690 36.037305
18.749020 18.437071 29.236980
20.118958 81.535683 37.026003
97.857449 48.539114 30.024949
1.966604 31.687905 36.566242
82.735893 39.857233 34.797302
90.138039 62.369872 27.521815
7.385590 38.381807 30.954089
73.655817 68.839467 35.553041
95.500452 64.907522 36.287475
27.456501 52.234803 25.152270
13.947349 20.725249 27.373046
35.782505 4.282525 35.024920
68.019998 63.336761 27.910451
5.971161 48.559720 31.129729
28.720784 11.429266 28.719698
42.458381 44.696155 28.544254
8.552495 95.849613 36.449551
48.495574 77.493948 33.651227
38.439440 89.594720 36.514850
46.233397 34.395877 32.135777
63.804074 64.228141 31.883867
98.178507 41.099611 29.072774
44.789907 77.212914 34.793719
98.036167 95.853968 25.987792
42.964420 36.848779 28.118529
0.831090 23.641278 37.204859
25.928159 33.312752 33.038826
41.147409 80.614717 33.916971
7.417922 23.051753 27.357148
61.806948 42.736027 28.102063
64.906141 43.694880 30.716511
96.966171 96.061555 33.009383
95.831351 96.050548 27.939768
54.704439 43.304808 26.600520
58.558683 23.987328 30.654938
68.212677 49.579887 28.272386
21.032691 40.055844 25.053780
88.235200 81.370468 26.756007
40.279366 12.198049 36.043210
41.087572 35.132175 36.489110
16.410879 49.819932 32.057788
2.025554 23.807455 30.925780
28.505549 75.763966 36.749868
65.034670 58.883803 35.284918
28.668223 33.115500 29.184593
80.946777 3.825676 27.161089
45.393466 94.944638 27.924488
86.989208 74.988855 31.582568
9.326751 72.106994 35.878195
85.349081 80.818879 29.938943
34.281040 16.539211 32.880201
74.676012 29.505226 37.136207
64.709452 30.436778 28.197339
89.923318 97.567627 27.775129
90.146593 57.890819 30.938426
76.372771 90.095226 28.840811
62.695211 13.462748 36.477091
80.629964 81.989924 32.514669
28.122687 58.028964 36.848309
84.746840 66.743365 33.790786
99.622536 43.061850 27.176663
92.013098 76.841477 33.017473
5.257839 9.474683 28.919874
62.173375 91.224251 31.610095
24.097535 65.963618 31.077736
83.367478 20.231639 35.255926
62.888137 49.659520 36.634104
47.341791 92.075308 30.696995
83.837396 53.545302 27.819278
11.069867 42.329611 29.392017
47.615795 23.601503 35.126631
98.164686 49.129112 28.512114
36.092750 47.332999 37.337938
26.411200 42.440498 35.768019
64.636796 8.983278 34.698552
32.517787 86.420608 36.097910
24.656648 71.465106 25.496680
1.265486 45.432557 35.442835
69.037211 49.724709 27.621108
46.110409 92.880693 28.244401
88.357882 76.776569 35.752428
72.681617 50.605215 32.274930
12.277224 91.049831 35.656429
22.977177 14.761141 36.548002
2.276944 38.972613 25.176518
99.851770 88.616084 33.472886
23.558500 75.012276 30.850434
69.705910 88.028418 25.077005
65.621110 95.627361 28.548048
67.468339 20.931104 34.158441
31.593673 4.607111 36.555829
96.364087 67.308381 34.076973
86.949922 21.170865 33.204924
90.059460 61.289344 27.651061
81.267581 29.101323 28.038253
79.463752 6.990770 26.745597
67.920153 82.753583 32.727433
3.922735 53.753644 27.762491
71.958669 30.106971 31.611907
10.309724 8.975501 25.712818
29.725377 96.626903 33.886254
63.472613 97.298188 29.341070
32.690318 78.338610 34.525296
33.683989 61.041216 32.491498
12.115591 83.141580 29.970965
76.252628 31.370581 34.981682
1.753918 88.554324 32.381722
65.927307 45.340300 33.676248
36.707264 63.619605 34.358075
92.932500 66.550619 36.424423
32.734875 44.090756 33.943584
48.720515 89.924727 25.834568
47.954024 38.445367 26.730042
9.393409 72.583120 29.859010
11.737927 92.596094 26.888995
96.832283 7.034847 33.365984
86.866262 72.923304 36.123648
39.342683 15.890960 26.955904
85.326736 7.141485 27.340960
37.929215 69.823364 34.049183
48.858079 61.142386 27.093867
56.458836 81.404275 37.368533
92.540196 54.163814 27.445332
71.969577 31.864808 31.846987
18.643338 89.861517 30.136245
71.360380 98.178170 35.585164
58.227567 54.160499 29.392156
12.280743 20.428638 32.906069
39.443691 25.285315 26.455425
80.216222 38.249470 32.673287
24.311552 85.254655 31.179547
88.580995 90.312144 26.722180
80.152504 13.788573 28.233497
63.099319 52.969810 27.200574
78.503797 70.984492 33.571519
34.655585 96.710969 35.762700
5.491551 87.948363 28.910858
56.953531 52.679419 34.277967
82.560189 93.451355 35.857216
27.118921 83.090828 29.745473
93.739248 51.884786 30.769207
15.070522 43.155076 36.279432
6.565823 54.686502 33.970555
61.356655 11.076896 33.101234
8.716445 59.658626 36.186144
31.065330 38.772842 35.585289
44.375921 24.062449 35.449684
55.572579 35.749872 29.313234
11.163917 18.087478 34.909574
21.524568 22.677441 33.465751
69.360869 64.655627 26.759673
87.869360 67.988445 34.627794
69.888089 66.232832 36.463141
89.464664 4.729492 26.018097
94.912869 85.374672 29.778159
88.528811 14.320235 25.283337
13.414872 66.419946 35.468471
43.915551 50.597636 31.866602
51.840297 64.356700 26.623889
64.164020 76.755862 35.623359
17.329524 51.075602 31.232825
88.146564 46.009523 32.713861
68.651237 92.431959 30.969976
95.486291 83.373128 35.569106
12.813152 83.414781 29.795383
55.760477 42.942446 26.839893
78.394225 59.216109 27.753940
27.974050 99.704579 35.682505
87.498164 17.855562 31.094743
53.128748 9.751598 26.656030
68.047537 83.849999 33.518616
65.746081 24.612331 33.789907
35.732544 97.586793 36.491666
7.089527 79.955242 28.211457
88.467529 30.851532 29.172972
73.579190 4.447014 30.613952
5.010666 26.989055 35.072886
33.209227 13.595307 36.394399
31.955056 26.632242 25.420247
15.339735 46.952959 31.018316
96.691589 33.390886 30.483727
78.173590 40.706057 37.444668
94.005426 95.886989 27.561212
2.356645 34.109869 27.196821
28.795106 94.825861 31.755906
74.566088 80.282146 29.414004
77.225910 54.018510 27.929536
4.652365 95.740264 31.642990
22.440808 56.771028 34.453893
44.685288 44.074452 29.583855
20.006735 4.811276 28.281908
3.888290 84.312442 34.845563
78.490452 37.413936 33.129280
0.098778 98.509857 26.325958
98.186487 89.316170 35.613065
43.241684 21.123263 33.899381
46.096702 72.260095 25.571390
18.470973 10.262285 29.278003
72.475396 91.242587 36.543934
5.243462 22.091127 36.653468
94.123756 7.664201 36.554958
46.582333 45.040297 34.458031
71.249649 48.198755 37.102913
94.466539 76.730642 30.032547
11.923431 5.080172 25.575670
30.115385 11.268414 31.958350
19.264574 8.462713 35.808654
11.220174 53.711453 30.076473
34.309182 39.644917 34.186185
24.136349 59.356775 34.248462
47.794609 53.979752 32.343331
31.288248 50.296585 36.512122
91.070395 8.200443 29.728375
11.053805 30.419217 28.317558
81.521561 90.618864 33.761709
30.649780 29.327215 28.452033
66.536773 19.135539 33.072439
12.336703 86.263592 29.456201
44.458324 68.947914 28.969341
20.462747 70.027334 35.001977
79.705667 1.809955 25.985747
21.119306 38.935972 27.549401
91.453838 37.570913 28.265450
26.465688 60.783196 33.955140
27.447902 10.850016 37.042367
55.580299 70.286543 26.582245
33.137718 51.752475 35.058004
58.667542 68.356343 26.386508
7.822218 44.948401 29.868696
34.934368 12.461226 26.148371
87.065852 54.660991 27.560840
51.939363 90.089420 26.857112
64.443422 66.709074 26.008192
86.817964 74.399120 31.239214
21.905291 95.990141 35.467488
49.376669 40.890764 29.224317
98.214621 19.549125 28.437976
5.878552 78.960759 34.402779
72.937111 7.586536 31.096215
59.873722 26.122106 27.265543
32.176435 15.716833 37.246783
89.697573 30.193487 34.995391
36.308116 9.810021 29.267628
96.991834 93.167740 26.018737
92.973417 8.402498 26.409610
39.071855 67.041423 26.127167
25.488672 52.126750 27.880228
62.465779 40.376792 25.785875
90.234164 54.421118 36.575943
53.169457 76.064927 36.895715
17.066085 89.314009 34.998564
28.193237 78.019477 27.306656
72.969862 40.357734 37.253831
62.991566 95.114733 34.213110
56.165158 81.024282 34.917776
75.663556 35.809254 32.469198
3.691547 60.246543 29.719478
52.742658 10.758709 35.692578
80.356951 71.490061 32.976144
88.406575 40.411177 35.792156
33.552012 42.476382 27.036716
77.409372 14.405415 29.102689
87.018324 92.600718 35.864771
2.347961 67.837181 28.513902
71.004617 21.553157 30.431340
39.304416 23.984901 29.549032
56.241739 0.158146 35.111074
49.977271 96.240335 28.188480
63.584478 95.426091 32.341667
44.559350 96.742783 36.293139
16.203785 65.153218 30.247193
80.565287 14.649091 37.451450
16.560184 81.734334 30.535766
97.700680 77.231687 29.793800
44.810741 61.598425 29.292581
57.144607 5.983293 30.856644
27.913798 34.458766 30.392458
83.788521 96.804638 26.258566
23.617339 6.343264 29.706191
72.224703 28.729570 28.595357
2.854933 88.541067 37.050280
42.975164 20.838041 36.502846
41.779433 48.378943 34.081045
26.001381 81.705674 31.629628
23.385057 33.525454 37.115687
90.290286 45.202325 34.359133
21.674983 5.687119 34.843697
98.259140 32.027617 28.573675
32.648082 68.365921 36.941283
58.699902 76.785816 29.504786
67.899999 2.082028 27.857811
17.732767 84.405231 31.144222
53.562194 79.890475 25.775246
83.542514 99.845380 26.886351
88.528792 55.424118 28.870103
46.895082 76.028625 27.692097
2.969314 32.610459 27.655874
90.785548 66.257682 28.690540
73.141243 63.425543 34.707860
78.635331 5.590568 37.007490
47.987406 6.922321 34.149044
7.828100 35.223166 29.247191
13.355334 68.432103 27.415739
50.548178 54.871020 25.260077
0.722044 79.316764 37.457673
20.404657 65.267479 36.564562
76.007974 56.430895 26.471610
71.059454 91.146792 28.023133
12.348700 22.085037 26.541986
45.207781 46.883399 30.210095
14.233495 74.906481 30.602550
6.028014 73.476388 33.976161
32.978884 39.593396 37.405310
8.912729 53.775560 34.982457
27.341596 56.137511 32.480537
80.352454 16.986907 35.860560
93.921148 13.222544 36.591702
88.003184 74.662588 35.069536
31.925656 81.208940 37.303756
18.599880 18.972745 33.045736
21.973206 76.315786 34.213804
82.087421 38.873424 36.017468