84.206646 52.803941 27.733122
53.325411 22.434582 29.139341
14.827733 24.414928 30.573026
12.120681 91.192475 29.937917
69.257185 76.537407 36.832777
33.888575 72.773653 35.816140
17.850160 20.102451 35.612738
51.928915 27.644953 25.493311
55.239920 21.044104 27.017441
55.104689 32.722445 28.993118
45.270543 6.064498 33.683435
94.626374 9.862759 35.791327
91.403732 41.079258 36.801392
34.448658 67.578287 25.791824
34.197456 27.855864 32.609330
71.163090 42.964490 36.232979
26.692401 27.520203 29.693507
69.365807 94.938133 29.470274
87.600322 99.117115 36.193672
21.295617 38.487042 28.125524
78.430344 75.059390 36.900055
1.915146 46.305700 33.021432
22.210909 84.966682 25.162588
83.764226 94.879494 25.668027
79.156733 55.423300 34.696477
36.748858 91.985223 31.773325
17.847298 61.166841 34.023650
68.399814 79.121674 31.166975
42.188082 62.658393 36.152338
53.809791 48.383086 36.731239
86.389697 37.209881 35.203218
56.038067 34.456095 33.229690
85.669455 85.861155 36.762584
41.538279 37.970954 32.095574
21.118411 91.940720 34.713462
17.975751 96.426752 28.701440
94.855888 6.078189 27.646218
19.957716 44.643873 28.815332
68.972778 78.581399 36.632435
41.157866 40.146798 30.889072
54.901386 18.830043 36.502847
90.482354 28.467899 31.120895
19.623809 19.775532 28.396916
69.735131 22.986460 35.171399
53.894534 11.378218 34.998639
46.141154 6.603844 26.274805
40.977330 53.071766 25.312094
17.104291 24.850359 32.279394
37.130178 68.007115 37.006821
99.244301 60.267589 29.001249
74.772256 8.887288 31.205925
71.611026 4.766456 25.420393
28.173453 77.732709 30.653467
69.033479 67.668069 34.247155
65.529608 61.035430 34.319817
37.361189 55.669061 29.864635
71.369590 37.112631 36.633590
93.851991 75.931022 32.094583
96.081966 5.439249 26.386543
28.325188 77.998901 27.117511
90.439985 58.227496 32.652029
79.454891 40.324971 27.318420
64.895016 9.212777 27.255645
0.796325 87.662497 32.979151
60.237531 99.583791 37.038031
21.489101 12.684275 35.634155
45.369092 99.919356 33.201968
10.851016 31.681213 25.006664
11.664334 1.346737 30.510292
27.102474 44.929215 28.130586
87.388689 87.084469 30.028991
93.302026 9.424922 28.139872
83.448565 40.917026 26.580537
17.154992 59.496667 25.291238
12.394031 93.641402 25.039769
89.685760 62.682717 28.024340
89.265593 45.236461 26.511543
71.208495 60.125149 25.035385
81.637004 41.482717 33.843572
20.420384 94.232572 36.988827
65.157208 0.322899 26.121023
95.910629 32.943864 25.040127
90.720364 73.391677 31.965924
84.803131 53.344947 30.072092
97.514136 80.905366 28.038382
29.525856 44.313497 33.157315
10.906307 31.479453 32.407199
96.617461 26.636363 35.441545
89.911055 25.887143 36.610849
76.490327 35.654497 34.806826
82.342120 52.136723 36.360728
75.764031 85.757044 28.104601
11.892388 82.991507 35.819118
30.162297 73.280978 33.879119
44.195454 72.021978 27.302573
29.084554 16.979213 28.057418
23.636645 52.636398 34.931510
77.501288 73.936782 34.563014
99.270922 31.769402 34.457961
39.876379 37.537193 35.030691
31.974241 59.782108 27.502984
7.082527 36.212773 32.477623
50.237081 75.917924 32.683326
81.809458 4.881617 33.499249
76.631376 49.486319 34.914694
29.240077 29.098099 35.300602
68.173273 50.546176 28.110644
87.968031 55.495000 28.236808
85.537494 73.139879 34.206752
25.452334 66.654462 31.199381
93.402958 18.796073 36.801197
12.865736 85.686380 34.984117
22.945932 47.406617 25.950789
61.257424 54.699057 35.886178
61.623949 47.786550 32.966382
4.769597 64.541861 26.530186
32.905088 20.579296 36.828729
82.639499 87.773969 35.572693
50.251553 56.531291 25.141781
53.624983 33.169616 31.883955
85.515204 56.252810 33.053109
37.878168 55.810263 26.399511
96.753805 22.759846 33.919580
20.605513 53.829161 26.550311
45.244042 21.934517 36.232862
26.100273 40.188077 37.093783
82.693913 74.318592 33.679185
96.483635 66.902065 26.698616
15.765886 61.001392 35.941699
62.382744 56.951907 37.145783
24.201996 29.510881 34.083049
45.496561 46.331235 29.059946
9.235183 21.110185 36.484727
58.559544 67.512393 31.861965
58.128123 19.924330 27.047302
16.022721 97.902064 27.152721
1.281397 49.736120 34.178989
36.140951 30.363534 27.904229
73.091151 62.814260 33.667444
29.663384 10.182069 36.200241
9.634664 25.422660 37.014002
31.975805 39.477474 33.805280
95.177112 0.031641 25.082092
84.936797 97.508317 32.629396
4.847222 79.872533 36.165855
87.410079 43.112202 36.750251
71.307128 19.283945 29.222556
23.124980 39.884472 33.068988
63.114735 71.827888 26.809580
20.895454 23.281998 29.672138
79.901440 24.652142 35.856896
19.739382 84.563417 35.893794
13.537288 48.103307 30.056778
75.904109 11.727395 28.689388
94.713265 8.930610 26.327278
53.912093 27.761259 34.357032
39.886373 81.916634 34.116131
13.093503 1.112764 30.261280
23.258810 95.944703 31.883112
12.685497 78.623477 30.700905
49.123494 4.424674 26.555323
32.784802 17.239639 31.571375
30.180312 1.944084 34.583928
2.422134 43.507629 29.216406
38.384928 48.941778 29.387429
2.784429 97.420810 32.060698
92.803136 45.735236 30.037075
51.649066 79.144012 31.836277
61.856614 5.152418 28.177706
10.009477 49.275620 31.673603
36.224808 19.254194 35.415378
20.310033 87.807489 26.877535
15.372333 15.004647 26.604025
79.372697 40.378467 29.152488
24.171410 98.651911 32.543088
7.455410 94.500813 26.207054
72.072392 43.546617 34.067022
69.578748 53.806160 33.035053
66.976531 93.875854 25.858627
87.980670 13.611407 25.105563
11.890148 78.044254 34.736975
25.429854 51.107115 31.781694
68.477592 88.204598 37.373039
18.648698 65.093642 31.721544
56.955013 44.033601 27.502976
4.790927 53.798489 37.062457
62.151331 92.756071 35.799180
9.680763 73.180316 31.265656
88.165006 37.573415 35.970578
52.435237 19.178916 32.356594
9.920837 67.557879 27.450188
4.869352 49.518265 33.136498
77.186224 30.012397 30.929110
75.594363 62.278743 27.415478
42.705801 31.650356 29.762029
71.285777 32.518886 32.084201
41.255354 96.232095 35.411294
76.502985 31.175236 34.380613
85.852726 70.739351 30.796929
60.452844 16.531972 30.758602
70.549623 22.434272 36.090255
8.853534 55.766079 34.195822
76.611002 17.169279 34.879530
78.304207 42.182507 33.254179
11.694217 52.082522 31.681163
89.091418 61.376843 34.950671
46.852082 75.242251 26.366834
86.726351 62.896157 35.081436
20.568837 26.540616 35.280487
99.771171 36.383583 35.208731
69.325446 44.744783 28.030248
46.680921 7.549769 34.661657
30.791769 94.187918 27.761513
0.123792 58.798610 26.010401
41.023822 94.938804 26.347000
49.735157 34.810235 28.683170
20.462664 20.504832 33.892697
60.927182 54.053283 26.725643
3.321711 63.901622 32.734582
91.390053 93.617463 31.949586
14.093964 33.393258 27.520734
52.030064 19.892237 25.706779
22.904979 23.789115 31.240401
0.787929 86.577056 33.939132
23.513463 57.068296 35.214198
9.637728 31.122435 34.271010
99.123667 16.118671 32.254899
19.800171 90.527960 33.432959
98.597163 94.341676 30.244953
56.741307 16.547917 37.133703
72.029234 34.726782 34.918385
28.157495 91.993419 27.209497
17.354284 33.595590 33.212659
53.043687 19.969055 33.537199
21.934720 5.532482 35.262115
15.229091 48.313671 29.126133
46.991271 28.189513 32.240928
53.445532 88.629894 36.517723
54.857380 47.801685 25.851936
69.285000 23.619257 29.995003
13.213069 73.940811 26.418901
37.197432 67.677131 25.720315
49.071595 14.112040 28.981111
6.867447 22.189988 36.968564
96.049646 20.166367 32.231694
11.599347 51.394545 35.190737
69.695835 38.703502 37.169424
78.023864 68.491717 28.355725
65.616998 91.688562 32.175220
31.058136 46.776783 32.712589
19.043260 47.788751 29.827935
29.894593 7.533954 26.320677
94.937423 4.567381 29.423826
70.423243 4.631976 34.809656
10.367328 77.586916 35.763905
82.192762 50.853662 25.220373
25.286077 30.868060 34.203037
34.217457 83.201664 34.996609
93.146150 23.807662 32.019652
58.370889 23.296377 36.325017
19.664200 99.819926 28.400797
47.873296 89.493903 25.537596
68.114602 28.365821 34.790186
51.230548 78.953367 30.568283
31.835655 17.491520 26.081982
40.514923 69.731378 34.668833
39.522494 8.894467 31.682695
50.922715 53.518337 32.930600
12.332316 28.723387 25.719519
52.152505 51.085245 28.448396
87.618561 14.489624 34.096333
17.114285 84.805932 30.346443
93.043350 69.261946 36.030911
73.513160 17.747411 26.630738
30.808811 23.662015 27.530724
43.356346 83.791659 26.730701
27.627550 37.889378 31.415004
52.250499 8.747411 36.409585
57.980767 46.223152 34.521474
12.239638 3.006688 25.205142
66.531515 7.546682 36.630319
59.450322 13.314435 29.906763
64.658169 41.306836 26.721831
27.238714 40.015372 30.926779
84.999597 17.915516 29.231260
32.252403 76.262300 28.864388
43.329516 88.641320 36.926136
7.278444 7.005640 28.590384
54.215032 94.089480 30.026108
32.732225 39.093978 34.104190
23.687016 96.246616 26.323342
22.780100 90.863980 34.405112
1.552286 61.505485 27.917347
40.846500 75.996494 26.459172
52.582340 88.956667 29.850932
78.520531 2.604724 26.918939
65.223961 76.336766 37.128786
80.272411 41.444935 29.906506
54.113938 28.989586 33.889622
88.997401 62.149597 37.487416
1.211442 30.153587 31.515717
86.950351 38.809427 36.056283
36.717263 65.865790 30.275075
74.269436 96.279655 35.432982
5.850640 52.623207 33.662589
60.276716 81.648894 34.862618
7.550470 35.845173 35.245782
20.850371 52.174359 33.798518
20.707018 70.149005 30.776970
21.233267 56.128343 35.465341
30.085749 32.878160 35.705579
78.423961 35.018873 31.647069
91.386719 69.546792 25.766626
19.112675 14.383469 29.473239
7.723826 52.848089 27.466891
59.664793 91.745007 32.054589
18.688248 0.008780 35.819770
63.479771 2.020179 31.697675
40.832510 38.081336 32.092936
85.616815 9.207521 25.132185
5.923336 11.783527 29.724505
30.830233 72.461917 25.356438
96.451210 15.280998 36.137454
12.169048 9.170674 35.502957
38.023562 70.269318 31.420519
67.619148 10.595407 30.581579
62.294232 89.895088 28.227681
18.730366 49.140986 30.743654
93.445227 50.914716 27.833577
87.391797 42.793090 32.302259
79.047253 57.557702 29.304688
43.548296 60.673678 37.198559
91.678364 51.790684 34.369647
11.270664 58.683795 37.454759
79.161407 31.802317 37.152733
12.145530 19.418329 25.094405
3.530728 10.937834 35.190840
22.178447 33.304939 26.534488
36.223734 2.605686 33.534291
10.947764 20.085068 36.648396
47.290953 90.569306 26.029755
50.241976 61.308340 36.971509
12.930188 74.180042 25.191486
13.691551 53.964186 25.179038
50.105818 64.449896 31.587818
56.304490 53.048416 26.472535
50.357337 37.850745 27.382521
25.985672 42.550980 29.824614
47.934829 11.394416 34.645787
64.209663 63.415395 28.768173
59.809795 34.981957 25.713227
69.074127 70.793799 28.183329
2.826166 43.069810 30.470088
30.470998 73.954437 28.743283
31.419600 68.375730 26.441862
4.390814 84.567023 32.128094
65.332279 77.222215 35.035137
27.785459 98.457916 27.780737
17.845208 41.931341 26.255271
70.694803 50.324829 26.393382
54.955832 44.611936 31.745238
83.780252 71.328265 34.313263
82.053485 16.463915 35.055888
45.522316 22.694838 36.732146
32.011704 51.501871 25.513327
50.029552 58.538741 32.185757
82.547675 0.732919 32.515573
31.404660 49.750659 32.168219
76.371520 45.029181 36.337610
3.137837 26.648209 34.204474
52.615669 53.105055 34.357863
87.012842 75.609037 36.642478
48.584979 45.975601 31.064091
44.031757 65.168765 26.287164
16.748132 87.627490 33.835313
62.092439 34.150861 33.652368
4.869564 91.271592 29.388300
58.205536 48.241205 26.087677
7.027780 4.753493 27.916958
51.381284 74.436492 35.343055
36.620720 55.371515 32.842315
17.204317 43.303689 28.420380
68.292201 22.332272 36.749457
25.894297 85.228503 27.777455
58.906518 23.068078 28.229598
9.463732 70.170792 32.874847
81.919672 13.268306 31.458280
69.833457 95.155893 26.790777
92.222825 77.261073 27.299615
59.276757 52.656411 33.381855
43.924828 90.832811 25.587495
96.411749 89.674050 27.298508
85.752135 52.662906 35.322613
11.652754 29.568791 26.792377
53.938651 97.000509 36.536217
88.676213 19.859380 34.123452
81.517181 80.137490 26.128489
46.689290 41.831185 26.957961
88.740308 8.264784 34.289879
71.500231 81.087637 26.321249