32.590628 61.078553 37.168704
50.230394 36.918534 35.294719
24.770816 52.363498 27.808703
8.553744 34.358674 25.049611
47.976046 87.076365 28.611058
7.622629 82.591841 34.111052
41.901111 7.232455 29.982534
79.564782 5.159360 35.343930
12.463780 92.971204 28.764139
80.866938 0.673994 29.799998
27.670234 47.913959 33.437437
35.104231 17.101404 26.956395
26.808720 86.292304 35.164114
76.662170 55.128969 28.791902
0.154434 77.524848 35.754286
15.421182 44.245230 25.036273
30.138875 43.408824 25.444027
89.366937 71.101777 26.688748
35.050640 53.378289 35.371725
79.391154 82.513618 31.723616
17.717004 67.416321 31.002817
67.065341 52.465973 35.487908
64.295134 24.639057 27.733255
69.918839 19.229486 36.537101
91.645319 8.675371 35.106074
10.924021 60.444993 36.658837
31.261595 11.245718 32.080134
37.032444 94.207752 32.898161
41.683629 42.325162 28.993239
32.446313 49.799065 27.144983
99.900683 25.720809 26.086175
57.743027 94.055585 32.789008
68.428696 65.780474 28.403019
26.238289 73.403742 36.221300
81.033771 44.179719 28.789160
14.839762 33.664590 27.275309
32.379651 86.165018 30.668842
64.991690 19.527517 34.640986
42.181033 9.753969 25.418565
98.149146 8.866750 29.329814
0.932528 15.619894 25.864707
42.849902 21.943149 37.334148
72.841420 31.764971 37.048724
29.273277 79.865602 36.418497
25.873610 46.117443 34.155374
51.523372 96.203506 32.196309
59.972816 3.071238 31.997317
18.874627 38.214663 34.794173
74.015164 69.293712 26.534243
61.619856 63.778054 26.494011
64.551380 99.427810 33.291939
25.319742 97.186978 34.925931
16.275921 93.724370 25.498329
62.027938 21.124618 32.416397
33.561570 89.216146 37.247899
60.627394 88.889280 30.708533
46.623783 88.279601 29.202111
81.293064 48.041327 31.571590
60.537113 96.433103 25.681395
36.711341 48.029351 30.627670
19.181513 96.913149 34.695923
54.781363 15.664778 33.767003
64.279448 79.954830 26.292651
38.790886 76.825005 35.618948
85.805253 66.818368 32.991590
89.192221 35.281146 27.366315
19.447673 67.494126 33.915794
52.099569 38.984993 28.195428
73.158851 10.992990 32.752988
33.588221 59.024227 33.988478
34.031898 39.761435 35.049848
5.806624 13.213791 33.144722
51.828163 73.140181 29.973798
92.959092 85.438253 27.424671
20.122348 16.043948 26.758858
15.570320 41.514959 26.933486
84.111340 8.795596 28.534888
14.886626 1.534000 27.372389
82.753478 3.750625 34.319008
19.299801 78.156007 26.411767
89.524172 63.986455 30.074157
12.866105 8.469683 33.847718
2.769034 7.443472 37.328568
21.989833 63.472473 35.972682
69.278138 56.279328 26.301479
38.846408 55.385745 26.622260
95.396661 60.276368 29.579439
27.247343 79.296632 31.366649
49.391669 50.655913 33.201570
40.581256 71.783503 31.574088
28.799225 18.364071 33.667279
5.278118 46.245515 26.117737
46.486475 77.895269 29.087054
69.189766 98.995732 30.424920
55.296657 11.976475 33.692759
82.033504 93.859491 26.353923
12.453362 42.154016 31.642367
53.285205 54.537204 27.038787
75.340405 43.430463 35.323665
19.805064 52.176307 26.510439
77.946186 17.446780 33.789134
50.429574 99.124790 30.394009
76.760102 86.634484 34.180748
97.406542 27.862036 32.655390
7.963883 26.390295 26.756421
6.477780 4.966063 33.203930
37.040677 55.253674 31.525810
21.833439 76.275432 36.537324
74.748927 68.842186 32.235119
78.126524 65.336836 33.560604
11.761627 32.794180 30.478600
68.435381 88.626270 27.264785
92.252281 99.851184 37.263665
71.548341 58.284718 32.970879
71.325661 12.152916 28.242634
81.854578 57.182951 27.203480
49.503247 49.719729 31.834758
94.035506 91.010952 28.502889
81.426210 9.893811 31.053088
0.207870 82.113179 26.796101
89.708778 5.107030 27.356612
32.964504 90.006285 32.890059
93.419237 64.650521 36.470007
70.830488 51.306869 28.996883
58.859046 97.242800 33.485471
30.969683 78.760870 35.033599
23.645698 51.910610 26.656457
91.205645 12.039790 37.048792
90.293588 95.664838 34.808868
16.007892 81.331882 35.122655
60.291085 79.857595 34.224609
50.977178 84.607018 33.739561
28.769332 95.161942 36.929520
99.516103 66.488892 31.369906
69.199636 46.337413 35.594439
5.094637 4.398234 25.107225
67.944728 12.998652 25.301055
96.014901 92.144460 36.949358
42.431208 63.670792 26.537811
18.039089 96.042637 26.957855
86.419538 7.069686 27.946500
36.605896 87.614568 29.591729
65.116370 41.000143 30.698000
0.703442 12.162607 34.647489
12.108171 36.653741 33.862221
73.131763 45.215432 35.955090
85.420754 58.261654 26.667248
28.010917 40.784625 30.515339
60.767741 74.373995 29.257750
53.282910 10.232460 29.766054
21.599393 77.062959 27.714434
31.771332 50.652758 26.464706
85.566135 75.156849 25.863466
51.273395 62.406768 27.134322
7.552139 9.411691 37.462760
95.208541 39.906295 35.622033
56.372343 62.046133 28.821021
86.942654 62.849139 28.961895
25.399156 61.316655 34.628402
5.638841 95.379645 35.092925
84.171321 83.024376 34.613974
28.680120 53.590963 33.348927
81.579234 25.420539 27.636861
68.873126 83.719966 33.748500
34.335222 26.644656 28.176735
38.178044 79.559257 28.279285
32.202896 72.206891 34.031093
53.685292 27.187905 32.497144
27.619304 96.473969 27.913103
90.289915 90.315951 33.598571
26.995222 49.559501 32.360802
63.624551 29.063305 30.490205
79.929333 30.052102 30.609668
35.421980 45.858835 35.810171
92.624560 53.291417 34.565349
76.845717 55.699250 33.016534
10.694775 5.835367 35.206891
72.622489 53.878124 27.577339
65.791522 55.700788 27.970249
51.578138 7.514502 34.081797
96.875839 27.933870 34.111310
17.985773 9.421187 28.611054
22.176251 83.590285 30.097221
30.727524 87.046546 27.420650
95.785973 47.422744 32.648059
92.366344 83.967271 30.989955
45.169996 15.999587 35.570585
21.309582 11.959415 30.008980
21.528413 70.830421 35.005237
79.044551 26.459490 26.439438
25.883014 98.317536 27.338870
0.680301 19.267501 32.449381
37.582977 90.358518 31.469938
75.208799 80.357842 34.009173
43.447012 20.662066 27.234650
67.168040 58.732613 32.857950
69.245291 26.524243 34.408541
15.917405 93.125411 35.833232
16.069534 12.117132 27.000610
69.228916 60.369158 29.853994
25.743930 92.005384 33.752005
96.597287 86.953063 33.029861
50.189302 38.063576 37.385681
96.551251 60.500072 35.785016
39.446791 98.961022 28.207604
98.390859 82.177225 26.503220
61.623987 77.943999 29.569184
35.094519 66.792637 32.407955
3.120413 61.889707 26.473210
50.249289 94.525979 36.973527
93.427875 76.706285 36.746793
69.123590 5.084949 36.064576
16.599766 47.995295 30.313834
61.236271 53.902503 33.641672
13.749111 46.182867 31.345606
53.809084 3.040978 27.343296
40.390494 65.393735 33.636627
94.701749 29.721217 35.453672
99.415974 85.934941 35.249629
12.765984 73.430822 28.001762
57.774552 90.211959 37.002371
49.685212 46.974251 32.250801
40.712875 43.699170 30.095523
30.543881 27.682529 25.663215
89.905510 2.530949 32.393999
15.027083 10.826091 25.026999
91.674978 62.404836 28.737178
59.714231 35.340975 30.506160
35.854096 88.757284 30.746987
96.040260 31.415647 25.616043
6.630068 77.134506 34.376499
42.492552 68.191820 28.855123
47.643919 14.892253 31.143433
41.384698 72.573851 27.263589
36.214414 32.448943 35.754626
27.423194 95.096967 30.868635
67.194443 23.232800 29.178878
79.952269 19.279399 32.804047
66.358095 29.144314 26.190729
11.990897 20.705845 25.212135
5.212217 54.328488 30.097652
50.310611 49.045613 29.597946
89.186056 7.977466 25.318534
49.819970 75.207518 29.470559
46.624932 10.091558 30.716445
9.658356 41.519571 28.857075
79.666386 82.806399 35.565464
30.281590 63.714044 27.456289
86.654143 16.042555 30.247339
16.131027 68.727009 26.822586
45.944188 5.424610 34.223076
99.944927 38.560296 25.096863
96.676806 73.743289 27.979608
42.869609 98.532952 25.340021
13.931699 17.367069 25.192628
52.364481 14.258368 34.439073
51.989164 2.653971 30.201702
47.617198 44.846644 29.049387
85.006533 17.226345 25.415159
79.895433 64.291902 27.878622
12.652547 2.920303 30.455336
95.118113 29.592239 36.922176
35.802220 42.242408 28.442734
73.249983 49.309447 33.556298
32.280320 2.814013 28.674090
22.940352 7.777065 26.686673
72.288739 34.068989 33.569651
55.074201 31.334814 29.374178
49.734758 41.201948 31.348825
97.433113 35.243524 29.935642
4.572303 8.765535 31.832044
83.376421 12.703039 30.604638
27.774381 50.670469 25.895383
43.371935 5.381234 34.007167
22.656119 70.830209 27.295887
17.514395 36.606910 35.609230
50.626994 60.118546 30.789011
12.144447 33.657622 27.840132
8.644945 45.501500 25.585787
49.068078 59.142189 26.959616
61.331336 47.981439 29.861348
20.435179 62.708826 34.945916
86.238915 74.039942 29.227019
41.714219 89.024109 27.585109
15.817073 55.968550 26.459773
3.811990 30.692887 25.988598
81.570285 69.532096 25.062214
27.379825 25.664333 35.190218
39.447363 1.110586 26.679819
16.236570 90.490952 28.142674
5.927915 11.121346 34.830622
31.323618 57.113528 31.691026
77.059075 84.800005 33.559777
29.719884 61.565444 32.380826
24.683144 87.939560 32.100120
50.588591 55.742975 33.958907
24.470699 89.241844 27.548979
12.649295 29.891966 30.905843
88.217255 56.833841 27.824448
21.542000 91.888121 34.259251
84.360238 86.307038 32.263613
66.709129 42.249103 35.169277
31.965562 8.117739 25.265389
99.039218 0.316974 25.661298
55.207294 10.370795 27.665172
52.842503 23.101834 26.853662
99.460907 51.578046 28.081586
19.443264 26.320503 30.737456
34.693085 99.181265 36.854778
91.825846 78.123167 34.554240
94.465130 21.496414 27.329786
38.607226 64.310404 29.245693
63.052224 61.269859 25.691220
19.076216 28.016005 30.294271
3.841470 96.610622 36.901005
82.243137 31.647197 33.985444
37.458228 22.714267 37.218740
2.166883 35.237121 25.267385
36.278114 19.911564 34.700314
12.264390 22.878192 29.810005
60.261153 57.678928 29.646658
95.534086 10.059585 26.368314
53.528806 96.218113 35.566217
4.944357 67.008655 33.068173
98.697784 39.859484 31.242494
85.646821 54.804931 29.722621
99.473531 76.275748 31.562754
27.378880 3.395661 29.120502
59.123646 6.097993 30.678554
30.443315 41.257547 35.160395
77.812369 80.743324 25.404877
97.590131 20.773432 33.890958
79.456204 58.613343 30.135719
55.699515 65.250012 26.037474
68.602906 61.558746 29.091233
38.510040 5.482171 31.958813
81.857060 70.463769 34.322014
46.093183 99.494047 31.572197
83.641827 54.366087 26.140524
64.163759 52.662167 26.256305
96.701208 51.153163 28.766641
59.492794 13.885025 32.780951
34.244973 7.212929 27.324141
38.910295 4.576628 34.507822
10.458568 94.779061 31.551178
17.987097 42.661111 35.005295
53.906118 11.145047 28.987688
6.637552 11.050112 35.842066
20.491469 45.461889 36.185891
28.795092 91.874451 30.523220
29.931286 38.880486 33.226129
77.103261 26.558528 28.374397
92.105138 39.435536 33.271646
7.595539 66.679187 33.003555
7.936481 3.761923 25.177162
1.016846 77.060154 30.983176
96.268919 46.650404 27.734222
62.232968 38.471912 27.682476
94.317172 30.257807 27.463288
29.477354 18.477497 25.677458
18.925585 97.957025 28.459995
38.791342 22.198813 28.071221
16.939074 57.642558 32.444515
26.631694 86.134476 32.388691
93.323945 94.457143 32.172499
23.155120 32.712290 25.211960
7.337569 67.706285 34.271299
44.437548 15.683202 25.909655
44.395142 39.353865 29.613509
49.782448 49.138966 27.902497
19.154853 34.784758 30.914963
37.190961 90.850676 32.599748
73.644591 91.420837 26.221870
92.293467 14.816384 26.871394
16.727324 92.824756 35.317650
5.603096 71.579931 31.148549
47.612852 95.112009 33.360703
80.983333 68.129068 31.966588
45.149303 33.843714 36.626227
30.362705 81.034770 33.595367
79.112247 17.918872 35.505022
1.029672 69.170202 25.429789
81.998054 90.752669 33.807910
0.347377 37.625429 27.922163
26.065090 33.174349 27.603327
65.265166 56.628114 36.648641
26.469670 63.023073 27.106700
62.254419 32.181233 26.907959
30.109919 47.750201 28.002369
68.931077 7.644476 25.691856
41.803310 39.417149 32.142779
12.137858 49.359098 25.400274
27.508493 99.160034 35.539669
91.481754 19.064690 33.503659
21.777538 79.095555 27.245530
16.484609 59.123935 35.600808
5.435584 31.673452 29.753480
33.132512 52.436698 36.294863
86.713480 56.323129 35.483134
30.259281 12.785438 36.823190