40.466225 13.344132 28.495691
23.511730 96.876457 35.765155
1.093372 65.912542 31.850252
80.973821 87.147550 25.926326
4.183536 99.372848 30.526144
5.754646 3.753899 34.173958
4.939404 0.921066 30.090677
64.233672 55.486204 32.685085
16.468967 52.199923 28.632576
24.383301 53.274346 33.612040
17.988660 27.843424 31.617067
63.522948 89.583727 34.822240
33.031434 21.958651 27.855836
45.693109 32.432104 27.763618
59.385047 5.148667 27.549708
56.405543 57.249888 26.764077
85.622519 62.034358 36.619017
49.965342 60.418378 28.311879
37.505925 30.178673 36.323193
92.960980 54.211106 25.576556
73.177083 63.600174 31.030312
90.846451 37.646297 34.466750
60.255030 12.969665 28.035662
93.219273 84.176941 25.472960
65.738169 92.210435 34.699771
24.628216 56.539510 29.808731
56.032220 55.547351 36.453407
27.195771 24.227931 29.408970
85.355588 50.775531 31.531835
43.034768 84.779192 27.131388
2.114926 21.983936 30.476841
38.721565 83.406572 30.508322
58.412578 83.219715 36.552551
51.691476 70.844254 27.727751
16.039106 51.567110 26.022697
71.359195 23.822090 29.123664
47.736631 98.749342 29.100347
18.982376 99.882902 25.479504
13.803560 9.550141 33.206000
78.631323 17.357713 29.972594
66.678601 56.309756 30.184946
53.255730 31.852023 31.921297
94.986659 2.534015 33.927798
1.300257 61.101075 36.540578
48.823106 91.934545 35.751094
5.879686 1.750374 25.324055
23.462570 5.779470 25.821802
39.430046 76.939423 27.198426
68.945255 85.379445 34.514442
82.084464 30.051287 34.835645
18.557605 89.571279 30.740371
96.395063 71.194418 26.024871
82.783497 20.698852 35.395445
34.095422 83.922007 29.013859
64.488896 50.167181 34.942307
16.117813 1.098387 30.462977
43.247681 25.943229 31.290712
94.078479 70.167643 34.068937
63.980335 64.054903 26.720431
6.038714 66.970118 28.136387
11.743922 47.803596 26.225900
85.205628 8.118364 26.115624
50.671504 82.793189 35.594005
68.979294 77.182943 35.845876
24.583986 59.648398 28.411389
45.019400 7.588001 28.340001
73.404575 17.468560 33.190995
31.218140 76.010108 33.876242
33.939866 74.640317 27.203867
71.648749 7.785173 28.357690
83.195902 7.361318 33.659870
32.709137 79.984989 36.309052
31.174392 60.531639 25.862962
30.220042 91.823695 33.289383
92.112200 68.507025 28.057663
1.616704 69.430116 25.688761
94.082301 83.668599 26.170565
55.393714 22.806395 32.902652
24.697118 86.689892 35.777689
3.823561 10.361099 28.380222
12.063834 13.384584 34.575080
55.716155 45.878361 30.422153
68.683130 10.678319 35.278121
9.077223 17.390735 30.227173
70.003270 62.026384 32.220944
12.346441 30.658090 25.868579
3.546658 97.267442 34.848066
55.039230 61.185021 31.471215
87.567080 98.751918 30.249937
20.412954 31.979900 31.775918
52.887299 37.418368 32.901418
12.348765 19.635990 35.426705
73.408379 50.231033 29.255917
18.998030 49.040709 31.901602
30.144721 55.274538 27.549421
28.285472 39.479565 25.707654
8.627798 27.071940 28.236733
86.535744 28.692453 27.521837
96.552508 89.204340 31.861882
9.797013 88.435658 31.453362
59.214069 42.679496 26.130561
71.319135 96.870450 26.985763
61.097545 31.001753 32.865421
8.497463 7.371831 29.705458
95.105413 43.185860 28.809998
66.230417 29.567813 25.500530
18.491500 27.007218 33.864427
35.222507 43.703109 28.083199
92.722191 64.437567 25.245948
5.615757 40.204535 31.339981
96.253964 19.943405 26.866343
86.372576 36.552217 25.056312
73.187029 32.899454 33.799933
56.046854 91.854192 26.856978
54.832953 21.706664 27.987008
16.551708 52.844736 35.323921
45.319382 81.207049 26.860080
94.872826 9.881740 28.803184
65.334121 90.566051 28.062242
4.032711 33.860721 31.667295
15.809229 45.763409 29.363280
48.972481 77.578622 34.772687
84.214527 99.181641 27.992247
33.008521 47.133955 26.012363
37.312822 32.933399 33.499822
26.065530 98.626854 35.305301
78.952334 11.373748 35.061468
6.726558 29.836847 28.251854
42.301203 73.273394 30.001729
94.022395 77.630743 26.801291
71.324248 82.704597 32.110485
32.331400 71.864964 35.395616
32.562409 51.285165 31.054707
3.110211 98.747847 33.391066
60.556265 83.896897 31.440926
92.863787 11.271451 26.439566
11.117879 74.667661 29.550809
31.141989 61.122545 33.050520
32.399703 60.320804 35.480509
85.069319 70.621128 29.414010
26.267751 23.135815 30.795335
20.224088 66.804403 30.637585
39.792144 46.530985 36.423878
73.194897 38.716263 37.472059
68.146379 79.544501 31.010574
82.237108 24.154565 34.576854
79.636623 39.450741 32.961125
66.673128 86.885858 34.552172
66.236874 55.018729 35.348928
55.902857 9.784475 36.401695
72.038535 97.533079 27.257046
76.179577 27.338909 35.232314
52.304098 55.591614 25.961516
72.635050 64.208780 34.235755
45.363285 56.909012 29.669090
81.845526 2.883745 28.398186
58.125829 82.277439 32.775897
43.719186 50.150765 29.644429
98.561123 22.639611 29.408774
39.581758 46.468240 25.527635
80.413882 84.430034 31.760203
4.594422 62.465625 37.232483
81.202120 48.356883 27.547644
81.252971 43.699644 31.057739
89.227132 29.964971 29.507164
31.760556 67.655095 25.345236
8.292407 80.654003 28.597768
98.514636 86.102245 33.254977
86.628816 80.278165 26.500398
66.264198 96.130367 35.179763
5.478749 95.988596 25.557859
80.139824 28.555534 35.226256
83.398504 68.466352 29.169389
3.167140 8.875265 28.009349
87.969935 3.514500 34.486790
42.425443 81.453852 25.900687
15.570173 2.086092 26.197077
76.671531 1.511532 28.263413
66.251721 25.149887 29.807937
42.152443 77.050929 36.411547
10.445546 13.778973 28.365330
28.792789 33.233382 36.628602
9.851386 54.459146 25.946041
59.890711 59.771702 29.234219
45.019949 29.177527 36.459875
65.852681 95.111238 26.476125
47.069874 71.816519 31.036806
89.160586 14.497196 29.690620
1.379646 94.511718 26.007278
64.679502 98.811115 25.662412
56.729085 95.206375 29.048362
31.084108 92.558841 32.410856
15.454125 24.138708 30.649592
82.264254 43.989126 26.724285
48.836177 96.225878 30.310996
50.586431 51.749472 26.442449
17.794455 19.734874 31.387431
30.915628 42.319232 26.686360
74.700130 88.644797 37.465385
62.071491 58.794979 30.435790
63.118162 27.183532 26.391684
81.461765 31.537443 28.507903
24.187988 97.526379 26.783968
61.124758 70.393411 36.944401
55.144981 25.367229 27.073838
38.381506 2.480873 37.253438
62.307365 92.385690 28.063870
64.275906 27.928992 32.386212
27.238546 69.230888 35.018922
83.602682 93.901912 31.953737
82.300410 74.157904 35.801959
9.555516 16.926642 28.457358
94.060948 74.276847 36.552767
95.958455 21.050958 29.111032
53.057045 98.491165 29.091864
45.564896 59.825367 28.408492
83.708644 65.784637 36.347018
31.639303 99.988861 28.545036
89.871877 58.464574 30.297182
35.634070 7.804572 27.334841
96.698625 75.719667 34.023700
68.260466 95.888649 31.331127
10.695990 39.438860 36.427996
94.998258 96.215857 25.644397
49.456126 36.605202 29.403129
53.964273 67.052176 36.516107
82.453462 75.371940 29.501214
89.877861 99.439135 28.306575
78.059838 90.650483 28.101188
30.602268 52.587863 28.914251
86.235189 78.058139 34.866198
69.016697 10.162168 31.516764
48.196784 25.576416 27.091145
25.315933 84.930319 35.993959
87.998990 46.970428 26.744844
62.283087 14.097495 35.778646
68.232038 79.962263 36.745775
89.884357 49.458505 28.650932
47.264782 10.457849 34.746698
78.660207 11.434575 32.837044
32.286051 21.544916 31.912715
5.931945 50.108603 28.985903
5.989558 24.029930 30.625359
60.584946 71.820280 34.454660
49.838542 11.256475 33.225626
38.483231 6.674692 26.043863
8.049560 89.084234 32.268445
62.181769 53.588696 27.494939
10.909159 85.560131 37.205935
45.702820 57.744123 34.214877
24.983809 36.187705 31.065930
39.259715 76.146697 34.467045
82.284209 66.750614 25.106065
75.418788 38.948591 30.698125
91.050992 93.327325 30.831510
93.437986 49.083587 32.145088
70.270260 47.056338 30.919799
74.614976 60.407066 36.209962
89.132473 87.290599 32.661000
49.745141 51.148862 28.474659
50.953497 17.814702 28.869521
47.865549 89.215974 25.452739
55.879728 82.519029 28.591449
44.822777 81.316049 33.380591
24.088414 46.066394 28.131804
39.008556 87.121339 31.270912
61.210593 51.607349 36.502945
12.643234 57.334167 31.832251
9.242981 96.991753 36.378460
78.730182 57.457153 27.453520
83.292951 69.716037 35.091448
79.946132 15.691613 34.274603
31.468177 15.871840 28.936986
94.542749 7.536297 25.279592
54.271456 56.898658 29.930791
45.117936 47.569974 33.739119
85.826951 50.263188 25.918832
95.829908 80.127851 25.133012
69.426590 29.804321 34.343748
0.763415 61.716602 36.433608
21.433179 45.517170 33.710532
26.822151 76.072419 31.700781
25.097881 32.946276 26.189863
99.587771 50.009594 29.757535
40.515184 35.241201 33.143464
50.079142 22.995781 26.831859
36.318181 12.600349 36.048460
90.656608 53.602526 26.062433
82.818514 29.956487 29.847326
2.142127 92.121853 33.064825
91.611356 23.711919 33.674331
39.999142 3.471842 30.304555
27.342264 97.901420 30.139330
73.479748 45.428956 36.120010
23.509506 92.659026 29.280776
74.727569 56.751311 34.114656
27.204174 17.772217 26.508507
53.276956 94.353886 28.953529
13.655578 23.766660 26.946897
56.086638 85.393424 28.946676
47.634284 1.512245 33.820323
33.611204 51.713221 32.152608
10.455386 68.596647 33.685037
32.495516 34.885752 27.734894
8.943419 93.975424 35.087632
61.335082 17.354760 31.470917
11.555008 79.759360 26.941560
55.074755 42.796668 34.102905
82.573659 27.938485 25.138325
30.854973 13.073944 32.875433
30.350170 30.605698 25.061382
6.821781 55.672312 26.413295
20.839210 78.348128 35.457420
24.292893 0.915475 29.795764
8.231259 83.071614 25.958521
41.635994 89.730485 33.411074
86.193751 79.874838 26.515592
35.276118 15.749296 28.489382
27.637939 69.882501 33.989659
17.934373 83.314465 26.538380
27.995155 88.405779 37.210755
91.401027 0.320269 33.047997
33.189332 60.427414 32.276328
12.013387 77.485305 34.884720
14.683862 6.828296 36.275781
30.627526 23.472954 35.140277
51.904685 13.362253 34.753460
79.077572 46.017892 37.173258
20.761316 29.187891 25.325049
11.920000 39.252531 36.835732
54.976809 24.135378 36.417880
32.527991 66.507554 29.404061
16.243418 77.769492 25.708032
97.846346 30.099142 34.461272
62.036447 98.978321 33.706391
59.625355 17.765248 36.725857
89.580057 30.425235 35.910316
94.444731 72.939626 30.041733
44.464907 63.798100 35.095555
24.271729 0.334746 29.039210
97.008786 61.440334 30.577517
82.922381 86.644677 26.931444
10.033253 98.077411 26.409775
91.186867 28.441707 32.696297
89.895249 13.464837 28.435990
36.778577 48.419074 25.889724
52.568668 61.820610 36.542505
77.801574 97.400192 35.407968
69.388447 27.916957 29.821478
6.730343 29.782943 25.203969
49.871491 68.002670 34.574432
51.807830 33.843466 27.465086
26.529021 19.354243 33.200831
47.689145 2.760329 34.352178
23.120600 46.873193 30.186604
5.845062 58.925077 32.070632
83.173416 66.745125 27.017689
3.809620 31.862090 25.710283
4.136627 43.225269 31.618980
17.429140 82.233732 31.304194
45.521938 17.898240 34.176690
38.220130 10.658771 32.083611
89.945687 20.755590 29.623760
45.270360 50.735971 28.370053
52.690401 2.348572 31.811203
67.270843 55.983176 25.583604
85.746218 61.904319 30.098411
60.091749 98.012623 27.385625
61.574789 31.072317 27.371186
13.197501 0.640550 27.385866
44.029575 79.026958 29.698066
87.260366 70.221796 31.358401
68.963608 46.875452 27.273185
69.019106 58.632729 31.940946
76.330682 21.924135 30.916488
72.117783 71.067622 26.550257
73.355689 25.451428 26.761413
98.784113 74.421702 33.782928
44.334423 0.288499 32.574738
68.267106 40.643657 29.061352
4.973641 99.314565 35.391278
47.374503 18.987159 36.703138
25.138733 5.755407 34.119877
43.028046 50.762035 32.407357
27.788566 37.209611 32.676540
54.505059 99.895204 28.343097
14.750715 29.397008 31.022738
56.780855 78.633236 34.428393
89.185331 82.394991 32.016055
29.541552 9.650421 35.138946
35.919084 41.447872 30.709300
19.422645 83.535711 31.539092
38.482038 1.577188 30.555549
81.429049 77.479558 26.416348
96.670620 62.966473 30.849389
15.308635 77.654470 26.587799
58.558665 44.629668 28.215780
62.615907 98.895052 31.886716
94.917924 89.114328 36.180582
39.457665 72.495942 34.087905